15008 1
156568
15061 1
157128
15147 1
151575
15157 1
156568
15199 1
153079
15323 2
151292 151252
15326 2
155554 155698
15328 2
151172 154544
15336 2
156932 151082
15342 2
156972 157091
15377 4
151914 152162 151874 157128
15432 4
156568 155436 153079 154290
15433 2
153079 154290
15461 2
153374 153415
15470 1
156972
15481 1
156972
15498 1
150999
15512 1
156932
15536 2
155824 156284
15542 2
153079 154290
15563 1
156932
15570 2
156972 157091
15573 1
151641
15639 2
156932 151914
15640 2
151172 154544
15643 1
151874
15679 1
156972
15680 1
154715
15683 4
156568 157091 156972 155436
15685 1
150999
15686 1
151575
15718 1
150999
15720 1
154715
15726 1
156801
15738 1
151575
15743 1
156972
15748 2
151082 150999
15754 2
151914 151874
15769 5
157091 156972 153079 154290 155436
15775 4
154721 154730 154715 154760
15776 1
156932
15802 3
156932 154721 154715
15804 3
151292 151370 151252
15812 3
151082 150999 153274
15813 2
151931 153297
15836 2
151082 150999
15891 1
155824
15895 1
150999
15972 1
151420
15977 1
156568
16014 1
154715
16070 1
150999
16079 1
153079
16082 1
151874
16089 1
150999
16091 1
153079
16131 1
156972
16139 1
156972
16168 2
156972 157091
16212 1
155824
16217 1
156972
16224 2
151575 152562
16227 2
155824 156284
16237 1
150999
16274 1
150980
16316 3
152736 152791 152834
16329 1
156932
16333 2
155824 156284
16366 2
151172 154544
16384 2
157128 151082
16412 3
156568 155436 154290
16462 1
152736
16463 1
151931
16555 2
156932 154721
16588 1
157128
16601 2
151082 150999
16631 1
151172
16828 2
154715 154721
16835 2
151082 150999
16836 3
155824 156284 156301
16837 2
154715 154721
16838 2
156932 151082
16844 1
153079
16847 1
151172
16871 1
155824
16980 1
150999
16989 3
151465 151391 155140
16993 1
150999
17074 1
155824
17179 1
151575
17184 1
156568
17192 2
154715 154721
17194 1
156972
17197 1
150999
17230 1
150999
17234 3
156284 156301 155824
17244 1
151931
17252 1
156972
17261 1
152562
17262 1
153079
17293 1
156075
17310 1
152736
17320 1
154715
17321 1
153079
17326 4
151082 153274 156663 150999
17328 1
153079
17363 2
152562 151575
17367 1
156932
