18729 2
151082 150999
18730 2
156568 156972
18731 2
151575 152562
18734 2
156932 154721
18752 1
153079
18806 1
151931
18816 1
151391
18818 1
152014
18821 1
156972
18823 1
153079
18826 1
153079
18827 1
150999
18838 2
156972 157091
18840 4
154545 151172 154544 154588
18842 4
154290 155436 153079 156568
18853 4
156568 151370 151493 151292
18854 4
154721 154730 154760 154715
18858 4
154721 154730 154715 154760
18861 4
157243 153275 152562 151575
18863 4
156932 153274 156663 151082
18869 4
151082 153274 150999 156663
18872 4
153159 153432 153415 153374
18873 3
151914 152162 151874
18879 5
152199 155759 155891 155698 155554
18881 3
153079 154290 155436
18882 2
155824 156284
18883 3
151066 150980 155275
18889 3
156972 157091 156932
18894 2
152199 155554
18895 2
151914 151874
18898 2
154721 154715
18904 2
154715 154721
18905 2
156972 157091
18909 1
153079
18911 2
153374 153415
18912 2
156568 154290
18915 2
151082 150999
18917 1
156801
18918 2
154721 154715
18959 5
156316 151391 155140 151465 156404
18960 5
152162 151874 151914 155824 156284
18961 5
154290 155436 153079 156568 156972
18964 5
153064 152736 152791 152834 153407
18967 2
157091 156972
18968 2
156568 156972
18969 1
151575
18972 2
151292 151252
18973 3
157091 156972 156568
18978 2
152736 152791
18987 1
156932
19001 1
154715
19003 1
155554
19004 1
150999
19006 1
156568
19007 1
151931
19011 1
154715
19017 2
152736 152791
19037 3
156972 157091 152736
19111 2
151082 150999
19134 3
153079 154290 155436
19137 3
154715 154721 154730
19148 2
155824 156284
19150 2
154715 154721
19161 1
156972
19206 6
156932 152456 155140 156316 151465 151391
19212 6
154290 153079 155436 151575 155201 155244
19218 3
156972 157091 153079
19219 1
155824
19243 1
150999
19248 1
151641
19297 4
151914 152162 151874 157128
19300 4
155436 153079 154290 151575
19301 4
152834 152736 152791 153064
19304 4
154544 154545 151172 154588
19308 4
155201 155244 151575 155318
19309 4
151082 153274 156663 150999
19310 4
156284 156301 156302 155824
19315 4
156932 152199 152456 151465
19317 4
151914 152162 151874 154715
19321 4
157091 156972 155436 154290
19329 4
156568 157091 156972 153275
19342 4
151082 150999 153274 156663
19345 4
151082 153274 156663 150999
19349 5
151082 153274 156663 150999 156932
19350 5
154721 154730 154760 154764 154715
19353 4
156932 152736 152791 152834
19355 4
154290 155436 153079 152736
19369 4
154544 154545 151172 154588
19375 4
156284 156301 155824 156302
19383 5
155436 154290 153079 157091 156972
19387 4
155436 153079 154290 156972
19393 4
156568 157091 156972 155436
19395 4
157091 156972 155436 154290
19396 4
156568 157091 156972 155436
19403 4
155759 155698 155554 155891
19408 4
156568 152736 152791 152834
19415 3
154715 154721 154730
19420 3
154720 151252 152103
19423 3
156972 157091 156568
19429 3
152562 151575 153275
19434 3
155824 156284 156301
19438 3
152736 152791 152834
19441 3
152456 155554 155698
19444 1
155554
19446 1
154715
19447 1
150999
19449 2
151082 150999
19450 1
157128
19455 1
151931
19470 1
153079
19471 4
157128 154715 154721 154730
19472 4
154721 154730 154760 154715
19474 4
154290 155436 153079 156972
19478 4
151082 153274 156663 150999
19481 2
152669 152372
19484 1
151575
19487 1
156568
19495 1
151874
19499 1
156932
19501 1
156972
19511 1
155824
19515 1
150999
19519 2
156972 157091
19525 2
151931 153297
19542 2
156568 156972
19548 3
155554 155698 155759
19554 2
156568 156972
19566 2
156972 157091
19567 3
156932 154715 154721
19568 1
151391
19572 5
156932 156568 155201 151575 152562
19574 5
156932 153274 156663 151082 150999
19581 5
153506 153533 150983 153498 153628
19583 5
155759 155891 155554 155698 155939
19586 5
152791 152834 153064 153407 152736
19588 1
156568
19590 2
151082 150999
19594 2
153079 154290
19596 2
156568 156972
19597 2
151082 150999
19606 1
151931
19612 2
156932 151082
19617 3
156972 157091 154290
19655 4
151292 151370 151493 151252
19661 4
155201 155244 151575 155318
19664 1
153079
19667 1
156972
19686 2
156972 157091
19693 2
151082 150999
19710 1
156568
19724 2
153079 154290
19725 1
153079
19741 5
154290 155436 153079 156568 156972
19743 2
155824 156284
19745 2
151874 151914
19748 2
154715 154721
19750 1
154715
19756 2
151082 150999
19759 2
152456 155554
19760 2
151914 151874
19761 2
151575 155201
19766 2
151172 154544
19767 2
156972 157091
19855 1
155824
19856 14
157091 156972 153079 154290 155436 153806 153800 153824 153984 153407 152736 152834 152791 153064
19861 14
156972 157091 155930 155911 152562 153275 155244 155201 155367 155381 155318 151575 155927 157243
19871 10
154715 154721 154730 154760 154764 155250 156932 151914 152162 151874
19872 14
154290 155436 153079 157091 156972 155367 155318 153275 155930 155927 155244 155911 155381 155201
19873 8
153079 154290 155436 153274 151082 150999 156663 156932
19876 13
157091 156972 155436 153079 154290 155381 155911 153275 155318 155244 151575 152562 155201
19877 4
156998 157190 151931 153297
19885 13
156972 157091 155436 154290 153079 152736 153824 153064 153806 153800 152834 153790 153407
19886 4
152014 153249 154737 156053
19888 10
154715 154721 154730 154760 154764 155250 155824 156284 156301 156302
19892 14
156568 157243 155244 155911 155930 155201 155367 155318 155381 151575 152562 153275 155927 153800
19895 6
153079 154290 155436 156568 156972 157091
19902 6
151874 152162 151914 154721 154715 154730
19903 6
154290 153079 155436 151575 152562 153275
19914 3
151575 152562 153275
19918 3
153496 157264 153415
19919 3
151082 153274 150999
19923 3
154544 151172 154545
19924 1
156568
19929 3
154720 151252 152103
19932 3
154721 154715 154730
19934 3
156972 157091 155436
19938 3
153079 154290 155436
19939 3
156568 157091 156972
19941 1
156568
19953 3
155554 155698 155759
19968 1
156972
19969 1
156568
19972 1
156932
19997 1
151641
20000 6
155436 154290 153079 156568 157091 156972
20015 3
155146 155147 154720
20022 5
155436 154290 153079 152791 152834
20027 5
156301 156302 155824 156284 154730
20028 5
156663 150999 151082 153274 156568
20036 1
156998
20045 1
155824
20056 1
155824
20059 2
156568 156972
20060 2
156972 157091
20096 1
151252
20164 2
154721 154715
20165 2
153079 154290
20172 2
154720 151252
20173 2
156932 152562
20174 4
155436 153079 154290 156972
20182 3
154715 154721 154730
20184 3
156972 157091 155436
20189 1
156396
20192 2
156972 157091
20198 1
151931
20199 1
151172
20210 3
153079 154290 155436
20213 3
151082 150999 153274
20234 1
155824
20249 1
155824
20251 1
153079
20253 3
156998 157190 156075
20255 2
156568 156972
20257 2
156972 157091
20263 1
154715
20264 1
156568
20266 1
153496
20267 1
154720
20272 1
152736
20275 1
156972
20329 3
156075 156095 156107
20332 4
152162 151874 151914 151082
20341 4
152562 153275 155201 151575
20345 1
157128
20351 1
153079
20373 3
155146 155147 150999
20400 10
153892 153374 153415 153432 153453 153491 153496 153560 153851 153896
20403 5
153079 154290 155436 156972 157091
20411 10
156075 156095 156107 156998 157190 153667 150983 153628 153498 153533
20412 10
153806 153824 153064 153800 153407 153790 152791 152736 152834 153984
20414 6
156932 156568 153274 150999 156663 151082
20425 10
156663 150999 153274 151082 156284 156301 155824 156302 157091 156972
