20431 10
154290 155436 153079 156568 157091 156972 155367 155318 153275 155244
20432 10
154720 152103 154475 151252 155409 154799 153210 152022 151292 151493
20433 10
156663 153274 150999 151082 156568 155147 155146 153275 152562 157243
20435 10
156568 156932 151575 152562 155201 155244 155367 155318 155381 153275
20437 10
156568 151082 153274 156663 150999 153275 152562 157243 155244 155367
20444 2
155146 155147
20452 10
152791 152834 153064 153407 153790 153800 153806 153824 153984 152736
20453 6
156663 153274 151082 150999 153079 154290
20455 4
152103 153210 151252 154475
20456 4
157091 156972 153079 154290
20462 4
154721 154730 154715 154760
20463 6
156932 154730 154760 154764 155250 154721
20468 6
153407 152736 152791 152834 153064 153790
20469 6
152162 151914 151874 154730 154721 154715
20483 6
157091 156972 153079 155436 154290 152834
20496 6
153297 151931 154545 154588 154544 151172
20516 4
151082 153274 150999 156663
20517 4
156932 152162 151874 151914
20524 4
152562 153275 155201 151575
20527 2
151931 153297
20535 2
156932 151914
20537 3
151082 153274 150999
20550 2
156972 157091
20554 1
153079
20555 1
156972
20565 1
150999
20596 1
150999
20598 2
156932 154721
20599 2
153079 154290
20603 2
153079 154290
20605 2
156568 153079
20618 2
157128 154721
20622 2
151082 150999
20625 1
156568
20626 1
154720
20627 3
156972 157091 154290
20628 3
151914 151874 152162
20635 3
152736 152791 152834
20638 1
153079
20639 3
156972 157091 154290
20641 1
151575
20661 1
152736
20695 1
153079
20708 1
151874
20709 1
150999
20711 4
155436 153079 154290 151575
20714 1
151874
20746 2
156972 157091
20749 1
151874
20750 1
154715
20756 1
156972
20758 1
154715
20761 1
156932
20762 1
152102
20766 2
154290 153079
20769 4
151082 150999 153274 156663
20770 3
152456 152199 151465
20775 1
156972
20792 1
150999
20817 4
151082 153274 150999 156663
20836 1
150999
20850 2
152736 152791
20854 1
156972
20881 2
153374 153415
20890 1
153079
20891 1
157128
20894 1
154715
20921 2
155824 156284
20922 2
151575 155201
20939 2
156568 156932
20953 2
153079 154290
20960 2
157128 151914
20962 1
156932
20964 2
151082 150999
20973 6
154290 153079 155436 151575 152562 153275
20981 3
151874 151914 152162
20989 6
151082 153274 156663 150999 157091 156972
21010 6
152834 153407 152736 152791 153064 153790
21017 6
156107 156095 156075 154633 154545 154617
21018 6
152162 151914 151874 157128 156932 154730
21020 1
154715
21024 5
151292 151370 151493 151252 151917
21031 5
154290 155436 153079 157091 156972
21039 5
155436 154290 153079 156568 151370
21063 5
154730 154760 154715 154721 154764
21066 4
155201 155244 151575 155318
21067 5
157091 156972 155436 154290 153079
21068 2
156568 153079
21070 1
152736
21073 1
156972
21086 2
156972 157091
21087 2
157128 156932
21088 2
153079 154290
21090 2
151252 152103
21106 2
151082 150999
21115 1
151252
21118 2
152736 152791
21126 2
151172 154544
21128 2
156932 156972
21135 2
155824 156284
21136 2
156972 157091
21139 2
151082 150999
21149 1
156568
21159 2
156568 154290
21160 3
152594 152605 152138
21162 3
151575 155201 155244
21168 3
157170 156397 156396
21178 2
153374 153415
21182 2
151914 151874
21187 2
153079 154290
21189 1
153159
21190 1
153079
21208 1
157128
21226 9
152199 154290 153079 155436 152456 156972 157091 155759 155891
21228 3
151082 150999 153274
21231 3
156568 155436 154290
21240 1
154715
21262 1
153079
21269 1
150999
21272 1
156972
21273 1
151874
21275 2
151575 152562
21358 1
154715
21361 1
150980
21409 1
156972
21442 1
156972
21443 1
150999
21506 2
151914 151874
21535 2
153079 154290
21537 2
151082 150999
21555 2
156568 152562
21574 2
151252 152103
21723 1
151621
21745 1
152736
21768 3
156972 157091 153079
21775 2
151874 151914
21777 2
156972 157091
21778 2
156075 156095
21785 2
152562 153275
21792 2
156568 155824
21797 2
156972 157091
21798 1
154715
21807 1
154715
21809 1
154715
21817 1
154715
21842 2
156075 156095
21843 2
151931 153297
21844 2
151082 150999
21861 1
156568
21932 4
157091 156972 153079 154290
21940 4
153274 150999 151082 156663
21945 2
154290 153079
21947 2
156568 155824
21950 2
155824 156284
22166 1
156932
22167 1
156075
22168 1
154715
22170 1
156972
22171 1
150999
22237 1
150999
22308 1
157128
22367 1
153079
22370 1
150999
22373 1
151575
22415 4
155436 153079 154290 156972
22423 4
154721 154730 154715 154760
22425 4
157091 156972 155436 154290
22429 4
151082 153274 156663 150999
22432 4
156277 156328 156426 152799
22434 4
156932 154730 154715 154721
22436 4
154721 154730 154715 154760
22440 2
157128 151082
22442 2
153079 154290
22446 2
157091 156972
22447 2
153079 154290
22457 1
151641
22463 1
156568
22500 3
151292 151370 151252
22503 2
156932 156568
22507 3
151082 150999 153274
22513 1
152138
22519 1
156075
22528 1
156568
22529 2
152594 152138
22536 2
151575 155201
22545 6
154290 153079 155436 151575 152562 153275
22554 6
154760 154764 154715 154721 154730 155250
22559 6
156932 156663 153274 151082 150999 156568
22562 5
156663 150999 153274 151082 156568
22570 4
156568 152736 152791 152834
22581 4
151914 152162 151874 156932
22584 4
156568 155436 153079 154290
22585 4
155201 155244 151575 155318
22591 4
154290 155436 153079 156972
22596 4
155436 153079 154290 151575
22597 4
152162 151874 151914 155824
22605 3
152736 152791 152834
22606 3
153079 154290 155436
22607 3
156972 157091 155436
22609 3
156801 151641 155698
22617 1
156932
22625 3
153297 151931 156075
22652 3
152736 152791 152834
22653 3
152199 152162 151914
22654 3
153297 151931 156075
22655 1
151575
22658 1
157128
