33320 1
151575
33323 1
150999
33325 1
154436
33326 1
154544
33330 1
151931
33334 1
156932
33336 1
151874
33447 3
151082 150999 153274
33451 3
154721 154730 154715
33454 3
153374 153415 153432
33456 2
152562 151575
33475 2
156972 157091
33480 1
156075
33481 1
150999
33482 1
154720
33484 2
154715 154721
33487 1
156568
33501 1
156932
33601 1
153374
33605 1
151172
33613 1
151252
33616 2
151292 151252
33619 2
154721 154715
33739 1
151172
33742 1
151252
33743 3
156568 156932 156972
33746 3
154715 154721 154730
33749 3
157128 154730 154721
33751 3
153415 153374 153432
33753 3
155824 156284 156301
33754 1
155146
33851 2
156568 151082
33857 2
156932 151082
33903 1
157128
33989 1
156568
34014 1
156972
34018 1
154715
34022 2
157122 156622
34036 2
151172 154544
34047 1
157128
34052 1
155824
34055 1
151874
34085 2
154721 154715
34093 2
156972 157091
34104 1
156972
34108 1
156972
34109 2
156568 153079
34110 1
156932
34113 1
150999
34135 1
156801
34143 1
156972
34151 1
153079
34152 1
156568
34161 1
151931
34165 1
150992
34221 1
150999
34229 1
152562
34230 1
153374
34236 1
152736
34237 1
152456
34250 1
151931
34327 1
156972
34335 1
150999
34336 1
155824
34337 1
152102
34522 3
156932 156568 155436
34525 3
151575 152562 153275
34527 3
153297 151931 156075
34533 3
153374 153415 153432
34537 3
151082 153274 150999
34541 3
156972 157091 156301
34543 2
156568 151575
34553 2
151931 153297
34559 2
156075 156095
34569 2
156972 157091
34570 2
156972 157091
34572 2
154715 154721
34573 2
151082 150999
34575 2
155824 156284
34578 2
156972 157091
34583 2
150955 152631
34584 2
153374 153415
34585 2
152562 151575
34589 2
156998 157190
34591 2
156568 152562
34595 2
153079 154290
34601 2
154721 154715
34608 2
153079 154290
34622 2
153498 150983
34652 10
157091 156972 155436 154290 153079 155381 155244 155201 151575 155318
34654 9
153560 153851 153374 153415 153432 153453 153491 153496 153892
34657 5
151931 153297 156075 156095 156107
34662 8
153079 154290 155436 153274 151082 150999 156663 156568
34664 4
152138 152594 152605 156876
34666 9
155381 155318 155201 155367 155244 153275 151575 152562 155911
34671 9
155140 151465 156316 156404 151391 155759 155939 155698 155554
34676 9
157170 154436 155219 156849 157089 156396 156802 156397 155499
34688 9
156998 157190 153374 153432 153453 153491 153560 153496 153415
34692 9
156972 157091 154290 153079 155436 155367 155318 153275 155244
34693 9
154290 153079 155436 153064 152736 153800 152834 153407 152791
34697 5
156972 157091 155436 153079 154290
34703 6
156972 157091 155436 153079 154290 156568
34710 9
156972 157091 154290 153079 155436 155367 155318 153275 155244
34711 9
156972 157091 153079 154290 155436 153800 153790 152834 153407
34712 9
153667 155715 153506 153533 153628 153498 150983 154400 151857
34716 9
156284 155824 156302 156301 150999 156663 151082 153274 155436
34717 9
154290 153079 155436 156568 155244 155201 155318 153275 151575
34718 5
156568 151082 153274 150999 156663
34726 10
156568 157091 156972 153079 155436 154290 153806 153407 152834 153064
34727 8
150999 151082 153274 156663 156284 156301 156302 155824
34739 9
156284 155824 156302 156301 155250 154730 154764 154760 154721
34746 9
156972 157091 154290 153079 155436 155367 155318 153275 155244
34748 9
156095 156107 156075 153297 151931 155715 153506 153628 153533
34752 4
154544 154545 151172 154588
34757 4
153297 151931 150983 153498
34761 5
151082 153274 150999 156663 156568
34765 2
152562 151575
34771 2
156568 152562
34798 1
151172
34809 1
156972
34810 1
151252
34820 3
153297 151931 150983
34828 3
151575 152562 153275
34837 3
151931 153297 156075
34840 1
156568
34843 3
155554 155698 155759
34847 3
153374 153415 153432
34849 3
155824 156284 156301
34853 3
153079 154290 155436
34902 3
152594 152605 152138
34905 3
154721 154730 154715
34907 3
154720 154290 153079
34924 2
153079 154290
34926 2
156568 156972
34984 1
155824
34992 1
151874
35003 2
151082 150999
35014 2
156972 157091
35015 2
151172 154544
35033 2
152736 152791
35035 1
151931
35045 1
151575
35244 5
154290 155436 153079 156972 157091
35248 5
156568 155436 153079 154290 156972
35251 5
156107 156075 156095 153297 151931
35264 4
156284 156301 156302 155824
35266 4
156568 156932 151370 151493
35267 4
154290 155436 153079 151370
35270 4
151857 154400 156548 157033
35276 4
154545 154544 151172 154588
35278 4
152562 153275 151575 155201
35279 4
151082 150999 153274 156663
35282 4
157091 156972 155436 153079
35294 4
155140 151391 151465 156316
35297 4
153432 153415 153374 153453
35303 5
156568 150999 153274 151082 156663
35306 5
157128 156568 154730 154764 154760
35311 1
151575
35321 1
151252
35325 1
154715
35329 1
156932
35334 1
155824
35342 1
153079
35343 1
156932
35346 1
156568
35347 1
151575
35350 1
150999
35355 1
153079
35357 1
150999
35361 1
151931
35362 1
150983
35369 1
153079
35379 1
156568
35417 1
156801
35439 4
157170 156802 156396 156397
35450 4
153374 153415 153432 153453
35458 4
156932 154730 154715 154721
35460 4
154721 154730 154760 154715
35463 3
152594 152605 152138
35464 3
156972 157091 155436
35472 3
156568 157091 156972
35474 3
154290 155436 153079
35477 3
156972 157091 154730
35478 3
151914 151874 152162
35481 3
151082 150999 153274
35487 1
156568
35490 2
152562 153275
35512 2
156972 157091
35518 2
154290 153079
35522 2
156932 154721
35524 2
156568 156972
35525 4
156932 153274 156663 151082
35527 2
156972 157091
35533 4
156277 152799 156328 156426
35539 4
154545 151172 154544 154588
35543 4
154721 154730 154760 154715
35545 4
151082 150999 153274 156663
35547 4
153297 151931 153415 153374
35556 1
150983
35558 1
151575
35588 1
153159
35657 3
156932 156972 157091
35659 4
154290 155436 153079 156972
