35663 5
153374 153415 153432 153453 153491
35665 5
156998 157190 153297 151931 156107
35669 5
153432 153453 153374 153415 153491
35673 5
154721 154730 154760 154764 154715
35677 2
155824 156284
35686 1
154715
35700 1
153079
35703 1
151172
35718 1
151874
35724 1
156932
35729 1
151172
35731 1
156075
35733 1
156972
35734 1
150983
35749 1
155554
35753 1
150983
35802 1
153374
35807 1
151172
35814 1
151252
35914 4
152456 157128 157091 156972
35917 1
156972
35952 4
156932 153274 150999 151082
35953 4
153275 151575 152562 155201
35954 3
155600 156693 150992
35955 3
151082 153274 150999
35959 3
154290 153079 155436
35966 3
155824 156284 156301
35967 3
156568 156301 156284
35968 3
156972 157091 154290
35969 1
153374
35971 1
156568
35975 1
152138
35978 2
153374 153415
35981 2
152562 153275
35987 2
156075 156095
35988 1
151931
35995 1
150983
35998 1
152736
36007 1
155498
36008 2
152594 152138
36011 2
153374 153415
36013 2
153079 154290
36017 2
156972 157091
36021 1
153079
36026 2
150992 155600
36027 2
156622 155473
36029 2
156932 156972
36031 2
156075 156095
36032 2
153079 154290
36033 2
156972 157091
36035 2
153374 153415
36037 2
151172 154544
36039 2
151914 151874
36048 2
153079 154290
36049 2
151082 150999
36052 2
157128 154715
36054 2
151082 150999
36063 2
151575 155201
36069 1
156075
36070 1
153079
36073 3
151931 153297 156075
36078 3
154544 151172 154545
36085 3
151082 150999 153274
36088 3
153079 154290 155436
36164 4
152594 152605 156876 152138
36169 4
156568 151575 152562 153275
36181 4
157128 154730 154715 154721
36182 4
152594 152605 156876 152138
36189 4
156932 153274 156663 151082
36194 3
153374 153415 153432
36196 3
156284 156301 155824
36201 3
153496 157264 153432
36202 1
156568
36211 3
156568 155436 154290
36213 3
152594 152605 152138
36217 3
151575 155201 155244
36223 3
156972 157091 155436
36229 3
156568 151575 155201
36231 3
153079 154290 155436
36233 3
155554 155698 155759
36235 3
156972 157091 153079
36248 3
151082 153274 150999
36251 2
154721 154715
36252 2
155824 156284
36261 2
156932 152562
36313 3
153374 153415 153432
36323 2
151082 150999
36328 1
153667
36378 1
151874
36379 4
154290 155436 153079 152736
36380 4
151082 153274 150999 156663
36386 4
153432 153374 153415 153453
36387 4
152594 152605 156876 152138
36388 4
157128 154730 154760 154721
36393 4
152562 153275 151575 155201
36394 1
154715
36400 1
152199
36401 1
151252
36452 1
152240
36464 4
154721 154730 154760 154715
36468 4
153776 154141 150963 156291
36469 2
153496 157264
36470 2
155824 156284
36474 2
151931 153297
36475 2
154290 153079
36479 2
154290 153079
36480 1
151252
36482 1
151172
36490 1
151292
36492 1
157170
36497 2
151914 151874
36501 1
153374
36504 1
151172
36514 1
156972
36523 1
156998
36526 1
156972
36527 1
150999
36530 1
151575
36535 1
152391
36541 1
153496
36644 1
152736
36645 1
156932
36721 4
156972 157091 156568 155436
36727 4
152562 153275 151575 155201
36728 4
156568 153275 155201 152562
36732 4
156568 157091 156972 155436
36735 2
153297 151931
36741 2
156932 156972
36747 2
156972 157091
36756 2
151575 152562
36757 2
154290 153079
36768 2
157128 154721
36775 2
152594 152138
36777 1
151172
36783 1
153079
36787 1
156075
36788 1
154715
36791 1
153079
36798 2
151082 150999
36801 2
156568 155146
36804 2
151252 152103
36805 1
153079
36808 1
156075
36812 4
152594 152605 156876 152138
36814 1
156932
36877 2
151082 150999
36887 2
153079 154290
36892 2
156932 151082
36903 2
152594 152138
36906 2
154544 154545
36954 1
156568
36960 1
151252
36966 4
154290 155436 153079 156972
36968 4
153297 151931 156075 156095
36971 3
154544 151172 154545
36972 9
151874 151914 152162 155250 154730 154764 154760 154721 154715
36974 8
155824 156302 156301 156284 150999 151082 153274 156663
36981 6
153079 154290 155436 156972 157091 156568
36984 1
156932
36991 7
156663 150999 153274 151082 155436 154290 153079
36993 7
153496 153374 153415 153432 153453 153491 153560
36994 7
155939 156037 155891 155554 155698 155759 151391
37014 1
156075
37019 2
156568 156972
37020 4
157264 153496 153432 153374
37023 3
156972 157091 156932
37026 3
155499 155498 157170
37028 3
156568 157091 156972
37041 2
156075 156095
37044 2
153079 154290
37090 1
156972
37092 1
150999
37095 1
151931
37160 2
154720 152736
37161 2
157170 151087
37167 1
157170
37214 1
151874
37236 1
152138
37240 1
153374
37244 1
152736
37245 1
153667
37249 1
151857
37254 1
154715
37257 1
156972
37261 2
155824 156284
37276 1
151931
37306 1
154720
37311 3
156075 156095 156107
37325 1
152799
37329 1
150999
37365 10
151292 151370 151493 151917 151990 151252 152022 152103 152251 152824
37367 10
153851 153892 153560 153415 153432 153453 153491 153496 153374 153896
37370 10
153079 155436 154290 153275 155244 153407 152562 155201 151575 155318
37373 10
155429 151858 154884 154941 151087 152501 152745 151626 152087 150982
37374 9
154715 154721 154730 154760 154764 155250 151874 151914 152162
37375 10
153790 153824 153064 153407 153800 153806 152791 152834 152736 153984
37379 10
154633 155114 154588 154617 154691 154719 151172 154544 154545 155484
37383 10
153790 153824 153064 153407 153800 153806 152791 152834 152736 153984
37387 10
155114 151172 154544 154545 154588 154617 154633 154691 154719 155484
37391 6
152799 156277 156328 156426 156427 156720
37392 7
156972 157091 155436 153079 154290 155201 151575
37398 5
152014 153249 154737 156053 154720
37399 8
153790 153800 153407 152736 152834 153064 152791 153806
37406 8
151292 151370 151493 151917 151990 152022 152103 151252
37408 8
153079 154290 155436 155201 155318 155244 151575 155367
37409 8
154633 154691 151172 154544 154545 154588 154617 154719
37412 3
156972 157091 152199
37413 4
152138 152594 152605 156876
37417 4
152138 152594 152605 156876
37420 6
151292 151370 151493 151252 151917 151990
37423 4
152014 153249 154737 156053
37425 6
154617 154545 154544 154588 151172 154633
37428 6
154760 154764 154715 154721 154730 155250
37435 7
156301 156302 155824 156284 154721 154715 154760
37439 6
156301 156302 155824 156284 155250 154730
37442 6
153297 151931 154545 151172 154544 154588
37447 6
153491 153374 153415 153432 153453 153496
37449 6
153297 151931 154545 154588 154544 151172
37450 6
153533 153628 150983 153498 153506 155715
37456 6
153064 153407 152791 152736 152834 153790
37464 6
151292 151370 151493 151917 151990 151252
37467 6
157120 157033 156548 154400 151857 153667
37472 6
156932 154290 155436 153079 154730 154760
37474 6
156301 156302 155824 156284 155250 154730
37481 2
155146 155147
37482 6
154544 154545 154588 154617 154633 151172
37485 6
155201 155244 152562 153275 151575 155318
37493 6
154764 154715 154721 154730 154760 155250
37494 7
156568 150999 153274 156663 151082 155244 155201
37495 5
151857 154400 156548 157033 157120
37498 7
154544 154545 154588 154617 154633 154691 151172
37501 4
152014 153249 154737 156053
37502 1
155824
37505 1
153079
37507 1
151252
37512 1
156075
37515 1
156972
37516 1
150983
37518 1
150999
37519 1
156568
37521 1
151931
37528 1
151575
37534 1
154715
37541 1
151172
37549 1
156972
37550 1
150999
37552 1
151172
37557 1
153079
37558 1
153374
37559 1
151252
37561 1
152562
37566 1
151172
37573 1
153667
37579 1
156568
37590 1
151252
37592 1
151931
37594 1
150999
37596 1
155824
37603 5
154588 151172 154544 154545 154617
37607 4
152014 153249 154737 156053
37613 4
152562 153275 151575 155201
37614 1
152562
37616 2
151575 152562
37623 3
155824 156284 156301
37626 3
154544 151172 154545
37644 3
151931 153297 150983
