45084 5
155436 154290 153079 157091 156972
45088 5
152834 153064 152736 152791 153407
45096 5
153432 153453 153374 153415 153491
45101 5
155436 154290 153079 151370 151252
45106 5
155436 154290 153079 156972 156568
45109 5
157264 153496 153374 153432 153415
45114 4
151914 152162 151874 154715
45115 1
153159
45116 2
152594 152138
45117 2
151931 153297
45135 3
154290 155436 153079
45139 3
151575 155201 155244
45160 1
154720
45167 2
154720 155146
45170 3
153374 153415 153432
45171 2
154721 154715
45178 3
152471 153211 152102
45179 2
151931 153297
45182 2
153297 151931
45183 2
152968 151397
45184 2
153079 154290
45187 2
151931 153297
45192 2
151575 155201
45197 2
156972 157091
45199 2
151914 151874
45200 2
156075 156095
45206 3
151575 155201 155244
45208 2
155824 156284
45209 2
152391 157236
45212 3
154544 151172 154545
45214 2
152562 151575
45218 2
151172 154544
45221 2
156568 151575
45222 2
156568 151292
45225 3
153496 157264 153374
45226 3
153275 152562 157243
45227 2
152765 150955
45233 2
156998 157190
45239 2
151292 151252
45263 3
153079 154290 155436
45264 3
154544 151172 154545
45266 3
156932 154730 154721
45268 2
150983 153498
45275 2
151969 150956
45277 3
154290 155436 153079
45290 3
154544 151172 154545
45330 2
154544 151172
45331 2
153374 153415
45336 2
156568 156972
45337 2
152594 152138
45347 3
154715 154721 154730
45350 2
150983 153498
45354 2
156972 157091
45357 1
152138
45359 1
154715
45360 1
150999
45365 1
156075
45370 2
154715 154721
45384 1
151931
45385 1
151252
45392 5
155219 154436 152391 157236 155499
45417 5
156998 157190 151931 153297 154545
45437 1
151172
45438 1
156281
45451 1
153079
45458 3
153079 154290 155436
45459 3
153079 154290 155436
45472 1
150999
45475 1
153374
45479 2
156972 157091
45492 1
153374
45498 1
156972
45509 1
156396
45517 1
151575
45527 1
151931
45528 3
156075 156095 156107
45530 3
153667 156840 150952
45536 3
156932 152162 151914
45540 3
151931 153297 150983
45547 3
151857 154400 156548
45555 3
157236 152391 155219
45558 1
156568
45573 4
156095 156107 156075 151931
45574 3
153079 154290 155436
45675 1
151931
45685 1
153374
45782 1
156568
45847 1
153079
45882 3
154715 154721 154730
45899 3
152199 152162 151914
45913 3
156972 157091 154290
45924 3
154715 154721 154730
45925 3
156972 157091 154290
45926 3
156568 157091 156972
45929 3
151082 150999 153274
45930 3
156095 156107 156075
45931 2
156972 157091
45936 4
153415 153432 153453 153374
45943 4
151082 153274 150999 156663
45955 4
156568 157091 156972 155436
45968 4
156568 153274 151082 150999
45970 2
151931 153297
45973 4
154544 154545 151172 154588
45982 4
150983 153498 153506 153533
45999 4
154290 155436 153079 152834
46003 4
155436 153079 154290 151575
46017 4
156095 156107 156075 156998
46021 1
156801
46023 4
154721 154730 154760 154715
46032 3
152594 152605 152138
46033 3
156998 157190 153667
46035 3
154720 155147 155146
46036 3
156972 157091 154290
46037 3
152562 153275 151575
46038 5
156932 154730 154760 154764 154721
46043 4
152594 152605 156876 152138
46048 3
151575 155201 155244
46051 2
151931 153297
46054 3
154544 151172 154545
46055 3
155824 156284 156301
46058 3
151087 151618 150982
46068 3
151082 150999 153274
46071 3
152594 152605 152138
46079 3
153079 154290 155436
46090 3
156972 157091 154730
46096 3
156568 157091 156972
46098 3
156277 156328 156426
46099 3
152594 152605 152138
46103 3
151626 151087 151858
46104 3
156972 157091 154290
46108 3
153079 154290 155436
46113 3
151292 151370 151252
46128 3
154290 155436 153079
46130 3
153374 153415 153432
46134 3
153079 154290 155436
46141 3
156568 155147 155146
46142 3
151575 155201 155244
46149 3
151082 150999 153274
46160 3
151914 152162 151874
46167 3
156972 157091 154290
46168 1
150999
46169 1
153667
46339 4
152391 157236 155499 155498
46340 7
153491 153496 153453 153374 153415 153432 153560
46344 2
151931 153297
46345 4
152138 152594 152605 156876
46346 5
150983 153498 153506 153533 153628
46348 5
153275 155201 152562 151575 155244
46350 3
151931 153297 151172
46380 3
151931 153297 156075
46381 3
150983 153498 153506
46392 3
154436 155219 157170
46393 1
156568
46399 2
151082 150999
46402 2
156932 154721
46404 2
156998 157190
46408 2
157170 152391
46413 1
156281
46416 2
153498 150983
46426 2
157091 156972
46431 2
156568 153079
46442 2
153079 154290
46450 2
153297 151931
46453 2
154721 154715
46454 2
154715 154721
46457 1
153374
46467 1
153079
46469 1
151252
46471 2
153297 151931
46473 2
151857 154400
46475 1
152799
46478 1
156568
46482 1
152138
46486 1
151252
46487 1
156568
46559 4
152138 152594 152605 156876
46565 5
156842 154476 156689 152968 151397
46781 1
156568
46783 1
152736
46794 3
152594 152605 152138
46796 3
156568 155201 151575
46810 3
153374 153415 153432
46818 3
153374 153415 153432
46819 2
153374 153415
46820 2
150983 153498
46823 2
156972 157091
46824 2
151292 151252
46825 2
153079 154290
46828 1
152518
46861 1
156842
46866 1
151172
46873 1
151931
46874 1
153374
46878 3
156568 153275 152562
46888 3
151969 150956 155473
46905 1
154436
46920 1
156972
46934 1
151931
46940 2
155498 155499
46943 1
156568
46948 1
157128
46949 1
156075
46952 3
156932 152562 153275
46972 1
156396
46973 1
153079
46978 1
151252
46985 1
151172
46987 1
156932
46988 1
156568
46990 1
156568
46991 1
151252
46992 1
151172
46994 1
152736
46998 1
156980
46999 1
156972
47010 1
154715
47017 1
156972
47020 1
151252
47021 2
151082 150999
47030 2
155824 156284
47031 2
156998 157190
47036 1
153079
47040 1
151575
47043 1
156972
47044 1
152736
47049 1
151172
47056 1
156932
47062 1
156932
47074 2
153374 153415
47076 2
150983 153498
47078 2
151931 153297
47082 2
151082 150999
47086 1
156932
47087 1
150999
47096 1
151575
47098 1
151575
47106 1
151172
47110 1
152138
47122 1
153079
47124 1
156396
47127 1
151874
47133 1
150982
47147 1
150999
47163 1
151931
47177 1
151172
47179 1
153159
47185 1
156972
47188 1
152736
47192 1
151931
47219 1
156568
47221 1
150963
47227 1
153374
47242 1
152138
47253 1
155146
47259 1
150999
47261 1
156568
47264 1
151575
47269 1
153374
47271 1
151252
47278 1
150999
47282 4
153297 151931 151172 154544
47289 4
154721 154730 154715 154760
47295 3
151082 153274 150999
47296 2
152736 152791
47302 2
152562 151575
47308 1
151931
47310 2
156568 151575
47313 4
156568 155436 154290 153079
47318 4
156284 156301 155824 156302
47332 1
156075
47335 1
152138
47344 2
156095 156075
47347 2
151082 150999
47375 3
156568 151252 152103
47379 3
156972 157091 152736
47384 3
155600 150992 156693
47387 3
152736 152791 152834
47389 2
151931 153297
47410 2
151172 154544
47419 2
151931 153297
47421 2
151292 151252
47422 2
153776 150963
47430 2
156568 152562
47433 2
151303 151839
47440 1
156396
47445 2
156568 153079
47454 2
151172 154544
47456 2
153079 154290
47458 2
153297 151931
47462 1
153079
47463 1
156972
47478 1
153159
47485 2
151082 150999
47500 3
156972 157091 152834
47504 2
153374 153415
47505 2
150992 155600
47518 2
151857 154400
47551 2
153079 154290
