47647 7
155824 156284 156301 156302 156972 157091 152199
47650 10
151172 154544 154545 154588 154617 154633 154691 154719 155114 155484
47651 7
155186 155305 154319 155473 156851 156946 157078
47653 13
155436 153079 154290 151391 156316 151465 156404 155140 156932 156037 155759 155939 155891
47654 5
156972 157091 155436 153079 154290
47658 13
151857 154400 156548 157033 157120 153628 150983 155715 153498 153506 153533 156998 157190
47660 3
156842 151969 150956
47662 13
157264 153896 153374 153415 153432 153453 153491 153496 153560 153851 153892 153297 151931
47663 13
152736 153824 153790 152791 153800 153806 152834 153064 153407 153984 152103 151252 153210
47664 8
156568 154290 155436 153079 151082 150999 153274 156663
47670 13
153079 155436 154290 157091 156972 155381 155911 153275 155318 155244 151575 152562 155201
47680 13
153297 151931 155484 154633 154719 155114 154545 154544 154617 151172 154588 154691 153560
47683 7
151857 154400 156548 157033 157120 156998 157190
47688 4
152138 152594 152605 156876
47689 10
157170 155499 155498 155219 154436 156397 156802 156849 157089 156396
47690 5
151931 153297 156075 156095 156107
47693 10
156998 157190 153506 153533 153628 155715 150983 153498 153297 151931
47699 8
150999 151082 153274 156663 156284 156301 156302 155824
47700 12
152391 157236 155499 155498 155219 154436 156397 156802 156849 157089 156396 157170
47709 4
152138 152594 152605 156876
47717 13
153667 154400 156548 151857 157120 157033 152786 152702 152520 152096 153956 151021 150952
47718 5
156353 152594 152605 152138 156876
47723 12
151931 153297 154545 154617 154633 154691 155114 154719 155484 154588 154544 151172
47729 7
156932 154721 154730 154760 154764 155250 154715
47735 7
156396 156397 156802 156849 157089 155499 155498
47740 2
157128 152456
47741 11
153374 153415 153432 153453 153491 153496 153560 153851 153892 153896 157264
47745 12
154715 155250 154730 154721 154760 154764 156301 156284 155824 156302 155436 154290
47748 4
154436 155219 155498 155499
47751 5
150956 151969 155186 155305 156622
47752 4
150999 151082 153274 156663
47753 11
154290 153079 155436 156972 157091 155367 155318 155381 152562 151575 155201
47754 13
153079 155436 156972 154290 157091 153275 152562 157243 155381 151575 155911 155318 155244
47755 11
153079 154290 155436 155381 155367 155911 155318 155201 155244 151575 155927
47756 10
152672 153941 153960 153964 153983 153994 154001 154148 155441 157251
47758 12
157091 156972 155436 154290 153079 156284 156302 156301 155824 152022 152824 151990
47759 12
153415 153896 153432 153453 153491 153374 153560 153851 153892 153496 157264 154544
47760 11
153079 154290 155436 151917 151990 151370 151252 152103 152251 151292 152022
47761 10
154715 154721 154730 154760 154764 155250 155824 156284 156301 156302
47762 13
156663 153274 150999 151082 152022 151990 151370 152824 151917 152897 152251 152103 151493
47764 12
153896 157264 153374 153415 153432 153453 153491 153496 153560 153851 153892 154544
47766 11
153892 153896 153374 153415 153432 153453 153491 153496 153560 153851 157264
47770 12
151931 153297 151172 154544 154545 154588 154617 154633 154691 154719 155114 155484
47771 2
151931 153297
47776 4
152138 152594 152605 156876
47780 6
154715 154721 154730 154760 154764 155250
47782 8
150999 151082 153274 156663 156284 156301 156302 155824
47784 11
154764 154715 154730 155250 154760 154721 152022 151990 151370 152897 152824
47790 9
154715 154721 154730 154760 154764 155250 156972 157091 152199
47792 13
153851 153896 153892 153415 153432 153453 153491 153374 153560 153496 157264 151172 154544
47796 2
152199 156932
47797 6
152391 157236 155219 154436 155499 155498
47799 12
156568 153275 155381 155244 155318 155367 155201 155911 155927 155930 152562 151575
47802 10
150999 151082 153274 156663 154721 154730 154760 154764 155250 154715
47804 11
155484 151172 154544 154545 154588 154617 154633 154691 154719 155114 156998
47805 12
152103 153210 154799 151252 155409 154475 152022 151990 152897 151493 151917 151370
47806 4
150999 151082 153274 156663
47810 6
152799 156277 156328 156426 156427 156720
47811 9
156842 151051 151106 151203 151278 151454 151579 152490 151045
47813 11
155824 156284 156301 156302 154764 155250 154715 154721 154730 154760 157128
47814 11
151292 151370 151493 151917 151990 152022 152103 152251 152824 152897 151252
47816 6
152799 156277 156328 156426 156427 156720
47819 6
155824 156284 156301 156302 156972 157091
47823 11
155114 155484 154633 154617 154691 154719 154588 151172 154544 154545 153297
47824 11
155140 156316 151391 156404 151465 152456 157091 156972 152199 156037 155759
47825 5
156932 151082 153274 156663 150999
47830 9
155057 151839 151924 151303 152073 152134 153341 153499 155060
47831 9
154290 153079 155436 157091 156972 155244 155201 155318 155367
47832 10
155005 154788 154320 154600 152631 150955 153029 153870 154298 155006
47835 6
152799 156277 156328 156426 156427 156720
47836 9
155250 154764 154715 154721 154730 154760 153274 151082 150999
47840 11
152976 151370 151493 151917 151990 152022 151292 152251 152824 152897 153362
47841 7
151857 154400 156548 157033 157120 156998 157190
47842 10
155367 155911 155244 155318 153275 155381 152562 155201 151575 155927
47843 9
153851 153374 153415 153432 153453 153491 153496 153560 153892
47845 11
155441 157251 154148 153964 153994 154001 153960 153983 152672 153941 154345
47846 6
156972 157091 155436 153079 154290 156568
47847 9
152199 156972 157091 155759 155891 155939 156037 155554 155698
47850 4
156998 157190 151931 153297
47851 11
151391 151465 156316 156404 155140 157128 156037 155759 155939 155891 155698
47853 4
150999 151082 153274 156663
47854 4
152138 152594 152605 156876
47855 9
157128 155824 156301 156302 156284 155250 154760 154721 154715
47858 9
154719 151172 154544 154545 154588 154617 154633 154691 155114
47860 9
156948 150992 156994 155600 156693 156850 152605 156876 152594
47861 9
152634 152635 152796 154564 154577 154702 154793 154879 151923
47862 9
156972 157091 154290 153079 155436 151990 151917 151370 151252
47863 9
150963 153776 154141 156291 156634 157154 156622 153499 153341
47864 9
156075 156095 156107 153453 153491 153374 153432 153560 153496
47865 10
153806 153824 152791 152834 153064 152736 153407 153790 153800 153984
47869 9
156663 150999 151082 153274 155436 153079 154290 152022 151990
47871 2
151931 153297
47874 9
153159 153560 153491 153415 153432 153453 153374 153496 153851
47875 8
156998 157190 153506 153533 153628 155715 150983 153498
47876 5
156568 151082 153274 150999 156663
47877 2
151931 153297
47878 8
156568 154290 155436 153079 151082 150999 153274 156663
47879 1
156568
47884 6
154715 154721 154730 154760 154764 155250
47885 9
154633 154719 154588 154617 154545 154691 154544 151172 155114
47886 4
152138 152594 152605 156876
47887 9
151292 151370 151493 151917 151990 152022 152103 152251 151252
47891 9
155250 154764 154715 154721 154730 154760 153274 151082 150999
47893 14
153297 151931 155114 154691 154544 155484 154588 154545 154633 151172 154617 154719 153560 153496
47894 10
156998 157190 153506 153533 153628 155715 150983 153498 153297 151931
47895 11
156568 155927 155244 155930 155318 155367 155911 155381 155201 151575 153275
47896 8
153297 151931 154545 154617 154633 154588 154544 151172
47898 8
155201 155367 152562 153275 155244 155318 151575 155381
47899 8
155318 155367 155201 155244 152562 153275 151575 155381
47900 1
154720
47903 2
152594 152138
47905 1
156998
47906 1
151303
47909 1
154720
47910 2
151931 153297
47919 4
153274 150999 151082 156663
47921 4
152562 153275 151575 155201
47923 1
151252
47926 3
151292 151370 151252
47932 2
156998 157190
47939 1
156622
47946 1
156568
47951 2
153079 154290
47954 1
156281
47966 3
152791 152834 152736
47973 1
152977
47975 5
153506 153533 150983 153498 153628
47976 2
152391 157236
47978 1
156972
47982 2
151082 150999
47991 2
151292 151252
47997 4
156932 153274 156663 151082
47998 2
151575 152562
48000 2
151082 150999
48003 1
152736
48005 1
150999
48008 1
156568
48013 2
153159 153374
48017 2
156972 157091
48018 2
151874 151914
48020 2
151292 151370
48021 2
156568 154290
48022 2
156972 157091
48023 2
156972 157091
48025 1
151172
48026 2
151575 152562
48027 1
151252
48028 1
154720
48030 1
151045
48037 4
154544 154545 154588 151172
48038 2
151575 152562
48039 2
151172 154544
48050 3
156396 156397 156802
48052 2
155498 155499
48053 2
151969 150956
48056 2
150983 153498
48061 2
153374 153415
48062 2
151082 150999
48066 2
153374 153415
48071 3
153374 153415 153432
48072 2
152562 151575
48075 2
154715 154721
48078 1
156568
48079 1
156568
48081 1
151303
48094 3
155146 155147 152791
48099 1
156568
48101 5
153297 151931 151172 154544 154545
48104 3
153374 153415 153432
48106 1
151931
48107 1
152456
48113 1
156972
48119 3
153079 154290 155436
48124 3
154544 151172 154545
48130 3
155498 155499 152391
48133 3
151082 153274 150999
48134 3
157091 156972 157128
48135 3
157170 156397 156396
48136 3
151082 150999 153274
48137 3
151575 152562 153275
48139 3
153498 150983 153506
48140 3
157170 156397 156396
48141 3
154721 154730 154715
48142 3
153079 154290 155436
48144 1
153159
48149 3
153374 153415 153432
48156 2
151172 154544
48157 2
153496 157264
48158 2
151082 150999
48168 3
151082 153274 150999
48169 2
150992 155600
48171 2
156568 152736
48215 2
153079 154290
48221 1
151172
48223 1
153667
48229 4
150999 151082 153274 156663
48230 4
155499 155498 156397 156396
48241 4
153432 153374 153415 153453
48245 6
156107 156095 156075 153496 153432 153491
48246 4
154400 156548 151857 157033
48247 4
151082 150999 153274 156663
48248 4
157091 156972 153275 151575
48257 1
151172
48269 1
151252
48298 2
156568 151082
48300 1
152138
48304 1
152765
48306 1
153374
48308 2
151082 150999
48310 2
156075 156095
48312 3
152199 157091 156972
48313 3
151082 150999 153274
48317 3
151931 153297 153496
48321 2
153374 153415
48326 1
150999
48328 1
156568
48335 1
155554
48360 1
151931
48386 4
152594 152605 156876 152138
48448 1
150999
48464 2
152736 152791
48473 1
150983
48523 3
156568 151370 151292
48524 3
154290 153079 155436
48525 3
154290 155436 153079
48534 3
157128 154730 154721
48535 3
152672 153941 153960
48542 3
157128 154730 154721
48561 3
151082 153274 150999
48563 3
154715 154721 154730
48564 3
153374 153415 153432
48572 3
156568 152562 151575
48575 2
151914 151874
48581 2
156972 157091
48583 2
152736 152791
48587 1
152138
48588 4
152562 153275 151575 155201
48596 3
156075 156095 156107
48599 3
153776 150963 154141
48610 2
155824 156284
48611 1
151931
48613 1
150999
48616 1
154715
48620 6
157091 156972 155244 155318 151575 155201
48636 1
152138
48642 2
151931 153297
48644 2
156568 154290
48652 2
154715 154721
48654 2
155498 155499
48658 2
152014 153249
48664 2
151575 152562
48665 1
150983
48688 1
151252
48690 1
150955
48735 2
154400 151857
48743 1
150999
48764 1
153496
48783 2
156932 156568
48784 3
151292 151370 151252
48786 3
153415 153374 153432
48787 3
153079 154290 155436
48789 3
155824 156284 156301
48792 3
151931 153297 150983
48793 3
156277 156328 152799
48799 3
153415 153374 153432
48804 3
152791 152834 152736
48820 3
156568 151370 151292
48823 3
156972 157091 155201
48830 3
156568 153274 151082
48834 3
151292 151370 151252
48835 3
153079 154290 155436
48836 3
153079 154290 155436
48837 4
152594 152605 156876 152138
48842 4
153415 153432 153453 153374
48852 3
154715 154721 154730
48853 3
155498 155499 152391
48856 2
156972 157091
48866 2
155824 156284
48868 2
153079 154290
48872 2
154290 153079
48873 2
152562 151575
48896 2
151082 150999
48898 2
151172 154544
48900 2
153079 154290
48901 2
151303 151839
48905 2
157234 156842
48906 3
157128 153079 154290
48919 3
153415 153374 153432
48926 3
151082 153274 150999
48934 3
156622 151839 151303
48935 3
154721 154730 154715
48951 2
151087 150982
48952 2
152594 152138
48956 3
153498 150983 153506
48964 2
155498 155499
48971 1
153079
48977 3
152594 152605 152138
48994 1
153079
48995 1
150956
