50746 1
150999
50752 1
156622
50764 1
152562
50766 1
155824
50768 2
152594 152138
50781 3
153297 151931 153374
50782 3
152562 151575 153275
50791 3
154544 151172 154545
50793 3
151082 150999 153274
50794 1
151252
50801 1
152799
50806 1
154720
50827 1
153079
50835 1
150992
50840 1
151931
50841 1
153374
50842 1
152799
50843 1
151931
50844 1
156568
50847 1
153667
50850 1
150999
50851 1
153079
50856 2
151292 151252
50857 3
156277 156328 152799
50858 3
156095 156075 156107
50860 3
153667 154544 151172
50862 3
151931 153297 153374
50864 3
156277 156328 152799
50865 5
152765 153029 153870 152631 150955
50870 5
153453 153432 153415 153374 153491
50871 2
151575 152562
50874 2
153776 150963
50875 2
151172 154544
50877 1
156622
50879 1
156568
50882 1
153079
50896 4
155244 151575 155201 155318
50903 1
153374
50914 2
155498 155499
50917 1
153374
50921 1
156075
50974 1
153079
50985 1
152799
50988 1
153374
51000 1
154436
51010 1
151575
51036 1
150983
51041 1
150999
51043 1
151931
51062 2
151292 151252
51092 3
154290 153079 155436
51093 1
151575
51098 1
153079
51101 4
156397 156802 156396 156849
51103 4
153776 154141 150963 156291
51104 4
154720 153275 151575 152562
51124 2
153079 154290
51125 2
153374 153415
51128 2
153079 154290
51129 1
151575
51130 1
151931
51131 1
153374
51134 2
156075 156095
51135 1
156568
51136 1
154720
51137 1
156075
51139 1
152138
51141 1
157170
51150 1
152562
51152 1
153374
51153 1
153079
51155 1
151172
51157 1
154720
51192 2
150963 153776
51194 2
150983 153159
51198 2
153415 153374
51201 2
152138 152594
51206 2
155749 153776
51207 2
153415 153374
51208 2
156972 157091
51210 2
153374 153415
51214 2
157170 154436
51218 2
157170 152391
51219 2
156972 157091
51223 2
152456 155554
51226 2
154721 154715
51230 2
155665 155667
51231 2
156396 156397
51233 2
151303 151839
51235 4
153498 153506 153533 150983
51236 4
154721 154730 154760 154715
51239 3
154544 151172 154545
51242 2
157170 151087
51243 5
153533 150983 153498 153506 153628
51248 5
153667 150952 152096 151021 152520
51251 2
156842 152968
51252 1
152799
51256 1
152138
51257 2
155824 156284
51258 1
153079
51261 1
153079
51262 1
153079
51268 1
156568
51272 1
153374
51285 1
153374
51304 1
155824
51318 1
155824
51324 2
151087 150982
51325 1
151252
51330 6
152162 151914 151874 154730 154721 154715
51331 6
155436 154290 153079 157091 156972 156301
51335 4
155201 155244 151575 155318
51336 5
151914 152162 151874 154721 154715
51344 4
152138 152594 152605 156876
51345 4
156277 156328 156426 152799
51346 5
154319 151106 151203 151278 151051
51351 1
156568
51352 2
153374 153415
51377 1
152138
51383 1
150999
51385 1
150999
51391 1
151931
51397 1
156075
51418 1
156568
51447 3
152968 154476 151397
51470 2
153374 153415
51471 2
156277 152799
51474 2
152736 152791
51480 2
151914 151874
51481 2
153297 151931
51487 3
151082 153274 150999
51490 2
151575 155201
51492 2
156972 157091
51493 2
151292 151252
51494 2
152594 152138
51507 3
154715 154721 154730
51508 3
151931 153297 153374
51540 2
153374 153415
51543 2
156972 157091
51545 2
156972 157091
51550 3
157236 152391 155498
51551 3
153297 151931 156998
51552 2
151082 150999
51558 3
154290 153079 155436
51564 3
156972 157091 155436
51566 3
156568 153274 151082
51567 4
153297 151931 153667 150983
51568 3
153079 154290 155436
51573 2
153079 154290
51578 2
150992 155600
51583 3
154290 155436 153079
51584 3
154715 154721 154730
51588 1
156932
51608 1
153079
51612 1
150983
51622 1
156568
51624 1
151931
51664 3
156353 152799 156328
51666 3
156972 157091 154290
51668 3
153275 152562 157243
51669 6
156568 157243 152562 153275 151575 155244
51670 6
151931 153297 156095 156107 156075 153667
51673 3
151082 150999 153274
51675 2
156568 152562
51681 2
153079 154290
51759 3
151082 150999 153274
51760 3
155201 151575 155244
51764 3
155824 156284 156301
51766 3
151575 155201 155244
51767 2
157234 156842
51768 2
152138 152594
51769 2
157128 151465
51775 4
156622 154141 150963 153776
51776 3
151575 152562 153275
51811 1
156998
51824 1
153079
51907 2
152199 151914
51909 1
153374
51943 2
156972 157091
51947 1
156568
51949 2
153667 153498
51950 1
150999
51967 1
156353
51971 1
156972
51983 2
156568 153079
51989 1
156622
52004 3
154400 156548 151857
52009 3
156095 156075 156107
52010 2
156568 152562
52017 2
153297 151931
52018 2
152736 152791
52054 1
153079
52058 1
156998
52059 3
153415 153432 153374
52061 2
154715 154721
52062 2
151931 153297
52063 2
151087 151626
52066 2
154400 151857
