53576 1
151931
53598 2
155498 155499
53614 2
151292 151252
53622 2
155498 155499
53625 8
153297 151931 153506 153628 155715 153533 153498 150983
53626 8
153064 153800 152791 152834 153407 153790 152736 153806
53630 8
153790 153800 153407 152736 152834 153064 152791 153806
53631 6
155146 155147 154737 152014 153249 156053
53634 2
156277 156328
53636 2
156277 156328
53639 2
151292 151252
53641 2
151172 154544
53645 2
156075 156095
53646 2
156568 154290
53647 2
152594 152138
53648 2
152736 152791
53657 2
156932 151914
53660 2
152736 152791
53661 2
156568 152562
53665 2
151969 150956
53666 2
151575 155201
53669 2
157170 152391
53674 2
155219 154436
53677 2
151931 153297
53681 2
153079 154290
53683 2
152562 151575
53684 2
156972 157091
53685 2
156998 157190
53689 2
156075 156095
53695 1
151303
53696 1
154715
53697 1
156932
53708 1
152391
53709 1
151172
53809 1
153374
53810 1
153374
53818 1
151575
53892 1
156075
53901 5
155219 154436 155499 155498 152391
53903 5
156849 156397 156396 156802 157089
53906 3
156932 156972 157091
53910 5
155436 154290 153079 157091 156972
53911 5
153506 153533 150983 153498 153628
53918 5
153064 152791 152736 152834 153407
53924 5
156107 156095 156075 153297 151931
53931 5
153498 153506 153533 153628 150983
53934 5
157091 156972 156053 152014 153249
53935 5
154290 155436 153079 157091 156972
53937 5
156568 151370 151493 151252 151292
53938 5
153667 156840 152096 152702 152520
53939 5
153064 152791 152736 152834 153407
53940 5
153498 153506 153533 153628 150983
53942 2
153249 152014
53943 2
151931 153297
53948 2
156972 157091
53959 2
155824 156284
53961 1
154720
53965 2
153374 153415
53966 2
156622 157122
53967 2
156932 151914
53970 2
155824 156284
53972 2
153079 154290
53985 1
151931
53986 1
152138
53989 1
152138
53991 1
151172
53993 1
151931
54002 1
156281
54016 1
151172
54020 1
151575
54030 4
157243 153275 152562 151575
54034 2
151575 152562
54036 2
157122 156622
54039 2
151931 153297
54040 2
152562 153275
54041 2
152736 152791
54065 1
151172
54072 1
156972
54076 1
156622
54223 6
156663 151082 153274 150999 153079 154290
54284 8
156972 157091 155367 155381 155244 155201 151575 155318
54286 5
152138 152594 152605 156876 156353
54289 4
155824 156284 156301 156302
54293 9
153407 153806 152834 153064 153790 153800 152736 152791 153824
54372 2
153079 154290
54374 1
154715
54465 2
154715 154721
54473 7
151969 150956 155186 155305 151454 151106 151278
54475 3
156396 156397 156802
54478 3
154544 151172 154545
54480 3
153079 154290 155436
54482 3
156277 156328 152799
54483 3
153275 152562 157243
54484 3
152102 152471 153211
54485 3
154436 155219 152391
54489 3
153079 154290 155436
54496 3
153667 157190 156998
54497 1
154720
54499 3
151082 153274 150999
54508 3
156277 156328 152799
54509 3
156568 157091 156972
54511 3
151575 152562 153275
54513 3
153079 154290 155436
54516 3
151292 151370 151252
54518 1
151931
54519 1
156972
54562 2
151575 152562
54567 3
151575 152562 153275
54579 2
152736 152791
54580 2
151051 151045
54581 2
153079 154290
54585 2
152968 151397
54592 3
152594 152605 152138
54596 3
154290 153079 155436
54671 1
156281
54672 7
157128 155250 154715 154721 154730 154760 154764
54674 7
151292 151370 151493 151917 151990 152022 151252
54678 7
156107 156095 156075 156998 157190 156548 154400
54679 4
152138 152594 152605 156876
54690 7
156663 150999 153274 151082 155436 154290 153079
54694 8
156568 151370 152103 151917 151990 152022 151493 151292
54695 7
156622 157078 155473 156851 156946 151969 150956
54697 8
156842 151106 152490 151278 151454 151579 151203 151051
54702 5
156998 157190 153667 153297 151931
54705 8
155715 150983 153498 153506 153533 153628 153297 151931
54709 7
156932 154715 154721 154730 154760 154764 155250
54710 2
157128 152456
54718 10
151292 151370 151493 151917 151990 152022 152103 152251 152824 151252
54726 4
150999 151082 153274 156663
54732 8
153079 155436 154290 157091 156972 151990 151917 151370
54737 6
153628 150983 153498 153506 153533 155715
54738 5
153297 151931 153506 153498 150983
54744 5
152968 154476 156689 151397 156980
54747 5
155436 154290 153079 157091 156972
54750 5
153274 156663 151082 150999 152562
54752 2
155934 156067
54759 5
154436 155219 157170 155499 155498
54761 5
151087 151618 151626 151858 150982
54762 5
156277 156328 156426 156427 152799
54763 7
153374 153415 153432 153453 153491 153496 153560
54764 6
153159 151931 153297 153498 150983 153506
54765 5
157091 156972 153079 154290 155436
54768 5
153275 155201 152562 151575 155244
54777 5
156663 150999 153274 151082 154290
54783 6
156663 150999 153274 151082 155436 154290
54788 5
156663 150999 151082 153274 156568
54789 5
153432 153453 153415 153374 153491
54793 5
151292 151370 151493 151252 151917
54799 5
155318 155201 155244 151575 155367
54806 5
156663 150999 151082 153274 152562
54807 4
152014 153249 154737 156053
54809 5
151292 151370 151493 151252 151917
54811 5
153275 155201 152562 151575 155244
54820 5
156107 156075 156095 153297 151931
54821 5
153453 153432 153415 153374 153491
54825 1
156353
54830 6
155201 155244 152562 153275 151575 155318
54831 6
155201 155244 152562 153275 151575 155318
54832 5
153210 154475 152103 151252 154799
54835 5
156876 152138 152594 152605 152471
54836 4
151082 150999 153274 156663
54837 4
156980 154476 156689 152968
54838 4
151087 151618 151626 150982
54839 4
151292 151370 151493 151252
54844 4
157243 153275 152562 151575
54845 4
152594 152605 156876 152138
54893 3
154544 151172 154545
54904 1
151172
54905 1
151172
54913 1
152138
54916 1
150963
54919 1
151172
54920 1
157170
54939 1
152736
54945 1
152562
54946 1
153079
54950 1
152736
54955 1
150999
54957 4
153275 152562 151575 155201
54959 4
152562 153275 151575 155201
54962 4
152594 152605 156876 152138
54963 4
151082 153274 156663 150999
54964 4
150983 153498 153506 153533
