60302 1
156568
60308 1
151575
60310 1
150983
60320 1
150955
60325 1
151575
60329 1
156998
60332 1
153496
60340 3
156568 151575 152562
60344 1
155498
60347 1
152736
60348 1
151931
60352 1
150983
60355 1
156568
60356 1
155498
60365 5
151395 151393 151775 152421 153311
60368 5
156281 156328 156426 156277 152799
60376 5
156277 152799 156328 156426 156427
60382 5
154588 151172 154544 154545 154617
60385 1
156281
60397 4
153432 153374 153415 153453
60399 4
151931 153297 156075 156095
60401 4
156568 151370 151493 151292
60405 1
156972
60429 3
156277 156328 152799
60433 1
155146
60436 1
156075
60439 1
150983
60442 1
150956
60449 1
156281
60457 1
154715
60458 2
152799 156277
60460 2
156277 152799
60471 1
156459
60476 5
157091 156972 153079 154290 155436
60477 5
150983 153498 153506 153533 153628
60479 3
151575 152562 153275
60484 3
151857 154400 156548
60487 3
152765 152631 150955
60492 3
156277 156328 152799
60494 3
154544 151172 154545
60498 1
152799
60504 1
153079
60519 1
155473
60569 1
152138
60608 1
150952
60610 1
153496
60614 1
153079
60615 1
153667
60616 1
156622
60628 2
151575 152562
60636 2
151395 151393
60638 2
151252 152103
60641 2
151082 150999
60688 6
153453 153491 153374 153415 153432 153496
60691 6
155244 155201 152562 153275 151575 155318
60712 6
151292 151370 151493 151252 151917 151990
60715 6
154617 154545 154544 154588 151172 154633
60716 6
155201 155244 152562 153275 151575 155318
60725 1
150999
60732 2
152736 152791
60733 1
157170
60736 1
152138
60741 1
151931
60767 1
152799
60770 1
152799
60777 1
153079
60779 1
152765
60780 1
153374
60786 1
152138
60787 1
156459
60788 1
155498
60792 1
156396
60795 1
151575
60798 1
156568
60824 3
152791 152834 152736
60825 3
152968 154476 151397
60826 1
153374
60829 1
155498
60830 1
151252
60848 1
151575
60850 1
150999
60924 1
153079
60935 1
153079
60937 1
156801
60940 1
150982
60942 1
156568
60944 1
152562
60945 1
152799
60952 1
156568
60959 1
155146
60996 2
151931 153297
61004 1
153079
61005 1
151931
61036 1
153079
61037 1
151931
61120 1
154436
61182 1
156281
61205 1
153374
61206 1
152138
61207 1
155498
61213 1
153374
61218 1
152736
61226 1
156998
61233 4
154319 150956 151969 155186
61237 1
151575
61243 1
151923
61249 1
151931
61252 1
154715
61257 1
152799
61269 1
153079
61270 1
151252
61274 1
151292
61286 2
153374 153415
61290 1
153079
61328 1
153374
61331 1
156568
61332 1
153079
61341 1
153374
61370 2
152765 151236
61389 1
152138
61392 1
153079
61396 2
152594 152138
61402 1
153079
61404 1
155146
61406 1
150983
61407 2
154715 154721
61415 2
153498 150983
61421 2
156972 157091
61539 35
151292 151370 151493 151917 151990 152022 152251 152824 152897 152976 153362 154217 154984 156483 156484 156855 156953 153210 155409 151252 152103 154475 154799 156972 157091 153064 152834 152791 153407 153790 153800 153806 153824 153984 152736
61540 54
155824 156284 156301 156302 151917 151990 152022 152103 152251 152824 152897 152976 153210 153362 154217 154475 154799 154984 155409 151252 151292 151370 151493 156483 156484 156855 156953 156972 157091 153790 153800 153806 153824 153984 152736 153064 152834 152791 153407 154290 155436 153079 155927 155930 155201 155244 155318 155367 155381 152562 151575 153275 155911 157243
61546 10
150983 153498 153506 153533 153628 155715 156998 157190 153297 151931
61547 37
152736 152791 152834 153064 153407 153790 153800 153806 153824 153984 152014 153249 154737 156053 152897 152976 151917 153210 151990 153362 151252 152022 152103 152251 151292 151370 154217 154475 152824 154799 154984 155409 151493 156483 156484 156855 156953
61552 4
152014 153249 154737 156053
61553 26
152102 152471 153211 156790 156791 156794 156804 156808 156853 150983 153498 153506 153533 153628 155715 154719 155114 155484 151172 154544 154545 154588 154617 154633 154691 153667
61556 5
152014 153249 154737 156053 154720
61557 5
151931 153297 156075 156095 156107
61562 7
152391 157236 157170 155498 155499 154436 155219
61564 13
151931 153297 153374 153415 153432 153453 153491 153496 153560 153851 153892 153896 157264
61570 1
156459
61576 7
156281 156277 152799 156328 156426 156427 156720
61577 11
153374 153415 153432 153453 153491 153496 153560 153851 153892 153896 157264
61587 8
156998 157190 156548 151857 157033 157120 154400 153667
61588 38
154720 153249 152014 154737 156053 151292 152022 152251 152824 152897 152976 151370 153362 154217 151493 151917 154984 151990 156483 156484 156855 156953 155409 154475 151252 152103 154799 153210 152791 152736 153407 153790 153800 153806 153824 153984 153064 152834
61593 20
152658 153255 153400 153753 154364 155568 155625 156721 156748 157147 157208 152630 154082 152632 152518 152709 152729 152734 152588 152609
61604 14
156998 157190 156548 151857 157033 157120 154400 153667 155715 153506 153533 153628 150983 153498
61608 31
150956 151969 155473 156851 156946 157078 155186 155305 151839 151924 155379 151303 155685 155686 156506 152073 153341 157022 155057 156522 152134 155060 153499 156513 156622 156634 154141 150963 153776 156291 157154
61615 43
152736 152791 152834 153064 153407 153790 153800 153806 153824 153984 152014 153249 154737 156053 155824 156284 156301 156302 151990 153362 151252 152022 152103 152251 151292 151370 154217 154475 152824 154799 154984 155409 151493 152897 152976 151917 153210 156483 156484 156855 156953 156972 157091
61616 2
151931 153297
61618 29
151393 151395 151775 152421 153311 155330 155643 155644 156457 156859 156985 152423 151536 152113 156934 156812 156635 155441 153941 153960 153964 153983 153994 154001 154148 152672 157251 154345 152977
61621 2
154720 156801
61624 4
152014 153249 154737 156053
61626 1
156281
61628 10
152736 152791 152834 153064 153407 153790 153800 153806 153824 153984
61632 41
156972 157091 154737 156053 152014 153249 151252 152022 152103 152251 152824 152897 152976 153210 151292 153362 154217 154475 151370 154799 154984 155409 151493 156483 156484 156855 156953 151917 151990 152562 155911 155927 155930 151575 153275 155201 155244 155318 155367 155381 157243
61633 6
155498 155499 154436 155219 152391 157236
61634 2
156972 157091
61635 11
156998 157190 153667 153297 151931 153533 153628 150983 155715 153498 153506
61641 5
156980 152968 154476 156689 151397
61643 52
152736 152791 152834 153064 153407 153790 153800 153806 153824 153984 156972 157091 154737 156053 152014 153249 155201 155244 155318 155367 155381 155911 155927 155930 151575 153275 152562 157243 156568 154217 154475 151917 154799 154984 152897 152976 151990 153210 151292 155409 152022 153362 152103 152251 156483 156484 151370 156855 156953 151493 151252 152824
61646 1
154720
61647 1
154720
61651 5
152014 153249 154737 156053 154720
61653 71
151722 151833 152619 152677 152930 154704 155211 155267 155377 155691 155723 155878 156128 156613 156682 156745 157079 153593 153594 153635 153715 153852 153859 153906 153924 153998 154223 154666 152322 154930 152583 151731 152641 151457 151918 152975 155952 153238 156563 156579 156608 153338 153376 156700 153383 156916 156924 156957 157055 153565 157253 153450 153905 153456 153611 153962 153495 153643 153651 153652 154915 153705 156867 153508 155241 153786 153829 157063 155603 151016 156576
61657 10
152736 152791 152834 153064 153407 153790 153800 153806 153824 153984
61662 17
151575 152562 153275 155201 155244 155318 155367 155381 155911 155927 155930 157243 151082 153274 156663 150999 156568
61664 38
156972 157091 151370 151493 151917 151990 152022 152103 152251 152824 152897 152976 153210 153362 154217 154475 154799 154984 155409 156483 156484 156855 156953 151252 151292 153064 152834 152791 153407 153790 153800 153806 153824 153984 152736 153079 154290 155436
61673 4
152014 153249 154737 156053
61674 39
156972 157091 152834 153064 153407 153790 153800 153806 153824 153984 152736 152791 156301 156302 155824 156284 153210 153362 151917 151990 152022 152103 152251 151252 154217 154475 154799 154984 155409 151292 152824 151370 152897 156483 156484 156855 156953 152976 151493
61675 1
154720
61679 4
156998 157190 151931 153297
61698 7
152014 153249 154737 156053 154720 155147 155146
61701 5
156980 152968 154476 156689 151397
61708 4
152014 153249 154737 156053
61714 4
156998 157190 151931 153297
61717 6
152799 156277 156328 156426 156427 156720
61720 12
156972 157091 152834 153064 153407 153790 153800 153806 153824 153984 152736 152791
61726 38
156568 152791 152834 153064 153407 153790 153800 153806 153824 153984 152736 153249 154737 156053 152014 152976 151917 153210 151990 153362 151252 152022 152103 152251 151292 151370 154217 154475 152824 154799 154984 155409 151493 156483 156484 152897 156855 156953
61731 1
154720
61740 7
155749 157122 157170 152391 157236 155498 155499
61742 3
156972 157091 152791
61752 3
156397 156396 156802
61755 3
154544 151172 154545
61772 3
151931 153297 156998
61774 3
152736 152791 152834
61781 3
156277 156328 156426
61784 3
154290 155436 153079
61786 3
156998 157190 151931
61790 3
156622 150963 153776
61791 3
156277 156328 152799
61793 3
154544 151172 154545
61797 7
156635 153311 151775 152421 151395 151393 155330
61798 7
153491 153496 153374 153415 153432 153453 153560
61804 5
157091 156972 154475 151252 152103
61807 3
153297 151931 151172
61812 1
154720
61813 3
153415 153374 153432
61818 3
157236 152391 155749
61821 3
153297 151931 151172
61839 3
155219 154436 155498
61896 1
153079
61898 1
157170
61902 1
153079
61903 1
152014
61904 1
151575
