61944 4
151914 152162 151874 155824
61951 4
155499 155498 157236 152391
61952 3
153374 153415 153432
61956 2
150992 155600
61957 1
156980
61964 1
156980
61974 1
156980
61977 1
151252
61979 1
151252
61985 1
153496
61991 1
151303
61992 1
151252
61993 1
150983
61998 4
151082 150999 153274 156663
62024 4
151397 152968 154476 156689
62034 1
153667
62036 12
151931 153297 151172 154544 154545 154588 154617 154633 154691 154719 155114 155484
62040 34
151923 152634 152635 152796 154564 154577 154702 154793 154879 157098 152631 150955 154600 153029 154788 153870 154298 155005 155006 155185 155238 156865 157029 154320 157209 151369 156770 154485 156882 151429 155207 157137 155215 152765
62044 6
152391 157236 155499 155498 155219 154436
62047 35
156998 157190 154545 154588 154617 154633 154691 154719 155114 155484 151172 154544 153667 156548 154400 157033 157120 151857 155715 153498 153506 153533 153628 150983 153491 153851 153892 153896 153496 153374 153415 153432 153560 153453 157264
62053 8
153079 154290 155436 156932 151082 150999 156663 153274
62056 36
155146 155147 154720 151493 151917 151990 152022 152103 152251 152824 152897 152976 153210 153362 154217 154475 151252 154799 154984 151292 151370 155409 156483 156484 156855 156953 152834 152791 153407 153790 153800 153806 153824 153984 152736 153064
62059 10
156998 157190 153506 153533 153628 155715 150983 153498 153297 151931
62064 4
152014 153249 154737 156053
62066 11
150983 153498 153506 153533 153628 155715 153297 151931 156075 156095 156107
62067 2
151931 153297
62068 11
150983 153498 153506 153533 153628 155715 154400 151857 156548 157033 157120
62069 12
151397 152968 154476 156689 151278 151045 151454 151579 152490 151051 151106 151203
62070 4
152014 153249 154737 156053
62075 18
156972 157091 153275 155201 155244 155318 155367 155381 155911 155927 155930 151575 152562 157243 154290 153079 155436 156568
62084 33
156568 155381 155927 155201 155930 155318 152562 157243 155911 155244 153275 155367 151575 152834 152791 153064 152736 153984 153806 153800 153790 153824 153407 154217 153362 152022 151370 152976 151990 152897 152824 154984 152251
62090 3
154544 154545 151172
62097 3
155498 155499 152391
62108 3
156075 156095 156107
62115 3
156277 156328 152799
62124 3
152799 156328 156277
62126 3
156095 156107 156075
62127 14
155186 155305 154319 155473 156851 156946 157078 156622 153776 156634 154141 150963 156291 157154
62131 10
156998 157190 151931 153297 153506 153533 153628 155715 150983 153498
62142 7
157234 151969 150956 155305 155186 154319 156622
62144 33
152736 152791 152834 153064 153407 153790 153800 153806 153824 153984 151292 152824 151370 152897 152976 151493 153210 153362 151917 151990 152022 152103 152251 151252 154217 154475 154799 154984 155409 156483 156484 156855 156953
62195 1
154720
62317 1
155498
62319 1
151575
62320 1
151857
62324 1
152186
62388 2
151252 152103
62390 2
156277 156328
62399 2
151857 154400
62400 1
150956
62402 1
150983
62406 1
156568
62409 50
151252 151292 151370 151493 151917 151990 152022 152103 152251 152824 152897 152976 153210 153362 154217 154475 154799 154984 155409 156483 156484 156855 156953 153984 152736 153064 152834 152791 153407 153790 153800 153806 153824 156972 157091 153079 154290 155436 152562 151575 155911 155927 155930 153275 155201 155244 155318 155367 155381 157243
62426 19
156972 157091 152791 153984 152834 153064 153790 152736 153806 153824 153407 153800 151292 153210 151252 152976 152897 151990 151370
62429 7
156277 156328 156426 156427 156720 152799 156281
62430 19
152791 152834 153806 153407 152736 153064 153790 153800 153824 153984 153362 152022 153210 152976 151990 151370 152897 152824 151917
62432 19
154799 154984 151493 151252 151917 151990 152022 152103 152251 151292 152824 152897 152976 153210 151370 153362 154217 154475 155409
62438 5
151397 152968 154476 156689 156842
62439 19
157209 155006 156865 157029 155238 155185 153029 153870 154298 154320 152631 150955 154600 154788 155005 152765 154569 152657 154521
62440 9
157234 151969 150956 155305 155186 156851 156946 157078 155473
62445 19
152834 153064 153984 153824 152791 152736 153790 153407 153800 153806 155244 151575 155381 155318 155201 155367 155927 155911 155930
62467 4
152138 152594 152605 156876
62469 8
155473 156851 156946 157078 155186 155305 150956 151969
62471 9
155473 156851 156946 157078 155186 155305 150956 151969 156622
62474 21
155824 156284 156301 156302 156972 157091 153079 154290 155436 155201 155911 155927 155930 155244 155318 155367 155381 151575 152562 153275 157243
62475 1
154720
62481 16
152736 152791 152834 153064 153407 153790 153800 153806 153824 153984 156972 157091 154737 156053 152014 153249
62489 43
156972 157091 152562 157243 153275 155911 155930 155201 155927 151575 155318 155381 155367 155244 152791 153407 152834 153800 153984 153790 153064 153824 153806 152736 154217 153362 152022 153210 152976 151990 151370 156855 152897 156484 156483 152824 151917 155409 154984 152251 154799 154475 152103
62492 38
151252 151292 151370 151493 151917 151990 152022 152103 152251 152824 152897 152976 153210 153362 154217 154475 154799 154984 155409 156483 156484 156855 156953 156972 157091 153064 152834 152791 153407 153790 153800 153806 153824 153984 152736 153079 154290 155436
62495 43
155436 154290 153079 155201 155244 155911 155927 153275 155367 152562 157243 155930 155381 151575 155318 156972 157091 152976 154984 152897 151370 154217 151252 154475 154799 152824 152251 155409 152103 151292 152022 151990 156953 151917 153362 156484 153210 151493 156483 156855 153800 153790 152834
62499 11
156998 157190 151931 153297 153667 153533 153628 150983 155715 153498 153506
62515 1
154720
62518 43
157091 156972 152562 157243 153275 155201 155930 151575 155318 155911 155244 155367 155927 155381 154290 155436 153079 153790 153407 152791 153064 152736 153984 153824 153806 152834 153800 154720 154217 153362 152022 153210 152976 151990 151370 152897 152824 151917 155409 154984 152251 154799 154475
62522 23
151252 151292 151370 151493 151917 151990 152022 152103 152251 152824 152897 152976 153210 153362 154217 154475 154799 154984 155409 156483 156484 156855 156953
62529 6
152391 157236 155219 154436 155499 155498
62530 28
154720 153249 152014 154737 156053 151990 151252 152022 152103 152251 152824 152897 152976 153210 151292 153362 154217 154475 151370 151493 154799 154984 155409 151917 156483 156484 156855 156953
62532 4
151397 152968 154476 156689
62533 9
156396 156397 156802 156849 157089 155499 155498 155219 154436
62534 2
152391 157236
62536 16
151931 153297 156075 156095 156107 153496 157264 153374 153560 153851 153892 153896 153415 153432 153453 153491
62538 12
151931 153297 151172 154544 154545 154588 154617 154633 154691 154719 155114 155484
62541 23
151252 151292 151370 151493 151917 151990 152022 152103 152251 152824 152897 152976 153210 153362 154217 154475 154799 154984 155409 156483 156484 156855 156953
62544 43
155381 151575 155911 155927 155318 155930 155367 155244 155201 157243 153275 152562 153079 154290 155436 153210 154475 152103 151252 154799 155409 153362 151917 152976 152897 154984 154217 151493 152824 151370 156953 151292 152251 156484 152022 151990 156483 156855 157091 156972 153800 153790 152834
62546 7
151857 154400 156548 157033 157120 156998 157190
62547 12
156998 157190 156548 151857 157033 157120 154400 151931 153297 156107 156075 156095
62552 24
154720 151370 151493 151917 151990 152022 152251 152824 152897 152976 153362 154217 151292 154984 156483 156484 156855 156953 151252 155409 152103 154475 153210 154799
62558 5
152631 150955 153029 153870 154298
62563 5
156427 156277 156328 156426 156720
62564 5
153870 153029 150955 152631 154298
62565 5
155436 154290 153079 153275 151575
62568 5
153297 151931 157190 156998 153506
62571 5
156842 151106 151203 151278 151051
62575 1
156281
62578 2
152562 151575
62596 1
150956
62599 1
156396
62609 1
152138
62630 1
154720
62633 2
151292 151252
62649 1
153374
62698 1
156842
62711 1
152562
62734 1
152736
62760 3
154544 151172 154545
62772 2
151857 154400
62773 1
151172
62777 1
151857
62840 1
153374
62850 1
156622
62851 1
153374
62852 1
151172
62855 1
156459
62983 2
156277 152799
62985 2
156075 156095
62988 1
150955
62989 2
152799 156277
62991 1
156568
62999 1
156281
63000 1
150956
63001 1
156980
63002 1
153079
63003 1
151931
63008 1
150955
63014 1
153079
63019 1
157122
63027 1
156568
63038 1
151575
63039 1
152138
63048 1
156980
63106 10
152134 156513 156522 153499 155060 151303 153341 152073 151839 151924
63113 4
155498 155499 154436 155219
63115 11
156095 156075 156107 153297 151931 153560 153496 153432 153491 153892 153851
63119 7
152799 156277 156328 156426 156427 156720 156281
63133 4
152138 152594 152605 156876
63139 10
151857 154400 157033 157120 156548 153799 152786 152096 152702 154036
63144 2
151931 153297
63146 9
156972 157091 155436 153079 154290 150999 156663 153274 151082
63150 8
155186 155305 155473 156851 156946 157078 150956 151969
63152 9
152518 152588 152609 152630 152632 152709 152729 152734 154082
63154 9
156802 156849 157089 156396 156397 157170 155498 155499 155219
63157 9
156622 155473 156851 156946 157078 153499 153341 151924 152134
63160 9
156284 155824 156302 156301 150999 156663 151082 153274 155436
63161 1
152765
63162 10
151087 151618 151626 151858 152087 152501 152745 153673 154884 150982
63163 3
155146 155147 154720
63170 2
151931 153297
63173 9
153667 157120 154400 157033 156548 151857 157190 156998 153628
63175 9
153800 153806 153790 152791 153064 153407 152736 152834 153824
63184 6
152799 156277 156328 156426 156427 156720
63185 9
152631 153029 153870 154298 154320 154600 154788 155005 150955
63186 5
156972 157091 155436 153079 154290
63196 11
155498 155499 151618 151858 152087 152501 153673 152745 154884 154941 151626
63198 6
154436 155219 155498 155499 152391 157236
63200 5
156568 151082 153274 150999 156663
63206 9
153667 153498 153506 153533 153628 150983 155715 151931 153297
63208 1
154720
63210 9
153851 153560 153496 153374 153415 153432 153453 153491 153892
63213 10
153297 151931 151172 154545 154588 154617 154633 154544 154691 154719
63218 6
152799 156277 156328 156426 156427 156720
63227 5
153079 154290 155436 156972 157091
63236 8
153079 154290 155436 156568 151082 150999 153274 156663
63240 10
153776 154141 156291 156634 157154 150963 156622 152134 152073 151839
63245 9
153297 151931 153374 153432 153453 153491 153415 153560 153851
63253 9
156972 157091 155381 155201 153275 155318 151575 152562 155244
63258 9
155219 154436 155499 155498 156802 157089 156849 156397 156396
63264 8
151045 151051 151106 151203 151278 151454 151579 152490
63267 6
152799 156277 156328 156426 156427 156720
63269 9
156568 155381 152562 155201 155318 155367 153275 151575 155244
63270 9
151931 153297 154545 154617 154633 154691 154588 154544 151172
63273 9
150999 153274 151082 156663 156932 155436 153079 154290 156568
63275 11
153896 153892 153560 153851 153415 153432 153453 153491 153496 153374 157264
63279 10
152562 153275 157243 155367 155381 155911 155244 155201 151575 155318
63280 1
156980
63284 1
156459
63289 2
156568 156932
63290 12
153628 153498 155715 150983 153533 153506 153667 152786 152096 152702 152520 151021
63293 1
156980
63296 9
156568 153079 155436 154290 157091 156972 155367 155318 153275
63300 7
153079 154290 155436 153274 151082 150999 156663
63303 9
154764 155250 154715 154721 154730 154760 156932 153274 151082
63306 10
151292 151370 151493 151917 151990 151252 152022 152103 152251 152824
63308 10
156635 152113 156934 156812 152977 154345 151393 151395 155330 152421
63314 9
155927 155381 155911 155201 155318 155367 155244 151575 155930
63316 10
157170 151618 152501 151858 152087 150982 151626 152745 153673 151087
63320 9
156635 156934 152113 156812 154345 152977 151393 151395 152421
63324 4
152391 157236 155219 154436
63325 6
156396 156397 156802 156849 157089 157170
63334 5
157170 155219 154436 156290 152240
63335 10
153806 153824 153800 152834 153790 153407 152791 153064 152736 153984
63340 10
155436 154290 153079 154720 156972 157091 153806 153407 152736 152834
63342 10
155250 154764 154715 154721 154730 154760 156301 155824 156284 156302
63351 9
152605 152594 152138 156876 156693 156948 156850 155600 150992
63352 11
156301 156284 156302 155824 153800 153790 152834 153984 153407 153824 153806
63356 5
156980 152968 154476 156689 151397
63357 9
154544 154545 154588 154617 154633 154691 154719 155114 151172
63358 9
154290 153079 155436 155318 155381 155201 155244 151575 155367
63364 9
152605 152594 152138 156876 156693 156948 156850 155600 150992
63366 7
152391 157236 155219 154436 155499 155498 157170
63370 7
156075 156095 156107 156998 157190 153297 151931
63374 9
156663 150999 151082 153274 155436 153079 154290 156568 151990
63375 11
153800 153984 152834 153790 153806 153824 152736 152791 153064 153407 151990
63379 4
152138 152594 152605 156876
63384 7
153667 153498 153506 153533 153628 150983 155715
63386 9
156948 150992 156994 155600 156693 156850 152605 156876 152594
63387 9
156568 153079 155436 154290 155367 155318 153275 155244 155201
63388 9
156998 157190 154719 154545 154617 154633 151172 154544 154588
63393 4
152138 152594 152605 156876
63406 11
153896 153374 153415 153432 153453 153491 153496 153560 153851 153892 157264
63411 1
156568
63415 9
156568 153275 155381 155244 155318 155367 155201 155911 152562
63416 9
156622 156291 154141 157154 153776 156634 150963 155305 155186
63420 3
156998 157190 153667
63422 9
151292 151370 151493 151252 151917 151990 152022 152103 152251
63428 4
152138 152594 152605 156876
63431 9
152634 152635 152796 154564 154577 154702 154793 154879 151923
63436 8
154715 154721 154730 154760 154764 155250 157128 156932
63441 9
152605 152594 152138 156876 156693 156948 156850 155600 150992
63442 9
152162 151874 151914 156932 155250 154730 154764 154760 154721
63444 8
150999 151082 153274 156663 156284 156301 156302 155824
63446 11
154715 154760 154721 155250 154764 154730 153079 154290 155436 150999 153274
63447 10
153790 153824 153064 153407 153800 153806 152791 152834 152736 153984
63448 5
153079 154290 155436 156972 157091
63449 4
152138 152594 152605 156876
63457 19
156568 154715 154764 155250 154730 154760 154721 155201 155911 153275 155381 155927 155367 151575 155318 155244 152562 155930 157243
63464 19
157264 153496 153453 153415 153892 153851 153374 153491 153896 153432 153560 153628 153533 150983 153506 155715 153498 153297 151931
63465 15
150952 151021 152096 152520 152702 152786 153799 153956 154036 156840 154400 156548 151857 157033 157120
63468 4
152138 152594 152605 156876
63469 10
151923 152634 152635 152796 154564 154577 154702 154793 154879 157098
63473 19
152736 153064 153984 153824 152834 152791 153790 153407 153800 153806 153079 155436 154290 152562 157243 153275 155201 154720 151575
63474 1
156459
63478 12
151172 154544 154545 154588 154617 154633 154691 154719 155114 155484 153297 151931
63480 21
157091 156972 155436 153079 154290 155201 151575 155318 155381 155927 155911 155930 155367 155244 153275 157243 152562 153800 153790 152834 153984
63483 5
151931 153297 156075 156095 156107
63484 19
156568 157091 156972 153806 153407 152791 153790 152736 153064 153800 152834 153824 153984 154290 153079 155436 155367 155318 151575
63487 19
154290 155436 153079 156568 151990 151917 154475 152251 151252 151292 152824 152897 152976 153210 154217 152103 153362 151370 152022
63493 6
155498 155499 152391 157236 155219 154436
63494 19
155244 153275 151575 155381 155367 155911 155927 155930 152562 157243 155201 155318 157091 156972 152736 152791 153806 153800 153824
63499 19
153275 155367 157243 155911 155318 155381 155927 155930 152562 151575 155201 155244 152736 152791 153806 153800 153824 153407 152834
63505 5
151931 153297 156075 156095 156107
63507 19
151292 151370 151493 151917 151990 152022 152103 152251 152824 152897 152976 153210 153362 154217 154475 151252 154799 154984 155409
63511 4
151051 151106 151203 151045
63512 4
152138 152594 152605 156876
63518 4
152765 153029 152631 150955
63519 3
156075 156095 156107
63522 1
156980
63523 9
154691 154719 154633 151172 154544 154545 154588 154617 155114
63526 5
156568 157091 156972 154290 153079
63528 5
156802 156849 156396 156397 157089
63532 4
153506 150983 153498 153533
63535 5
155201 152562 153275 151575 155244
63538 5
153064 152791 152736 152834 153407
63539 5
154720 151370 151493 151917 151292
63540 4
156932 154730 154760 154721
63542 4
154545 151172 154544 154588
63545 4
156277 152799 156328 156426
63550 4
155219 154436 155499 155498
63551 4
155219 154436 155499 155498
63552 4
152594 152605 156876 152138
63558 4
153374 153415 153432 153453
63561 4
154545 151172 154544 154588
63562 4
151082 150999 153274 156663
63563 4
153667 156548 154400 151857
63569 4
152562 153275 151575 155201
63575 4
151292 151370 151493 151252
63581 4
154545 151172 154544 154588
63585 4
156932 155436 153079 154290
63587 4
155219 154436 156396 156397
63590 4
151931 153297 154544 151172
63591 4
154544 154545 151172 154588
63592 4
151931 153297 156998 157190
63599 4
156095 156107 156075 154400
63603 4
156277 156328 156426 152799
63605 4
157091 156972 155436 153079
63609 4
152138 152594 152605 156876
63614 4
157091 156972 155436 154290
63615 4
157091 156972 155436 153079
63617 4
151082 153274 150999 156663
63624 4
156284 156301 155824 156302
63628 4
153498 153506 150983 153533
63630 4
152562 153275 151575 155201
63634 4
152834 152736 152791 153064
63639 4
151051 151106 151203 151045
63642 4
151082 153274 150999 156663
63644 4
157091 156972 155436 153079
63646 4
154290 155436 153079 151370
63647 4
152968 154476 156689 151397
63648 4
152240 156290 156396 156397
63652 4
153498 153506 150983 153533
63659 4
151292 151370 151493 151252
63661 4
151931 153297 154544 151172
63666 4
156622 150956 151969 155305
