65014 4
151617 151630 152107 151483
65016 4
151082 153274 150999 156663
65019 4
153415 153432 153374 153453
65024 4
153498 153506 150983 153533
65025 4
151292 151370 151493 151252
65027 4
156548 154400 151857 157033
65033 4
151082 150999 153274 156663
65036 7
156568 154290 153079 155436 153275 152562 157243
65037 5
155436 154290 153079 156568 153275
65038 4
151931 153297 153498 150983
65040 4
154545 151172 154544 154588
65041 3
156972 157091 154730
65049 3
157170 154436 155219
65052 3
151292 151370 151252
65060 3
152968 154476 151397
65066 3
156842 154476 152968
65068 3
157236 152391 155498
65070 3
156972 157091 151370
65072 3
153776 154141 150963
65076 3
151082 150999 153274
65078 3
153297 151931 153667
65081 3
153667 151857 154400
65083 3
154290 153079 155436
65084 3
156998 157190 153498
65085 1
156459
65089 3
157170 155498 155499
65093 3
156277 156328 152799
65096 3
151082 150999 153274
65097 3
153415 153374 153432
65104 3
151914 152162 151874
65119 3
154544 151172 154545
65121 5
152634 152635 152796 154564 151923
65122 5
154545 154588 154544 151172 154617
65126 3
153667 153498 150983
65129 3
152968 154476 151397
65139 3
155824 156284 156301
65144 3
152594 152605 152138
65147 3
156277 152799 156328
65149 3
157170 155498 155499
65150 3
156568 153079 154290
65153 3
152562 151575 153275
65156 3
156998 157190 151172
65159 4
151931 153297 153498 150983
65165 3
157236 152391 155498
65170 3
151575 152562 153275
65174 3
156067 155934 153416
65175 2
155934 156067
65177 3
156998 157190 153498
65189 4
156622 151839 151924 151303
65194 4
156932 156568 155436 154290
65200 3
155824 156284 156301
65204 3
155749 152391 157236
65210 4
151931 153297 153498 150983
65213 3
151082 153274 150999
65217 3
154400 156548 151857
65218 3
151051 151106 151045
65219 3
154400 151857 156548
65222 4
154290 155436 153079 156972
65223 3
151931 153297 151857
65226 3
153275 152562 157243
65227 3
156277 156328 152799
65231 1
156459
65235 3
156972 157091 153079
65241 3
152736 152791 152834
65249 3
155600 150992 156693
65254 3
152594 152605 152138
65257 3
152594 152605 152138
65258 2
155934 156067
65259 3
156622 155186 155305
65267 3
152736 152791 152834
65271 3
155186 155305 150956
65276 1
156568
65278 3
157170 156397 156396
65280 3
153776 150963 154141
65290 3
156972 157091 152562
65293 3
151292 151370 151252
65296 3
151931 153297 156998
65297 3
155498 155499 152391
65300 3
151082 150999 153274
65301 3
152968 154476 151397
65304 3
151857 154400 156548
65306 3
155473 156851 156946
65307 6
151087 151618 151626 151858 152087 150982
65311 1
156459
65315 3
156980 154476 152968
65316 4
154730 154715 154721 154760
65319 3
154544 151172 154545
65320 3
156568 152562 151575
65321 3
151575 152562 153275
65324 3
152594 152605 152138
65332 4
157091 156972 156301 155824
65333 4
153275 157243 152562 155201
65335 4
156095 156107 156075 156998
65337 4
152138 152594 152605 156876
65339 10
153824 153790 153800 153806 152834 153064 153407 152791 152736 153984
65342 1
156980
65343 1
151303
65350 1
152138
65354 2
151292 151252
65363 2
155186 155305
65364 2
153374 153415
65365 2
153374 153415
65366 2
156075 156095
65375 2
152736 152791
65381 2
151292 151252
65396 1
152799
65423 1
150999
65460 1
151172
65470 1
152736
65471 1
152138
65478 2
156932 156972
65481 2
156284 155824
65482 2
152736 152791
65484 2
151172 154544
65485 2
151575 152562
65486 1
156568
65488 1
156568
65494 2
156568 153079
65495 1
156459
65496 1
150982
65505 1
156998
65508 1
156980
65511 1
156998
65512 2
152391 157236
65514 2
151082 150999
65522 1
150999
65523 1
150955
65566 2
152594 152138
65567 2
154721 154715
65574 2
156277 152799
65579 2
156998 157190
65580 2
153079 154290
65582 2
154721 154715
65583 2
151082 150999
65586 1
151172
65587 2
157170 152391
65593 2
154436 155219
65601 2
154319 155186
65604 2
151082 150999
65605 2
152562 151575
65630 1
156972
65659 1
153667
65660 1
152113
65716 1
152736
65718 1
151575
65725 1
156396
65728 1
151931
65730 1
156075
65733 1
156972
65772 1
152138
65792 1
152736
65798 1
153079
65801 1
157122
65837 1
156972
65842 1
156396
65849 1
151575
65850 1
154436
65852 2
156972 157091
65856 2
151303 151839
65862 3
153776 150963 154141
65863 1
154720
65864 3
156635 152977 154345
65865 2
156972 157091
65868 2
156067 155934
65869 2
151087 150982
65874 2
156396 156397
65875 2
152391 157236
65876 2
153374 153415
65885 2
155147 155146
65886 2
152736 152791
65887 2
153079 154290
65889 2
151575 152562
65891 2
153079 154290
65892 2
152594 152138
65904 3
154290 155436 153079
65905 3
152765 150955 152631
65906 2
156998 157190
65907 2
155498 155499
65908 2
150983 153498
65911 1
156980
65913 2
155219 154436
65914 1
156980
65919 2
151969 150956
65920 2
151931 153297
65926 2
154290 153079
65994 3
154544 151172 154545
66001 3
155473 156851 156946
66002 4
153432 153374 153415 153453
66004 4
156998 157190 153667 154400
66005 3
153498 150983 153506
66008 3
154544 151172 154545
66010 3
151292 151370 151252
66012 1
154436
66015 1
153667
66019 2
151082 150999
66025 4
153498 150983 151172 153506
66028 4
153776 154141 150963 156291
66040 3
157122 153180 155420
66042 3
152968 154476 151397
66070 1
151303
66164 1
150999
66166 1
152799
66171 1
155824
66178 2
153079 154290
66275 2
153374 153415
66276 1
155934
66278 1
151172
66279 1
156281
66297 1
155934
66331 1
150952
66393 3
153297 151931 156075
66395 2
150983 153498
66397 2
156396 156397
66411 1
151575
66417 1
152391
