69641 1
156459
69648 4
152594 152605 156876 152138
69649 3
152968 154476 151397
69650 3
153079 154290 155436
69651 3
151931 153297 150983
69654 3
156972 157091 152791
69660 5
157091 156972 153079 154290 155436
69670 5
155498 155499 156802 156397 156396
69674 3
157122 150963 153776
69680 3
153297 151931 153667
69686 3
153275 152562 157243
69687 3
156972 157091 152562
69690 3
152736 152791 152834
69691 3
155498 155499 152391
69703 3
156568 153275 152562
69710 3
156972 157091 154290
69716 3
152968 154476 151397
69718 3
152594 152605 152138
69726 4
153275 151575 152562 155201
69728 4
152594 152605 156876 152138
69729 4
151081 151235 151352 151057
69730 4
155499 155498 156396 156397
69733 4
152562 153275 155201 151575
69734 2
152391 157236
69741 4
153506 150983 153498 153533
69758 3
152968 154476 151397
69762 3
155305 155186 151969
69765 3
153415 153374 153432
69766 3
153297 151931 153667
69769 3
155201 151575 155244
69774 3
156277 152799 156328
69782 3
152736 152791 152834
69786 3
156075 156095 156107
69791 3
152791 152736 152834
69819 10
152791 152834 153064 153407 153790 153800 153806 153824 153984 152736
69820 10
156812 156934 152113 151395 151393 155644 152421 151775 153311 155330
69821 10
157122 153776 150963 156634 157154 154141 156291 151839 153341 151924
69823 10
157137 155207 155215 156770 156882 154485 151429 151369 152596 151236
69825 9
155473 156851 156946 157078 150956 151969 155186 155305 156622
69833 5
150956 151969 154319 155186 155305
69840 2
155146 155147
69841 1
156980
69844 6
152765 153870 150955 152631 153029 154298
69849 5
156568 153274 156663 151082 150999
69854 5
152765 150955 152631 153029 153870
69855 7
154400 156548 151857 157033 157120 157190 156998
69856 7
157190 156998 153211 156791 156794 156804 156790
69858 2
155498 155499
69871 6
152834 153407 152736 152791 153064 153790
69875 3
151429 151369 154485
69878 1
156568
69885 1
156568
69888 1
156980
69889 1
156396
69891 1
153079
69898 1
152799
69899 1
150983
69900 1
156396
69903 1
156998
69915 1
153667
69916 2
155186 155305
69919 1
152391
69924 2
154720 151292
69934 2
152634 151923
69936 2
153297 151931
69949 1
156568
70053 3
153079 154290 155436
70063 1
156980
70066 5
153275 155201 152562 151575 155244
70067 4
151303 151839 151924 152073
70072 4
153274 150999 151082 156663
70073 3
156622 154141 153776
70074 3
153297 151931 151172
70075 3
152103 151252 153210
70077 3
152113 156812 156934
70078 3
156568 151575 152562
70079 3
154544 151172 154545
70082 1
152765
70084 3
153079 154290 155436
70088 3
153079 154290 155436
70092 2
155934 156067
70093 4
156568 157091 156972 155436
70094 3
151051 151106 151045
70099 3
151303 151839 151924
70100 4
156802 156396 156397 156849
70103 2
156277 156328
70110 1
156459
70138 1
156568
70139 1
151575
70168 4
157190 156998 151857 154400
70194 4
152968 151397 154476 156689
70197 3
156568 153079 154290
70210 2
153374 153415
70211 5
156798 150952 152096 152520 151021
70212 4
152138 152594 152605 156876
70214 5
156277 156328 156426 156427 152799
70215 5
156277 156328 156426 156427 152799
70221 1
150983
70235 1
157170
70237 1
155186
70240 1
152518
70242 1
150999
70256 2
156972 157091
70270 1
151303
70301 1
153079
70303 2
154290 153079
70315 4
155436 153079 154290 156972
70316 4
154290 155436 153079 156972
70321 4
154544 154545 151172 154588
70323 3
152631 150955 153029
70327 3
153498 150983 153506
70333 2
151839 151303
70335 2
156998 157190
70336 2
151575 155201
70337 1
156459
70340 2
156972 157091
70350 6
153453 153491 153374 153415 153432 153496
70351 2
151292 151252
70355 2
151857 154400
70391 1
152138
70399 1
151575
70408 1
155498
70446 2
156277 152799
70448 2
156998 157190
70450 1
156980
70452 2
151172 154544
70455 1
156980
70456 2
153667 151931
70457 2
152594 152138
70458 2
151969 150956
70459 4
153499 155060 152134 156513
70460 4
152738 156610 151630 152107
70462 4
153776 154141 150963 156291
70466 3
156277 156328 152799
70470 2
152968 151397
70471 2
151839 151303
70472 2
153667 152102
70474 2
153374 153415
70475 3
151087 151618 150982
70476 3
151051 151106 151045
70478 2
153374 153415
70480 2
156622 155473
70486 2
156972 157091
70487 2
155498 155499
70489 2
157122 151969
70491 2
157170 155498
70494 2
156277 152799
70498 2
153079 154290
70501 3
152594 152605 152138
70504 2
152968 151397
70510 2
156972 157091
70511 7
153628 155715 153498 153506 153533 150983 153297
70512 4
152138 152594 152605 156876
70514 8
151931 153297 154617 154545 151172 154544 154588 154633
70521 7
151292 151370 151493 151917 151990 152022 151252
70522 5
154720 155244 155201 151575 155318
70525 5
153667 153498 153506 153533 150983
70528 4
157091 156972 155436 153079
70533 4
151292 151370 151493 151252
70534 4
154544 154545 151172 154588
70538 4
153776 154141 150963 156291
70540 4
154544 154545 151172 154588
70541 4
151303 151839 151924 152073
70545 5
153432 153453 153415 153374 153491
70553 4
152391 157236 155499 155498
70555 17
155201 151575 155911 155244 155318 155927 155930 155367 155381 153275 152562 157243 155436 154290 153079 156301 156284
70559 4
154436 155219 155498 155499
70563 1
156980
70569 19
152562 153275 155244 155318 155201 157243 155381 155911 155927 155930 155367 151575 157091 156972 154290 153079 155436 153800 153790
70571 17
155927 155244 155201 155930 151575 155367 155381 155318 155911 153275 152562 157243 152736 152791 152834 153984 153800
70573 17
152765 151429 155207 151369 156770 155215 157137 156882 154485 152796 154702 154577 151923 154564 154879 152635 152634
70574 6
152799 156277 156328 156426 156427 156720
70575 17
157243 152562 153275 155927 151575 155911 155367 155381 155244 155318 155201 155930 151252 153210 152103 155409 154799
70577 17
157033 154400 157120 151857 156548 150983 153506 153628 155715 153498 153533 156798 152702 152520 153956 153799 151021
70582 4
150999 151082 153274 156663
70583 6
152799 156277 156328 156426 156427 156720
70585 6
152799 156277 156328 156426 156427 156720
70588 16
154719 154617 155484 155114 154691 154633 151172 154544 154545 154588 153628 153533 150983 153506 153498 155715
70591 16
155930 155201 155367 155927 151575 152562 155318 153275 155381 155911 155244 157243 152791 152834 152736 153984
70594 16
153415 153896 157264 153432 153374 153453 153491 153496 153560 153851 153892 154588 151172 154545 154544 154617
70600 14
155824 156284 156301 156302 153407 153790 153800 153806 153824 153984 152736 152791 152834 153064
70602 24
157190 156998 153667 154617 154588 154691 154544 155484 155114 151172 154719 154545 154633 153533 153506 153498 150983 155715 153628 156804 156794 153211 156791 156790
70604 6
152799 156277 156328 156426 156427 156720
70605 1
154720
70608 24
156622 156513 155685 152134 157022 156522 153341 153499 155057 155060 151839 151924 155379 151303 152073 155686 156506 156946 156851 155473 157078 150956 151969 155305
70609 2
155498 155499
70610 23
152736 153790 152834 153064 153407 152791 153984 153800 153806 153824 151252 153210 152103 155409 154799 154475 152251 152022 151493 153362 152976 151990 152897
70611 5
152014 153249 154737 156053 154720
70613 6
152391 157236 155219 154436 155499 155498
70616 7
156281 152799 156277 156328 156426 156427 156720
70618 2
152391 157236
70620 18
150983 153498 153506 153533 153628 155715 154544 154545 154588 154617 154633 154691 154719 155114 155484 151172 151931 153297
70624 36
154720 151370 151493 151917 151990 152022 152251 152824 152897 152976 153362 154217 151292 154984 156483 156484 156855 156953 151252 155409 152103 154475 153210 154799 153275 152562 157243 151575 155911 155927 155930 155201 155244 155318 155367 155381
70626 31
150983 153498 153506 153533 153628 155715 153496 153374 153415 153432 153560 153453 153851 153892 153896 153491 157264 157190 156998 154617 154633 154691 154719 155114 155484 151172 154544 154545 154588 153297 151931
70627 29
151536 152423 152977 154345 152421 151395 151393 153311 151775 155330 155643 155644 156457 156859 156985 154148 152672 153941 155441 153960 153964 153983 153994 154001 157251 156635 156934 156812 152113
70634 20
156249 156267 156193 151858 152087 152501 152745 153673 150982 154884 154941 151087 155429 151618 151626 156097 156135 156150 156160 156285
70638 9
151857 154400 156548 157033 157120 156998 157190 151931 153297
70643 7
153667 153498 153506 153533 153628 150983 155715
70650 11
156842 157234 154319 151969 150956 155186 155305 156851 156946 157078 155473
70653 16
152765 152631 150955 153029 153870 154298 154320 154600 154788 155005 155006 155185 155238 156865 157029 157209
70655 6
152799 156277 156328 156426 156427 156720
70670 1
153667
70673 1
156980
70681 4
152391 157236 155219 154436
70683 6
152799 156277 156328 156426 156427 156720
70685 6
152799 156277 156328 156426 156427 156720
70686 19
153667 153496 157264 153851 153892 153453 153432 153415 153374 153560 153491 153896 157190 156998 154400 157120 151857 156548 157033
70688 11
154436 155219 152391 157236 155499 155498 156397 156802 156849 157089 156396
70689 9
153667 153297 151931 153498 153506 153533 153628 150983 155715
70691 19
156568 157091 156972 155436 154290 153079 155201 152562 157243 151575 155927 153275 155930 155244 155367 155318 155381 155911 153800
70696 4
152138 152594 152605 156876
70697 1
156980
70700 2
152391 157236
70704 19
156568 157243 153275 152562 155244 151575 155927 155318 155381 155911 155201 155367 155930 152976 152897 152022 151370 152824 151990
70705 9
155498 155499 156396 156397 156802 156849 157089 155219 154436
70706 1
156281
70709 19
152765 155005 155006 157029 155185 152631 156865 155238 153870 154298 154320 150955 157209 153029 154600 154788 151236 152821 152657
70710 16
150955 152631 153029 153870 154298 154320 154600 154788 155005 155006 155185 155238 156865 157029 157209 152765
70712 10
150956 151969 155473 156851 156946 157078 155186 155305 154319 156622
70715 1
156568
70716 4
156998 157190 151931 153297
70739 5
156980 152968 154476 156689 151397
70740 19
154799 154984 151493 151252 151917 151990 152022 152103 152251 151292 152824 152897 152976 153210 151370 153362 154217 154475 155409
70741 22
157091 156972 155436 153079 154290 151575 155381 155244 155927 155911 155930 155318 155367 155201 152562 153275 157243 153800 153790 152834 152736 153984
70743 22
156865 155006 157209 157029 155238 155185 153029 153870 154298 154320 152631 150955 154600 154788 155005 151236 152596 152821 154569 154521 152657 152765
70744 20
152791 152834 153824 153407 153064 152736 153800 153806 153984 153790 154720 153362 152022 153210 152976 151990 151370 152897 152824 151917
70746 20
154799 155409 154217 154475 154984 152022 152103 152251 151252 151292 152824 151370 152897 152976 151493 153210 153362 151917 151990 156483
70747 16
153667 156840 152096 152520 152702 152786 150952 153799 153956 154036 151021 154400 156548 151857 157033 157120
70748 9
157234 156851 156946 157078 155473 155305 155186 151969 150956
70753 18
150983 153498 153506 153533 153628 155715 153297 151931 154544 154545 154588 154617 154633 154691 154719 155114 155484 151172
70754 2
155934 156067
70755 1
156980
70756 10
152138 152594 152605 156876 155600 156693 156850 150992 156948 156994
70757 2
155934 156067
70760 21
155930 155201 155244 155911 155318 155367 155927 155381 151575 157243 153275 152562 155146 155147 153806 153800 153824 152791 152834 153407 153064
70763 10
156998 157190 153506 153533 153628 155715 150983 153498 153297 151931
70765 2
151931 153297
70766 10
154436 155219 155498 155499 157170 156397 156802 156849 157089 156396
70767 5
156980 152968 154476 156689 151397
70769 20
153297 151931 156095 156075 156107 153667 157033 151857 156548 154400 157120 154691 154633 154545 155484 154617 155114 154719 154588 154544
70771 7
157234 156851 156946 157078 155473 155305 155186
70774 4
151397 152968 154476 156689
70783 6
152799 156277 156328 156426 156427 156720
70785 17
151923 152634 152635 152796 154564 154577 154702 154793 154879 157098 154569 152657 151236 152821 154521 152596 152765
70786 5
154436 155219 157170 155499 155498
70789 20
155436 153079 154290 152834 153064 152736 153824 153407 153800 153806 152791 153790 153984 152562 151575 155318 155244 155201 155367 153275
70790 9
157234 156851 156946 157078 155473 151969 150956 155305 155186
70792 20
155824 156302 156301 156284 152022 151990 151370 152824 151917 152897 152976 153210 153362 154217 154984 152251 154799 155409 154475 152103
70797 12
155186 155305 155473 156851 156946 157078 156291 156634 150963 153776 154141 157154
70800 14
155186 155305 155473 156851 156946 157078 151579 152490 151045 151051 151106 151203 151278 151454
70806 6
152799 156277 156328 156426 156427 156720
70808 1
156459
70810 10
152736 152791 152834 153064 153407 153790 153800 153806 153824 153984
70815 19
155715 150983 153628 153498 153506 153533 153667 154617 154588 155484 151172 155114 154719 154545 154691 154633 154544 154400 151857
70816 1
156980
70823 10
155498 155499 154436 155219 157170 156397 156802 156849 157089 156396
70828 19
154799 154984 154217 154475 151990 152022 152103 152251 151252 151292 152824 151370 152897 152976 151493 153210 153362 151917 155409
70833 19
156568 151575 155318 155927 155244 155201 155367 155930 155381 155911 157243 152562 153275 154217 153362 152022 153210 152976 151990
70834 1
154720
70836 17
156842 151051 151106 151203 151278 151454 151579 152490 151045 157234 154319 156851 156946 157078 155473 155186 155305
70839 19
155367 155201 157243 155381 155318 155244 155927 155930 155911 151575 152562 153275 153800 153790 152834 153984 153407 153824 153806
70841 16
150983 153498 153506 153533 153628 155715 153211 152102 152471 156790 156791 156794 156804 156808 156853 153667
70842 19
151081 151235 151352 151693 151744 151755 151785 151789 151817 152111 152159 152787 152815 152831 152947 152962 152973 153117 151057
70853 1
156980
70855 6
155653 155664 156792 152372 152669 152732
70863 18
157091 156972 153275 157243 152562 155201 155930 155318 155911 155381 155367 155244 155927 151575 154290 155436 153079 152736
70864 9
152518 152588 152609 152630 152632 152709 152729 152734 154082
70865 4
152138 152594 152605 156876
70867 14
156932 151082 153274 156663 150999 154730 154760 154764 155250 154715 154721 151874 151914 152162
70870 18
154521 152657 154569 152821 152596 151236 152765 156459 154702 154577 152635 157098 154564 154879 154793 152796 152634 151923
70874 18
156972 157091 153275 155927 155201 152562 155318 155244 155381 155911 155367 155930 157243 151575 152976 152897 152022 151917
70876 1
156980
70880 11
156998 157190 153667 153297 151931 153533 153628 150983 155715 153498 153506
70881 18
156095 156075 156107 151931 153297 157190 156998 156548 151857 154400 157120 157033 154691 154633 154545 155484 154617 155114
70891 16
156075 156095 156107 153297 151931 153453 153491 153496 153560 153851 153892 153896 153374 153415 153432 157264
70901 8
153667 151857 154400 156548 157033 157120 156998 157190
70902 5
156980 152968 154476 156689 151397
70904 1
156980
70905 9
153667 153498 153506 153533 153628 150983 155715 151931 153297
70906 19
156568 153275 152562 157243 155318 155201 155367 151575 155930 155911 155381 155244 155927 153800 153790 152834 153984 153407 153824
70908 19
151292 151370 151493 151917 151990 152022 152103 152251 152824 152897 152976 153210 153362 154217 154475 154799 154984 151252 155409
70910 13
151575 152562 153275 155201 155244 155318 155367 155381 155911 155927 155930 157243 156568
70912 5
155934 156067 152113 156812 156934
70913 7
151857 154400 156548 157033 157120 156998 157190
70916 7
153667 153498 153506 153533 153628 150983 155715
70926 6
152799 156277 156328 156426 156427 156720
70928 6
152799 156277 156328 156426 156427 156720
70930 13
155186 155305 155473 156851 156946 157078 156622 150963 156634 153776 154141 156291 157154
70933 19
153896 153415 153374 153496 153453 153432 157264 153491 153560 153851 153892 153297 151931 154691 154633 154545 154617 154588 154544
70939 5
151857 154400 156548 157033 157120
70943 20
154617 154691 155484 154633 155114 154719 154545 154544 151172 154588 151931 153297 150983 155715 153506 153628 153498 153533 157190 156998
70945 4
152391 157236 155499 155498
70949 5
156980 152968 154476 156689 151397
70951 6
152014 153249 154737 156053 155147 155146
70952 1
156980
70956 20
154475 151252 153210 152103 154799 155409 152251 152022 151493 153362 154217 154984 156483 152976 151990 152897 152824 151917 151370 151292
70958 14
152736 152791 152834 153064 153407 153790 153800 153806 153824 153984 155824 156284 156301 156302
70959 15
150999 151082 153274 156663 154290 155436 153079 156568 156932 154764 155250 154715 154721 154730 154760
70961 20
157033 156548 154400 157120 151857 153667 155715 153506 153628 153498 150983 153533 156804 156794 153211 156791 156853 156808 156790 152471
70963 7
156396 156397 156802 156849 157089 155499 155498
70965 18
157022 156513 156522 152134 153341 153499 151303 155057 155060 151839 151924 155379 152073 155685 155686 156506 155305 155186
70967 2
155934 156067
70970 3
155146 155147 154720
70976 1
156459
70978 19
157209 155006 156865 157029 155238 155185 153029 153870 154298 154320 152631 150955 154600 154788 155005 152765 154569 152657 154521
70979 1
156980
70981 10
150956 151969 157234 155305 155186 154319 156851 156946 157078 155473
70982 4
152138 152594 152605 156876
70985 9
153667 153297 151931 153498 153506 153533 153628 150983 155715
70988 19
156622 153341 155057 152134 155379 153499 152073 155060 151303 151839 157022 151924 155685 155686 156506 156513 156522 155473 156851
70997 18
155436 153079 154290 156972 157091 155930 155911 155927 155367 155318 155381 155201 155244 151575 156284 153275 152562 157243
70998 4
156998 157190 151931 153297
71007 9
154319 155186 155305 151969 150956 155473 156851 156946 157078
71011 18
154475 154799 153210 154217 153362 151990 152022 152103 152251 151292 151370 151493 152824 151252 152897 152976 151917 154984
71013 18
157091 156972 154799 154217 153362 151990 152103 152976 152251 151292 151370 151493 152824 151252 152897 152022 151917 153210
71015 3
151931 153297 153667
71019 5
156980 152968 154476 156689 151397
71024 18
151857 157033 156548 154400 157120 153506 155715 153498 153628 153533 150983 153799 152786 152096 152702 154036 153956 152520
71027 14
151857 154400 156548 157033 157120 153628 150983 155715 153498 153506 153533 153667 151931 153297
71036 5
154436 155219 157170 156290 152240
71038 4
151397 152968 154476 156689
71042 9
152518 152588 152609 152630 152632 152709 152729 152734 154082
71044 19
153960 154001 153994 153964 152672 154148 155441 153941 157251 153983 152113 156934 156812 156635 151393 151395 155644 155330 152421
71045 6
155498 155499 152391 157236 155219 154436
71047 13
151397 152968 154476 156689 156980 151045 151454 151579 152490 151051 151106 151203 151278
71051 9
152102 152471 153211 156790 156791 156794 156804 156808 156853
71053 18
151292 151370 151493 151917 151990 152022 152103 152251 152824 152897 152976 153210 153362 154217 154475 154799 154984 151252
71060 5
152014 153249 154737 156053 154720
