72220 7
156281 156277 152799 156328 156426 156427 156720
72221 17
152562 153275 157243 155930 151575 155318 155911 155244 155201 155381 155367 155927 152791 152834 153824 152736 153806
72222 18
155201 155911 155367 151575 155930 155927 155318 155381 155244 153275 157243 152562 151252 155409 154799 152103 153210 154475
72225 17
152765 151236 152821 152596 154521 154569 152657 156882 151429 151369 157137 155215 154485 155207 156770 154702 154577
72234 4
150956 151969 156622 157122
72235 8
150983 153498 153506 153533 153628 155715 156998 157190
72238 17
153498 155715 150983 153628 153506 153533 153667 151857 157033 154400 156840 156548 157120 153799 152786 152096 152702
72239 6
152799 156277 156328 156426 156427 156720
72241 5
156998 157190 156107 156075 156095
72242 4
152138 152594 152605 156876
72249 18
151236 152596 154569 154521 152821 152657 151923 154879 152796 154793 154702 152635 154577 154564 152634 157098 154485 151429
72250 13
154720 153275 152562 157243 155201 155244 155318 155367 155381 155911 155927 155930 151575
72253 2
156123 156638
72254 17
157170 151618 156160 151858 152087 152501 152745 153673 154884 154941 155429 156097 156135 156150 151626 156193 151087
72258 4
152391 157236 155499 155498
72259 11
150983 153498 153506 153533 153628 155715 153667 156998 157190 151931 153297
72261 9
153667 153498 153506 153533 153628 150983 155715 151931 153297
72263 10
156281 152588 152609 152630 152632 152709 152729 152734 154082 152518
72273 18
153297 151931 157190 156998 153498 150983 153628 153506 155715 153533 151857 154400 157033 156548 157120 154633 154617 154544
72275 5
156396 156397 156802 156849 157089
72282 8
151857 154400 156548 157033 157120 156998 157190 153667
72283 1
156980
72285 1
154720
72290 5
152014 153249 154737 156053 154720
72291 6
152799 156277 156328 156426 156427 156720
72297 3
153667 153297 151931
72299 24
155186 155305 155473 156851 156946 157078 153499 155057 155060 151303 151839 155379 151924 155685 155686 156506 156513 156522 152073 152134 157022 153341 151969 150956
72301 8
156396 156397 156802 156849 157089 155499 155498 157170
72302 2
155146 155147
72304 30
151931 153297 153667 153415 153432 153453 153491 153496 153560 153374 153851 153892 153896 157264 154544 154545 154588 154617 154633 154691 154719 155114 155484 151172 153628 153498 153506 153533 155715 150983
72311 38
151252 151292 151370 151493 151917 151990 152022 152103 152251 152824 152897 152976 153210 153362 154217 154475 154799 154984 155409 156483 156484 156855 156953 153984 152736 153064 152834 152791 153407 153790 153800 153806 153824 154290 155436 153079 156972 157091
72315 6
152391 157236 155499 155498 155219 154436
72317 23
150983 153498 153506 153533 153628 155715 153667 154544 154545 154588 154617 154633 154691 154719 155114 155484 151172 156798 154400 156548 151857 157033 157120
72319 14
156980 151051 151106 151203 151278 151454 151579 152490 151045 152968 154476 156689 151397 154319
72328 9
155498 155499 156396 156397 156802 156849 157089 155219 154436
72329 5
151857 154400 156548 157033 157120
72331 6
156277 156328 156426 156427 156720 152799
72333 11
156459 152634 152635 152796 154564 154577 154702 154793 154879 151923 157098
72340 40
151252 151292 151370 151493 151917 151990 152022 152103 152251 152824 152897 152976 153210 153362 154217 154475 154799 154984 155409 156483 156484 156855 156953 155318 155367 155381 153275 155911 155927 155930 151575 152562 155201 155244 157243 156284 156301 156302 155824 156568
72341 3
155749 152391 157236
72345 4
152014 153249 154737 156053
72346 10
157234 151969 150956 155305 155186 156851 156946 157078 155473 156622
72347 2
152228 153667
72350 26
151857 154400 156548 157033 157120 154588 154617 154633 154691 154719 155114 155484 151172 154544 154545 153667 152786 150952 153799 153956 154036 151021 152096 156840 152520 152702
72357 16
151393 151395 151775 152421 153311 155330 155643 155644 156457 156859 156985 152423 151536 152977 154345 156635
72362 2
152391 157236
72364 2
152391 157236
72369 15
155715 153498 150983 153533 153506 153628 153667 152702 152520 150952 152096 153799 152786 151021 153956
72371 15
154290 155436 153079 151990 152022 151370 151917 152251 152824 152897 152976 153210 153362 152103 151493
72372 1
152765
72376 15
155911 151575 155318 155381 157243 152562 155201 155244 153275 155367 155927 155930 153800 152834 152736
72379 15
154290 153079 155436 155911 155927 155930 155318 153275 155201 155244 155381 155367 151575 152562 157243
72385 5
156980 152968 154476 156689 151397
72386 16
151857 154400 156548 157033 157120 152702 152786 153799 153956 154036 151021 150952 156840 152096 152520 153667
72389 13
156980 151051 151106 151203 151278 151454 151579 152490 151045 152968 154476 156689 151397
72393 17
153533 155715 153506 153498 150983 153628 151931 153297 153667 154691 154633 154545 154617 155114 154719 154588 154544
72395 14
156998 157190 156548 151857 157033 157120 154400 153667 155715 153506 153533 153628 150983 153498
72399 4
151397 152968 154476 156689
72400 2
156801 154720
72401 24
155473 156851 156946 157078 155186 155305 150956 151969 153499 155057 155060 151839 151924 155379 151303 155685 155686 156506 156513 156522 152073 152134 157022 153341
72409 6
152014 153249 154737 156053 155147 155146
72411 13
156798 153498 153506 153533 153628 155715 150983 156095 156107 156075 153667 151931 153297
72412 4
152014 153249 154737 156053
72419 6
152391 157236 155219 154436 155499 155498
72421 4
152391 157236 155499 155498
72425 15
153667 156998 157190 153297 151931 154545 154588 154617 154633 154691 154719 155114 155484 151172 154544
72426 16
152765 152631 150955 153029 153870 154298 154320 154600 154788 155005 155006 155185 155238 156865 157029 157209
72431 4
152014 153249 154737 156053
72433 1
154720
72437 18
156281 153255 153400 153753 154364 155568 155625 152658 156721 156748 157147 157208 156427 156720 156277 152799 156328 156426
72446 29
155186 155305 151924 152073 152134 153341 153499 155057 155060 151303 151839 155379 155685 155686 156506 156513 156522 157022 156851 156946 155473 157078 156634 156291 154141 150963 153776 157154 156622
72451 19
151172 154544 154545 154588 154617 154633 154691 154719 155114 155484 153667 150983 153498 153506 153533 153628 155715 156998 157190
72454 1
156980
72455 1
156980
72458 26
152102 152471 153211 156790 156791 156794 156804 156808 156853 153799 153956 154036 150952 151021 152520 152702 152786 156840 152096 153628 150983 153498 153506 155715 153533 153667
72461 35
151252 151292 151370 151493 151917 151990 152022 152103 152251 152824 152897 152976 153210 153362 154217 154475 154799 154984 155409 156483 156484 156855 156953 155147 155146 153064 152834 152791 153407 153790 153800 153806 153824 153984 152736
72462 6
153667 151857 154400 156548 157033 157120
72465 4
157122 155749 152391 157236
72470 23
151292 151370 151493 151917 151990 152022 152251 152824 152897 152976 153362 154217 154984 156483 156484 156855 156953 153210 155409 151252 152103 154475 154799
72476 6
152799 156277 156328 156426 156427 156720
72478 16
152113 156812 156934 151393 152421 153311 155330 155643 155644 156457 151395 156859 151775 156985 152423 151536
72479 12
150983 153498 153506 153533 153628 155715 154400 151857 156548 157033 157120 153667
72482 5
151931 153297 156075 156095 156107
72483 24
156998 157190 156548 151857 157033 157120 154400 154633 154691 154719 155114 155484 151172 154544 154545 154588 154617 155715 150983 153498 153506 153533 153628 153667
72487 8
150983 153498 153506 153533 153628 155715 156998 157190
72494 10
156998 157190 151931 153297 153506 153533 153628 155715 150983 153498
72495 12
151172 154544 154545 154588 154617 154633 154691 154719 155114 155484 153297 151931
72498 1
156568
72502 4
152014 153249 154737 156053
72503 10
150983 153498 153506 153533 153628 155715 153297 151931 156998 157190
72506 5
156980 152968 154476 156689 151397
72507 50
155911 155244 155927 155381 151575 155201 155367 155318 155930 157243 153275 152562 156972 157091 154290 155436 153079 153790 153407 152791 152834 153064 152736 153800 153984 153824 153806 154720 154799 154475 152103 151252 155409 153210 156484 156483 152251 154984 154217 152022 151493 153362 152976 151990 152897 156953 156855 152824 151917 151370
72515 4
155749 157122 152391 157236
72516 9
157234 154319 155305 155186 156851 156946 157078 155473 156622
72520 23
151252 151292 151370 151493 151917 151990 152022 152103 152251 152824 152897 152976 153210 153362 154217 154475 154799 154984 155409 156483 156484 156855 156953
72522 16
152765 152631 150955 153029 153870 154298 154320 154600 154788 155005 155006 155185 155238 156865 157029 157209
72523 6
152799 156277 156328 156426 156427 156720
72525 4
152014 153249 154737 156053
72528 34
151923 152634 152635 152796 154564 154577 154702 154793 154879 157098 151369 156882 151429 155215 156770 154485 155207 157137 154298 154320 155005 155006 155185 152631 150955 155238 153029 156865 154600 157029 153870 154788 157209 152765
72531 18
151172 154544 154545 154588 154617 154633 154691 154719 155114 155484 153628 150983 153498 153506 153533 155715 156998 157190
72536 6
152799 156277 156328 156426 156427 156720
72539 37
155244 155927 155318 153275 157243 155911 155930 155367 152562 155201 151575 155381 153064 152834 152736 153407 153984 152791 153806 153800 153790 153824 154217 153362 152022 153210 152976 151990 151370 152897 152824 151917 154984 154799 152251 151252 154475
72585 4
151397 152968 154476 156689
72602 1
156459
72605 6
152014 153249 154737 156053 155147 155146
72609 6
154436 155219 152391 157236 155499 155498
72611 5
156075 156095 156107 153297 151931
72612 7
152799 156277 156328 156426 156427 156720 156281
72616 43
153643 151016 153450 153962 153651 153786 157063 153905 153829 153705 153652 153611 153508 153495 154915 155241 155603 153456 156867 154704 152619 152930 152677 151833 151722 157079 156682 156613 156745 155878 155723 156128 155377 155267 155211 155691 153635 153594 152975 153593 153565 152641 151918
72617 4
152014 153249 154737 156053
72620 1
156459
72622 43
151082 150999 153274 156663 155318 155927 155930 153275 155911 157243 155244 152562 151575 155367 155201 155381 152897 154475 151493 151370 151292 152251 152103 152022 151252 154217 153362 152824 154799 154984 156484 156855 151990 153210 151917 155409 152976 156483 156953 153407 152791 153984 152736
72627 20
150983 153498 153506 153533 153628 155715 156998 157190 154588 154617 154633 154691 154719 155114 155484 151172 154544 154545 151931 153297
72628 37
157243 153275 152562 155381 155911 155244 155201 155367 155930 155927 155318 151575 152897 151493 156483 156953 151292 152251 156484 152103 152022 151252 153362 151990 151370 154217 154475 152824 154799 154984 153210 151917 152976 155409 156855 154737 153249
72630 16
157209 157029 155185 155006 155238 156865 155005 153870 154298 154320 150955 152631 154600 153029 154788 152765
72635 16
151021 152520 153799 154036 152786 152702 153956 156840 152096 150952 153667 153211 152471 156791 152102 156790
72636 1
156980
72637 16
155147 155146 151370 151917 151990 152022 152251 154475 152824 152897 152976 153210 153362 154217 152103 151493
72642 16
156301 156284 156302 155824 151252 151990 151370 152251 151917 152824 152897 152976 153210 151292 152103 153362
72663 2
152391 157236
72664 18
156972 157091 153275 155201 155244 155318 155367 155381 155911 155927 155930 151575 152562 157243 154290 153079 155436 156568
72671 1
156459
72672 9
150956 151969 155186 155305 155473 156851 156946 157078 156622
72676 15
157264 153496 153415 153432 153453 153491 153851 153560 153892 153896 153374 151931 153297 157190 156998
72682 2
156842 157234
72683 4
152014 153249 154737 156053
72793 25
151923 152634 152635 152796 154564 154577 154702 154793 154879 157098 151369 151429 155207 155215 156770 156882 154485 157137 152765 151236 154569 152596 152821 152657 154521
72816 7
151931 153297 156998 157190 156107 156075 156095
72846 1
151931
72849 1
151857
72860 16
150955 152631 153029 153870 154298 154320 154600 154788 155005 155006 155185 155238 156865 157029 157209 152765
72861 23
151252 151292 151370 151493 151917 151990 152022 152103 152251 152824 152897 152976 153210 153362 154217 154475 154799 154984 155409 156483 156484 156855 156953
72910 3
153374 153415 153432
72911 3
155186 155305 155473
72914 3
153297 151931 156075
72918 3
154183 156119 151929
72922 3
152968 154476 151397
72923 3
154544 151172 154545
72928 3
151575 152562 153275
72930 3
153374 153415 153432
72936 3
153249 154737 152014
72942 3
152391 157236 155749
72944 3
151969 150956 155186
72945 3
151082 150999 153274
72946 2
152391 157236
72949 3
153416 156954 152186
72954 3
153079 154290 155436
72956 1
156281
72958 3
152968 154476 151397
72965 3
156568 154290 153079
72969 3
152977 154345 151393
72970 3
152672 153941 153960
72973 1
151857
72976 1
156635
72980 1
156840
72981 1
150983
72985 1
152765
72988 1
152138
72996 1
151252
72998 19
157234 151051 151106 151203 151278 151454 151579 152490 151045 154319 151969 150956 156851 156946 157078 155473 155305 155186 156622
72999 1
156459
73005 23
150992 155600 156693 156850 156948 156994 150983 155715 153498 153506 153533 153628 156790 156791 156794 156804 156808 152471 156853 153211 152102 156798 153667
73015 1
156459
73023 1
156998
73025 1
154436
73039 2
151931 153297
73040 2
156842 152968
73051 1
152138
73052 1
156980
73054 1
154720
73063 1
151397
73072 1
156459
73073 1
155749
73074 1
156980
73084 2
155473 156851
73086 2
153667 153297
73095 1
155498
73098 1
157122
73099 3
156277 152799 156328
73101 3
151292 151370 151252
73102 3
154400 156548 151857
73109 1
151931
73112 1
152765
73113 1
153079
73117 2
150992 155600
73122 2
151931 153297
73125 2
156396 156397
73127 1
152562
73129 4
156277 152799 156328 156426
73146 2
152391 157236
73151 2
152631 150955
73152 2
156998 157190
73153 2
151292 151252
73156 2
153079 154290
73160 2
151857 154400
73169 2
152736 152791
73172 2
150983 153498
73175 2
154400 151857
73181 2
155498 155499
73184 1
150956
73186 1
156622
73194 1
152014
73215 23
151252 151292 151370 151493 151917 151990 152022 152103 152251 152824 152897 152976 153210 153362 154217 154475 154799 154984 155409 156483 156484 156855 156953
73218 6
152799 156277 156328 156426 156427 156720
73219 23
156610 151617 151630 152107 152110 152112 153205 154224 154794 154840 154932 155277 156120 156189 156191 156221 156469 156588 156609 151483 157082 157109 157153
73220 12
151857 154400 156548 157033 157120 153628 150983 155715 153498 153506 153533 153667
73222 4
153138 151929 154183 156119
73225 36
154720 153275 152562 157243 155201 155244 155318 155367 155381 155911 155927 155930 151575 152976 153210 151370 153362 154217 154475 151493 154799 154984 151252 151917 151990 152022 152103 155409 152251 151292 152824 156483 156484 156855 156953 152897
73230 15
151236 152596 152657 152821 154521 154569 151429 151369 156882 155207 155215 156770 154485 157137 152765
73251 1
150982
73252 1
156998
73296 24
150983 153498 153506 153533 153628 155715 153667 154544 154545 154588 154617 154633 154691 154719 155114 155484 151172 151857 154400 156548 157033 157120 156998 157190
73298 4
152391 157236 155499 155498
73300 4
152138 152594 152605 156876
73304 6
152799 156277 156328 156426 156427 156720
73305 14
152014 153249 154737 156053 153064 152736 153407 153790 153800 153806 153824 153984 152791 152834
73306 18
150952 151021 152096 152520 152702 152786 153799 153956 154036 156840 154400 156548 151857 157033 157120 156998 157190 153667
73307 22
157091 156972 151370 151917 151990 152022 152251 151252 152824 152897 152976 153210 153362 154217 154475 152103 154799 154984 155409 156483 156484 151493
73310 2
153297 151931
73319 1
154720
73320 1
155473
73323 1
151057
73327 1
153667
73330 1
150956
73332 1
152391
73333 1
156980
73335 1
152518
73339 1
152799
73340 1
151252
73341 1
155498
73345 45
151252 151292 151370 151493 151917 151990 152022 152103 152251 152824 152897 152976 153210 153362 154217 154475 154799 154984 155409 156483 156484 156855 156953 153984 152736 153064 152834 152791 153407 153790 153800 153806 153824 155318 155367 155381 153275 155911 155927 155930 151575 152562 155201 155244 157243
73354 15
150952 151021 152096 152520 152702 152786 153799 153956 154036 156840 154400 156548 151857 157033 157120
73396 1
150983
73397 1
157122
73401 2
152594 152138
73410 14
150983 153498 153506 153533 153628 155715 153667 156075 156095 156107 153297 151931 156998 157190
73442 4
156277 156328 156426 152799
73443 4
151292 151370 151493 151252
73444 3
155749 152391 157236
73447 4
153249 154737 156053 152014
73450 4
151292 151370 151493 151252
73451 4
151292 151370 151493 151252
73454 4
151292 151370 151493 151252
73455 4
156067 155934 153416 152186
73456 3
156095 156075 156107
73460 3
153498 150983 153506
73463 3
153776 150963 154141
73471 3
153249 154737 152014
73472 1
156980
73506 1
156396
73508 1
152765
73511 1
152765
73523 1
152977
73530 3
153374 153415 153432
73531 1
153180
73538 1
156932
