77635 3
151931 153297 156998
77637 3
151931 153297 150983
77642 3
154720 151370 151292
77682 2
152588 152518
77684 1
152736
77701 3
154544 151172 154545
77705 3
153297 151931 156075
77707 3
155824 156284 156301
77715 3
154345 152977 156635
77724 3
156277 156328 152799
77728 3
153374 153415 153432
77733 1
156840
77762 1
151931
77763 1
153667
77764 2
152799 156277
77766 2
157236 152391
77814 1
151931
77815 1
155186
77916 1
156622
77917 1
151236
77920 1
154436
77924 2
157190 156998
77925 2
151172 154544
77939 1
151931
77940 1
150983
77983 5
152014 153249 154737 156053 154720
77985 11
156998 157190 153667 153533 153628 150983 155715 153498 153506 151931 153297
77992 22
150952 151021 152096 152520 152702 152786 153799 153956 154036 156840 153628 150983 153498 153506 155715 153533 151857 156548 154400 157033 157120 153667
78005 24
156998 157190 154545 154588 154617 154633 154691 154719 155114 155484 151172 154544 156548 154400 157033 157120 151857 153667 155715 153498 153506 153533 153628 150983
78006 16
151931 153297 156075 156095 156107 153453 153491 153496 153560 153851 153892 153896 153374 153415 153432 157264
78012 25
151923 152634 152635 152796 154564 154577 154702 154793 154879 157098 152631 150955 154600 153029 154788 153870 154298 155005 155006 155185 155238 156865 157029 154320 157209
78013 26
156798 154544 154545 154588 154617 154633 154691 154719 155114 155484 151172 150952 152096 152520 152702 152786 153799 153956 154036 151021 156840 156548 154400 151857 157033 157120
78014 26
151575 155201 155244 155318 155367 155381 155911 155927 155930 152562 153275 157243 151082 153274 156663 150999 155436 154290 153079 156568 154721 155250 154730 154760 154764 154715
78017 32
156284 155824 156301 156302 152897 152824 155409 156855 156953 151292 151252 151370 154984 152976 153362 156483 153210 151917 151990 152022 152103 152251 151493 154217 154475 154799 156484 153800 153790 152834 153984 153407
78085 14
151857 154400 156548 157033 157120 156998 157190 155715 153498 153506 153533 153628 150983 153667
78087 6
150992 155600 156693 156850 156948 156994
78088 6
152799 156277 156328 156426 156427 156720
78091 6
156842 157234 150956 151969 155186 155305
78092 14
152102 152471 153211 156790 156791 156794 156804 156808 156853 151857 154400 156548 157033 157120
78101 14
152736 152791 152834 153064 153407 153790 153800 153806 153824 153984 155824 156284 156301 156302
78102 25
153611 153508 157063 153829 153456 151016 153905 156867 153705 153786 153962 154915 155241 153450 153643 153652 153651 155603 153495 152677 155211 154704 155267 151833 152619
78105 7
153667 153498 153506 153533 153628 150983 155715
78106 8
151857 154400 156548 157033 157120 156075 156095 156107
78107 16
154569 152596 152821 152657 151236 154521 154702 154577 152635 157098 154564 154879 154793 152796 152634 151923
78110 12
152736 152791 152834 153064 153407 153790 153800 153806 153824 153984 156972 157091
78121 16
152765 152631 150955 153029 153870 154298 154320 154600 154788 155005 155006 155185 155238 156865 157029 157209
78122 5
152014 153249 154737 156053 154720
78123 15
156998 157190 153432 153453 153491 153496 153560 153851 153892 153896 153374 153415 157264 153297 151931
78124 12
151857 154400 156548 157033 157120 153628 150983 155715 153498 153506 153533 153667
78128 6
152799 156277 156328 156426 156427 156720
78130 9
157234 155305 155186 151969 150956 156851 156946 157078 155473
78131 1
156980
78132 5
152014 153249 154737 156053 154720
78137 12
153667 153498 153506 153533 153628 150983 155715 151931 153297 156075 156095 156107
78142 26
156972 157091 153806 153984 153800 153407 152834 152791 152736 153790 153064 153824 151252 153210 154799 152103 154475 155409 152022 153362 151370 151292 151493 152976 152897 151990
78145 25
156998 157190 153498 155715 153533 153506 150983 153628 151857 154400 156548 157120 157033 153667 154633 154617 154544 155484 155114 154588 154719 154691 154545 151172 152228
78156 1
156281
78160 10
152138 152594 152605 156876 155600 156693 156850 150992 156948 156994
78162 21
156281 153255 153400 153753 154364 155568 155625 152658 156721 156748 157147 157208 154082 152632 152518 152709 152729 152734 152588 152609 152630
78164 13
156980 152968 154476 156689 151397 151045 151454 151579 152490 151051 151106 151203 151278
78167 9
152518 152588 152609 152630 152632 152709 152729 152734 154082
78170 11
150983 153498 153506 153533 153628 155715 153297 151931 156075 156095 156107
78171 9
154319 155186 155305 155473 156851 156946 157078 151969 150956
78172 1
156281
78173 6
152799 156277 156328 156426 156427 156720
78175 6
151931 153297 153667 156075 156095 156107
78179 6
157234 155305 155186 151969 150956 154319
78374 16
153374 153415 153432 153453 153491 153496 153560 153851 153892 153896 157264 156095 156107 156075 151931 153297
78412 7
156396 156397 156802 156849 157089 155219 154436
78413 7
154715 154721 154730 154760 154764 155250 156932
78416 1
152765
78417 15
151172 154544 154545 154588 154617 154633 154691 154719 155114 155484 154400 151857 156548 157033 157120
78419 5
155498 155499 154436 155219 157170
78420 5
156980 152968 154476 156689 151397
78423 14
150983 153498 153506 153533 153628 155715 156998 157190 153667 156548 154400 157033 157120 151857
78424 25
151172 154544 154545 154588 154617 154633 154691 154719 155114 155484 152102 152471 153211 156790 156791 156794 156804 156808 156853 153628 150983 153498 153506 153533 155715
78425 15
156998 157190 153432 153453 153491 153496 153560 153851 153892 153896 153374 153415 157264 153297 151931
78426 1
156459
78431 21
151575 152562 153275 155201 155244 155318 155367 155381 155911 155927 155930 157243 156284 156301 156302 155824 157091 156972 153079 155436 154290
78433 7
155498 155499 156396 156397 156802 156849 157089
78438 17
153667 153297 151931 156075 156095 156107 153491 153496 153560 153374 153851 153892 153896 153415 153432 153453 157264
78439 23
156798 153667 154400 156548 151857 157033 157120 153498 155715 153506 153533 153628 150983 153799 153956 154036 152786 151021 150952 152096 152520 152702 156840
78440 4
152014 153249 154737 156053
78443 53
156576 151081 151235 151352 151693 151744 151755 151785 151789 151817 152111 152159 152787 152815 152831 152947 152962 152973 153117 153280 153293 153695 153761 154168 154350 154468 155166 155248 155263 155297 155351 155396 155430 155580 155941 155956 155970 156009 156435 151057 156779 156782 156856 156944 156970 156975 157011 157015 157042 157087 157099 157177 157184
78445 16
153667 151021 152096 152520 152702 152786 150952 153799 153956 154036 156840 154400 156548 151857 157033 157120
78447 49
154290 155436 153079 156972 157091 152562 153275 157243 155318 155927 155911 155367 155244 151575 155930 155381 155201 155824 156302 156301 156284 152976 154984 152897 154799 154475 155409 156483 156484 151370 154217 151252 152824 152251 152103 151292 152022 151990 151917 153362 156953 153210 151493 156855 153800 153790 152834 153984 153407
78452 9
157234 156851 156946 157078 155473 155305 155186 151969 150956
78453 23
156798 156840 152096 152520 152702 152786 153799 153956 154036 150952 151021 150983 153498 153506 155715 153533 153628 153667 156548 154400 151857 157033 157120
78455 5
155749 155499 155498 152391 157236
78457 29
152977 154345 151536 152423 152421 151395 151393 153311 151775 155330 155643 155644 156457 156859 156985 156635 152113 156934 156812 155441 153960 153964 153983 153994 154001 154148 152672 153941 157251
78459 4
152014 153249 154737 156053
78463 19
151923 152634 152635 152796 154564 154577 154702 154793 154879 157098 151369 151429 155207 155215 156770 156882 154485 157137 156459
78468 6
152799 156277 156328 156426 156427 156720
78470 6
156277 156328 156426 156427 156720 152799
78473 10
150992 155600 156693 156850 156948 156994 152605 156876 152138 152594
78483 21
153667 153533 153506 153628 150983 153498 155715 154400 156548 151857 157120 157033 154588 154545 155484 154544 151172 154719 154633 154617 154691
78484 20
153667 153498 153506 153533 153628 150983 155715 151931 153297 153374 153415 153432 153560 153453 153491 153851 153892 153896 153496 157264
78485 23
151081 151235 151352 151693 151744 151755 151785 151789 151817 152111 152159 152787 152815 152831 152947 152962 152973 153117 153280 153293 153695 153761 151057
78486 2
155934 156067
78488 1
156980
78490 12
151172 154544 154545 154588 154617 154633 154691 154719 155114 155484 156998 157190
78496 34
154720 151292 151370 151493 151917 151990 152022 152103 152251 152824 152897 152976 153210 153362 154217 154475 151252 154799 154984 155409 156483 156484 156855 156953 152736 153064 152834 152791 153407 153790 153800 153806 153824 153984
78500 19
150983 153498 153506 153533 153628 155715 153297 151931 153496 153374 153415 153432 153560 153453 153851 153892 153896 153491 157264
78503 16
151931 153297 156075 156095 156107 153453 153491 153560 153851 153892 153896 153374 153415 153432 153496 157264
78504 10
152736 152791 152834 153064 153407 153790 153800 153806 153824 153984
78506 3
153667 153297 151931
78507 19
153667 153498 153506 153533 153628 150983 155715 151931 153297 154544 154545 154588 154617 154633 154691 154719 155114 155484 151172
78510 8
155186 155305 155473 156851 156946 157078 150956 151969
78515 20
155186 155305 150956 151969 151303 152073 152134 153341 153499 155057 155060 151839 151924 155379 155685 155686 156506 156513 156522 157022
78519 7
155473 156851 156946 157078 155186 155305 156622
78522 12
152736 152791 152834 153064 153407 153790 153800 153806 153824 153984 156972 157091
78523 7
156281 156277 152799 156328 156426 156427 156720
78532 24
151172 154544 154545 154588 154617 154633 154691 154719 155114 155484 153628 150983 153498 153506 153533 155715 156998 157190 153667 156548 151857 157033 157120 154400
78537 5
156980 152968 154476 156689 151397
78540 40
156568 155911 151575 155927 155244 155930 155318 155367 155381 155201 153275 152562 157243 150999 151082 156663 153274 154217 153362 152022 153210 156484 156483 152976 151990 156953 151493 151370 152897 151292 151252 152824 151917 155409 154984 152251 154799 154475 152103 156855
78549 40
156568 155436 154290 153079 153275 157243 152562 155244 155201 151575 155930 155367 155911 155381 155318 155927 156972 157091 152976 152897 156483 151370 154217 154475 154799 154984 155409 151252 152824 156484 152251 152103 151292 152022 151990 156855 151917 153362 153210 151493
78565 9
157234 155305 155186 151969 150956 156851 156946 157078 155473
78567 34
154720 152791 152834 153064 153407 153790 153800 153806 153824 153984 152736 152824 151370 152897 152976 151493 153210 153362 151917 151990 152022 152103 152251 151252 154217 154475 151292 154799 154984 155409 156483 156484 156855 156953
78571 12
153667 153297 151931 156075 156095 156107 153628 150983 155715 153498 153506 153533
78573 3
152186 153416 156954
78580 37
157209 156865 154600 155185 150955 154788 153029 155005 155006 157029 154298 153870 155238 152631 154320 152596 151236 152657 154569 152821 154521 156770 155215 155207 151429 151369 154485 156882 157137 154702 154577 152635 157098 154564 154879 154793 152796
78583 6
152391 157236 155499 155498 155219 154436
78584 9
155473 156851 156946 157078 155186 155305 150956 151969 156622
78588 26
151081 151235 151352 151693 151744 151755 151785 151789 151817 152111 152159 152787 152815 152831 152947 152962 152973 153117 153280 153293 153695 153761 154168 154350 154468 151057
78589 13
151397 152968 154476 156689 151278 151045 151454 151579 152490 151051 151106 151203 156842
78590 1
156459
78593 7
156281 156277 152799 156328 156426 156427 156720
78594 7
156396 156397 156802 156849 157089 155499 155498
78603 9
155498 155499 154436 155219 156396 156397 156802 156849 157089
78604 1
156459
78608 9
155186 155305 155473 156851 156946 157078 150956 151969 156622
78610 21
153079 155436 154290 152562 157243 155244 155927 155367 153275 155911 155318 151575 155381 155930 155201 157091 156972 152976 152897 152022 151370
78612 4
151397 152968 154476 156689
78616 21
155367 155244 155911 157243 153275 155201 155318 155381 155927 155930 152562 151575 156568 154217 153362 152022 153210 152976 151990 151370 152897
78617 1
156980
78619 3
155186 155305 156622
78620 12
151931 153297 151172 154544 154545 154588 154617 154633 154691 154719 155114 155484
78621 14
155186 155305 154319 155473 156851 156946 157078 156622 153776 156634 154141 150963 156291 157154
78625 9
150956 151969 155186 155305 155473 156851 156946 157078 156622
78627 11
150983 153498 153506 153533 153628 155715 153297 151931 156075 156095 156107
78628 12
152391 157236 155219 154436 157170 156802 156849 157089 156396 156397 155499 155498
78629 12
151857 154400 156548 157033 157120 153667 150983 153498 155715 153506 153533 153628
78635 23
153508 151016 155603 153786 156867 153450 153829 155241 153652 153705 153905 153962 154915 157063 153611 153651 153643 153456 153495 156576 152677 151833 154704
78636 3
155749 152391 157236
78638 1
156459
78642 8
150956 151969 155186 155305 155473 156851 156946 157078
78644 15
155930 155381 155927 155911 151575 155201 155244 155318 155367 152562 157243 153275 153984 152834 152736
78653 2
155498 155499
78654 6
152799 156277 156328 156426 156427 156720
78655 15
156663 153274 150999 151082 155927 155911 155930 155244 155367 155318 152562 151575 155201 153275 155381
78657 5
156980 152968 154476 156689 151397
78662 5
156396 156397 156802 156849 157089
78664 1
154720
78665 5
156980 152968 154476 156689 151397
78666 3
155749 152391 157236
78667 9
156459 151429 154485 155207 155215 151369 156770 156882 157137
78673 2
155934 156067
78674 18
151045 151051 151106 151203 151278 151454 151579 152490 156842 154319 155473 156851 156946 157078 155305 155186 151969 150956
78677 4
155824 156284 156301 156302
78678 12
151857 154400 156548 157033 157120 153667 150983 153498 155715 153506 153533 153628
78682 15
155436 154290 153079 156568 155367 155318 153275 155927 155244 155930 155911 155381 155201 152562 151575
78683 5
152186 153416 156954 156067 155934
78686 10
156396 156397 156802 156849 157089 155219 154436 157170 155498 155499
78687 6
152391 157236 155499 155498 155219 154436
78689 4
153138 151929 154183 156119
78690 18
154719 154617 155484 155114 154691 154633 151172 154544 154545 154588 153628 153533 150983 153506 155715 153498 153297 151931
78691 12
156842 157234 151106 151203 151278 151454 151579 152490 151045 151051 155186 155305
78699 1
156459
78700 1
156980
78701 2
155146 155147
78705 23
157243 155318 155930 151575 155381 155244 155367 155927 153275 152562 155201 155911 152976 152897 152022 151370 152824 154984 151292 151990 151252 154475 151917
78710 16
156798 151021 152096 152520 152702 152786 153799 153956 154036 150952 156840 156548 151857 154400 157033 157120
78714 15
155305 155186 156946 155473 156851 157078 157234 151579 151454 151106 151051 151278 151045 152490 151203
78716 15
151081 151235 151352 151693 151744 151755 151785 151789 151817 152111 152159 152787 152815 152831 151057
78720 15
153964 153994 155441 153983 157251 154001 154148 152672 153941 153960 154345 152977 153311 151395 151393
78722 25
156998 157190 153432 153453 153491 153496 153560 153851 153892 153896 153374 153415 157264 154588 154617 154633 154691 154719 155114 155484 151172 154544 154545 151931 153297
78724 12
151397 152968 154476 156689 151278 151045 151454 151579 152490 151051 151106 151203
78725 7
156281 156277 152799 156328 156426 156427 156720
78726 1
156459
78731 16
152799 156277 156328 156426 156427 156720 152729 152734 152518 154082 152588 152609 152630 152632 152709 156281
78732 18
156160 156193 151626 151858 152087 150982 152501 152745 153673 154884 154941 155429 151087 151618 156097 156135 156150 156249
78737 9
153667 153498 153506 153533 153628 150983 155715 151931 153297
78745 10
151172 154544 154545 154588 154617 154633 154691 154719 155114 155484
78746 12
151857 154400 156548 157033 157120 153667 150983 153498 155715 153506 153533 153628
78747 6
152799 156277 156328 156426 156427 156720
78748 15
157122 156622 153776 157154 150963 154141 156634 156291 157078 156946 156851 155473 155305 155186 154319
78752 2
155934 156067
78754 14
156998 157190 153667 156548 151857 157033 157120 154400 155715 153506 153533 153628 150983 153498
78755 1
156980
78756 26
150983 153498 153506 153533 153628 155715 154400 151857 156548 157033 157120 153667 156998 157190 151931 153297 154691 154719 155114 155484 151172 154544 154545 154588 154617 154633
78757 29
151172 154544 154545 154588 154617 154633 154691 154719 155114 155484 151021 150952 152096 152520 152702 152786 153799 153956 154036 156840 151857 156548 154400 157033 157120 156998 157190 153297 151931
78759 26
154719 151172 154617 154588 155484 155114 154691 154633 154545 154544 156790 152471 156791 153211 152102 156808 156794 156804 156853 153667 153799 152786 152096 152702 154036 153956
78760 26
157091 156972 156484 156953 152824 156483 154984 153210 156855 151292 151252 151370 152897 152976 151493 154799 153362 151917 151990 152022 152103 152251 155409 154217 154475 156302
78765 1
153138
78766 5
156980 152968 154476 156689 151397
78767 1
156281
78771 10
157122 155420 156001 156013 156024 156331 153180 157180 152391 157236
78772 7
156998 157190 156548 151857 157033 157120 154400
78783 1
152765
78785 1
152765
78789 21
153506 153498 155715 153533 150983 153628 154544 151172 155484 155114 154719 154633 154588 154545 154617 154691 153211 156790 152102 152471 156791
78791 3
152186 153416 156954
78792 12
151931 153297 151172 154544 154545 154588 154617 154633 154691 154719 155114 155484
78796 16
150955 152631 153029 153870 154298 154320 154600 154788 155005 155006 155185 155238 156865 157029 157209 152765
78824 9
150956 151969 155186 155305 154319 155473 156851 156946 157078
78828 19
152113 156812 156934 151393 152421 153311 155330 155643 155644 156457 151395 156859 151775 156985 152423 151536 152977 154345 156635
78875 8
155186 155305 155473 156851 156946 157078 150956 151969
78876 11
156842 157234 150956 151969 156851 156946 157078 155473 154319 155186 155305
78889 16
152765 152631 150955 153029 153870 154298 154320 154600 154788 155005 155006 155185 155238 156865 157029 157209
78890 12
151172 154544 154545 154588 154617 154633 154691 154719 155114 155484 153297 151931
78893 41
151575 152562 153275 155201 155244 155318 155367 155381 155911 155927 155930 157243 156284 156301 156302 155824 151292 151917 151990 152022 152251 151370 152824 152897 152976 151493 153362 154217 156483 156484 156855 156953 154984 151252 153210 154475 154799 152103 155409 157091 156972
78894 15
156934 156812 152113 151395 151393 156985 152421 151775 155330 155643 155644 156457 153311 156859 151536
78895 1
155749
