78908 18
150983 153498 153506 153533 153628 155715 153297 151931 154544 154545 154588 154617 154633 154691 154719 155114 155484 151172
78911 24
154720 151292 151370 151493 151917 151990 152022 152103 152251 152824 152897 152976 153210 153362 154217 154475 151252 154799 154984 155409 156483 156484 156855 156953
78912 1
156459
78915 5
156396 156397 156802 156849 157089
78971 24
155473 156851 156946 157078 155186 155305 150956 151969 151839 151924 155379 151303 155685 155686 156506 152073 153341 157022 155057 156522 152134 155060 153499 156513
79057 21
151857 154400 157120 156548 157033 156840 153799 152702 152520 152096 151021 150952 153956 154036 152786 155715 150983 153506 153628 153498 153533
79059 16
155436 154290 153079 156568 157091 156972 155367 155318 153275 155930 155927 155244 155911 155381 155201 152562
79087 21
153667 154400 157033 157120 151857 156548 155715 150983 153506 153628 153533 153498 153799 152786 152096 156840 152702 154036 153956 152520 151021
79139 3
152977 154345 156635
79148 16
151236 152596 152657 152821 154521 154569 152796 152634 152635 154564 151923 154577 154702 154793 154879 157098
79151 24
154720 151292 151370 151493 151917 151990 152022 152103 152251 152824 152897 152976 153210 153362 154217 154475 151252 154799 154984 155409 156483 156484 156855 156953
79153 52
151057 151081 151235 151352 151693 151744 151755 151785 151789 151817 152111 152159 152787 152815 152831 152947 152962 152973 153117 153280 153293 153695 153761 154168 154350 154468 155166 155248 155263 155297 155351 155396 155430 155580 155941 155956 155970 156009 156435 156779 156782 156856 156944 156970 156975 157011 157015 157042 157087 157099 157177 157184
79154 36
155244 155911 155367 151575 155318 155381 155201 155930 155927 152562 157243 153275 157091 156972 153079 154290 155436 152791 153064 152736 153984 153824 153806 153800 153790 152834 153407 154217 153362 152022 153210 152976 151990 151370 152897 152824
79157 35
152736 152791 152834 153064 153407 153790 153800 153806 153824 153984 151292 152824 151370 152897 152976 151493 153210 153362 151917 151990 152022 152103 152251 151252 154217 154475 154799 154984 155409 156483 156484 156855 156953 156972 157091
79158 8
150983 153498 153506 153533 153628 155715 153297 151931
79159 2
155934 156067
79182 14
151857 154400 156548 157033 157120 153628 150983 155715 153498 153506 153533 156075 156095 156107
79212 29
152391 157236 155499 155498 151858 152087 150982 152501 152745 153673 154884 154941 155429 151087 151618 156097 156135 156150 156160 156193 156249 156267 156285 151626 156397 156802 156849 157089 156396
79214 13
152562 153275 157243 155201 155244 155318 155367 155381 155911 155927 155930 151575 156568
79215 6
156277 156328 156426 156427 156720 152799
79217 1
156980
79218 25
150955 152631 153029 153870 154298 154320 154600 154788 155005 155006 155185 155238 156865 157029 157209 154793 154879 152635 152796 154564 154577 151923 154702 157098 152634
79260 13
153079 154290 155436 153274 151082 150999 156663 154730 154760 154764 155250 154715 154721
79261 4
155498 155499 154436 155219
79262 15
153984 152736 153790 153824 152791 152834 153064 153407 153800 153806 152022 152976 151990 151370 152897
79265 15
153297 151931 153533 153506 150983 153628 153498 155715 153667 152786 152702 150952 152520 152096 151021
79266 6
152391 157236 155499 155498 155219 154436
79267 15
156548 157120 154400 151857 157033 154691 154633 154545 151172 155484 154617 155114 154719 154588 154544
79268 15
156635 154345 152977 151395 153311 151393 152421 155643 155644 156457 156859 155330 151775 156985 152423
79275 6
152799 156277 156328 156426 156427 156720
79276 16
150955 152631 153029 153870 154298 154320 154600 154788 155005 155006 155185 155238 156865 157029 157209 156980
79277 3
152186 153416 156954
79281 1
156635
79285 8
155473 156851 156946 157078 150956 151969 155186 155305
79286 25
151923 152634 152635 152796 154564 154577 154702 154793 154879 157098 155207 155215 156770 154485 157137 156882 151429 151369 152657 154569 151236 152821 152596 154521 152765
79292 7
150983 153498 153506 153533 153628 155715 153159
79293 35
156972 157091 152791 152736 153790 153806 153800 153824 153064 153984 153407 152834 154217 153362 152022 153210 152976 151990 151370 156953 156855 152897 156484 156483 152824 151917 155409 154984 152251 154799 154475 152103 151493 151292 151252
79295 3
155749 152391 157236
79325 18
153870 154298 155185 156865 157029 157209 155005 155006 155238 154320 150955 152631 154600 153029 154788 152765 154702 154577
79341 9
156980 151051 151106 151203 151278 151454 151579 152490 151045
79345 14
151045 151051 151106 151203 151278 151454 151579 152490 157234 154319 155305 155186 151969 150956
79348 22
151236 152596 152657 152821 154521 154569 152765 153029 153870 154298 154320 152631 150955 154600 154788 155005 155006 155185 155238 156865 157029 157209
79354 52
151057 151081 151235 151352 151693 151744 151755 151785 151789 151817 152111 152159 152787 152815 152831 152947 152962 152973 153117 153280 153293 153695 153761 154168 154350 154468 155166 155248 155263 155297 155351 155396 155430 155580 155941 155956 155970 156009 156435 156779 156782 156856 156944 156970 156975 157011 157015 157042 157087 157099 157177 157184
79360 11
151857 154400 156548 157033 157120 153628 150983 155715 153498 153506 153533
79362 14
152014 153249 154737 156053 153064 152736 153407 153790 153800 153806 153824 153984 152791 152834
79364 2
157122 155749
79366 26
157122 156397 156802 156849 157089 156396 152501 152745 153673 154884 154941 155429 156097 156135 156150 156160 156193 156249 156267 156285 150982 151087 151618 151626 151858 152087
79371 40
151252 151292 151370 151493 151917 151990 152022 152103 152251 152824 152897 152976 153210 153362 154217 154475 154799 154984 155409 156483 156484 156855 156953 156972 157091 155381 153275 155911 155927 155930 151575 152562 155201 155244 155318 155367 157243 153079 155436 154290
79429 29
151536 152423 152113 156812 156934 152421 151393 153311 155330 155643 155644 156457 151775 156859 151395 156985 152977 154345 156635 155441 153960 153964 153983 153994 154001 154148 152672 153941 157251
79435 1
155749
79438 14
153667 153498 153506 153533 153628 150983 155715 156998 157190 156107 156075 156095 153297 151931
79484 6
152799 156277 156328 156426 156427 156720
79493 6
155186 155305 155473 156851 156946 157078
79494 1
156353
79495 24
150955 152631 153029 153870 154298 154320 154600 154788 155005 155006 155185 155238 156865 157029 157209 155215 154485 156770 151429 156882 151369 157137 155207 152765
79499 10
156842 157234 156851 156946 157078 155473 155186 155305 150956 151969
79505 16
157091 156972 151575 155381 155927 152562 155201 153275 155318 155367 155244 155930 155911 157243 152897 152022
79600 22
155185 154298 156865 155238 155006 155005 157029 157209 154320 152631 150955 154600 153029 154788 153870 154702 154577 152635 154564 154879 154793 152796
79654 2
155934 156067
79655 10
157234 151969 150956 154319 155305 155186 156851 156946 157078 155473
79658 3
152186 153416 156954
79663 23
153029 155238 154298 157029 156865 153870 157209 154320 152631 154600 154788 155005 155006 155185 150955 152765 156882 156770 154485 155215 157137 155207 151429
79766 1
152765
79767 12
156842 151051 151106 151203 151278 151454 151579 152490 151045 157234 155186 155305
79785 9
156396 156397 156802 156849 157089 155499 155498 155219 154436
79841 5
156998 157190 156107 156075 156095
79905 3
152186 153416 156954
79914 19
156634 156291 153776 157154 154141 150963 155473 156946 156851 157078 156622 155686 153499 155685 155379 153341 151924 151839 151303
79915 10
151923 152634 152635 152796 154564 154577 154702 154793 154879 157098
79943 23
157091 156972 156855 154475 154984 156484 154799 152976 152251 151292 151370 151493 152824 151252 152897 154217 151917 153210 151990 153362 152022 152103 155409
79944 25
151618 151087 151858 151626 152087 152501 152745 153673 154884 154941 155429 156097 156135 156150 156160 156193 156249 156267 156285 150982 156802 157089 156849 156397 156396
79953 16
151575 155201 155244 155318 155367 155381 155911 155927 155930 152562 153275 157243 151082 153274 156663 150999
79957 23
152672 154148 153941 155441 153994 154001 153983 157251 153964 153960 156635 154345 152977 151393 156457 152421 156859 155644 155643 151395 155330 153311 151775
79959 9
154319 155186 155305 151969 150956 155473 156851 156946 157078
79964 4
155749 157122 154436 155219
79967 71
151457 151731 151918 152322 152583 152641 152975 153238 153338 153376 153383 153565 153593 153594 153635 153715 153852 153859 153906 153924 153998 154223 154666 154930 155952 156563 156579 156608 156700 156916 156924 156957 157055 157253 155723 155878 152677 156128 152930 151722 152619 156613 156682 154704 156745 151833 155211 155267 155377 157079 155691 153450 153905 153456 153611 153962 153495 153643 153651 153652 154915 153705 156867 153508 155241 153786 153829 157063 155603 151016 156576
79968 2
155934 156067
79969 39
152014 153249 154737 156053 155147 155146 153407 153790 153800 153806 153824 153984 152791 152834 153064 152736 151917 153210 151990 153362 151252 152022 152103 152251 151292 151370 154217 154475 152824 154799 154984 151493 152897 155409 152976 156483 156484 156855 156953
79971 1
156980
79975 9
156842 155473 156851 156946 157078 151969 150956 155305 155186
79986 37
152014 153249 154737 156053 151917 151990 151252 152022 152103 152251 152824 152897 152976 153210 151292 153362 154217 154475 151370 154799 154984 155409 151493 156483 156484 156855 156953 152834 152791 152736 153407 153790 153800 153806 153824 153984 153064
79987 6
152799 156277 156328 156426 156427 156720
80007 12
152391 157236 155219 154436 155499 155498 157170 156802 156849 157089 156396 156397
80013 23
151081 151235 151352 151693 151744 151755 151785 151789 151817 152111 152159 152787 152815 152831 152947 152962 152973 153117 153280 153293 153695 153761 151057
80014 23
156634 150963 154141 157154 156291 153776 153499 155379 153341 151839 151303 155685 155686 156506 152134 151924 155060 156522 156513 155057 152073 157022 156622
80019 17
156998 157190 154545 154588 154617 154633 154691 154719 155114 155484 151172 154544 156548 154400 157033 157120 151857
80020 5
151931 153297 156075 156095 156107
80049 15
156622 153776 156634 150963 154141 157154 156291 151839 153341 155686 156506 155685 155379 151303 151924
80075 1
156980
80079 4
155824 156284 156301 156302
80080 15
153159 153374 153491 153415 153432 153453 157264 153496 153560 153851 153892 153896 151172 154544 154545
80083 15
157120 157033 154400 151857 156548 153667 154691 154633 154545 151172 155484 154617 155114 154719 154588
80086 6
154436 155219 152391 157236 155499 155498
80088 4
152138 152594 152605 156876
80090 15
156277 156720 156426 156328 152799 156427 152729 152709 152609 152632 154082 152734 152630 152588 152518
80091 15
153776 156291 157154 150963 154141 156634 151839 155685 156506 151303 152073 155057 155686 151924 153341
80092 5
152014 153249 154737 156053 154720
80093 15
156946 157078 155473 156851 151579 151203 151454 151051 151278 151106 151045 152490 155305 155186 156842
80097 1
156459
80099 1
156980
80102 6
152799 156277 156328 156426 156427 156720
80153 4
152014 153249 154737 156053
