82808 2
152672 153941
82809 2
151673 150991
82810 2
155473 156851
82812 2
156067 155934
82813 2
151303 151839
82814 2
152594 152138
82837 2
156568 152562
82840 2
152391 157236
82842 2
155219 154436
82875 1
152186
82876 1
156075
82912 1
152799
82913 2
156397 156396
82980 1
154715
82983 3
156798 156548 154400
82984 3
156972 157091 154290
82985 1
152391
82989 1
155749
82992 1
153180
82997 1
152738
83037 5
157078 156851 155473 156946 150956
83038 4
154544 154545 151172 154588
83040 4
153029 150955 152631 153870
83041 4
152765 152596 151236 152657
83045 4
156396 156397 156802 156849
83046 2
151021 150952
83047 2
156635 152977
83048 2
151931 153297
83054 2
156277 152799
83055 2
152634 151923
83056 1
156980
83057 2
154345 152977
83058 1
156459
83060 1
155934
83062 1
153496
83063 1
152138
83064 1
156980
83066 1
151252
83086 3
153498 150983 153506
83088 3
152968 154476 151397
83092 3
151081 151235 151057
83196 1
152799
83236 1
153079
83237 1
156568
83238 1
152391
83241 1
151172
83246 3
152391 157236 155749
83248 3
156397 156802 156396
83249 3
156622 151924 151839
83254 3
155749 157122 152391
83265 3
155473 156851 156946
83266 3
156568 154290 153079
83283 3
153275 152562 157243
83285 3
152765 150955 152631
83286 3
155186 155305 150956
83289 3
153667 150983 153498
83292 3
157091 156972 156568
83294 1
151931
83295 1
151931
83355 1
152736
83359 1
151172
83392 1
152391
83417 2
150956 151969
83418 2
151081 151057
83423 1
156281
83425 1
156932
83426 1
154715
83437 1
155934
83438 1
155498
83443 1
154436
83444 1
153374
83446 1
152736
83447 1
150956
83448 1
150955
83503 1
156277
83506 1
155473
83507 1
151057
83545 1
151393
83546 1
152138
83551 1
156123
83554 1
153079
83555 1
151172
83558 1
151236
83560 1
156980
83579 2
156067 155934
83580 2
151969 150956
83583 2
156396 156397
83591 1
153374
83601 1
151303
83622 1
150983
83624 1
154720
83625 1
151931
83639 2
151172 154544
83717 1
153079
83726 2
152594 152138
83727 2
152765 151236
83729 2
155473 156851
83732 2
151081 151057
83733 2
156622 155473
83734 2
153416 152186
83735 2
155186 155305
83738 2
156396 156397
83740 10
156576 153652 153450 153643 153456 153495 153611 153508 151016 153651
83741 1
152765
83743 3
152186 153416 156954
83744 9
154799 152103 153210 154475 155409 151252 152251 152022 151493
83746 9
154691 154719 154588 154545 154617 154633 154544 151172 155114
83747 9
151087 151618 151626 151858 152087 150982 152501 152745 153673
83753 9
154148 154001 153964 153960 153983 153994 153941 152672 155441
83754 6
152799 156277 156328 156426 156427 156720
83755 9
156576 153651 153450 153508 153456 153643 153495 151016 153611
83756 7
156998 157190 156548 151857 157033 157120 154400
83757 5
156980 152968 154476 156689 151397
83761 6
152799 156277 156328 156426 156427 156720
83764 2
151292 151252
83765 2
153416 152186
83768 1
156972
83769 1
155498
83770 1
151536
83786 3
153498 150983 153506
83811 1
153374
83813 1
153079
83815 1
151057
83816 1
150956
83820 1
151228
83873 1
156568
83874 2
153416 152186
83880 1
153667
83885 3
151303 151839 151924
83886 3
154720 155147 155146
83887 3
153079 154290 155436
83890 2
153496 157264
83891 1
156281
83895 2
152765 152596
83897 2
151969 150956
83898 2
153079 154290
