83939 23
151252 151292 151370 151493 151917 151990 152022 152103 152251 152824 152897 152976 153210 153362 154217 154475 154799 154984 155409 156483 156484 156855 156953
83941 30
155186 155305 155473 156851 156946 157078 156622 155057 155060 151303 151839 155379 151924 155685 155686 156506 156513 156522 152073 152134 153341 157022 153499 156634 154141 150963 153776 156291 157154 157122
83956 1
152738
83959 1
155934
83968 1
152736
83974 1
155186
83977 1
155473
83978 1
151045
83980 2
151016 153450
83984 1
156980
84029 1
151303
84052 4
152594 152605 156876 152138
84073 1
151172
84081 2
156277 152799
84082 2
153079 154290
84086 2
155473 156851
84087 2
152968 151397
84090 1
152799
84097 2
156635 152977
84103 2
155219 154436
84108 2
156622 155305
84121 2
151081 151057
84124 1
157170
84135 1
150955
84146 3
151931 153297 151857
84160 1
156459
84161 5
157033 156548 154400 151857 157120
84165 1
156980
84168 5
152073 151839 151924 151303 152134
84169 5
155436 154290 153079 156972 156568
84170 1
156932
84172 4
152834 152736 152791 153064
84175 4
151082 150999 153274 156663
84180 4
157190 156998 153498 153506
84181 3
152186 153416 156954
84183 5
156495 155496 155497 153025 153384
84185 5
154319 156946 155473 156851 157078
84186 5
152968 154476 156689 151397 156980
84187 4
157122 155749 152391 157236
84188 5
153667 157190 156998 154400 151857
84193 5
156932 150999 153274 151082 156663
84194 5
154588 151172 154544 154545 154617
84196 4
155436 153079 154290 152562
84197 4
155305 155186 150956 151969
84205 4
156277 156328 156426 152799
84207 4
151292 151370 151493 151252
84208 4
156095 156107 156075 151931
84209 4
152738 156610 151630 152107
84210 4
156277 152799 156328 156426
84212 4
154319 155305 155186 155473
84215 3
152186 153416 156954
84220 4
153415 153432 153374 153453
84222 4
156851 156946 155473 157078
84223 4
155436 153079 154290 156972
84224 1
155749
84227 3
155749 152391 157236
84228 4
154544 154545 151172 154588
84230 4
156397 156802 156396 156849
84231 4
156568 155436 154290 153079
84232 4
152594 152605 156876 152138
84235 4
151839 151924 152073 151303
84239 4
154290 155436 153079 156568
84240 4
152799 156426 156328 156277
84243 4
152594 152605 156876 152138
84244 1
156459
84247 5
156427 156277 156328 156426 156720
84254 4
151429 154485 155207 151369
84258 4
156998 157190 153667 154545
84259 4
156277 156328 156426 152799
84260 1
153138
84266 4
152594 152605 156876 152138
84267 4
151395 151775 152421 151393
84272 1
153667
84274 4
153297 151931 153667 153415
84276 4
153776 154141 150963 156291
84277 3
152631 150955 153029
84278 3
151969 150956 155186
84280 3
156635 154345 152977
84282 3
151969 150956 155186
84284 4
152968 154476 156689 151397
84285 4
155436 153079 154290 151575
84287 4
152765 152635 152634 151923
84288 1
154720
84290 2
156998 157190
84295 3
150983 153498 153506
84296 3
151969 150956 155186
84297 3
152631 150955 153029
84298 3
155201 151575 155244
84306 3
156972 157091 153079
84312 4
156277 156328 156426 152799
84314 4
153297 151931 156095 156075
84316 7
154345 152977 153311 152421 151395 151393 151775
84321 7
151081 151235 151352 151693 151744 151755 151057
84324 2
152391 157236
84327 22
152736 152791 152834 153064 153407 153790 153800 153806 153824 153984 152562 153275 157243 155201 155244 155318 155367 155381 155911 155927 155930 151575
84329 4
152391 157236 155499 155498
84330 25
155186 155305 151924 152073 152134 153341 153499 155057 155060 151303 151839 155379 155685 155686 156506 156513 156522 157022 153776 154141 150963 156634 156291 157154 156622
84338 10
157234 151969 150956 155305 155186 156851 156946 157078 155473 154319
84340 15
152518 152588 152609 152630 152632 152709 152729 152734 154082 152799 156277 156328 156426 156427 156720
84343 18
156842 157234 151106 151203 151278 151454 151579 152490 151045 151051 156851 156946 157078 155473 155186 155305 151969 150956
84345 52
151057 151081 151235 151352 151693 151744 151755 151785 151789 151817 152111 152159 152787 152815 152831 152947 152962 152973 153117 153280 153293 153695 153761 154168 154350 154468 155166 155248 155263 155297 155351 155396 155430 155580 155941 155956 155970 156009 156435 156779 156782 156856 156944 156970 156975 157011 157015 157042 157087 157099 157177 157184
84346 23
151252 151292 151370 151493 151917 151990 152022 152103 152251 152824 152897 152976 153210 153362 154217 154475 154799 154984 155409 156483 156484 156855 156953
84347 32
152102 152471 153211 156790 156791 156794 156804 156808 156853 150983 153498 153506 153533 153628 155715 156798 154036 152786 152096 150952 151021 152520 152702 153799 156840 153956 153667 156548 154400 151857 157033 157120
84348 6
152799 156277 156328 156426 156427 156720
84350 1
156459
84351 1
156459
84352 6
152799 156277 156328 156426 156427 156720
84353 4
152391 157236 155499 155498
84354 27
152736 152791 152834 153064 153407 153790 153800 153806 153824 153984 156972 157091 155244 155318 155367 155381 155911 155927 155930 151575 155201 152562 153275 157243 154290 153079 155436
84356 13
152228 156841 152471 153211 156790 156791 156794 156804 156808 152102 156853 156998 157190
84357 11
156459 152634 152635 152796 154564 154577 154702 154793 154879 151923 157098
84358 1
153667
84360 29
151536 152423 151393 151775 152421 151395 153311 155330 155643 155644 156457 156859 156985 152977 154345 156635 152672 153941 155441 153960 153964 153983 153994 154001 154148 157251 156934 156812 152113
84365 13
152518 152588 152609 152630 152632 152709 152729 152734 154082 152594 152605 152138 156876
84366 1
156459
84373 2
156277 152799
84374 2
156067 155934
84375 2
156075 156095
84377 2
152968 151397
84379 2
156075 156095
84380 2
153079 154290
84383 2
153079 154290
84384 3
151292 151370 151252
84393 2
151303 151839
84397 1
151045
84402 2
155473 156851
84407 1
156980
84416 2
156568 153079
84417 2
155186 155305
84418 2
151923 152634
84425 1
151252
84437 1
155749
84441 2
153079 154290
84442 1
151857
84446 2
157170 155498
84455 1
151045
84456 1
156980
84458 1
152799
84459 1
152138
84460 1
155186
84465 2
153416 152186
84469 3
157122 154319 155186
84470 7
154400 156548 151857 157033 157120 157190 156998
84471 1
155498
84474 1
153667
84475 1
153079
84478 1
150955
84480 1
152391
84481 1
151057
84488 2
154720 153249
84489 2
156075 156095
84491 2
153374 153415
84498 19
151931 153297 151172 154544 154545 154588 154617 154633 154691 154719 155114 155484 153667 150983 153498 153506 153533 153628 155715
84505 1
151172
84507 1
152765
84508 1
156576
84514 1
151931
84515 1
156459
84517 1
152736
84518 2
151082 150999
84519 2
151575 152562
84520 2
151575 152562
84523 2
151087 150982
84525 2
151172 154544
84526 3
156277 156328 156426
84528 3
153374 153415 153432
84530 1
152765
84537 1
155186
84541 2
151457 151731
84542 2
151929 154183
84547 1
156972
84554 3
152968 154476 151397
84555 3
151575 152562 153275
84556 2
154183 151929
84559 1
150956
84561 1
156998
84563 2
155473 156851
84564 1
152736
84565 1
155473
84567 3
151929 154183 156119
84568 4
152138 152594 152605 156876
84569 4
156095 156107 156075 153297
84570 1
154720
84571 4
156548 154400 151857 157033
84572 1
154720
84575 1
151931
84578 3
156635 153941 152672
84579 2
151236 152596
84585 1
156972
84592 1
156459
84595 1
156980
84601 4
156277 156328 156426 152799
84608 4
157122 155749 154141 153776
84611 4
155436 153079 154290 151575
84612 2
155934 156067
84613 3
152631 150955 153029
84614 3
151969 150956 155186
84615 1
151931
84618 1
151923
84620 1
155498
84623 3
156622 155186 155305
84629 2
151172 154544
84632 1
152186
84641 4
155436 153079 154290 156972
84643 3
156635 152977 154345
84644 1
150999
84652 18
155473 156851 156946 157078 151278 151454 151579 152490 151045 151051 151106 151203 157234 155305 155186 150956 151969 154319
84654 23
156576 151016 153611 153786 156867 153450 153829 155241 153652 153705 153905 153962 154915 157063 155603 153651 153643 153456 153495 153508 152677 151833 154704
84656 4
153138 151929 154183 156119
84659 19
151575 152562 153275 155201 155244 155318 155367 155381 155911 155927 155930 157243 157091 156972 154290 153079 155436 156568 156932
84660 1
156459
84661 23
151081 151235 151352 151693 151744 151755 151785 151789 151817 152111 152159 152787 152815 152831 152947 152962 152973 153117 153280 153293 153695 153761 151057
84663 7
156396 156397 156802 156849 157089 155499 155498
84665 16
151923 152634 152635 152796 154564 154577 154702 154793 154879 157098 154569 152657 151236 152821 154521 152596
84666 10
157234 151969 150956 154319 155305 155186 156851 156946 157078 155473
84668 21
154730 154721 154715 154760 154764 155250 153275 157243 152562 155318 151575 155930 155244 155927 155911 155201 155381 155367 153274 156663 151082
84670 9
154436 155219 156396 156397 156802 156849 157089 155499 155498
84672 19
150983 153498 153506 153533 153628 155715 153667 154544 154545 154588 154617 154633 154691 154719 155114 155484 151172 153297 151931
84673 5
156396 156397 156802 156849 157089
84675 22
152736 153407 153984 152834 152791 153064 153806 153824 153800 153790 153079 155436 154290 153362 152022 153210 152976 151990 151370 152897 152824 151917
84676 21
153667 156998 157190 156548 151857 157033 157120 154400 153374 153851 153892 153896 153415 153432 153453 153491 153496 153560 157264 151931 153297
84682 9
156842 155305 155186 155473 156851 156946 157078 151969 150956
84684 17
154319 156842 157234 151203 151278 151454 151579 152490 151045 151051 151106 155186 155305 156851 156946 157078 155473
84686 24
157122 157154 150963 156291 156634 154141 153776 156622 155686 155685 155379 151303 152073 156506 157022 151924 151839 153341 155057 156522 156513 155060 153499 152134
84690 22
152765 155005 156865 154320 150955 155006 157209 157029 155185 152631 155238 154600 153029 154788 153870 154298 154702 154577 152635 154564 154879 154793
84693 10
154319 151969 150956 155473 156851 156946 157078 155186 155305 156622
84694 22
155824 156284 156301 156302 152022 151990 151370 152824 151917 152897 152976 153210 153362 154217 154984 152251 154799 155409 154475 152103 151493 151292
84696 4
151397 152968 154476 156689
84698 12
151923 152634 152635 152796 154564 154577 154702 154793 154879 157098 156459 152765
84699 22
152738 156610 151630 152110 152112 153205 154794 156469 154840 154932 155277 156120 156189 156191 156221 154224 156588 156609 157082 152107 151617 151483
84700 1
156980
84702 8
151931 153297 150983 153498 153506 153533 153628 155715
84704 23
151252 151292 151370 151493 151917 151990 152022 152103 152251 152824 152897 152976 153210 153362 154217 154475 154799 154984 155409 156483 156484 156855 156953
84705 1
156459
84707 5
156980 152968 154476 156689 151397
84709 52
151057 151081 151235 151352 151693 151744 151755 151785 151789 151817 152111 152159 152787 152815 152831 152947 152962 152973 153117 153280 153293 153695 153761 154168 154350 154468 155166 155248 155263 155297 155351 155396 155430 155580 155941 155956 155970 156009 156435 156779 156782 156856 156944 156970 156975 157011 157015 157042 157087 157099 157177 157184
84711 6
152799 156277 156328 156426 156427 156720
84712 22
155498 155499 151618 151858 152087 152501 153673 156193 154884 154941 155429 156097 156135 156150 156160 152745 156249 156267 156285 151626 151087 150982
84716 2
152391 157236
84718 6
152799 156277 156328 156426 156427 156720
84724 8
156842 157234 155186 155305 156851 156946 157078 155473
84727 10
156281 152588 152609 152630 152632 152709 152729 152734 154082 152518
84729 34
154720 151292 151370 151493 151917 151990 152022 152103 152251 152824 152897 152976 153210 153362 154217 154475 151252 154799 154984 155409 156483 156484 156855 156953 152736 153064 152834 152791 153407 153790 153800 153806 153824 153984
84733 30
155436 153079 154290 153824 153806 153407 152834 153064 153790 152791 152736 153984 153800 156302 156284 155824 156301 154217 153362 152022 153210 152976 151990 151370 152897 152824 151917 154984 152251 154799
84734 4
152391 157236 155499 155498
84735 2
155934 156067
84736 4
151397 152968 154476 156689
84739 1
156459
84740 58
153611 153905 153643 153705 153651 153450 153829 153962 154915 151016 153508 153652 155241 153786 157063 156867 153495 153456 155603 156576 154704 151833 156128 152619 152930 151722 155723 157079 155377 152677 156682 155267 155211 155691 156613 155878 156745 153594 153593 151457 156563 155952 153565 154930 154666 153383 152641 151918 154223 153998 153376 153924 153906 153338 152583 153859 153852 153238
84741 19
153851 153432 153896 153892 153453 153560 157264 153491 153496 153374 153415 154691 154633 154719 154588 154544 151172 154545 154617
84744 18
153560 153496 153415 153374 153892 157264 153896 153851 153432 153453 153491 157120 156548 154400 151857 157033 150952 152786
84746 16
155930 155381 155927 155911 151575 155244 155201 155318 155367 152562 157243 153275 152791 153984 152834 152736
84753 8
150956 151969 155186 155305 155473 156851 156946 157078
84760 26
156506 152073 156522 156513 153499 152134 155057 153341 157022 155060 151839 151924 155379 151303 155685 155686 156622 155186 155305 155473 157078 156946 156851 157234 151969 150956
84765 23
152791 152834 153806 153407 152736 153064 153984 153824 153800 153790 153362 152022 153210 152976 151990 151370 152897 152824 151917 152251 152103 151493 151292
84766 4
155498 155499 154436 155219
84781 6
152799 156277 156328 156426 156427 156720
84784 9
154319 155186 155305 151969 150956 155473 156851 156946 157078
84785 18
155241 155603 153962 154915 151016 153450 153456 153495 153508 153611 153643 153651 153652 153705 153786 153829 153905 156867
84787 1
156980
84797 1
154436
84798 1
156281
