84800 1
156622
84804 1
156622
84808 1
156980
84809 1
152765
84812 2
151292 151252
84819 6
155749 156396 156397 156802 156849 157089
84823 10
152138 152594 152605 156876 155600 156693 156850 150992 156948 156994
84852 1
155824
84860 6
152677 152930 152619 151722 151833 154704
84862 1
156459
84863 3
151731 151457 151918
84864 3
153667 156998 157190
84865 4
152799 156328 156277 156426
84866 3
153079 154290 155436
84867 1
152765
84872 4
156840 152096 152520 151021
84875 6
157122 156397 156802 156849 157089 156396
84876 5
150956 151969 157234 155305 155186
84877 6
156277 156328 156426 156427 156720 152799
84878 5
152657 152821 151236 152596 154521
84883 3
156998 157190 153498
84884 3
155219 154436 155498
84889 3
155473 156851 156946
84890 3
155498 155499 152391
84892 3
156610 151630 151617
84899 3
151857 154400 156548
84900 2
155934 156067
84901 4
152765 153029 152631 150955
84903 2
156067 155934
84906 2
152977 154345
84909 2
156972 157091
84910 2
156622 155473
84912 2
150963 153776
84915 2
156972 157091
84918 2
157122 155749
84919 2
155473 156851
84923 2
151395 151393
84925 1
156998
84926 1
156622
84928 2
156459 152657
84929 1
151057
84933 3
155499 155498 155219
84935 2
155146 155147
84936 3
156277 156328 152799
84937 1
152799
84939 2
155934 156067
84942 6
152765 153870 152631 150955 153029 154298
84946 1
152765
84948 1
152799
84949 1
156396
84960 1
152799
84962 3
156075 156095 156107
84967 1
150956
84977 5
152113 156812 156934 152977 154345
84980 2
152391 157236
84981 2
153249 152014
84982 2
156568 154290
84985 2
156277 152799
84986 2
155498 155499
84988 2
156972 157091
84989 1
156980
84991 1
151016
84992 1
151016
84997 1
155824
84998 1
156998
84999 1
153079
85002 1
152014
85013 1
156972
85017 1
152138
85022 1
156972
85023 1
151087
85037 1
152765
85046 1
152562
85058 1
150956
85065 1
153079
85067 1
156798
85074 1
156998
85076 1
151483
85077 2
152968 151397
85079 2
155934 156067
85080 1
154720
85082 9
152588 152609 152630 152632 152709 152729 152734 154082 152518
85084 9
156635 154345 152977 156934 152113 156812 151536 152423 151775
85086 9
153628 155715 150983 153498 153506 153533 156798 153211 152471
85088 9
151057 151081 151235 151352 151693 151744 151755 151785 151789
85090 9
154704 155267 152677 152930 155211 151833 151722 152619 155377
85093 9
153506 153498 155715 153533 153628 150983 156998 157190 153667
85094 9
156095 156107 156075 153297 151931 155715 153506 153628 153533
85095 9
152765 152657 154521 154569 152821 151236 152596 152635 152796
85101 9
156808 156804 156794 152102 152471 153211 156790 156791 156853
85104 3
151929 154183 156119
85105 9
153079 154290 155436 151990 152022 151370 151917 152251 152103
85108 8
155749 156396 156397 156802 156849 157089 154436 155219
85112 9
156568 153079 155436 154290 157091 156972 151990 151917 151370
85114 8
155186 155305 150956 151969 155473 156851 156946 157078
85115 5
156980 152968 154476 156689 151397
85117 5
150983 153498 153506 153533 153628
85118 5
155499 155498 155219 154436 152391
85119 5
153297 151931 153506 153498 150983
85121 5
156095 156107 156075 153667 153297
85123 5
155436 154290 153079 155201 151575
85124 5
151081 151235 151352 151693 151057
85125 1
156980
85126 5
157091 156972 156932 154730 154764
85132 6
156075 156107 156095 151931 153297 156998
85133 6
156095 156107 156075 153297 151931 153496
85137 6
151292 151370 151493 151917 151990 151252
85140 6
156107 156095 156075 151931 153297 153506
85142 5
152765 152657 152821 154521 154569
85144 5
153029 153870 152631 150955 154298
85147 7
151292 151370 151493 151917 151990 152022 151252
85148 6
152134 151839 151924 151303 152073 153341
85149 6
151081 151235 151352 151693 151744 151057
85150 6
153667 153628 153498 153506 150983 153533
85152 6
157190 156998 153506 153628 155715 153533
85154 6
154617 154544 154588 154545 151172 154633
85157 6
153776 154141 156291 150963 156634 157154
85162 1
156281
85165 4
155824 156284 156301 156302
85166 2
155934 156067
85167 6
156568 154290 153079 155436 157091 156972
85179 6
152765 152821 151236 152596 152657 154521
85180 2
155934 156067
85181 6
157122 154141 153776 156291 150963 156634
85186 5
156277 156328 156426 156427 152799
85187 1
156980
85189 5
152765 153029 153870 152631 150955
85191 5
156932 156568 157091 156972 155436
85192 1
156980
85193 2
156123 156638
85197 5
154720 151370 151493 151917 151292
85198 5
156663 150999 153274 151082 156568
85199 1
156459
85204 5
156291 154141 150963 153776 156634
85207 2
155934 156067
85209 5
156013 156001 153180 155420 156024
85210 3
151929 154183 156119
85211 4
151969 150956 155305 155186
85212 1
156281
85213 4
153941 153960 153964 152672
85219 4
155499 155498 156397 156396
85220 1
156459
85222 4
152765 153029 152631 150955
85223 4
153297 151931 156998 157190
85226 4
154400 156548 151857 157033
85229 4
151931 153297 153498 150983
85230 4
155305 155186 150956 151969
85234 4
151081 151235 151352 151057
85235 5
157190 156998 150983 153506 153498
85236 4
153450 153456 151016 153495
85237 4
152968 154476 156689 151397
85239 4
157091 156972 155436 154290
85243 4
152594 152605 156876 152138
85249 4
152391 157236 155499 155498
85252 6
153870 154298 153029 150955 152631 154320
85254 6
156301 156302 155824 156284 151990 151370
85256 1
156980
85258 4
151051 151106 151203 151045
85259 4
152968 154476 156689 151397
85266 4
154400 156548 151857 157033
85269 4
154319 155186 155305 155473
85273 3
151617 151630 151483
85274 3
156576 151016 153450
85275 3
155473 156851 156946
85276 2
154544 151172
85278 2
151914 151874
85280 1
150983
85282 1
152799
85283 1
153079
85301 1
152138
85303 1
151931
85306 1
152765
85310 1
152736
85311 1
151303
85336 1
154715
85345 3
156075 156095 156107
85347 1
156980
85348 1
156980
85349 1
153667
85361 1
155749
85366 3
152968 154476 151397
85367 3
151081 151235 151057
85368 3
154544 151172 154545
85370 3
151292 151370 151252
85375 1
153138
85384 1
156396
85421 1
156459
85444 2
155473 156851
85446 2
151575 152562
85451 2
156635 152977
85452 2
156610 151617
85453 2
151575 155201
85455 2
152594 152138
85462 2
153416 152186
85478 4
155600 156693 156850 150992
85479 4
152634 152635 152796 151923
85511 1
152532
85515 2
152391 157236
85516 2
152765 152657
85518 2
154436 155219
85520 1
150955
85521 1
156568
85522 1
156576
85524 1
155498
85529 1
155498
85548 1
155498
85555 1
157122
85623 1
155498
85635 6
152134 151839 151924 151303 152073 153341
85636 5
156980 152968 154476 156689 151397
85637 4
156397 156802 156849 156396
85642 4
156107 156075 156095 153297
85643 1
152186
85665 2
151081 151057
85677 1
152672
85681 1
156396
85682 1
151575
85685 1
152799
85694 1
156972
85695 1
155186
85700 1
156980
85702 1
151575
85705 1
155473
85709 2
151081 151057
85714 1
152799
85717 1
151369
85718 1
156635
85722 2
156396 156397
85723 1
155934
85742 1
152186
85751 2
152765 152631
85797 3
153416 156954 152186
85798 2
153416 152186
85799 2
153079 154290
85821 2
156998 157190
85823 2
153941 152672
85824 2
156067 155934
85826 2
156635 152977
85830 2
156067 155934
85833 2
152391 157236
85844 1
156459
85848 1
152391
85850 1
151057
85853 1
151483
85855 1
152138
85856 2
152562 153275
85858 1
156568
85859 1
157023
85864 1
152186
85874 2
152657 152821
85880 1
153079
85883 1
151087
85884 2
152113 156812
85898 1
151303
85899 2
151236 152596
85900 1
156980
85906 1
151172
85907 3
151395 151393 151775
85928 1
156459
85930 4
152594 152605 156876 152138
