86806 1
152562
86810 1
151931
86813 2
156610 151617
86817 2
153374 153415
86824 4
156980 151106 151203 151051
86834 1
156980
86836 1
155934
86839 1
151397
86840 1
156980
86842 1
156980
86854 1
156980
86855 1
152391
86856 1
155473
86859 3
150955 152631 153029
86866 1
150952
86871 2
155934 156067
86872 1
154715
86873 1
151857
86882 2
152977 154345
86883 2
152594 152138
86884 3
152765 152631 150955
86889 1
151931
86893 1
152672
86896 1
156459
86899 2
153079 154290
86900 3
156075 156095 156107
86902 1
152736
86912 2
151395 151393
86913 1
152138
86917 1
156459
86927 5
156396 156397 156802 156849 157089
86931 7
151081 151235 151352 151693 151744 151755 151057
86944 1
150963
86951 2
152594 152138
86952 2
156638 156123
86954 2
150955 152631
86976 2
155305 155186
86978 2
155499 155498
86979 2
156277 156328
86984 1
156622
87010 1
156972
87012 2
151081 151057
87018 1
156842
87019 1
151857
87027 1
156980
87030 1
156980
87034 4
153415 153432 153374 153453
87037 3
152596 151236 152657
87041 2
156277 152799
87042 4
156281 152609 152630 152588
87044 1
156396
87046 1
153667
87047 2
156972 157091
87048 1
152738
87050 2
152594 152138
87057 6
153667 151857 154400 156548 157033 157120
87059 3
155498 155499 152391
87060 3
155600 150992 156693
87061 2
155934 156067
87062 3
151081 151235 151057
87063 3
152594 152605 152138
87065 3
152791 152736 152834
87066 3
151081 151235 151057
87070 2
153138 156123
87071 1
152765
87074 1
151057
87077 1
156972
87080 1
150956
87081 1
152738
87082 1
151236
87083 1
154436
87085 2
153079 154290
87087 3
152594 152605 152138
87088 2
156277 156328
87089 3
155186 155305 157234
87091 2
152391 157236
87092 1
152799
87094 3
153275 152562 157243
87095 1
156459
87097 1
151172
87098 1
151931
87104 1
156459
87111 1
156281
87117 4
154290 155436 153079 156568
87119 1
156635
87131 1
151874
87135 1
156980
87136 1
156459
87138 4
153776 154141 150963 156291
87145 4
152631 153029 150955 153870
87147 1
151303
87151 1
151236
87155 1
152736
87156 6
152738 156610 151630 152110 152112 152107
87157 1
157122
87158 1
151931
87167 2
156067 155934
87168 2
155498 155499
87169 1
152765
87172 1
152799
87177 2
152765 152634
87205 1
156610
87211 1
152672
87212 1
152562
87219 2
153667 151857
87220 1
156277
87221 1
154436
87225 6
156277 156328 156426 156427 156720 152799
87226 1
152738
87227 4
157243 153275 152562 151575
87228 2
152977 154345
87238 2
151016 153450
87244 2
155219 154436
87256 1
157170
87262 1
154436
87263 4
157091 156972 154290 153079
87267 2
152672 153941
87268 2
157122 151303
87285 1
157170
87286 1
152799
87289 3
154544 151172 154545
87290 3
156277 156328 152799
87296 3
154544 151172 154545
87297 1
155186
87298 3
151575 152562 153275
87311 3
151931 153297 156998
87313 1
150956
87316 2
156568 156972
87317 1
156842
87318 1
153496
87319 2
152631 150955
87320 2
154319 150956
87321 2
150983 153498
87334 4
156277 156328 156426 156427
87335 1
157170
87346 1
155934
87350 2
151082 150999
87352 1
156576
87353 2
153667 156075
87354 2
151722 151833
87356 1
156459
87357 1
152186
87358 1
150983
87364 1
156459
87365 3
153450 151016 153456
87373 1
156998
87374 1
152186
87379 2
151722 151833
87384 2
153667 150983
87391 1
156842
87400 1
156635
87406 2
153374 153415
87407 1
151874
87408 3
151575 152562 153275
87413 2
153667 156840
87444 2
155498 155499
87447 1
152562
87448 1
156568
87450 3
153498 150983 153506
87451 1
156842
87457 1
152765
