87462 1
152391
87466 1
156972
87468 1
151857
87470 1
151397
87471 1
156396
87472 1
155824
87473 3
156277 156328 156426
87474 1
150956
87482 4
151292 151370 151493 151252
87485 4
154436 155219 152391 157236
87486 2
152594 152138
87487 1
156075
87490 1
151397
87492 2
151081 151057
87494 1
155186
87498 1
154436
87500 1
156980
87505 1
152186
87506 1
156622
87511 1
150983
87520 1
156842
87530 1
156576
87531 1
153667
87533 1
156396
87534 1
151172
87540 1
155934
87541 1
150963
87543 1
150956
87545 3
156932 151575 155201
87551 1
156635
87555 2
152594 152138
87556 1
156972
87557 1
153138
87559 9
157190 156998 153667 157120 154400 151857 156548 157033 153628
87564 1
156972
87576 1
155934
87579 1
156459
87581 1
156980
87618 4
156353 156328 156277 156426
87619 1
152765
87620 1
150955
87621 1
152138
87634 2
152672 153941
87649 1
155934
87650 1
153079
87652 2
157236 152391
87653 1
152138
87660 3
151969 150956 155186
87661 1
151931
87667 3
156277 156328 152799
87668 2
151722 151833
87669 1
155186
87673 1
152765
87674 1
155498
87677 1
151931
87680 1
151393
87695 1
150956
87714 1
156980
87725 1
156075
87727 3
152631 150955 153029
87728 1
151057
87733 1
152186
87753 1
151303
87763 1
156980
87764 1
156576
87769 1
152799
87777 1
152799
87784 1
156980
87786 1
156396
87788 1
151252
87793 2
156075 156095
87794 1
155934
87795 2
156396 156397
87800 2
151395 151393
87801 4
153667 153498 150983 153506
87803 3
156075 156095 156107
87804 3
151087 151618 150982
87807 3
152588 152609 152518
87808 2
152594 152138
87809 2
152631 150955
87811 2
154319 155186
87829 1
151057
87841 1
155934
87853 2
153079 154290
87856 2
156568 156972
87874 1
153138
87880 2
156998 157190
87884 1
156635
87896 2
156998 157190
87897 2
151081 151057
87906 2
151292 151252
87908 3
155749 157122 154141
87909 1
156980
87910 2
151303 151839
87911 2
151081 151057
87912 3
152765 152631 150955
87918 1
156842
87928 1
151575
87932 1
155824
87934 1
152736
87940 1
151172
87945 2
152113 156812
87951 2
152588 152518
87952 2
156635 152977
87955 2
152562 151575
87972 2
156277 156328
87973 2
152672 153941
87974 2
152672 153941
87976 1
156635
87980 1
152765
87981 1
151397
87985 3
151081 151235 151057
87995 1
156576
87996 1
151457
87997 1
152186
87998 1
151397
87999 1
150963
88001 1
156980
88002 1
156396
88007 1
151575
88009 1
150956
88018 2
157170 155498
88020 3
153079 154290 155436
88022 1
156277
88024 1
152672
88025 1
157023
88026 1
152138
88035 3
157122 156622 150956
88040 3
151081 151235 151057
88041 3
156972 157091 153079
88048 2
153416 152186
88049 1
151722
88050 1
151923
88052 1
155498
88053 2
156622 155473
88058 1
155498
88063 1
151057
88066 1
152765
88070 1
152736
88071 1
155749
88082 3
151081 151235 151057
88083 3
152594 152605 152138
88085 3
153079 154290 155436
88086 1
156075
88087 1
151057
88088 1
155934
88090 2
155824 156284
88106 4
152799 156328 156277 156426
88107 2
155934 156067
88108 2
151172 154544
88112 1
151575
88121 2
151929 154183
88123 2
151857 154400
88125 3
156277 156328 152799
88129 2
152736 152791
88136 3
152391 157236 155749
88138 3
152186 153416 156954
88140 4
156635 152977 154345 151536
88141 3
151369 151429 154485
88142 3
152968 154476 151397
88143 3
151626 151087 151858
88145 3
153297 151931 150983
88146 3
156277 156328 156426
88147 3
152634 152635 151923
88148 2
156277 152799
88150 2
151395 151393
88151 1
156980
88155 2
155219 154436
88156 1
155498
88157 1
155186
88161 1
152134
