88175 2
153416 152186
88176 2
153079 154290
88196 2
152968 151397
88204 1
151931
88208 3
156622 151924 151839
88216 1
153079
88217 1
151057
88219 1
156980
88229 1
155498
88233 1
151252
88234 1
151303
88270 2
155498 155499
88305 1
155473
88306 1
153374
88310 1
152765
88311 1
150991
88312 1
152765
88315 1
152186
88328 1
156622
88330 1
154720
88343 1
152799
88362 2
156277 152799
88363 2
152134 153499
88378 3
155498 155499 152391
88386 1
153079
88391 3
156972 157091 154290
88392 1
156459
88393 1
156980
88396 2
152594 152138
88397 1
155186
88398 1
152765
88399 1
151931
88418 2
151087 150982
88426 2
156972 157091
88427 2
156568 152562
88433 2
152594 152138
88434 2
151931 153297
88435 2
152765 152631
88437 2
151081 151057
88440 2
151857 154400
88442 2
156635 152977
88443 2
151016 153450
88487 2
151051 151045
88496 1
151929
88500 1
152014
88529 1
156576
88530 1
156622
88533 2
152738 156610
88534 2
153776 150963
88535 2
156638 156123
88547 4
157023 151684 152515 151673
88548 4
155305 155186 151106 151203
88560 2
155473 156851
88563 2
151236 152596
88565 1
152765
88572 1
152138
88573 4
157190 156998 154400 151857
88576 2
155499 155498
88577 1
156980
88578 1
156980
88579 2
155498 155499
88592 1
155934
88602 1
156980
88603 1
155934
88621 7
154319 155305 155186 151454 151579 151106 151278
88622 3
152186 153416 156954
88625 6
153960 153983 152672 153941 153964 153994
88627 6
154475 154799 152103 153210 151252 155409
88628 5
156353 152594 152605 152138 156876
88629 6
155473 157078 156851 156946 156622 155186
88630 7
156107 156095 156075 151931 153297 153506 153628
88632 6
156568 154290 153079 155436 152562 153275
88633 1
154436
88634 1
156576
88635 1
152765
88636 1
152736
88637 1
152672
88639 1
153138
88640 1
155473
88641 1
154319
88645 2
152391 157236
88647 2
153498 150983
88699 1
156980
88700 2
152631 150955
88707 1
151931
88751 2
156067 155934
88754 2
151923 152634
88756 1
156980
88758 2
156998 157190
88759 2
156277 152799
88761 1
156281
88762 2
152594 152138
88763 2
155498 155499
88764 2
151081 151057
88767 2
151369 151429
88768 2
151303 151839
88771 2
151051 151045
88772 2
156396 156397
88774 2
156635 151536
88775 2
155498 155499
88778 3
153416 156954 152186
88781 2
156622 155473
88782 2
156075 156095
88783 1
151397
88785 1
153496
88786 1
156459
88787 1
151931
88788 1
150983
88793 3
152594 152605 152138
88794 1
151483
88795 1
151172
88797 1
151931
88799 1
155824
88801 1
156980
88805 1
152138
88818 3
156277 156328 152799
88819 1
156998
88833 3
155473 156851 156946
88835 3
154436 155219 152391
88850 1
151931
88851 2
155934 156067
88852 5
156568 151082 153274 150999 156663
88855 2
152968 151397
88860 3
151857 154400 156548
88861 3
155498 155499 152391
88863 3
151969 150956 155186
88867 1
155186
88868 1
156396
88869 1
151931
88880 2
156635 152113
88881 2
151172 154544
88882 1
152186
88892 4
153275 151575 152562 155201
88893 3
151292 151370 151252
88895 3
152736 152791 152834
88897 3
152391 157236 155749
88901 3
154400 151857 156548
88902 3
156635 152113 156812
88903 3
156396 156397 156802
88905 3
152631 150955 153029
88906 1
150991
88907 1
156998
88908 1
150983
88909 1
150963
88910 1
153667
88918 1
151857
88936 1
151057
88943 1
152799
88944 1
155498
88954 1
153138
88955 1
155498
88960 1
152765
