89782 1
153159
89786 1
150956
89787 1
151045
89788 1
152186
89791 1
152391
89832 1
151931
89834 1
150983
89836 1
151536
89855 1
151369
89879 1
156622
89880 1
151457
89884 1
156459
89885 2
152765 151236
89898 1
156075
89900 1
156396
89911 2
156622 155473
89913 1
156459
89916 1
150999
89919 2
157023 151673
89920 1
153138
89921 2
156075 156095
89932 2
156932 154715
89933 3
153667 150983 153498
89936 2
152738 156610
89937 2
151081 151057
89939 3
157236 152391 155498
89941 3
156396 156397 156802
89946 1
151236
89955 1
157170
89957 1
151722
89962 2
155499 155498
89963 1
156576
89964 1
155498
89965 1
155498
89969 1
150992
89970 2
153416 152186
89971 1
150982
89972 1
151057
89973 1
150991
89980 1
151929
89981 1
156123
89982 2
156638 156123
89989 2
156075 156095
89992 2
151369 151429
89993 1
157170
89994 1
155498
89998 2
156622 151969
90000 2
152634 151923
90001 1
153138
90004 2
150955 152631
90005 2
152391 157236
90006 2
152594 152138
90010 2
157236 152391
90013 2
151575 152562
90016 2
156638 156123
90020 2
157170 155219
90029 1
152113
90034 1
156576
90063 2
156277 152799
90064 2
152672 153941
90075 2
151923 152634
90076 1
152186
90078 1
152736
90082 1
151931
90083 2
156396 156397
90085 1
156980
90087 2
153667 156998
90089 1
156972
90091 2
150983 153498
90093 1
152765
90094 2
152113 156812
90095 2
154183 151929
90097 1
152138
90108 2
151082 150999
90116 3
154290 153079 155436
90117 2
155146 155147
90118 2
156980 156842
90121 1
157023
90122 4
155749 157236 152391 157122
90123 4
152594 152605 156876 152138
90129 1
155498
90131 1
156622
90132 1
152186
90135 2
156123 156638
90157 1
156998
90161 1
150982
90162 1
151303
90164 1
154715
90173 2
151969 150956
90180 2
152113 156812
90181 2
156635 154345
90184 2
156568 152562
90185 1
156980
90186 2
151172 154544
90188 1
151172
90191 1
156635
90193 1
151252
90194 1
152186
90201 8
156291 150963 153776 154141 157154 156634 156622 153499
90203 2
155934 156067
90205 8
152765 153029 153870 154298 154320 154600 152631 150955
90206 4
152138 152594 152605 156876
90207 3
152186 153416 156954
90208 2
155934 156067
90210 1
153667
90216 1
152113
90217 1
156396
90218 1
153079
90225 1
156980
90226 1
156396
90248 1
156610
90259 2
156622 151303
90260 3
151303 151839 151924
90261 3
156397 156802 156396
90266 1
153138
90268 1
152113
90272 1
154436
90274 1
152977
90277 1
151857
90279 1
152765
90282 1
156998
90284 1
155934
90285 1
152765
90291 2
154720 151292
90292 1
151483
90294 1
150983
90295 1
152765
90296 1
151931
90297 1
151057
90300 1
151397
90317 1
156396
90322 1
151172
90323 1
152138
90326 1
152736
90327 1
153079
90333 1
152391
90342 5
156576 153495 153450 151016 153456
90345 4
151397 152968 154476 156689
90348 4
151931 153297 156075 156095
90349 2
155934 156067
90350 5
157091 156972 153079 154290 155436
90351 4
156396 156397 156802 156849
90355 1
156281
90356 3
152672 153941 153960
90357 3
153498 150983 153506
90358 3
155499 155498 155219
90360 3
155498 155499 156396
90361 1
156980
90362 2
151931 153297
90363 2
156576 151016
90365 2
151617 151483
90367 1
155473
90377 1
151923
90463 3
155305 155186 157234
90498 2
151081 151057
90532 2
156635 152977
90533 2
156397 156396
90534 2
153776 150963
90539 2
152113 156812
90541 2
155498 155499
90546 1
153159
90550 1
151457
90566 1
151057
90568 1
151483
90573 1
152391
90577 2
153667 150983
90578 3
151929 154183 156119
90581 2
151057 151081
90582 2
157234 156842
90585 3
151929 154183 156119
90588 2
156123 156638
90589 6
152799 156277 156328 156426 156427 156720
90590 10
154345 152977 151536 152423 155330 151775 153311 152421 151395 151393
90597 2
152391 157236
90598 4
152391 157236 155499 155498
90599 9
153667 156998 157190 153533 153628 150983 155715 153498 153506
90607 10
152631 150955 153029 153870 154298 154320 154600 154788 155005 155006
90608 11
151575 155927 155367 155930 155381 155911 155244 155201 155318 152562 153275
90609 9
156851 157078 155473 156946 150956 151969 155186 155305 157234
