91490 3
152631 150955 153029
91492 4
156622 151924 152073 151839
91495 7
157234 156851 156946 157078 155473 155305 155186
91496 10
155005 154788 154320 154600 152631 150955 153029 153870 154298 155006
91497 10
150983 153498 153533 153628 155715 153506 153667 156548 151857 154400
91503 4
151617 151630 152107 151483
91505 4
154290 155436 153079 150999
91506 2
155934 156067
91510 4
151081 151235 151352 151057
91513 1
156980
91518 3
156998 157190 156095
91519 3
156353 156328 156277
91520 4
153249 154737 156053 152014
91522 3
152186 153416 156954
91524 4
151303 151839 151924 152073
91525 2
155934 156067
91529 1
156980
91531 5
153456 153495 153450 151016 153508
91533 4
153960 153941 152672 153964
91534 2
155934 156067
91536 2
155934 156067
91537 4
151081 151235 151352 151057
91539 4
152594 152605 156876 152138
91543 4
151081 151235 151352 151057
91544 4
152103 153210 151252 154475
91547 1
156459
91548 4
155498 155499 157236 152391
91549 4
156353 152605 152594 152138
91555 4
156972 157091 154720 152736
91558 3
156067 155934 153416
91559 3
155473 156851 156946
91560 2
152391 157236
91563 3
156576 152738 156610
91564 3
153416 156954 152186
91565 2
155934 156067
91567 1
157023
91570 3
153415 153374 153432
91572 3
153776 150963 154141
91574 3
156277 156328 152799
91577 3
152672 153941 153960
91578 3
154720 151370 151292
91580 3
151051 151106 151045
91581 3
153498 153506 150983
91582 3
155749 152391 157236
91584 4
156067 155934 153416 152186
91585 3
155749 152391 157236
91587 4
153374 153415 153432 153453
91588 4
156802 156396 156397 156849
91589 1
156980
91590 5
150956 151969 155473 156851 156946
91593 4
157190 156998 154545 154588
91594 1
156459
91598 3
151929 154183 156119
91600 5
153960 153964 152672 153941 153983
91601 4
156568 155436 153079 154290
91603 5
155499 155498 155219 154436 152391
91604 3
154183 156119 151929
91606 3
153416 156954 152186
91608 3
154345 152977 152672
91612 10
156568 157091 156972 155318 155367 155911 155201 152562 151575 153275
91620 9
152977 154345 151393 152421 151395 153311 151775 155330 155643
91623 6
152631 150955 153029 153870 154298 154320
91626 6
152596 152657 151236 152821 154521 154569
91629 1
156459
91630 7
156568 155381 155201 155244 155318 151575 155367
91631 3
152672 153941 153960
91632 1
152765
91633 2
155934 156067
91634 4
155207 155215 154485 156770
91639 3
156972 157091 154290
91640 3
156932 151874 151914
91642 3
156568 153275 152562
91646 3
152765 152635 152634
91647 5
151081 151235 151352 151693 151057
91650 1
153138
91659 5
151673 151684 152515 153119 150991
91660 1
153138
91662 1
156980
91663 3
155186 155305 150956
91664 3
152134 153499 155060
91667 5
152619 152677 151833 151722 152930
91668 3
156568 152562 151575
91669 1
152765
91673 1
156980
91675 3
153450 151016 153456
91677 3
151236 152596 152657
91678 2
155934 156067
91680 2
155934 156067
91681 6
156277 156328 156426 156427 156720 152799
91682 3
151929 154183 156119
91683 3
151929 154183 156119
91684 3
152522 153371 151234
91685 3
156396 156397 156802
91686 2
156123 156638
91690 1
156459
91693 3
154544 151172 154545
91694 4
153415 153432 153374 153453
91697 3
154183 156119 151929
91700 5
150956 151969 155473 156851 156946
91703 3
152765 151923 152634
91704 3
157170 155219 154436
91706 2
154436 155219
91710 5
157033 154400 156548 151857 157120
91712 4
157190 156998 156548 154400
91713 2
155934 156067
91714 4
155305 155186 154319 151969
91715 4
151969 150956 155473 156851
91718 4
153960 153941 152672 153964
91720 4
151057 151081 151235 151352
91723 3
156328 156277 156426
91724 2
156123 156638
91726 3
156277 156328 152799
91729 2
155934 156067
91730 3
153079 154290 155436
91731 2
156123 156638
91732 3
157170 155498 155499
91734 3
153667 157190 156998
91735 3
152736 152791 152834
91736 3
151575 155201 155244
91739 3
156622 151839 151303
91740 3
152631 150955 153029
91741 3
156622 155473 156851
91745 4
152799 156426 156328 156277
91746 3
156396 156397 156802
91747 3
153079 154290 155436
91756 1
156980
91758 3
151236 152596 152657
91759 2
155934 156067
91761 1
156980
91763 3
156622 155186 155305
91764 2
155934 156067
91765 3
153297 151931 156075
91767 3
152634 151923 152635
91769 3
156610 151630 151617
91772 3
156095 156075 156107
91775 3
153579 152078 151847
91777 3
152562 151575 153275
91779 3
156635 152977 154345
91782 3
154290 153079 155436
91784 4
152562 153275 151575 155201
91786 4
154290 155436 153079 156972
91789 3
157190 156998 153667
91790 2
155934 156067
91791 4
156802 156396 156397 156849
91793 3
156610 151630 151617
91795 8
156568 154290 155436 153079 155318 151575 155244 155201
91798 2
155934 156067
91799 1
152765
91801 5
151292 151370 151493 151252 151917
91803 5
151931 153297 156107 156095 156075
91804 3
151969 150956 155186
91806 1
156980
91807 3
153416 156954 152186
91808 4
153506 150983 153498 153533
91810 2
155934 156067
91812 1
156459
91813 4
152596 152657 151236 152821
91819 1
156980
91821 4
157243 153275 152562 151575
91822 4
151931 153297 154544 151172
91823 1
156980
91827 1
156980
91829 5
155499 155498 155219 154436 152391
91833 3
155305 155186 151969
91834 3
151292 151370 151252
91837 5
152596 152657 152821 154521 151236
91838 5
153029 153870 150955 152631 154298
91843 2
155934 156067
91844 3
151292 151370 151252
91845 3
156277 156328 152799
91846 2
155934 156067
91847 3
152113 156812 156934
91849 4
152834 152736 152791 153064
91850 3
152765 156459 152635
91852 3
153275 152562 157243
91853 3
154400 151857 156548
91855 3
152791 152736 152834
91857 3
152736 152791 152834
91861 4
156635 152977 154345 151536
91863 3
153416 156954 152186
91864 5
153870 153029 150955 152631 154298
91867 4
151292 151370 151493 151252
91868 2
155934 156067
91870 3
155824 156284 156301
91873 2
156635 156459
91878 7
151969 150956 155186 155305 157234 151454 151106
91881 9
153079 154290 155436 155318 155244 155381 155201 151575 155367
91883 6
156277 156328 156426 156427 156720 152799
91884 4
153138 151929 154183 156119
91885 6
156277 156328 156426 156427 156720 152799
91886 6
156277 156328 156426 156427 156720 152799
91887 2
156123 156638
91889 5
150956 151969 155305 155186 155473
91890 4
156277 156328 156426 152799
91892 3
155824 156284 156301
91897 1
156281
91899 3
151081 151235 151057
91900 1
156980
91905 3
152791 152834 152736
91908 4
152138 152594 152605 156876
91909 3
152968 154476 151397
91910 3
156277 156328 152799
91911 1
156635
91913 4
153960 153941 152672 153964
91915 4
157091 156972 155436 153079
91918 3
155186 155305 150956
91922 3
153297 151931 153374
91924 3
151303 151839 151924
91926 4
152968 154476 156689 151397
91927 4
153776 154141 150963 156291
91928 4
153450 153456 151016 153495
91929 4
151303 151839 151924 152073
91933 3
154720 153275 152562
91934 3
155499 155498 156396
91935 3
156635 154345 152977
91936 3
156622 155473 156851
91937 3
156495 155497 155496
91941 4
154290 155436 153079 152736
91942 4
152834 152736 152791 153064
91943 4
157190 156998 156548 154400
91944 3
156972 157091 154290
91945 3
157170 155498 155499
91946 3
154544 151172 154545
91947 3
151081 151235 151057
91949 2
155934 156067
91950 4
155749 153776 154141 150963
91952 5
156635 154345 152977 151536 152423
91954 3
151833 151722 152619
91955 3
152968 154476 151397
91956 3
153416 156954 152186
91958 3
151292 151370 151252
91960 3
151931 153297 150983
91962 3
156397 156802 156396
91964 3
156610 151630 151617
91968 4
154345 152977 156635 151393
91973 3
154400 151857 156548
91976 4
153297 151931 150983 153498
91977 4
156635 153941 152672 153960
91978 2
155934 156067
91980 3
152765 151923 152634
91983 3
154544 151172 154545
91984 3
155305 155186 151969
91985 3
153416 156954 152186
91988 3
151081 151235 151057
91989 3
156635 152977 154345
91990 3
150955 152631 153029
91994 6
152834 153407 152736 152791 153064 153790
92001 3
152186 153416 156954
92003 4
155749 157122 152391 157236
92005 3
152186 153416 156954
92007 1
153138
92009 1
152765
92013 10
151292 151370 151493 151917 151990 152022 152103 152251 152824 151252
92014 2
155934 156067
92017 9
153628 153498 153506 153533 155715 150983 152702 152520 150952
92018 7
155215 157137 154485 155207 156770 156882 151429
92021 4
152391 157236 155499 155498
92026 5
152619 152677 151722 151833 152930
92028 5
156849 156396 156397 156802 157089
92031 1
153138
92032 4
152138 152594 152605 156876
92033 7
154290 153079 155436 151575 152562 155201 153275
92035 3
154183 156119 151929
92036 3
156277 156328 156426
92038 3
151833 151722 152619
92039 5
156842 151106 151203 151278 151051
92040 3
151303 151839 151924
92041 2
155934 156067
92042 5
155305 155186 156851 155473 156946
92045 4
156622 150956 151969 155305
92050 5
151303 151839 151924 152073 152134
92052 1
156980
92055 3
156851 155473 156946
92056 4
155499 155498 156397 156396
92058 4
155499 155498 156397 156396
92059 4
151429 154485 155207 151369
92060 3
155219 154436 155498
92064 3
152765 152631 150955
92065 3
151081 151235 151057
92067 3
151575 152562 153275
92068 3
152968 154476 151397
92074 4
157091 156972 151575 152562
92075 1
152765
92078 4
151081 151235 151352 151057
92079 4
153776 154141 150963 156291
92080 3
156980 153029 152631
92082 3
151081 151235 151057
92083 3
153776 154141 150963
92084 3
151051 151106 151045
92086 3
154544 151172 154545
92088 4
151081 151235 151352 151057
92089 4
152103 153210 151252 154475
92092 2
156123 156638
92095 3
153498 150983 153506
92097 3
151057 151081 151235
92098 3
153941 152672 153960
92099 3
152765 152631 150955
92100 3
157190 156998 153667
92102 4
155305 155186 156851 155473
92103 4
153450 153456 151016 153495
92111 3
152186 153416 156954
92112 4
152631 150955 153029 153870
92113 4
151857 154400 156548 157033
92114 3
156396 156397 156802
92115 3
152799 156277 156328
92119 3
157023 151684 151673
92120 3
152631 150955 153029
92121 3
152562 151575 153275
92124 1
153138
92125 1
153138
92126 3
156998 157190 156548
92131 3
156397 156396 156802
92132 3
155499 155498 156396
92134 3
152765 152635 152634
92135 2
153579 152532
92137 1
156980
92139 2
155934 156067
92141 2
155934 156067
92142 4
151929 154183 156119 153138
92143 3
153374 153415 153432
92146 3
156576 151016 153450
92152 3
156998 157190 156548
92154 2
155934 156067
92155 1
156980
92157 3
153297 151931 156075
92163 1
156980
92166 1
154720
92170 3
156397 156802 156396
92171 3
156980 151106 151051
92175 3
152562 153275 151575
92176 2
155934 156067
92178 3
152631 150955 153029
92179 3
156277 156328 156426
92180 3
151931 153297 150983
92181 1
156459
92182 3
150955 152631 153029
92183 3
156576 151016 153450
92184 1
156459
92188 3
152672 153941 153960
92189 3
156635 154345 152977
92192 3
152631 150955 153029
92194 3
152765 152635 152634
92197 4
153079 154290 155436 156568
92198 8
156622 156024 155420 156001 156013 156331 153180 157180
92199 3
152186 153416 156954
92200 2
155934 156067
92201 4
152138 152594 152605 156876
92203 7
152765 154564 152634 152635 151923 152796 154577
92204 7
151536 152423 151775 152421 151393 151395 153311
92208 7
154633 151172 154544 154545 154588 154617 154691
92210 5
156980 152968 154476 156689 151397
92212 4
152138 152594 152605 156876
92214 7
152834 153790 152736 152791 153064 153407 153800
92215 7
156107 156095 156075 153667 155715 153506 153628
92216 7
156576 153611 153450 153456 153508 151016 153495
92217 7
154298 154320 153870 152631 150955 153029 154600
92218 7
155147 155146 151370 151917 151990 151252 151493
92220 7
156576 153611 153450 153456 153508 151016 153495
92221 7
153297 151931 153498 153533 153506 150983 153628
92222 7
150956 151969 155305 155186 156851 155473 156946
92226 7
155318 151575 153275 152562 155201 155244 155367
92227 3
152186 153416 156954
92229 7
151087 151618 151626 151858 152087 152501 150982
92231 4
155498 155499 152391 157236
92233 2
155934 156067
92237 6
156576 152930 152619 151722 151833 152677
92240 6
154345 152977 151393 151395 152421 151775
92243 6
152765 152821 151236 152596 152657 154521
92244 1
153138
92247 4
153274 150999 151082 156663
92249 4
151931 153297 156075 156095
92253 4
154544 154545 154588 151172
92255 5
152968 154476 156689 151397 156980
92256 4
152968 154476 156689 151397
92257 4
155201 155244 151575 155318
92261 2
155934 156067
92264 4
152631 153029 150955 153870
92267 1
156980
92268 4
156576 153456 151016 153450
92269 5
152765 151923 152634 152635 152796
92271 3
155749 152391 157236
92272 4
151303 151839 151924 152073
92273 8
156291 150963 153776 154141 157154 156634 156622 157122
92274 8
156961 155331 156611 155292 156477 153886 156194 152660
92278 1
157023
92279 2
156123 156638
92280 7
151673 151684 152515 153119 153668 156433 150991
92284 7
156622 156851 156946 155473 157078 155186 155305
92289 7
156107 156095 156075 156998 157190 156548 154400
92290 4
155498 155499 154436 155219
92291 5
157122 156622 151839 151303 151924
92292 4
152765 153029 152631 150955
92293 4
154345 152977 151536 152423
92299 2
155934 156067
92300 5
155186 155305 155473 156851 156946
92301 4
152594 152605 156876 152138
92303 4
156353 156328 156277 152799
92304 9
156459 152635 154793 154564 154577 154702 152796 154879 152634
92306 2
156123 156638
92308 2
155934 156067
92311 2
155934 156067
92312 6
152631 150955 153029 153870 154298 154320
92313 5
156277 156328 156426 156427 152799
92316 4
156576 153456 151016 153450
92317 1
156459
92319 5
153275 155201 152562 151575 155244
92320 5
157190 156998 153506 153628 153533
92321 5
156622 151924 152073 152134 151839
92322 5
156946 157078 156851 155473 150956
92327 2
155934 156067
92330 3
152186 153416 156954
92332 2
155934 156067
92333 4
156932 157091 156972 151575
92335 4
151673 151684 152515 150991
92337 1
156568
92339 4
156277 156328 156426 152799
92342 5
157236 152391 155498 155499 155749
92344 1
156980
92349 4
156568 155436 153079 154290
92350 4
153667 157190 156998 154400
92351 5
152968 154476 156689 151397 156980
92352 5
156610 151630 152107 152110 151617
92355 4
154290 155436 153079 152736
92356 2
155934 156067
92357 5
156576 153495 153450 151016 153456
92358 1
156980
92359 5
155305 155186 156851 155473 156946
92361 5
156622 155473 156851 156946 157078
92364 4
152738 156610 151630 152107
92368 4
153029 150955 152631 153870
92371 4
152138 152594 152605 156876
