94127 5
156576 153495 153450 151016 153456
94128 5
153964 153941 152672 153960 153983
94131 5
156622 155186 155305 156851 155473
94132 6
156277 156328 156426 156427 156720 152799
94133 2
155749 157122
94135 3
152977 154345 156459
94137 25
157234 155305 155186 156851 156946 157078 155473 151969 150956 156522 152134 153499 155060 156513 153341 155685 155686 156506 151924 155057 151303 152073 157022 151839 155379
94140 4
153138 151929 154183 156119
94143 17
156459 152634 152635 152796 154564 154577 154702 154793 154879 151923 157098 152657 151236 152821 154521 152596 154569
94144 1
156980
94145 2
155934 156067
94147 8
153667 156998 157190 156548 151857 157033 157120 154400
94148 26
151923 152634 152635 152796 154564 154577 154702 154793 154879 157098 152631 150955 154600 153029 154788 153870 154298 155005 155006 155185 155238 156865 157029 154320 157209 152765
94152 1
156980
94153 2
155934 156067
94154 3
152113 156812 156934
94155 3
151929 154183 156119
94156 24
151931 153297 151172 154544 154545 154588 154617 154633 154691 154719 155114 155484 153496 157264 153432 153453 153491 153374 153560 153851 153892 153896 153415 153159
94161 1
152765
94162 1
156980
94163 22
156610 151630 156221 152110 152112 153205 154224 154794 154840 154932 155277 156120 156189 156191 152107 156469 156588 156609 157082 157109 151617 151483
94164 12
151172 154544 154545 154588 154617 154633 154691 154719 155114 155484 153297 151931
94169 15
151536 152423 151393 151775 152421 151395 153311 155330 155643 155644 156457 156859 156985 152977 154345
94170 18
152738 156610 151630 152110 152112 153205 154794 156469 154840 154932 155277 156120 156189 156191 156221 154224 152107 151617
94171 18
154475 154799 153210 154217 153362 151990 152022 152103 152251 151292 151370 151493 152824 151252 152897 152976 151917 154984
94174 18
156635 154345 152977 156457 151393 152421 155643 155330 153311 155644 156985 151775 156859 151395 152423 151536 156934 156812
94176 16
150955 152631 153029 153870 154298 154320 154600 154788 155005 155006 155185 155238 156865 157029 157209 152765
94179 2
155934 156067
94184 5
155292 155331 156477 156611 156961
94185 19
151536 152423 151393 151775 152421 151395 153311 155330 155643 155644 156457 156859 156985 156635 154345 152977 152113 156934 156812
94186 30
153508 151016 153643 153651 153611 153450 153705 157063 154915 153652 155241 153495 155603 153456 153786 153905 153829 156867 153962 156576 155723 155691 155377 155267 155878 154704 152677 151833 152619 151722
94187 10
152138 152594 152605 156876 155600 156693 156850 150992 156948 156994
94188 2
156123 156638
94189 18
157022 156513 156522 151303 152073 152134 153341 153499 155057 155060 151839 151924 155379 155685 155686 156506 155186 155305
94190 9
156396 156397 156802 156849 157089 155219 154436 155499 155498
94191 11
151923 152634 152635 152796 154564 154577 154702 154793 154879 157098 152765
94192 2
156123 156638
94194 50
151252 151292 151370 151493 151917 151990 152022 152103 152251 152824 152897 152976 153210 153362 154217 154475 154799 154984 155409 156483 156484 156855 156953 153984 152736 153064 152834 152791 153407 153790 153800 153806 153824 156972 157091 155381 153275 155911 155927 155930 151575 152562 155201 155244 155318 155367 157243 153079 155436 154290
94195 29
151536 152423 151393 151775 152421 151395 153311 155330 155643 155644 156457 156859 156985 152977 154345 156635 152113 156934 156812 155441 153960 153964 153983 153994 154001 154148 152672 153941 157251
94197 11
156842 157234 150956 151969 154319 155186 155305 156851 156946 157078 155473
94199 52
151057 151081 151235 151352 151693 151744 151755 151785 151789 151817 152111 152159 152787 152815 152831 152947 152962 152973 153117 153280 153293 153695 153761 154168 154350 154468 155166 155248 155263 155297 155351 155396 155430 155580 155941 155956 155970 156009 156435 156779 156782 156856 156944 156970 156975 157011 157015 157042 157087 157099 157177 157184
94200 1
154720
94203 23
153667 156798 154400 156548 151857 157033 157120 151021 153799 153956 154036 150952 152096 152520 156840 152702 152786 155715 150983 153498 153506 153533 153628
94204 52
151057 151081 151235 151352 151693 151744 151755 151785 151789 151817 152111 152159 152787 152815 152831 152947 152962 152973 153117 153280 153293 153695 153761 154168 154350 154468 155166 155248 155263 155297 155351 155396 155430 155580 155941 155956 155970 156009 156435 156779 156782 156856 156944 156970 156975 157011 157015 157042 157087 157099 157177 157184
94205 5
156980 152968 154476 156689 151397
94206 52
151057 151081 151235 151352 151693 151744 151755 151785 151789 151817 152111 152159 152787 152815 152831 152947 152962 152973 153117 153280 153293 153695 153761 154168 154350 154468 155166 155248 155263 155297 155351 155396 155430 155580 155941 155956 155970 156009 156435 156779 156782 156856 156944 156970 156975 157011 157015 157042 157087 157099 157177 157184
94208 29
156635 152423 151536 154345 152977 151395 151393 153311 151775 155330 155643 155644 156457 152421 156859 156985 152113 156934 156812 155441 153960 153964 153983 153994 154001 154148 152672 153941 157251
94210 2
155934 156067
94216 2
153416 152186
94218 2
156576 151016
94219 2
151929 154183
94236 37
151081 151235 151352 151693 151744 151755 151785 151789 151817 152111 152159 152787 152815 152831 152947 152962 152973 153117 153280 153293 153695 153761 154168 154350 154468 155166 155248 155263 155297 155351 155396 155430 155580 155941 155956 155970 151057
94246 5
152765 150955 152631 153029 153870
94247 5
151292 151370 151493 151252 151917
94248 5
156610 151630 152107 152110 151617
94249 34
154720 152791 152834 153064 153407 153790 153800 153806 153824 153984 152736 152897 152976 151917 153362 151990 152022 152251 151292 151370 152824 154217 151493 154984 156483 156484 156855 156953 151252 155409 152103 154475 153210 154799
94253 4
153138 151929 154183 156119
94254 10
157023 151673 151684 152515 153119 153668 156433 156929 150991 157198
94256 1
152186
94257 1
151303
94295 1
156980
94302 1
151057
94333 1
152765
94348 1
153138
94349 1
156980
94350 7
156353 156277 156328 152799 156426 156427 156720
94351 4
153138 151929 154183 156119
94355 51
153651 157063 153495 153643 154915 155603 153905 153611 155241 153786 153652 153456 153705 153829 153450 151016 153508 153962 156867 154704 151833 152619 152930 151722 157079 156613 156128 156682 155377 152677 155723 155267 155211 155691 155878 156745 153594 153593 151457 153565 154930 154666 153383 152641 151918 154223 153998 153376 153924 153906 153338
94356 30
155498 155499 152391 157236 157170 152087 150982 152501 152745 153673 154884 154941 155429 151087 151618 156097 156135 156150 156160 156193 156249 156267 156285 151626 151858 156802 156849 157089 156396 156397
94357 2
156123 156638
94367 18
153960 154001 153964 153994 152672 154148 155441 153983 157251 153941 156812 156635 152113 156934 151393 151395 155643 152421
94372 1
156459
94380 2
153374 153415
94382 2
151731 151457
94384 1
156980
94395 1
156459
94396 2
155186 155305
94400 2
156638 156123
94401 2
156638 156123
94403 2
156277 152799
94406 2
152738 156610
94413 1
152799
94414 1
152186
94416 1
156123
94417 1
152186
94421 1
156980
94422 5
153456 153495 153450 151016 153508
94423 4
152138 152594 152605 156876
94424 10
150991 151673 151684 152515 153119 153668 156433 156929 157198 157023
94425 3
153450 151016 153456
94429 2
152391 157236
94431 3
152186 153416 156954
94434 47
153905 153651 154915 153456 153495 153962 157063 153705 153643 153611 153829 153786 153450 151016 155603 156867 155241 153508 153652 156576 153376 153338 156579 154223 153998 154666 152322 154930 152583 153238 153924 153906 152975 156608 153859 153852 151918 153715 153635 151457 155952 153594 153593 152641 153565 153383 151731
94435 1
156281
94440 1
156459
94442 30
151236 152596 152657 152821 154521 154569 153029 153870 154298 154320 150955 152631 154600 154788 155005 155006 155185 155238 156865 157029 157209 155215 151429 156770 154485 156882 151369 157137 155207 152765
94445 2
152391 157236
94446 22
154915 153450 155241 155603 156867 157063 153456 153495 153508 153611 153643 153651 153652 153705 153786 153829 153905 153962 151016 156576 155211 154704
94449 4
153138 151929 154183 156119
94481 1
151929
94487 2
151617 151483
94488 2
155186 155305
94489 1
151057
94490 1
156635
94492 1
151857
94496 1
155146
94497 2
151536 152423
94498 1
156980
94499 71
156576 151731 151918 152322 152583 152641 152975 153238 153338 153376 153383 153565 153593 153594 153635 153715 153852 153859 153906 153924 153998 154223 154666 154930 155952 156563 151457 156579 156608 156700 156916 156924 156957 157055 157253 155878 152677 156128 152930 151722 152619 154704 156613 156682 151833 156745 155211 155267 155377 155691 157079 155723 153905 153456 153611 153962 153495 153643 153651 153652 154915 153705 153508 156867 155241 153786 153829 155603 157063 151016 153450
94501 28
156281 155600 150992 156693 156850 156948 156994 154691 154719 155114 155484 151172 154544 154545 156798 154588 154617 154633 153667 156791 156794 152471 156804 156808 153211 156853 152102 156790
94502 13
153667 156841 153506 153533 153628 150983 155715 153498 151857 156548 154400 157033 157120
94503 2
151969 150956
94526 2
156067 155934
94583 1
151016
94670 9
153667 156998 157190 153533 153628 150983 155715 153498 153506
94675 15
155185 157029 155005 155006 155238 156865 153029 153870 154298 154320 152631 150955 154600 154788 157209
94676 3
152186 153416 156954
94677 1
156277
94680 2
151722 151833
94691 10
157234 156851 156946 157078 155473 154319 155305 155186 150956 151969
94696 14
151857 154400 156548 157033 157120 153628 150983 155715 153498 153506 153533 153667 151931 153297
94699 25
155146 155147 151493 151917 151990 152022 152251 152824 152897 152976 153362 154217 154984 151292 151370 156483 156484 156855 156953 152103 155409 154475 154799 153210 151252
94702 9
157234 151969 150956 155305 155186 156851 156946 157078 155473
94705 19
151393 151395 151775 152421 153311 155330 155643 155644 156457 156859 156985 152423 151536 152113 156934 156812 152977 154345 156635
94706 13
152113 156812 156934 153960 153964 153983 153994 154001 154148 155441 152672 153941 157251
94708 10
157023 151673 151684 152515 153119 153668 156433 156929 150991 157198
94710 8
155186 155305 155473 156851 156946 157078 157122 156622
94711 2
151536 152423
94715 7
155749 153776 154141 150963 156291 156634 157154
94716 1
156459
94719 33
154290 153079 155436 153800 153790 153407 153824 152834 152736 153984 152791 153064 153806 154217 153362 152022 153210 152976 151990 151370 152897 156483 152824 151917 155409 154984 152251 154799 154475 152103 151493 151292 151252
94722 33
152791 153800 152736 152834 153064 153806 153407 153790 153824 153984 155201 151575 157243 155927 155367 155318 155911 153275 155381 152562 155930 155244 154217 153362 152022 153210 152976 151990 151370 152897 152824 151917 154984
94723 3
152186 153416 156954
94726 1
156459
94727 23
151081 151235 151352 151693 151744 151755 151785 151789 151817 152111 152159 152787 152815 152831 152947 152962 152973 153117 153280 153293 153695 153761 151057
94730 2
155934 156067
94734 2
156998 157190
94735 2
155934 156067
94736 9
153667 153498 153506 153533 153628 150983 155715 156998 157190
94738 23
151483 151617 151630 152107 152110 152112 153205 154224 154794 154840 154932 155277 156120 156189 156191 156221 156469 156588 156609 157082 157109 157153 156610
94739 28
151081 151235 151352 151693 151744 151755 151785 151789 151817 152111 152159 152787 152815 152831 152947 152962 152973 153117 153280 153293 153695 153761 154168 154350 154468 155166 155248 151057
94740 1
156281
94741 6
152799 156277 156328 156426 156427 156720
94743 6
152799 156277 156328 156426 156427 156720
94744 1
156459
94745 22
152672 154148 153941 155441 154001 153994 153983 157251 153964 153960 156635 151393 156457 155644 151395 156985 155643 155330 152421 151775 153311 156859
94747 18
153374 153415 153432 153453 153491 153496 153560 153851 153892 153896 157264 157190 156998 156075 156095 156107 151931 153297
94750 22
152765 155005 156865 154320 150955 155006 157209 157029 155185 152631 155238 154600 153029 154788 153870 154298 154702 154577 152635 154564 154879 154793
94751 26
152765 155005 153870 156865 155185 155006 154320 157209 157029 152631 150955 154600 153029 154788 155238 154298 154702 154577 152635 157098 154564 154879 154793 152796 152634 151923
94752 23
151081 151235 151352 151693 151744 151755 151785 151789 151817 152111 152159 152787 152815 152831 152947 152962 152973 153117 153280 153293 153695 153761 151057
94754 6
155146 155147 154737 152014 153249 156053
94756 1
153138
94757 6
152799 156277 156328 156426 156427 156720
94758 22
155185 154298 156865 155238 155006 155005 157029 157209 154320 152631 150955 154600 153029 154788 153870 154702 154577 152635 154564 154879 154793 152796
94763 6
152799 156277 156328 156426 156427 156720
94816 1
156396
94818 18
150983 153498 153506 153533 153628 155715 154544 154545 154588 154617 154633 154691 154719 155114 155484 151172 151931 153297
94820 2
155934 156067
94823 1
155749
94824 3
151929 154183 156119
94825 24
155473 156851 156946 157078 155186 155305 150956 151969 153499 155057 155060 151839 151924 155379 151303 155685 155686 156506 156513 156522 152073 152134 157022 153341
94826 8
151369 151429 154485 155207 155215 156770 156882 157137
94837 12
153806 152736 153407 153800 153824 153984 152834 153064 153790 152791 152022 151990
94839 11
156610 151630 154224 152110 152112 153205 152107 154794 154840 154932 151617
94840 1
156539
94841 4
153025 156495 153384 153579
94842 3
152977 154345 151536
94844 1
156801
94848 3
151731 151457 151918
94849 3
151021 150952 152096
94852 3
154720 151370 151292
94853 3
151081 151235 151057
94855 2
152672 153941
94856 2
156576 151016
94860 2
152736 152791
94862 2
152134 153499
94864 1
156980
94870 3
151833 151722 152619
94871 1
156980
94872 1
157023
94873 2
151057 151081
94876 2
157122 156622
94878 2
156396 156397
94879 3
152186 153416 156954
94882 5
155436 154290 153079 153275 151575
94884 5
156610 151630 152107 152110 151617
94886 3
151429 151369 154485
94888 1
156980
94892 3
153667 153506 153498
94895 2
152672 153941
94898 5
156301 156302 155824 156284 151370
94905 8
152657 152821 154521 154569 151236 152596 152635 152796
94906 5
157023 151684 152515 153119 151673
94907 3
152113 156812 156934
94908 2
151016 153450
94910 3
152186 153416 156954
94911 5
156397 156802 156849 157089 156396
94916 3
153374 153415 153432
94918 2
153384 152532
94922 7
156513 152134 153499 155060 156522 152073 151839
94923 7
154475 155409 152103 153210 154799 151252 152022
94924 3
151929 154183 156119
94925 7
154298 154320 153870 152631 150955 153029 154600
94927 7
157089 156396 156397 156802 156849 155219 154436
94928 1
156980
94931 2
155934 156067
94934 8
152765 154569 152821 152596 152657 151236 154521 152635
94944 7
154617 154633 151172 154544 154545 154588 154691
94947 5
152765 152657 151236 152596 152821
94949 5
156946 157078 156851 155473 155186
94956 2
155934 156067
94957 2
156123 156638
94958 1
153138
94959 1
152765
94961 3
152672 153941 153960
94963 2
151172 154544
94964 2
152657 152821
94967 1
156459
94969 3
152738 156610 151630
94970 3
155305 155186 155473
94971 3
152736 152791 152834
94973 1
156980
94975 4
151929 154183 156119 153138
94977 4
155824 156284 156301 156302
94979 5
156802 156849 156396 156397 157089
94983 5
153064 152791 152736 152834 153407
94986 4
154720 151370 151493 151292
94991 2
155934 156067
94993 4
153941 153960 153964 152672
94995 4
152765 152596 151236 152657
