98558 3
156277 152799 156328
98563 3
151081 151235 151057
98564 3
151081 151235 151057
98568 5
153384 153025 155496 155497 156495
98569 7
156610 151630 152107 152110 152112 153205 151617
98573 6
156107 156095 156075 151931 153297 153415
98574 1
156495
98575 1
156459
98578 2
156123 156638
98579 4
151057 151081 151235 151352
98585 2
153079 154290
98586 1
153138
98587 2
151081 151057
98588 2
151673 150991
98589 2
151292 151252
98591 2
156277 152799
98594 4
156980 150955 152631 153029
98597 3
152634 151923 152635
98598 3
156622 155473 156851
98599 3
151969 150956 155473
98602 1
156980
98604 3
155496 155497 153025
98610 2
156638 156123
98614 3
156075 156095 156107
98616 2
156075 156095
98617 2
156539 156478
98618 2
151969 150956
98619 2
156635 152977
98622 2
156067 155934
98625 2
153374 153415
98628 2
155498 155499
98630 1
156980
98632 2
156277 152799
98637 1
156980
98639 1
156980
98640 1
156281
98641 7
152583 152641 152322 151731 151918 151457 152975
98644 6
150983 153498 153506 153533 153628 155715
98646 17
155473 156851 156946 157078 154319 155186 155305 152490 151045 151051 151106 151203 151278 151454 151579 150956 151969
98647 71
151457 151731 151918 152322 152583 152641 152975 153238 153338 153376 153383 153565 153593 153594 153635 153715 153852 153859 153906 153924 153998 154223 154666 154930 155952 156563 156579 156608 156700 156916 156924 156957 157055 157253 153495 153643 153651 154915 153652 155241 155603 153705 153508 153786 153829 151016 156867 153450 153905 153456 153611 157063 153962 152930 156128 154704 151722 152619 156613 156682 155211 156745 151833 155267 155377 152677 155691 155723 157079 155878 156576
98656 4
152596 151236 152821 152657
98658 30
152765 152657 152821 154521 154569 152596 151236 151369 151429 156882 155207 155215 156770 154485 157137 153029 154600 154788 155005 155006 155185 153870 154298 155238 154320 156865 152631 157029 150955 157209
98661 3
153450 151016 153456
98663 3
152522 153371 151234
98664 3
156396 156397 156802
98665 3
156277 156328 156426
98671 3
152672 153941 153960
98672 3
152738 156610 151630
98673 2
151457 151731
98676 5
152765 153029 152631 150955 153870
98677 2
151457 151731
98680 2
156067 155934
98683 4
157023 151684 152515 151673
98684 5
151931 153297 153498 150983 153506
98686 4
152765 152635 152634 151923
98690 4
151918 151731 151457 152322
98691 4
153450 153456 151016 153495
98693 4
151929 154183 156119 153138
98696 1
153138
98701 3
151057 151081 151235
98702 3
157122 150963 153776
98703 3
156576 153456 153450
98708 3
156495 153025 153579
98709 3
152571 152805 152009
98713 3
151081 151235 151057
98714 3
155186 155305 150956
98716 3
154345 152977 152113
98718 1
156459
98721 2
156396 156397
98722 2
151081 151057
98723 2
156123 156638
98724 1
153138
98725 1
156459
98727 3
153416 156954 152186
98731 2
156123 156638
98732 3
156972 157091 155201
98733 3
152631 150955 153029
98737 3
155473 156851 156946
98738 3
151673 151684 150991
98741 3
152660 153886 154861
98743 3
151617 151630 151483
98753 2
156638 156123
98754 2
156067 155934
98758 3
151292 151370 151252
98759 2
150952 151021
98760 3
156842 151106 151051
98762 2
151395 151393
98764 4
156290 152240 151618 151626
98765 2
156123 156638
98766 5
155331 156477 156611 156961 155292
98767 4
156539 155566 155729 156478
98768 3
156495 155497 155496
98769 3
153416 156954 152186
98770 2
156495 153025
98772 2
157023 151919
98774 3
151673 151684 150991
98781 1
152532
98783 1
156281
98784 3
153416 156954 152186
98785 2
152765 151236
98786 2
155186 155305
98787 6
153495 153508 153450 153456 151016 153611
98791 6
152765 152635 152796 154564 152634 151923
98793 6
151081 151235 151352 151693 151744 151057
98796 5
155292 155331 156477 156611 156961
98798 2
156123 156638
98800 4
151929 154183 156119 153138
98805 1
156495
98806 2
152532 153579
98807 4
156548 154400 151857 157033
98809 2
152391 157236
98810 4
151931 153297 156075 156095
98814 3
152186 153416 156954
98815 2
155934 156067
98826 4
156934 156812 152113 156635
98827 4
152391 157236 155749 157122
98834 3
153416 156954 152186
98835 5
155749 157122 154141 156291 153776
98837 2
152672 153941
98839 2
152968 151397
98840 2
151087 150982
98844 2
156998 157190
98849 1
154720
98853 2
156067 155934
98856 3
157236 152391 157122
98857 2
156067 155934
98859 2
155186 155305
98863 2
151292 151252
98865 2
152588 152518
98869 2
151236 152596
98870 1
155749
98873 2
151081 151057
98874 3
153384 153579 152532
98879 3
152594 152605 152138
98881 3
151731 151457 151918
98887 4
152103 153210 151252 154475
98890 4
155331 156477 155292 156611
98891 2
151457 151731
98892 2
153025 156495
98894 3
154400 151857 156548
98895 5
151918 152322 151457 151731 152583
98900 1
156980
98901 4
155305 155186 151106 151203
98903 1
156539
98905 1
153384
98910 3
156067 155934 153416
98911 3
155331 156477 155292
98912 3
151081 151235 151057
98913 3
155473 156851 156946
98918 4
151081 151235 151352 151057
98922 2
156067 155934
98925 2
152594 152138
98928 2
152102 152471
98930 4
154545 151172 154544 154588
98931 2
153416 152186
98932 2
151081 151057
98935 2
155305 155186
98936 2
156495 155496
98939 2
151016 153450
98941 2
156495 153025
98942 2
155934 156067
98945 2
156067 155934
98948 2
151575 152562
98949 2
156638 156123
98951 2
152977 154345
98955 2
152594 152138
98958 2
154720 153079
98960 2
156638 156123
98964 2
156576 151722
98965 3
154720 155147 155146
98966 1
152532
98967 2
155186 155305
98968 2
156396 156397
98969 1
156576
98970 1
156539
98971 3
151021 150952 152096
98973 3
153025 153384 153579
98974 2
155934 156067
98977 2
156123 156638
98978 3
151617 151630 151483
98981 3
153415 153374 153432
98985 1
156980
98990 1
154720
98991 4
153450 153456 151016 153495
98997 3
151617 151630 151483
99000 3
153384 153579 152532
99004 2
156610 151617
99005 2
152522 151234
99007 2
151051 151045
99008 1
155749
99009 2
153416 152186
99011 11
156980 151051 151106 151203 151278 151454 151579 152490 151045 150956 151969
99012 12
155005 155185 154600 154788 155006 152631 150955 153029 153870 154298 154320 155238
99016 2
155934 156067
99017 6
152765 153029 153870 154298 152631 150955
99019 6
152562 157243 153275 155244 155201 151575
99021 6
156277 156328 156426 156427 156720 152799
99022 6
154319 155186 155305 150956 151969 155473
99023 5
153384 153025 155496 155497 156495
99024 3
155749 152391 157236
99025 5
157190 156998 156841 153211 156791
99030 4
156459 156635 154345 152977
99032 2
155499 155498
99033 2
156638 156123
99038 2
153416 152186
99039 1
156980
99040 2
153941 152672
99042 1
156980
99047 2
156622 155473
99048 1
156980
99049 3
154183 156119 151929
99056 3
156576 151016 153450
99058 1
156459
99059 5
156610 151630 152107 152110 151617
99060 3
153416 156954 152186
99062 5
155331 156477 156611 156961 155292
99066 1
156459
99069 2
155934 156067
99070 6
156277 156328 156426 156427 156720 152799
99072 6
152113 156934 156812 153960 153983 153964
99074 6
156934 156812 152113 156635 154345 152977
99081 5
152677 151833 152619 151722 152930
99082 4
151397 152968 154476 156689
99083 5
151081 151235 151352 151693 151057
99084 5
153533 150983 153498 153506 153628
99087 5
156622 156946 155473 156851 157078
99088 1
156459
99089 3
155186 155305 155473
99091 1
156980
99093 1
156980
99096 5
155292 155331 156477 156611 156961
99097 3
156972 157091 154290
99098 1
152532
99099 19
152977 154345 151536 152423 152421 151395 151393 153311 151775 155330 155643 155644 156457 156859 156985 152113 156934 156812 156635
99100 10
150991 151673 151684 152515 153119 153668 156433 156929 157198 157023
99102 12
153667 153498 153506 153533 153628 150983 155715 151931 153297 156075 156095 156107
99103 10
154319 157234 156851 156946 157078 155473 155305 155186 150956 151969
99104 2
152738 156610
99105 1
156980
99107 3
151081 151235 151057
99111 2
155934 156067
99112 3
156277 156328 152799
99114 3
153416 156954 152186
99115 2
154183 151929
99118 2
151292 151252
99121 2
153667 151172
99122 2
156396 156397
99123 5
152619 152677 151833 151722 152930
99125 5
156277 156328 156426 156427 152799
99127 5
151292 151370 151493 151917 151252
99130 1
156459
99132 4
153029 150955 152631 153870
99133 4
151673 151684 152515 150991
99140 1
156459
99141 4
151929 154183 156119 153138
99142 3
155749 152391 157236
99150 3
156635 154345 152977
99152 3
151575 152562 153275
99153 3
153498 150983 153506
99154 3
151929 154183 156119
99155 3
151081 151235 151057
99157 3
153941 152672 153960
99159 2
156277 152799
99163 2
156459 152113
99165 1
156495
99167 4
153415 153432 153374 153453
99169 3
152738 156610 151630
99173 3
151236 152596 152657
99176 2
156123 156638
99177 3
152391 157236 157122
99179 2
156123 156638
99180 3
156277 156328 152799
99182 4
156635 152977 154345 151536
99183 2
156638 156123
99184 2
157023 151673
99186 3
156495 155497 155496
99188 2
152078 151847
99191 2
151923 152634
99193 2
155147 155146
99194 3
156277 156328 152799
99198 2
152736 152791
99199 1
156576
99200 2
156123 156638
99201 3
154345 152977 156635
99204 4
156576 153456 153495 153450
99206 3
151929 154183 156119
99208 3
152672 153941 153960
99211 3
155498 155499 155219
99212 2
151722 151833
99213 2
154183 151929
99215 1
153138
99216 3
153667 154400 151857
99217 3
152968 154476 151397
99218 3
151081 151235 151057
99222 4
152968 154476 156689 151397
99224 2
151081 151057
99226 2
157170 155498
99227 2
156998 157190
99229 2
152738 156610
99230 2
152968 151397
99232 1
153138
99236 2
151857 154400
99237 2
154183 151929
99239 5
154345 152977 152672 153960 153941
99242 3
152532 153579 153384
99244 4
153297 151931 156075 156095
99245 2
155498 155499
99248 2
156635 152977
99249 2
151081 151057
99250 4
153138 151929 154183 156119
99253 5
156495 155497 155496 153025 153384
99255 4
151081 151235 151352 151057
99260 2
156075 156095
99261 2
151303 151839
99262 4
152968 154476 156689 151397
99264 3
156622 155473 156851
99267 3
153079 154290 155436
99268 2
156495 153025
99271 2
151929 154183
99272 1
156495
99273 2
153415 153374
99274 2
155496 155497
99275 2
156972 157091
99290 2
155934 156067
99294 5
157023 151684 152515 153119 151673
99297 2
151847 152078
99298 5
152968 154476 156689 151397 156980
99302 1
156459
99306 6
152765 152635 152796 154564 152634 151923
99307 6
157170 155219 154436 155498 155499 156397
99309 3
157023 151684 151673
99312 3
151081 151235 151057
99315 3
152391 157236 155749
99316 3
152968 154476 151397
99317 3
151929 154183 156119
99320 1
152765
99322 3
152594 152605 152138
99325 3
156277 156328 152799
99326 3
153384 153579 152532
99328 3
154400 151857 156548
99329 3
154400 151857 156548
99333 2
155934 156067
99335 3
151731 151457 151918
99336 3
151929 154183 156119
99339 3
156277 156328 152799
99344 3
153450 151016 153456
99345 1
156495
99349 2
156638 156123
99350 2
152631 150955
99351 2
151857 154400
99352 2
151929 154183
99353 2
152765 152634
99354 2
152078 151847
99356 2
156067 155934
99357 2
151016 153450
99361 2
155342 155292
99363 2
151057 151081
99364 3
151833 151722 152619
99366 3
156635 154345 152977
99367 3
152594 152605 152138
99369 2
151931 153297
99373 3
151929 154183 156119
99375 2
151303 151839
99382 2
152634 151923
99383 1
152532
99384 2
153416 152186
99385 2
151536 152423
99388 2
151617 151483
99390 2
153416 152186
99393 2
155499 155498
99394 1
156459
99395 2
151617 151483
99396 2
153297 151931
99402 2
152738 156610
99403 2
153416 152186
99404 2
152391 157236
99406 2
151292 151252
99407 2
151087 150982
99408 2
151923 152634
99409 2
151969 150956
99410 3
151081 151235 151057
99411 2
155498 155499
99413 2
155934 156067
99421 3
152186 153416 156954
99422 1
152532
99423 7
157091 156972 155381 155201 155318 151575 155244
99427 1
156980
99429 5
157078 156851 155473 156946 155305
99432 3
152968 154476 151397
