100349 3
152186 153416 156954
100350 2
156123 156638
100352 7
151617 151630 152107 152110 152112 153205 151483
100353 5
153025 153579 156495 155497 155496
100354 6
152799 156277 156328 156426 156427 156720
100355 7
156635 152977 154345 151395 151393 152421 151775
100356 6
151234 152522 153371 155121 155528 155672
100357 7
156513 152134 153499 155060 156522 152073 151839
100358 4
153138 151929 154183 156119
100359 7
152765 152635 152796 154564 154577 152634 151923
100365 3
152186 153416 156954
100366 3
152186 153416 156954
100369 3
151929 154183 156119
100371 3
152186 153416 156954
100372 2
155934 156067
100374 6
155331 155292 156477 156611 156961 155342
100376 6
154298 153870 153029 152631 150955 154320
100377 6
151081 151235 151352 151693 151744 151057
100379 6
156576 151918 152322 152583 152641 151731
100381 4
153138 151929 154183 156119
100387 5
156274 156478 155566 155729 156539
100389 6
153533 153628 153498 153506 150983 155715
100390 6
154861 156194 152660 153886 152551 151659
100395 6
152977 154345 156635 152113 156934 156812
100397 4
153025 155496 155497 156495
100399 6
152583 151918 152322 151457 151731 152641
100400 6
156635 156812 156934 152113 154345 152977
100406 6
157089 156396 156397 156802 156849 155749
100414 5
152796 151923 152634 152635 154564
100416 3
152532 152078 151847
100417 3
151673 151684 150991
100418 3
151673 151684 150991
100419 4
155436 153079 154290 151575
100420 4
155496 155497 153025 153384
100421 4
151969 150956 154319 151106
100422 1
156495
100428 2
156123 156638
100432 5
155305 155186 150956 151969 154319
100433 5
152522 153371 155121 155528 151234
100437 1
155342
100438 4
153450 153456 151016 153495
100441 4
151731 151918 151457 152322
100444 4
152619 151722 151833 152677
100445 3
153180 155420 156001
100449 1
154720
100455 4
151929 154183 156119 153138
100457 1
156980
100458 6
152596 152657 152821 154521 154569 151236
100461 3
154183 156119 151929
100462 3
151617 151630 151483
100466 2
156123 156638
100468 3
152186 153416 156954
100474 3
156998 157190 153506
100476 3
156980 151106 151051
100478 4
157023 151684 152515 151673
100479 4
151081 151235 151352 151057
100481 1
156495
100484 3
152571 152805 152009
100488 3
151457 151731 151918
100489 3
156635 154345 152977
100490 4
151057 151081 151235 151352
100493 4
150983 153498 153506 153533
100495 4
156610 151630 152107 151617
100496 2
152391 157236
100497 4
151292 151370 151493 151252
100498 4
151081 151235 151352 151057
100503 4
152657 152596 151236 152821
100505 1
156459
100506 3
155000 155585 152129
100508 2
156123 156638
100511 3
154400 151857 156548
100513 5
151395 151393 151775 152421 153311
100516 2
155934 156067
100518 3
152113 156812 156934
100524 3
152791 152736 152834
100528 1
156495
100534 3
152186 153416 156954
100535 1
156459
100539 3
154183 156119 151929
100541 3
156635 154345 152977
100543 3
157023 151684 151673
100544 3
153416 156954 152186
100545 2
156123 156638
100546 3
156635 151536 152423
100547 3
157023 151684 151673
100548 2
152391 157236
100550 3
153079 154290 155436
100551 3
152799 156328 156277
100552 3
154183 156119 151929
100556 3
156635 151393 151395
100559 3
151929 154183 156119
100561 3
153416 156954 152186
100562 2
156123 156638
100565 3
151081 151235 151057
100567 3
154319 155186 155305
100573 1
153138
100575 3
153025 153384 152532
100576 3
151081 151235 151057
100578 3
153941 152672 153960
100579 3
153667 157190 156998
100580 4
151081 151235 151352 151057
100582 1
156980
100583 4
156277 156328 156426 152799
100584 2
155934 156067
100585 1
156980
100586 3
152738 156610 151630
100587 3
153374 153415 153432
100590 3
155000 155585 152129
100592 3
151929 154183 156119
100594 3
156635 151393 151395
100596 3
151929 154183 156119
100597 4
156610 151630 152107 151617
100599 4
155331 155292 156477 156611
100603 1
156635
100607 2
155566 155729
100608 3
156095 156107 156075
100609 3
153384 153579 152532
100612 2
155934 156067
100617 2
152391 157236
100620 3
153079 154290 155436
100621 3
152660 153886 154861
100623 3
155498 155499 152391
100626 7
151057 151081 151235 151352 151693 151744 151755
100628 7
151081 151235 151352 151693 151744 151755 151057
100629 1
156539
100636 6
155219 154436 155499 155498 157236 152391
100638 2
156123 156638
100639 4
152391 157236 155499 155498
100642 1
153138
100644 6
155219 154436 155499 155498 157236 152391
100654 7
152738 156610 151630 152110 152112 152107 151617
100656 4
151081 151235 151352 151057
100659 6
156495 155497 155496 153025 153384 152532
100661 6
151617 151630 152107 152110 152112 151483
100662 6
152522 153371 155121 155528 155672 151234
100664 4
151929 154183 156119 153138
100665 6
156576 153508 153450 153456 151016 153495
100666 9
156812 156934 152113 152977 154345 153311 151395 151393 152421
100669 3
154183 156119 151929
100673 3
151292 151370 151252
100674 1
154720
100678 2
151081 151057
100679 2
153579 152532
100682 2
156495 153025
100683 2
156576 151722
100685 5
151617 151630 152107 152110 151483
100687 2
157023 151673
100690 2
156459 156635
100693 2
152765 151369
100696 1
152765
100702 3
152186 153416 156954
100705 4
156397 156802 156849 156396
100706 1
156459
100708 1
156459
100711 3
156998 157190 156095
100714 2
155331 155292
100718 2
151931 153297
100719 2
156635 154345
100721 2
152765 152631
100723 1
153138
100724 2
151929 154183
100725 4
156568 152736 152791 152834
100727 2
157236 152391
100731 2
155934 156067
100736 2
155934 156067
100737 4
157023 151684 152515 151673
100738 2
154183 151929
100739 4
156396 156397 156802 156849
100741 4
151673 151684 152515 150991
100742 2
154183 151929
100743 3
156539 155566 155729
100744 2
151617 151483
100745 2
153579 152532
100746 2
151923 152634
100747 1
156459
100749 1
156980
100751 3
151929 154183 156119
100753 3
156459 154485 151429
100754 3
154319 152968 151397
100755 1
153138
100763 2
156123 156638
100764 2
151292 151252
100769 4
151617 151630 152107 151483
100771 4
152522 153371 155121 151234
100772 1
156980
100773 1
156980
100774 3
153415 153374 153432
100775 3
152594 152138 152605
100782 3
155186 155305 150956
100784 3
151617 151630 151483
100786 3
157236 152391 155749
100787 1
153138
100789 2
151722 151833
100790 1
153025
100791 2
156638 156123
100792 1
156495
100795 4
153886 154861 152660 156194
100801 3
152968 154476 151397
100803 2
156123 156638
100805 3
154400 151857 156548
100806 3
155473 156851 156946
100811 2
155934 156067
100812 3
151969 150956 154319
100816 5
153275 155201 152562 151575 155244
100817 1
156495
100823 3
156495 155497 155496
100824 3
155186 155305 155473
100831 2
152532 153579
100832 3
152765 152657 152596
100837 4
151969 150956 155473 156851
100838 3
156123 156638 153138
100839 1
152532
100840 3
155292 155331 156477
100842 1
156495
100843 3
151931 153297 156075
100844 3
152391 157236 155749
100848 2
152765 156459
100851 2
151857 154400
100854 4
153138 151929 154183 156119
100857 1
156980
100858 1
156539
100860 2
151457 151731
100861 2
154183 151929
100862 2
151087 150982
100863 2
156495 153025
100865 2
155473 156851
100866 2
157122 156622
100867 1
156980
100869 2
154183 151929
100870 4
156095 156107 156075 150983
100872 3
152738 156610 151630
100876 1
153138
100878 1
153138
100881 4
152765 151369 151429 154485
100885 3
156459 156635 154345
100886 2
156123 156638
100888 2
156638 156123
100889 2
152078 151847
100890 2
156638 156123
100891 2
155473 156851
100892 2
153374 153415
100897 3
151395 151393 151775
100900 3
155331 156477 155292
100905 2
156576 151016
100906 2
156277 156328
100908 2
152738 156610
100910 2
156495 153025
100913 1
156980
100914 6
153960 153983 152672 153941 153964 153994
100916 6
152596 152657 151236 152821 154521 154569
100925 6
156611 156961 156477 155331 155292 154861
100930 2
151969 150956
100933 3
152562 151575 153275
100935 1
156459
100937 1
156353
100938 2
156610 151617
100947 3
151929 154183 156119
100952 2
151081 151057
100954 2
156396 156397
100955 1
156459
100956 2
155496 155497
100958 2
153667 151857
100960 1
156980
100961 2
153416 152186
100962 2
156123 156638
100963 3
152631 150955 153029
100964 3
155496 155497 156495
100966 5
156802 156849 156397 156396 157089
100970 2
151673 150991
100973 2
155331 155292
100975 2
157023 151673
100977 3
152634 151923 152635
100981 2
151303 151839
100982 2
154183 151929
100984 2
151847 152078
100985 5
151081 151235 151352 151693 151057
100987 6
151057 151081 151235 151352 151693 151744
100989 4
152765 153029 152631 150955
100990 4
151051 151106 151203 151045
100991 1
156459
100993 2
156123 156638
100994 4
153667 153498 153506 150983
100995 2
156123 156638
100996 4
151081 151235 151352 151057
100997 4
153886 154861 152660 156194
101000 3
151051 151106 151045
101001 3
153667 151172 154544
101002 2
152977 154345
101010 2
152634 151923
101011 2
156123 156638
101012 2
153416 152186
101013 2
156067 155934
101015 2
152391 157236
101016 2
151236 152596
101018 2
151673 150991
101019 3
151857 154400 156548
101021 2
156998 157190
101023 2
156972 157091
101026 2
156067 155934
101029 2
156067 155934
101031 1
153138
101032 2
152765 151236
101036 2
152594 152138
101039 2
152634 151923
101040 2
150955 152631
101041 2
156123 156638
101042 1
156980
101043 4
157190 156998 153297 151931
101044 1
156539
101049 2
153025 156495
101053 12
151292 151370 151493 151917 151990 152022 152103 152251 152824 152897 152976 151252
101054 1
157023
101055 12
157243 153275 152562 155367 155381 155930 155244 155318 151575 155201 155911 155927
101056 3
152186 153416 156954
101057 12
151081 151235 151352 151693 151744 151755 151785 151789 151817 152111 152159 151057
101059 2
156123 156638
101060 4
152009 152571 152805 153873
101062 4
151397 152968 154476 156689
101064 2
151931 153297
101067 1
156459
101069 3
155749 152391 157236
101073 12
153667 156840 152096 152702 152786 153799 154036 153956 150952 152520 151021 156798
101076 1
157023
101077 12
155379 155685 151924 151303 152073 152134 153341 153499 155057 155060 151839 155686
101079 3
151929 154183 156119
101082 3
155749 152391 157236
101089 2
156123 156638
101090 12
153786 153611 153651 153705 153495 153508 153456 153643 153450 153652 151016 153829
101093 3
152186 153416 156954
101095 1
152532
101101 12
155473 156851 157078 156946 155186 155305 151579 151454 151106 151278 151045 152490
101102 4
152532 153579 153384 153025
101103 4
152014 153249 154737 156053
101104 2
156123 156638
101108 6
155342 155331 155292 156477 156611 156961
101110 1
156459
101115 2
156123 156638
101116 3
153579 152532 153384
101122 6
157122 156397 156802 156849 157089 156396
101123 4
153138 151929 154183 156119
101125 3
155749 152391 157236
101127 10
150991 151673 151684 152515 153119 153668 156433 156929 157198 157023
101129 7
154319 155473 156851 156946 157078 155186 155305
101130 1
152532
101131 2
156123 156638
101132 3
151929 154183 156119
101133 10
154319 157234 156851 156946 157078 155473 150956 151969 155305 155186
101138 1
156495
101142 9
150956 151969 155473 156851 156946 157078 155186 155305 154319
101144 12
157251 153960 154148 154001 153983 155441 153964 153994 152672 153941 154345 152977
101148 12
152765 153029 154788 154298 154320 154600 153870 155005 155006 155185 152631 150955
101149 12
155186 155305 151106 151278 151454 151579 151045 152490 151051 151203 154319 155473
101151 8
156622 153776 154141 156291 150963 156634 157154 157122
101152 12
156635 156934 156812 152113 154345 152977 154148 154001 153960 153983 153941 152672
101154 2
156123 156638
101155 3
151929 154183 156119
101157 11
150983 153498 153506 155715 153533 153628 151931 153297 157190 156998 153667
101159 11
153667 151857 154400 156548 157033 157120 156075 156095 156107 156998 157190
101160 2
152532 153579
101163 6
155342 155331 155292 156477 156611 156961
101164 3
155749 152391 157236
101166 5
156635 152113 156812 156934 156459
101168 13
156610 151630 154224 152110 152112 153205 152107 154794 154840 154932 155277 156120 151617
101170 4
152532 153384 153579 153025
101173 1
153138
101176 6
156277 156328 156426 156427 156720 152799
101177 9
153667 153498 153506 153533 153628 150983 155715 151931 153297
101178 3
151929 154183 156119
101180 7
156281 152799 156277 156328 156426 156427 156720
101182 9
157234 156851 156946 157078 155473 155305 155186 151969 150956
101183 2
156123 156638
101185 11
155211 155691 152930 154704 155267 155377 152619 151833 152677 151722 155723
101186 1
156539
101191 11
157122 153776 156634 156291 154141 150963 157154 156622 153499 156522 152134
101192 11
156576 153705 153456 153651 153495 153508 153643 153611 153450 151016 153652
101193 13
152977 154345 156635 151395 153311 151393 152421 155643 155644 156457 155330 151775 156859
101195 11
156610 151630 154224 152110 152112 153205 152107 154794 154840 154932 151617
101197 4
153579 153384 156495 153025
101206 1
156459
101207 11
154600 155006 154298 154320 154788 155005 152631 150955 153029 153870 155185
101208 1
156980
101209 9
150956 151969 154319 155186 155305 155473 156851 156946 157078
101212 2
155934 156067
101214 7
156578 157075 155585 156315 152129 157068 155000
101216 2
155934 156067
101217 13
152765 155185 153870 154788 155006 153029 154600 154298 154320 152631 150955 155005 155238
101219 1
156495
101224 12
152660 156194 154861 153886 154669 153648 151659 152551 154931 154670 152083 151605
101226 2
155934 156067
101233 6
156277 156328 156426 156427 156720 152799
101238 2
155934 156067
101243 4
153138 151929 154183 156119
101245 5
153384 153025 155496 155497 156495
101253 10
151923 152634 152635 152796 154564 154577 154702 154793 154879 157098
101254 9
156396 156397 156802 156849 157089 155219 154436 155499 155498
101256 10
157023 151673 151684 152515 153119 153668 156433 156929 150991 157198
101257 1
156459
101260 2
156123 156638
101263 5
153579 153384 155496 155497 153025
101271 6
151234 152522 153371 155121 155528 155672
