106815 1
150991
106816 1
155292
106826 2
155186 155305
106835 5
155000 155585 156315 152129 157068
106840 1
155186
106841 1
150991
106843 1
152765
106844 1
156495
106845 1
152186
106862 1
151722
106863 2
154183 151929
106865 1
156123
106866 2
156396 156397
106895 1
151234
106896 1
156495
106950 1
153079
106991 3
152186 153416 156954
106998 4
153029 152631 150955 153870
107037 1
152102
107042 2
155186 155305
107073 3
156576 151918 151731
107075 5
156495 155497 155496 153025 153384
107076 3
151929 154183 156119
107078 2
155934 156067
107079 1
156980
107082 5
151081 151235 151352 151693 151057
107083 3
152631 150955 153029
107084 3
151722 151833 152619
107086 4
152738 156610 151630 152107
107087 3
156539 156274 156478
107091 3
151395 151393 151775
107094 4
151081 151235 151352 151057
107096 3
153249 154737 152014
107099 2
156123 156638
107100 3
152738 156610 151630
107102 1
156980
107111 3
152532 152078 151847
107114 3
151081 151235 151057
107118 1
152532
107119 2
152532 152078
107124 2
151016 153450
107128 2
152522 151234
107129 2
151051 151045
107130 1
156459
107132 1
153138
107134 1
155498
107192 1
153138
107195 6
156277 152799 156328 156426 156427 156720
107196 2
156123 156638
107197 6
156495 155497 155496 153025 153384 153579
107198 6
151617 151630 152107 152110 152112 151483
107199 4
152009 152571 152805 153873
107201 6
153579 153384 153025 155496 155497 156495
107203 2
151847 152078
107204 1
153138
107223 1
152799
107224 1
151722
107299 1
156842
107302 1
152765
107305 2
156123 156638
107310 4
151081 151235 151352 151057
107331 1
156576
107334 1
156495
107335 1
151057
107338 1
151929
107382 3
154183 156119 151929
107385 2
156123 156638
107387 2
155934 156067
107388 2
154436 155219
107391 2
151081 151057
107393 1
151929
107414 1
155186
107415 3
155000 155585 152129
107417 3
151617 151630 151483
107420 1
151931
107435 2
153025 156495
107436 2
152078 151847
107440 1
156576
107459 2
156638 156123
107480 2
157023 151673
107481 2
151929 154183
107492 1
151929
107493 1
151929
107495 3
156576 151016 153450
107498 2
152532 153579
107508 2
155147 155146
107511 2
156067 155934
107514 2
153416 152186
107521 2
156277 156328
107526 2
150956 151969
107534 1
153079
107549 1
152799
107550 1
155292
107555 1
154720
107556 1
156610
107558 1
155292
107561 1
153384
107578 3
155498 155499 152391
107579 3
155305 155186 155473
107581 2
152977 154345
107587 1
155566
107594 1
156459
107598 2
151847 152078
107599 5
153693 154357 153382 151919 157023
107600 3
151929 154183 156119
107601 5
151051 151106 151203 151278 151045
107603 2
155934 156067
107604 1
153138
107609 3
155749 152391 157236
107611 2
152532 153579
107612 5
156277 156328 156426 156427 152799
107613 2
151847 152078
107618 4
152532 153579 153384 153025
107622 5
156610 151630 152107 152110 151617
107624 5
155331 156477 156611 156961 155292
107626 1
156980
107627 1
156459
107632 2
155292 155331
107638 1
155473
107675 1
156123
107680 2
156610 151617
107698 1
150991
107709 1
153025
107713 1
152129
107731 2
152660 153886
107736 1
153138
107743 1
152977
