108738 3
151929 154183 156119
108739 1
153138
108740 2
155934 156067
108742 4
151081 151235 151352 151057
108744 4
156622 151969 150956 155473
108750 2
153025 153384
108808 1
152765
108848 1
152765
108850 1
156495
108895 1
152765
108898 1
155934
108903 1
156123
108905 1
157023
108927 1
153138
108930 1
153138
108932 3
151929 154183 156119
108935 1
152765
108937 2
151081 151057
108938 2
151673 150991
108944 4
156274 156478 155566 155729
108952 6
151081 151235 151352 151693 151744 151057
108953 7
155000 155585 156315 152129 157068 157075 156578
108955 4
152138 152594 152605 156876
108957 1
154720
108959 7
155331 156961 156477 156611 155292 155342 154861
108962 7
154704 152930 152619 152677 151722 151833 155211
108966 3
152532 153579 153384
108967 4
156812 156934 152113 153941
108968 4
151617 151630 152107 151483
108970 4
151021 150952 152096 152520
108972 2
156123 156638
108973 1
151252
108974 1
151397
108977 2
153025 153384
108978 2
151081 151057
108979 1
157023
108981 5
155219 154436 157236 152391 155749
108982 2
153416 152186
108987 2
152660 153886
108988 2
156610 151617
108993 3
151673 151684 150991
109023 3
151057 151081 151235
109025 1
156459
109029 1
151252
109060 2
152738 156610
109090 1
150956
109133 2
151016 153450
109139 1
155934
109140 1
150955
109153 3
152765 152657 152821
109196 1
156495
109200 1
155186
109202 1
152532
109204 1
151234
109207 1
150992
109210 1
155934
109218 3
155186 155305 150956
109222 2
153579 153384
109223 3
152113 156812 156934
109225 2
156123 156638
109229 1
156459
109232 1
156459
109242 1
157023
109244 1
152532
109256 13
157264 153496 153432 153415 153896 153453 153560 153491 153851 153892 153374 151172 154544
109257 1
152765
109258 10
153338 153238 152583 152641 152975 151457 151731 151918 152322 153376
109260 10
154861 153886 156194 152660 152551 151605 154669 152083 153648 151659
109263 3
152186 153416 156954
109265 10
152738 156610 151630 152110 152112 153205 154794 154224 152107 151617
109266 3
151847 152078 152532
109269 5
157023 151684 152515 153119 151673
109270 2
151847 152078
109271 1
152009
109272 2
155749 155420
109275 2
156495 155496
109276 2
157023 151673
109306 2
154436 155219
109310 1
156576
109341 1
156539
109388 3
152522 153371 151234
109418 1
155498
109419 1
155292
109458 1
156274
109482 1
152532
109485 1
155749
109486 1
151016
109487 5
156576 153495 153450 151016 153456
109491 5
156495 155497 155496 153025 153384
109492 5
155497 155496 153025 153384 153579
109497 5
153456 153495 153450 151016 153508
109498 2
152391 157236
109499 6
156576 153508 153450 153456 151016 153495
109500 1
153138
109502 5
155749 154141 156291 153776 150963
109505 5
153025 156495 155496 155497 153384
109508 2
152532 153579
109511 1
156980
109515 2
156123 156638
109517 3
152186 153416 156954
109518 1
153138
109519 6
151234 152522 153371 155121 155528 155672
109522 72
152738 151731 151918 152322 152583 152641 151457 152975 153238 153338 153376 153383 153565 153593 153594 153635 153715 153852 153859 153906 153924 153998 154223 154666 154930 155952 156563 156579 156608 156700 156916 156924 156957 157055 157253 155723 155878 151722 156128 152930 152619 151833 156613 156682 154704 156745 152677 155211 155267 155377 157079 155691 156576 153905 153456 153611 153962 153495 153643 153651 153652 154915 153705 153508 156867 155241 153786 153829 155603 157063 151016 153450
109525 3
151929 154183 156119
109526 75
151483 151617 151630 152107 152110 152112 153205 154224 154794 154840 154932 155277 156120 156189 156191 156221 156469 156588 156609 157082 157109 157153 156610 152738 153852 153859 153906 153924 153998 154223 151918 154666 152322 152583 154930 152641 151457 155952 152975 151731 153238 153338 153376 156563 156579 153383 156608 153565 153593 156700 156916 156924 156957 157055 153594 153635 153715 157253 155377 155691 155723 155878 156613 156682 154704 156745 152930 156128 152619 151722 157079 152677 155211 155267 151833
109532 1
156980
109534 10
150991 151673 151684 152515 153119 153668 156433 156929 157198 157023
109535 2
154436 155219
109536 20
151016 153450 153456 153495 153508 153611 153643 153651 153652 153705 153786 153829 153905 153962 154915 155241 155603 156867 157063 156576
109537 3
152186 153416 156954
109539 6
151234 152522 153371 155121 155528 155672
109540 15
151393 151395 151775 152421 153311 155330 155643 155644 156457 156859 156985 152423 151536 152977 154345
109541 52
151057 151081 151235 151352 151693 151744 151755 151785 151789 151817 152111 152159 152787 152815 152831 152947 152962 152973 153117 153280 153293 153695 153761 154168 154350 154468 155166 155248 155263 155297 155351 155396 155430 155580 155941 155956 155970 156009 156435 156779 156782 156856 156944 156970 156975 157011 157015 157042 157087 157099 157177 157184
109542 2
156123 156638
109547 1
156980
109549 3
152532 153579 153384
109552 3
151929 154183 156119
109556 2
155749 157122
109557 16
150955 152631 153029 153870 154298 154320 154600 154788 155005 155006 155185 155238 156865 157029 157209 156980
109560 10
150991 151673 151684 152515 153119 153668 156433 156929 157198 157023
109561 32
156576 151833 156613 152619 155377 156128 152930 157079 152677 155691 151722 155211 155723 155878 154704 155267 156682 156745 155603 153705 153652 153651 153643 153495 153508 153786 153611 154915 155241 153456 153450 153962
109565 2
151847 152078
109569 9
150991 151673 151684 152515 153119 153668 156433 156929 157198
109571 11
152102 152471 153211 156790 156791 156794 156804 156808 156853 156998 157190
109576 6
150956 151969 157234 154319 155305 155186
109581 24
151172 154544 154545 154588 154617 154633 154691 154719 155114 155484 156998 157190 153667 156548 154400 157033 157120 151857 155715 153498 153506 153533 153628 150983
109585 22
156634 153776 154141 156291 157154 150963 156622 152134 155060 156522 156513 153499 151303 156506 155686 155057 155685 151924 153341 155379 151839 152073
109588 22
156576 151016 153829 153786 154915 156867 155241 153643 153652 153705 153905 153962 155603 157063 153611 153651 153450 153456 153495 153508 152677 151833
109589 3
151929 154183 156119
109590 4
152391 157236 155219 154436
109591 1
153138
109595 24
151483 151617 151630 152107 152110 152112 153205 154224 154794 154840 154932 155277 156120 156189 156191 156221 156469 156588 156609 157082 157109 157153 156610 152738
109599 8
151234 152522 153371 155121 155528 155672 151375 156225
109604 2
156123 156638
109606 6
151234 152522 153371 155121 155528 155672
109619 21
153924 153906 153715 153635 153852 153859 153594 151918 152322 152583 152641 151457 152975 151731 153238 153338 153376 153383 153565 153593 153998
109622 2
156123 156638
109631 6
152799 156277 156328 156426 156427 156720
109635 9
150983 153498 153506 153533 153628 155715 153667 151931 153297
109638 2
151847 152078
109650 16
156610 151630 156221 152110 152112 153205 154224 154794 154840 154932 155277 156120 156189 156191 152107 151617
109657 3
152186 153416 156954
109662 20
151605 151659 152083 152551 153648 154669 154670 154931 155762 155805 155963 156718 156838 156885 156945 156971 154861 152660 156194 153886
109690 8
150983 153498 153506 153533 153628 155715 153297 151931
109691 18
156506 156522 156513 157022 152073 152134 153341 153499 155057 155060 151839 151924 155379 151303 155685 155686 150956 151969
109695 4
153138 151929 154183 156119
109697 6
152532 153579 153384 153025 155496 155497
109701 3
151929 154183 156119
