111492 1
151057
111493 1
155186
111494 2
155331 155292
111504 2
152736 152791
111506 2
152522 151234
111508 2
155292 155331
111509 2
156635 151536
111514 1
150983
111516 1
151847
111518 7
156635 153983 152672 153941 153960 153964 153994
111519 1
157023
111521 1
151847
111557 2
156610 151617
111563 1
156539
111603 1
152391
111613 1
152532
111614 1
151045
111644 1
156980
111649 1
152977
111808 1
152532
111825 3
156495 155497 155496
111834 3
152736 152791 152834
111836 3
151731 151918 151457
111838 2
156277 152799
111840 2
151303 151839
111865 2
151292 151252
111870 1
154720
111893 2
151673 150991
111895 2
151081 151057
111898 2
151057 151081
111899 2
151722 151833
111905 2
151673 150991
111921 1
156576
111923 1
153138
111945 2
157023 151673
111946 1
152532
111956 2
156495 153025
111960 2
151081 151057
111965 2
154400 151857
111966 2
151457 151731
111977 2
157023 151673
111986 1
155292
112050 6
154569 154521 152657 152821 151236 152596
112054 1
156281
112056 5
155342 156477 156611 155331 155292
112057 5
152471 153211 156790 156791 152102
112059 2
151847 152078
112060 5
156539 155729 155566 155585 155000
112061 5
155497 155496 153025 153579 153384
112062 5
155292 155331 156477 156611 156961
112063 6
156611 156961 155292 156477 155331 152660
112064 3
151081 151235 151057
112065 3
152660 153886 154861
112066 2
155292 155331
112068 2
151057 151081
112073 1
153025
112172 2
155186 155305
112173 2
152522 151234
112176 2
156067 155934
112215 1
155292
112216 1
153384
112217 1
156539
112219 1
152129
112244 2
157023 151673
112246 5
155181 155585 156315 155000 152129
112247 5
156980 152657 152821 154521 152596
112250 4
156277 156328 156426 152799
112251 2
156638 156123
112254 2
151605 151659
112270 19
151393 151395 151775 152421 153311 155330 155643 155644 156457 156859 156985 152423 151536 152977 154345 152113 156934 156812 156635
112273 2
156123 156638
112279 52
151057 151081 151235 151352 151693 151744 151755 151785 151789 151817 152111 152159 152787 152815 152831 152947 152962 152973 153117 153280 153293 153695 153761 154168 154350 154468 155166 155248 155263 155297 155351 155396 155430 155580 155941 155956 155970 156009 156435 156779 156782 156856 156944 156970 156975 157011 157015 157042 157087 157099 157177 157184
112281 6
155749 156396 156397 156802 156849 157089
112284 53
156576 151081 151235 151352 151693 151744 151755 151785 151789 151817 152111 152159 152787 152815 152831 152947 152962 152973 153117 153280 153293 153695 153761 154168 154350 154468 155166 155248 155263 155297 155351 155396 155430 155580 155941 155956 155970 156009 156435 151057 156779 156782 156856 156944 156970 156975 157011 157015 157042 157087 157099 157177 157184
112285 1
156495
112287 2
152532 153579
112292 1
156495
112299 4
151874 151914 152162 156801
112302 10
155498 155499 156396 156397 156802 156849 157089 155219 154436 157170
112304 16
150955 152631 153029 153870 154298 154320 154600 154788 155005 155006 155185 155238 156865 157029 157209 152765
112305 6
150983 153498 153506 153533 153628 155715
112307 52
151057 151081 151235 151352 151693 151744 151755 151785 151789 151817 152111 152159 152787 152815 152831 152947 152962 152973 153117 153280 153293 153695 153761 154168 154350 154468 155166 155248 155263 155297 155351 155396 155430 155580 155941 155956 155970 156009 156435 156779 156782 156856 156944 156970 156975 157011 157015 157042 157087 157099 157177 157184
112308 4
153138 151929 154183 156119
112310 2
156998 157190
112313 24
151483 151617 151630 152107 152110 152112 153205 154224 154794 154840 154932 155277 156120 156189 156191 156221 156469 156588 156609 157082 157109 157153 156610 152738
112314 1
156980
112315 3
151929 154183 156119
112316 1
153138
112317 11
156459 152634 152635 152796 154564 154577 154702 154793 154879 151923 157098
112320 4
152391 157236 155499 155498
112321 1
156980
112325 15
152660 156194 154861 153886 152551 151605 155805 154669 152083 154670 154931 153648 151659 155762 155963
112326 6
153384 153025 153579 155496 155497 156495
112352 47
152641 155952 151457 153383 153338 152975 157055 156579 157253 156608 156563 153376 153238 151731 156916 156700 156924 156957 153565 153593 153594 153635 153715 153852 153859 153906 153924 153998 154223 151918 154666 152322 152583 154930 152738 156610 156191 156189 153205 156120 155277 152112 151630 154932 154840 152110 156588
112353 37
156576 153508 153456 153651 153611 153705 151016 153450 153786 153652 157063 153495 156867 153643 153962 154915 153905 155241 155603 153829 156745 156682 151833 156128 156613 152619 151722 155691 152930 152677 155723 155211 155267 154704 155377 155878 157079
112354 14
154319 157234 151106 151203 151278 151454 151579 152490 151045 151051 155305 155186 151969 150956
112355 2
155498 155499
112356 2
155292 155331
112357 2
156635 152977
112359 2
155749 153776
112360 1
153138
112362 1
156495
112363 1
157023
112364 1
153579
112366 1
152672
112398 1
156495
112399 1
150991
112402 1
151929
112408 1
153079
112409 1
150991
112410 1
152532
112435 1
156578
112450 2
156576 153450
112453 2
152532 152078
112502 3
151929 154183 156119
112503 4
156277 156328 156426 152799
112504 4
155305 155186 151106 151203
112506 1
156495
112507 4
156635 156812 152113 156934
112512 4
156610 151630 152107 151617
112515 5
156539 155566 155729 156478 156274
112516 5
157023 151684 150991 152515 151673
112517 3
157023 151684 151673
112518 3
156576 151016 153450
112519 3
152522 153371 151234
112520 3
151659 151605 152083
112527 2
154183 151929
112529 1
156495
112536 1
152765
112543 1
151483
112545 1
151929
112547 1
156459
112549 1
150991
112551 1
153025
112552 1
155566
112553 1
155292
112554 1
151847
112557 1
156495
112610 1
152660
