117855 2
156067 155934
117858 1
155292
117859 1
156495
117861 1
156478
117862 1
151929
117863 1
156123
117916 2
157023 151673
117926 1
152129
117928 1
156980
117933 1
152765
117940 1
151929
117951 1
151847
117953 1
156539
117964 2
152522 151234
117967 2
156610 151617
117985 1
151847
117986 1
156123
117987 1
151929
118016 2
156123 156638
118033 2
156576 151016
118057 1
152186
118059 3
156277 156328 152799
118061 1
156539
118064 1
151722
118065 1
151236
118068 1
155292
118072 2
152532 152078
118098 1
152660
118100 1
156576
118102 1
151536
118145 2
156277 152799
118146 2
153025 153384
118148 1
151847
118183 1
155496
118216 2
151673 150991
118219 2
156274 155292
118223 2
155292 155331
118274 11
156610 151630 154224 152110 152112 153205 152107 154794 154840 154932 151617
118276 10
157023 151673 151684 152515 153119 153668 156433 156929 150991 157198
118279 26
151234 152522 153371 155121 155528 155672 151659 153648 154669 154670 154931 152083 151605 152551 155762 155805 155963 156718 156838 156885 156945 156971 154861 152660 156194 153886
118280 3
152532 153579 153384
118281 4
153384 153025 155496 155497
118282 2
155934 156067
118284 4
152009 152571 152805 153873
118291 6
152009 152571 152805 153873 156578 157075
118292 10
151536 152423 155643 152421 151395 153311 151775 151393 155330 155644
118293 22
151234 152522 153371 155121 155528 155672 151659 153648 154669 154670 154931 152083 151605 152551 155762 155805 155963 156718 156838 156885 156945 156971
118296 1
156980
118301 6
153579 153384 153025 155496 155497 156495
118302 3
156274 156478 156539
118308 10
157023 151684 156929 153119 153668 156433 152515 157198 151673 150991
118313 10
152631 150955 153029 153870 154298 154320 154600 154788 155005 155006
118314 3
151929 154183 156119
118318 6
151234 152522 153371 155121 155528 155672
118321 2
156123 156638
118323 1
156980
118326 10
153338 153238 152583 152641 152975 151457 151731 151918 152322 153376
118333 4
155566 155729 156274 156478
118334 4
152391 157236 155499 155498
118336 2
151847 152078
118337 58
151483 151617 151630 152107 152110 152112 153205 154224 154794 154840 154932 155277 156120 156189 156191 156221 156469 156588 156609 157082 157109 157153 156610 152738 153852 153859 153906 153924 153998 154223 151918 154666 152322 152583 154930 152641 151457 155952 152975 151731 153238 153338 153376 156563 156579 153383 156608 153565 153593 156700 156916 156924 156957 157055 153594 153635 153715 157253
118339 4
153138 151929 154183 156119
118345 5
153384 155496 155497 153025 156495
118347 6
152799 156277 156328 156426 156427 156720
118360 7
156396 156397 156802 156849 157089 155499 155498
118363 2
156123 156638
118364 10
157023 151673 151684 152515 153119 153668 156433 156929 150991 157198
118368 1
157023
118375 10
150991 151673 151684 152515 153119 153668 156433 156929 157198 157023
118380 4
152532 153579 153384 153025
118383 4
152014 153249 154737 156053
118386 4
152009 152571 152805 153873
118391 2
151847 152078
118393 23
151483 151617 151630 152107 152110 152112 153205 154224 154794 154840 154932 155277 156120 156189 156191 156221 156469 156588 156609 157082 157109 157153 156610
118396 16
152977 154345 151775 152421 151393 153311 151395 155330 155643 155644 156457 156859 156985 152423 151536 156635
118401 3
152186 153416 156954
118402 2
151847 152078
118404 9
157234 156851 156946 157078 155473 155305 155186 151969 150956
118406 4
155186 155305 150956 151969
118408 5
153579 153384 155496 155497 153025
118409 6
151234 152522 153371 155121 155528 155672
118413 18
152113 156812 156934 151536 152423 152421 151393 153311 155330 155643 155644 156457 151775 156859 151395 156985 152977 154345
118416 6
151234 152522 153371 155121 155528 155672
118419 7
151236 152596 152657 152821 154521 154569 152765
118423 2
151847 152078
118424 1
156495
118425 9
150991 151673 151684 152515 153119 153668 156433 156929 157198
118435 1
150991
118473 1
153138
118475 2
156459 154345
118476 2
152522 151234
118479 1
151057
118481 1
156495
118492 1
155292
118493 1
155934
118494 1
156576
118498 1
156539
118500 1
151923
118501 1
151057
118503 1
156495
118506 1
151929
118515 40
152677 151722 156128 155211 154704 155878 156682 152930 155723 155267 152619 151833 155377 155691 156576 156613 156745 157079 153594 153593 151457 153565 154930 155952 156563 154666 153383 152641 151918 154223 153998 153376 153924 153906 153338 152583 153859 153852 153238 153715
118519 7
152129 155000 155585 156315 157068 155181 156478
118522 4
152009 152571 152805 153873
118523 32
153643 155241 153508 153651 151016 153450 156867 153786 153705 153652 153495 155603 153611 153456 153829 153905 153962 157063 154915 156576 155878 155723 156128 155377 155691 155211 152930 152677 151833 152619 151722 154704
118525 3
151847 152078 152532
118526 9
156578 157075 155585 156315 152129 157068 155000 155566 155729
118531 1
152391
118534 19
152113 156812 156934 151536 152423 152421 151393 153311 155330 155643 155644 156457 151775 156859 151395 156985 152977 154345 156635
118536 23
154223 153998 153859 153852 153906 153924 153715 151918 152322 152583 152641 151457 152975 151731 153238 153338 153376 153383 153565 153593 153594 153635 154666
118537 4
153138 151929 154183 156119
118597 14
152113 156812 156934 151393 152421 153311 155330 155643 155644 156457 151395 156859 151775 156985
118598 2
156123 156638
118599 21
155241 153495 154915 153705 155603 157063 153786 153611 153651 153652 153829 153905 153962 156867 153508 153643 151016 153450 153456 152677 151833
118600 6
155342 155331 155292 156477 156611 156961
118604 21
151617 151630 152107 152110 152112 153205 154224 154794 154840 154932 155277 156120 156189 156191 156221 156469 156588 156609 157082 157109 151483
118605 2
155934 156067
118606 8
153667 151857 154400 156548 157033 157120 156998 157190
118609 4
156568 154737 156053 153249
118610 4
153886 154861 152660 156194
118612 2
156123 156638
118613 3
155000 155585 152129
118614 3
152765 152631 150955
118615 3
155331 156477 155292
118616 4
152522 153371 155121 151234
118619 3
154183 156119 151929
118621 3
156576 151731 151457
118624 3
153450 151016 153456
118625 1
152532
118632 1
156277
118634 1
151931
118636 1
152186
118646 1
155292
118648 1
151929
118650 1
151236
118652 1
156635
118669 3
157236 152391 155499
118675 3
156539 155566 155729
118682 2
156123 156638
118733 1
150991
118734 1
150991
118735 1
152129
118737 1
151057
118747 2
155496 155497
118769 1
151057
118770 1
151847
118773 1
157023
118774 1
156495
118775 1
156576
