119710 1
156123
119713 1
151305
119717 1
151847
119753 1
152738
119856 1
157234
119887 4
156635 156812 152113 156934
119889 3
151929 154183 156119
119890 2
156635 152113
119892 2
151457 151731
119894 4
155000 155585 156315 152129
119895 1
153138
119898 4
153776 154141 150963 156291
119899 3
152532 153579 153384
119900 4
156495 153025 155497 155496
119901 2
156123 156638
119902 5
155497 155496 153025 153384 153579
119923 5
151536 152423 151775 151393 151395
119927 5
155331 156477 156611 156961 155292
119931 4
156495 153025 155496 155497
119932 4
151081 151235 151352 151057
119933 4
152423 151536 153941 152672
119936 5
152421 151393 151775 151395 153311
119940 5
152522 153371 155121 155528 151234
119943 3
151617 151630 151483
119960 2
155000 152129
119961 2
156397 156396
119965 2
151722 151833
119967 3
155331 156477 155292
119969 3
152669 152732 152372
119970 3
156495 155497 155496
119971 3
152968 154476 151397
120005 1
153138
120007 1
155292
120012 1
155934
120032 1
157023
120038 1
156123
120039 1
155934
120040 1
152186
120041 2
156123 156638
120042 5
151617 151630 152107 152110 151483
120043 2
152078 151847
120087 4
151929 154183 156119 153138
120089 4
157023 151684 152515 151673
120095 4
155331 156477 155292 156611
120096 4
151929 154183 156119 153138
120097 2
156478 156539
120099 1
157023
120108 1
156495
120134 1
151057
120139 1
153138
120140 1
151057
120142 1
155342
120144 1
151016
120156 3
153416 156954 152186
120157 3
152571 152805 152009
120158 3
152977 154345 151536
120159 3
154183 156119 151929
120166 2
156638 156123
120169 2
152765 151236
120172 2
157023 151673
120289 1
152186
120319 1
155496
120341 4
152522 153371 155121 151234
120349 4
155000 155585 156315 152129
120350 4
153025 153384 153579 152532
120351 4
156478 156274 155729 155566
120354 4
152571 152805 153873 152009
120356 4
156478 156274 155566 155729
120380 2
152078 151847
120383 1
152009
120387 1
156610
120422 1
151234
120439 1
151923
120450 1
155292
120451 1
153384
120468 1
156980
120486 1
152532
120499 1
156495
120507 2
156495 155496
120508 2
156397 156396
120510 1
151057
120526 1
152186
