120537 5
154861 156194 152660 153886 151659
120543 5
157122 156622 155186 155305 155473
120544 1
156539
120547 3
155749 152391 157236
120549 4
152009 152571 152805 153873
120551 3
151731 151457 151918
120552 1
152532
120553 1
151057
120555 1
151536
120567 1
151722
120569 1
151847
120581 2
155331 155292
120621 4
152009 152571 152805 153873
120622 4
156851 156946 155473 157078
120649 1
156123
120651 1
152102
120652 1
157023
120653 1
156576
120654 1
151057
120655 1
152799
120656 1
156539
120657 1
156539
120700 1
152532
120701 1
155498
120704 1
153579
120706 1
151397
120768 1
156980
120773 5
154861 156194 152660 153886 151659
120776 2
152391 157236
120786 2
155292 155331
120789 1
151722
120793 1
155292
120794 1
156123
120800 1
156495
120802 1
152738
120878 1
156576
120887 2
157023 151673
120888 2
155496 155497
120938 2
152522 151234
120939 2
151292 151252
120940 2
152522 151234
120941 2
156495 153025
120942 2
155292 155331
120943 2
152571 152009
120946 2
153579 152532
120948 2
151057 151081
120950 2
157170 154436
120951 2
153025 153384
120952 2
151605 151659
120954 2
151673 150991
120955 1
152532
120956 2
157023 151673
120957 1
151847
120961 1
152129
120985 1
152391
120987 1
156274
120988 1
156495
120990 1
152129
121025 2
150955 152631
121026 1
156980
121033 2
152078 151847
121035 2
156610 151617
121036 2
151081 151057
121037 1
156495
121039 2
153416 152186
121040 2
155292 155331
121041 1
156459
121042 2
152660 153886
121044 2
155342 155331
121045 2
157023 151673
121047 2
157023 151673
121051 1
156539
121052 1
153138
121054 2
156638 156123
121061 2
152532 153579
121063 1
157023
121065 2
156495 153025
121071 2
151236 152596
121165 1
155292
121198 2
153025 153579
121201 1
153384
121203 1
156495
121208 1
151057
121211 1
157023
121214 1
151234
121216 1
156495
121218 1
155934
121219 1
151016
121220 1
156123
121225 1
151847
121226 1
152765
121228 1
151234
121229 1
151457
121230 1
152532
121231 1
152532
121236 1
151929
121238 2
156539 155729
121240 2
156067 155934
121307 2
152522 151234
121309 2
156539 156274
121358 1
152102
121359 1
150991
121360 1
152738
