124916 1
153579
124921 3
151617 151630 151483
124922 2
152765 151236
124923 2
151457 151731
124926 1
156495
124933 1
155412
124939 1
156495
124952 5
150956 151969 156851 155473 156946
124955 1
152765
124958 5
152619 152677 151833 151722 152930
124986 1
156495
125064 4
156539 156274 156478 155729
125065 4
151617 151630 152107 151483
125075 1
151234
125094 1
153579
125095 1
155566
125096 1
156539
125100 1
156495
125107 1
155412
125129 2
152634 151923
125131 1
150991
125137 2
151847 152078
125139 5
157078 156851 155473 156946 155305
125140 4
152009 152571 152805 153873
125141 2
156478 156539
125144 5
153667 156548 151857 154400 157033
125149 2
156123 156638
125150 4
152009 152571 152805 153873
125152 2
155934 156067
125159 5
152522 153371 155121 155528 151234
125160 1
153138
125162 4
155331 156477 155292 156611
125164 3
150955 152631 153029
125166 3
156610 151630 151617
125168 2
155934 156067
125170 1
156980
125176 1
152738
125196 1
152660
125240 1
156980
125242 2
155000 152129
125258 1
155292
125260 1
156610
125263 1
152799
125364 1
155292
125366 1
155496
125368 1
152129
125371 1
152660
125373 1
156539
125374 1
152660
125400 1
155566
125481 1
156539
125482 2
152660 153886
125483 2
152672 153941
125484 2
151673 150991
125486 1
151847
125487 1
151847
125488 1
151057
125493 1
152799
125494 1
157023
125495 1
152657
125499 1
152765
125503 1
152660
125505 1
152129
125507 1
152129
125508 1
152009
125512 1
151234
125514 1
151234
125516 1
153384
125517 1
150991
125518 2
156067 155934
125520 1
155412
125521 2
152968 151397
125526 2
154183 151929
125528 1
156274
125529 1
156539
125553 3
155000 155585 152129
125557 1
152765
125558 1
153579
125561 1
153667
125566 1
152129
125568 1
152660
125569 1
155292
125570 2
151857 154400
125575 1
155292
125578 1
151397
125579 1
156578
125581 1
156123
125582 1
152186
125585 1
152129
125587 1
151234
125591 1
156495
125593 1
151929
125596 1
156539
125608 22
151234 152522 153371 155121 155528 155672 151659 153648 154669 154670 154931 152083 151605 152551 155762 155805 155963 156718 156838 156885 156945 156971
125611 3
151929 154183 156119
125613 1
155412
125615 10
157023 151673 151684 152515 153119 153668 156433 156929 150991 157198
125616 6
152799 156277 156328 156426 156427 156720
125621 22
151483 151617 151630 152107 152110 152112 153205 154224 154794 154840 154932 155277 156120 156189 156191 156221 156469 156588 156609 157082 157109 157153
125623 52
151057 151081 151235 151352 151693 151744 151755 151785 151789 151817 152111 152159 152787 152815 152831 152947 152962 152973 153117 153280 153293 153695 153761 154168 154350 154468 155166 155248 155263 155297 155351 155396 155430 155580 155941 155956 155970 156009 156435 156779 156782 156856 156944 156970 156975 157011 157015 157042 157087 157099 157177 157184
125626 1
155412
125627 2
156123 156638
125630 1
156539
125632 1
153025
125634 2
152078 151847
125649 1
152765
125652 1
156539
125742 1
153025
