125771 2
155934 156067
125773 4
155331 156477 156611 155292
125774 1
152765
125777 1
155498
125889 3
157023 151684 151673
125890 1
156495
125891 3
151057 151081 151235
125892 5
156576 153495 153450 151016 153456
125896 5
152738 156610 151630 152110 152107
125897 5
152765 152657 151236 152596 152821
125898 1
156539
125899 5
156277 152799 156328 156426 156427
125900 5
155000 155585 156315 152129 157068
125901 1
156539
125904 1
150991
125932 1
157023
125934 1
151057
125939 2
156495 155497
125943 2
156495 155496
125947 2
151457 151731
125952 1
151057
125955 1
152129
125958 1
152532
125998 1
152129
126052 1
156123
126054 1
156274
126055 1
156281
126057 1
155934
126065 1
156495
126069 2
156638 156123
126087 71
151457 151731 151918 152322 152583 152641 152975 153238 153338 153376 153383 153565 153593 153594 153635 153715 153852 153859 153906 153924 153998 154223 154666 154930 155952 156563 156579 156608 156700 156916 156924 156957 157055 157253 155723 155878 152677 156128 152930 151722 152619 156613 156682 154704 156745 151833 155211 155267 155377 157079 155691 156576 153905 153456 153611 153962 153495 153643 153651 153652 154915 153705 153508 156867 155241 153786 153829 155603 157063 151016 153450
126089 11
152009 152571 152805 153873 156578 157075 155585 156315 152129 157068 155000
126090 7
156578 157075 155585 156315 152129 157068 155000
126094 2
156478 156539
126095 2
156478 156539
126096 4
153138 151929 154183 156119
126097 4
153138 151929 154183 156119
126101 1
155566
126103 1
150991
126109 1
155292
126110 1
155292
126111 1
152977
126112 1
152129
126116 1
156495
126119 1
152138
126121 1
151929
126123 1
152660
126130 2
152738 156610
126135 1
155292
126139 1
155934
126140 1
157170
126141 1
152660
126149 2
151673 150991
126151 2
156495 155496
126152 2
157023 151673
126154 1
152532
126167 1
152672
126184 3
152186 153416 156954
126185 1
153384
126187 1
156123
126189 1
153667
126190 1
156459
126192 1
156123
126249 3
154183 156119 151929
126251 4
153025 155496 155497 156495
126252 3
156539 156478 156274
126254 3
152113 156812 156934
126256 3
152571 152805 152009
126257 3
152765 151923 152634
126262 3
156539 156274 156478
126264 2
156123 156638
126266 3
153416 156954 152186
126268 3
154183 156119 151929
126269 3
155331 156477 155292
126270 3
155331 156477 155292
126271 3
156539 156274 156478
126272 3
153416 156954 152186
126273 3
155000 152129 155585
126274 3
155331 155292 156477
126281 4
156635 152423 151536 151775
126282 4
155729 155566 156478 156274
126283 2
156123 156638
126286 3
155292 155331 156477
126289 3
155292 155331 156477
126290 1
152372
126291 1
156576
126292 1
151605
126293 1
151234
126326 1
156495
126328 1
150991
126330 1
156495
126331 1
156478
126334 1
155292
126336 1
156274
126337 1
156123
126339 1
155292
126341 1
157122
126374 2
156123 156638
126375 4
151929 154183 156119 153138
126380 4
150952 151021 152096 152520
126393 2
156123 156638
126411 1
151234
126413 1
155412
126416 1
153384
126460 6
152765 155207 151429 151369 154485 155215
126461 6
156315 157068 155585 152129 155000 156578
126462 4
153138 151929 154183 156119
126463 5
157023 151684 152515 153119 151673
126464 3
152532 153579 153384
126467 5
151673 151684 152515 153119 150991
126473 5
156277 156328 156426 156427 152799
126478 5
152765 153029 153870 152631 150955
126479 5
152522 153371 155121 155528 151234
126484 4
153138 151929 154183 156119
126485 5
156539 156274 156478 155729 155566
126486 5
152522 153371 155121 155528 151234
126487 3
152186 153416 156954
126491 5
151081 151235 151352 151693 151057
126495 1
156495
126498 1
150991
126499 1
152009
126500 1
151057
126502 1
152009
126570 1
152186
126574 1
155934
126576 1
151929
126577 1
151393
126579 1
156539
126605 1
153667
126607 1
157023
126620 5
156495 155496 155497 153025 153384
126621 5
151673 151684 152515 153119 150991
126623 5
156495 155496 155497 153025 153384
126624 1
155292
