127449 2
156123 156638
127455 5
155000 155585 156315 152129 157068
127460 4
153138 151929 154183 156119
127464 3
155496 155497 156495
127466 5
155729 155566 156478 156274 155585
127468 5
155497 155496 153025 153384 153579
127470 5
156277 156328 156426 156427 152799
127471 5
152522 153371 155121 155528 151234
127474 5
155000 155585 156315 152129 157068
127476 5
155000 155585 156315 152129 157068
127481 1
152129
127482 1
151929
127483 1
152186
127485 1
156539
127490 1
156123
127492 1
156353
127495 1
151929
127499 1
156539
127503 1
155412
127507 1
153579
127512 1
152765
127514 1
156123
127519 1
157023
127520 1
152009
127525 1
152672
127526 1
151847
127527 1
156495
127528 2
152660 153886
127529 2
156495 153025
127530 1
156478
127531 1
157023
127532 2
156578 157075
127533 1
156123
127537 1
151057
127538 1
152009
127539 1
155934
127542 1
151605
127543 1
155749
127546 2
151617 151483
127547 2
152634 151923
127548 1
155292
127551 1
156798
127553 6
153579 153384 153025 155496 155497 156495
127554 7
156851 155473 157078 156946 150956 151969 155305
127557 2
156123 156638
127558 6
151234 152522 153371 155121 155528 155672
127559 5
155292 155331 156477 156611 156961
127563 7
152738 156610 151630 152110 152112 152107 151617
127564 2
156123 156638
127565 4
152009 152571 152805 153873
127567 4
153025 156495 155497 155496
127569 7
157023 151684 152515 153119 153668 156433 151673
127595 1
151016
127597 1
152009
127615 2
156067 155934
127616 3
156495 155497 155496
127674 1
155342
127676 1
156495
127677 1
151929
127701 1
156610
127702 1
156610
127703 1
153025
127707 1
156123
127764 2
156067 155934
127870 1
155498
127875 1
150991
127880 1
151016
127903 2
155331 155292
127906 2
151605 151659
127909 3
153450 151016 153456
127910 3
156539 155729 155566
127911 3
155000 155585 152129
127985 1
156459
127987 2
155729 155566
127988 1
157023
127989 2
156067 155934
127990 2
155292 155331
127995 2
151057 151081
128003 1
155186
128007 1
156396
128013 1
156495
128014 1
156622
128015 1
151057
128017 1
155566
128018 1
155412
128020 1
155498
128021 1
151929
128025 1
151605
128062 5
155566 155729 156274 156478 156539
128067 2
157023 151673
128071 2
152968 151397
128074 2
154183 151929
128086 1
155292
128091 1
156539
128123 1
152129
128124 1
151236
128210 1
155412
128217 1
152391
128219 2
152634 151923
128220 1
155412
128230 1
157023
128231 1
155412
128232 1
151536
128241 1
150991
128244 1
151847
128245 1
152009
128246 1
156539
