131700 2
156610 151617
131705 2
152660 153886
131707 1
153138
131717 1
156478
131719 1
156495
131721 1
153667
131722 1
156539
131723 1
155934
131725 1
152186
131726 1
151397
131727 1
156123
131733 1
155934
131734 1
152672
131735 1
152532
131736 1
152113
131737 1
155566
131741 1
155292
131742 1
155292
131743 1
152113
131744 1
156459
131746 1
152738
131747 1
152129
131761 1
151016
131859 1
152009
131863 1
155934
131864 20
151605 151659 152083 152551 153648 154669 154670 154931 155762 155805 155963 156718 156838 156885 156945 156971 154861 152660 156194 153886
131867 11
152391 157236 155499 155498 155219 154436 156397 156802 156849 157089 156396
131870 1
153138
131876 4
152009 152571 152805 153873
131877 3
151929 154183 156119
131879 4
156274 156478 155566 155729
131881 1
156495
131882 7
156578 157075 155585 156315 152129 157068 155000
131884 2
156123 156638
131887 2
155934 156067
131888 4
151919 153382 153693 154357
131889 6
151234 152522 153371 155121 155528 155672
131896 52
151057 151081 151235 151352 151693 151744 151755 151785 151789 151817 152111 152159 152787 152815 152831 152947 152962 152973 153117 153280 153293 153695 153761 154168 154350 154468 155166 155248 155263 155297 155351 155396 155430 155580 155941 155956 155970 156009 156435 156779 156782 156856 156944 156970 156975 157011 157015 157042 157087 157099 157177 157184
131897 10
157023 151673 151684 152515 153119 153668 156433 156929 150991 157198
131900 4
156274 156478 155566 155729
131908 5
155566 155729 156274 156478 156539
131910 23
151483 151617 151630 152107 152110 152112 153205 154224 154794 154840 154932 155277 156120 156189 156191 156221 156469 156588 156609 157082 157109 157153 156610
131912 7
156578 157075 155585 156315 152129 157068 155000
131916 10
157023 151673 151684 152515 153119 153668 156433 156929 150991 157198
131918 55
152738 151731 151918 152322 152583 152641 151457 152975 153238 153338 153376 153383 153565 153593 153594 153635 153715 153852 153859 153906 153924 153998 154223 154666 154930 155952 156563 156579 156608 156700 156916 156924 156957 157055 157253 156576 153643 153651 154915 153652 155241 155603 153705 153508 153786 153829 151016 153450 156867 153905 153456 153611 153962 157063 153495
131919 1
156980
131922 4
152009 152571 152805 153873
131925 11
156578 157075 155585 156315 152129 157068 155000 156478 156274 155566 155729
131926 4
153138 151929 154183 156119
131928 1
155412
131930 4
153138 151929 154183 156119
131932 11
152009 152571 152805 153873 156578 157075 155585 156315 152129 157068 155000
131934 1
157023
131937 2
156123 156638
131940 6
151234 152522 153371 155121 155528 155672
131942 10
150991 151673 151684 152515 153119 153668 156433 156929 157198 157023
131946 26
151605 151659 152083 152551 153648 154669 154670 154931 155762 155805 155963 156718 156838 156885 156945 156971 154861 152660 156194 153886 155342 155292 156477 156611 156961 155331
131951 5
153384 153025 155496 155497 156495
131957 6
151234 152522 153371 155121 155528 155672
131959 6
151234 152522 153371 155121 155528 155672
131962 14
156841 156798 156548 151857 154400 157033 157120 153667 155715 153506 153533 153628 150983 153498
131965 24
151483 151617 151630 152107 152110 152112 153205 154224 154794 154840 154932 155277 156120 156189 156191 156221 156469 156588 156609 157082 157109 157153 156610 152738
131969 4
155498 155499 152391 157236
131974 26
151605 151659 152083 152551 153648 154669 154670 154931 155762 155805 155963 156718 156838 156885 156945 156971 154861 152660 156194 153886 155342 155292 156477 156611 156961 155331
131977 16
151236 152596 152657 152821 154521 154569 152796 152634 152635 154564 151923 154577 154702 154793 154879 157098
131978 4
153138 151929 154183 156119
131982 2
156123 156638
131983 6
151234 152522 153371 155121 155528 155672
131984 1
153138
131985 3
151847 152078 152532
131986 3
152532 153579 153384
131991 4
152009 152571 152805 153873
131993 2
156123 156638
131994 11
152009 152571 152805 153873 156578 157075 155585 156315 152129 157068 155000
131995 6
152532 153384 153579 153025 155496 155497
131996 7
156842 157234 154319 151969 150956 155186 155305
131998 3
151929 154183 156119
132002 5
155566 155729 156274 156478 156539
132005 54
156610 152738 151918 152322 152583 152641 151457 152975 153238 153338 153376 153383 153565 153593 153594 153635 153715 153852 153859 153906 153924 153998 154223 154666 154930 155952 156563 156579 156608 151731 156700 156916 156924 156957 157055 157253 155878 151722 156128 152930 152619 151833 154704 156613 156682 152677 156745 155211 155267 155377 155691 157079 155723 156576
132006 2
151847 152078
132011 22
151483 151617 151630 152107 152110 152112 153205 154224 154794 154840 154932 155277 156120 156189 156191 156221 156469 156588 156609 157082 157109 157153
132014 1
156539
132015 4
153138 151929 154183 156119
132016 9
150991 151673 151684 152515 153119 153668 156433 156929 157198
132017 11
152009 152571 152805 153873 156578 157075 155585 156315 152129 157068 155000
132023 3
155496 155497 156495
132027 9
150991 151673 151684 152515 153119 153668 156433 156929 157198
132031 4
152009 152571 152805 153873
132033 3
155496 155497 156495
132035 16
151605 151659 152083 152551 153648 154669 154670 154931 155762 155805 155963 156718 156838 156885 156945 156971
132036 1
153138
132041 10
157023 151673 151684 152515 153119 153668 156433 156929 150991 157198
132042 28
151375 156225 151659 152083 152551 153648 154669 154670 154931 155762 155805 155963 151605 156718 156838 156885 156945 156971 152660 156194 153886 154861 155342 155331 156477 156611 156961 155292
132047 58
151483 151617 151630 152107 152110 152112 153205 154224 154794 154840 154932 155277 156120 156189 156191 156221 156469 156588 156609 157082 157109 157153 156610 152738 153852 153859 153906 153924 153998 154223 151918 154666 152322 152583 154930 152641 151457 155952 152975 151731 153238 153338 153376 156563 156579 153383 156608 153565 153593 156700 156916 156924 156957 157055 153594 153635 153715 157253
132049 5
153384 153025 153579 155496 155497
132060 3
155749 152391 157236
132061 22
152471 156791 156794 156790 153211 156853 156804 152102 156808 150952 152520 152702 152096 152786 151021 154036 153956 153799 156840 153667 156798 156107
132063 2
151847 152078
132065 21
156718 151659 156945 156971 156885 156838 153648 154669 154670 154931 152083 151605 152551 155762 155805 155963 156578 157075 155672 153371 155528
132070 1
152765
132071 2
156123 156638
132073 4
153579 153384 153025 156495
132077 2
152532 153384
132084 4
156274 156478 155566 155729
132087 1
156539
132088 1
156495
132091 3
151929 154183 156119
132104 2
151847 152078
132119 5
155566 155729 156274 156478 156539
132122 14
157023 151673 151684 152515 153119 153668 156433 156929 150991 157198 153382 151919 153693 154357
132125 11
152009 152571 152805 153873 156578 157075 155585 156315 152129 157068 155000
132127 6
151234 152522 153371 155121 155528 155672
132128 23
151252 151292 151370 151493 151917 151990 152022 152103 152251 152824 152897 152976 153210 153362 154217 154475 154799 154984 155409 156483 156484 156855 156953
132141 2
152765 150955
132142 1
156459
132144 1
156123
132147 1
152129
132152 1
156459
132170 5
155292 155331 156477 156611 156961
132171 9
152009 152571 152805 153873 152129 155000 155585 156315 157068
132174 5
155292 155331 156477 156611 156961
132180 10
157023 151673 151684 152515 153119 153668 156433 156929 150991 157198
132182 12
156578 157075 155585 156315 152129 157068 155000 155566 155729 156539 156274 156478
132183 1
156539
132185 3
153579 153384 153025
132186 28
151234 152522 153371 155121 155528 155672 151375 156225 153648 154669 154670 154931 152083 151605 152551 155762 155805 155963 151659 156718 156838 156885 156945 156971 152660 156194 153886 154861
132191 2
151081 151057
132194 1
155496
132208 1
152186
132218 18
156945 156718 156838 156885 156971 151659 153648 154669 154670 154931 152083 151605 152551 155762 155805 155963 155672 153371
132221 4
156274 156478 155566 155729
132244 26
151923 152634 152635 152796 154564 154577 154702 154793 154879 157098 152631 150955 154600 153029 154788 153870 154298 155005 155006 155185 155238 156865 157029 154320 157209 152765
132245 5
155292 155331 156477 156611 156961
132248 24
151369 151429 154485 155207 155215 156770 156882 157137 154569 152596 152657 152821 151236 154521 154577 154702 154793 154879 152634 152635 151923 154564 157098 152796
132249 2
153025 156495
132254 1
156539
132258 16
151923 152634 152635 152796 154564 154577 154702 154793 154879 157098 154569 152657 151236 152821 154521 152596
132261 21
151969 150956 153341 152134 155379 153499 155060 156506 151303 151839 155057 151924 155685 155686 157022 156513 156522 152073 155473 156851 156946
132284 1
155342
132296 1
152660
132297 1
155934
132320 2
156495 155497
132321 2
151929 154183
132353 6
156194 152660 153886 154861 152083 153648
132355 2
156123 156638
132356 5
155292 155331 156477 156611 156961
132362 4
152009 152571 152805 153873
132364 5
152657 152821 151236 152596 154521
132365 3
155566 155729 156539
132368 4
153138 151929 154183 156119
132376 5
154345 152977 156635 153960 152672
132377 5
156578 157075 152805 153873 152571
132380 1
157023
132381 5
156611 155292 155331 156477 156961
132382 5
151081 151235 151352 151693 151057
132383 4
151673 151684 152515 150991
132385 4
152423 151536 151775 151395
132386 4
156539 155566 155729 156478
132388 4
157023 151684 152515 151673
132389 1
155412
132392 2
152078 151847
132401 1
152532
132403 3
153579 153384 153025
132404 4
156495 155497 155496 153025
132409 4
156277 156328 156426 152799
132412 2
156478 156539
132416 2
156123 156638
132419 3
156851 155473 156946
132422 2
151847 152078
132423 1
152186
132432 3
152660 153886 154861
132433 6
155342 156611 155292 156477 155331 156961
132434 6
152765 152821 151236 152596 152657 154521
132439 2
153579 153384
132440 2
155934 156067
132445 5
153297 151931 154545 154544 151172
132462 1
157023
132477 1
156495
132478 1
155934
132488 25
151605 151659 152083 152551 153648 154669 154670 154931 155762 155805 155963 156718 156838 156885 156945 156971 154861 152660 156194 153886 155331 156477 156611 156961 155292
132490 5
156274 156478 155566 155729 156539
132500 7
156578 157075 155585 156315 152129 157068 155000
132502 1
155412
132504 5
155566 155729 156274 156478 156539
132505 3
152186 153416 156954
132513 2
152738 156610
132514 2
152660 153886
132515 2
157023 151673
132516 1
157023
132520 1
156459
132522 1
156539
132523 2
152078 151847
132527 2
151969 150956
132529 2
155292 155331
132531 2
152571 152009
132532 2
156274 156478
132537 2
152660 153886
132540 1
155412
132541 2
152660 153886
132544 2
152532 152078
132545 2
155331 155292
132548 2
155496 155497
132549 2
155331 155292
132550 2
152660 153886
132551 2
152571 152009
132552 4
151081 151235 151352 151057
132553 4
151673 151684 152515 150991
132555 1
152009
132560 1
156610
132573 1
151057
132575 1
153384
