132580 1
153138
132585 1
152977
132586 1
151929
132587 1
152660
132589 1
155498
132592 1
152009
132631 1
152129
132635 1
152738
132638 1
152129
132642 1
152765
132643 1
155292
132644 1
156495
132760 1
157023
132762 2
156610 151617
132763 2
156610 151617
132767 1
152532
132768 2
152660 153886
132777 2
156638 156123
132778 1
156495
132780 2
152631 150955
132791 11
151923 152634 152635 152796 154564 154577 154702 154793 154879 157098 152765
132792 1
155186
132797 1
153579
132799 4
151617 151630 152107 151483
132800 4
157023 151684 152515 151673
132902 1
155412
132905 2
156396 156397
132906 2
152391 157236
132907 2
156495 155496
132912 1
155412
132917 1
152138
132922 1
155292
132926 1
155186
132928 5
155342 155292 155331 156477 156611
132937 1
153138
132962 1
155412
132964 1
152799
132965 1
155934
132976 2
151081 151057
132979 2
154711 154692
132981 4
153450 153456 151016 153495
132982 3
155000 155585 152129
132983 1
156539
132987 2
154692 154711
132988 2
155292 155331
132989 3
152571 152805 152009
132990 2
155000 152129
132993 2
153384 152532
132995 2
152522 151234
133000 1
156980
133001 2
152571 152009
133005 2
156638 156123
133011 2
153416 152186
133020 2
152522 151234
133024 2
156495 155497
133025 3
151969 150956 155473
133028 2
152532 153579
133032 1
156459
133035 4
155331 156477 156611 155292
133050 4
152619 151722 151833 152677
133053 3
155331 156477 155292
133058 3
155292 155331 156477
133060 1
156610
133103 1
151929
133139 1
155412
133217 3
152522 153371 151234
133226 3
155000 155585 152129
133227 3
152571 152805 152009
133228 1
155473
133242 4
153138 151929 154183 156119
133244 3
151929 154183 156119
133245 4
153579 153384 153025 156495
133249 6
153025 156495 155496 155497 153384 153579
133255 1
156980
133258 3
152186 153416 156954
133288 2
151021 150952
133290 1
152532
133292 2
151375 156225
133364 1
156635
133369 3
155292 155331 156477
133370 3
152634 151923 152635
133373 3
151833 151722 152619
133374 3
156495 155497 155496
133375 3
152423 151536 156635
133377 2
156123 156638
133381 2
151847 152078
133403 1
155934
133404 1
156495
133410 1
155412
133413 2
152532 152078
133416 1
151847
