136054 1
156539
136056 2
156495 153025
136059 2
151021 150952
136124 1
152129
136125 1
150991
136126 1
156539
136130 1
156495
136155 1
156539
136177 2
153579 152532
136178 2
152738 156610
136179 2
155331 155292
136181 2
156539 156478
136184 1
156539
136189 1
152799
136191 1
153138
136192 1
155566
136193 1
156495
136212 1
151234
136275 1
151234
136328 1
157023
136330 1
155292
136332 1
151929
136334 1
155412
136336 1
156539
136343 1
151016
136344 1
156495
136351 1
155292
136353 1
155412
136354 1
156277
136356 1
152009
136367 1
156980
136370 2
153416 152186
136371 2
154711 154692
136372 2
156495 155496
136375 2
156495 155497
136377 2
155331 155292
136380 2
156539 155729
136418 6
156635 151536 152423 151775 152421 151393
136420 4
152138 152594 152605 156876
136451 2
156274 156478
136457 5
156576 153495 153450 151016 153456
136461 1
155292
136462 1
157023
136469 1
156539
136472 2
155000 152129
136480 2
152129 155000
136490 1
151234
136500 3
152571 152805 152009
136502 2
156123 156638
136503 2
156495 155496
136504 2
153416 152186
136508 2
153416 152186
136509 1
156459
136511 3
155331 155292 156477
136513 1
156980
136518 1
156274
136519 1
151375
136529 3
155292 155331 156477
136532 2
155000 152129
136533 2
156638 156123
136558 1
152532
136564 1
157023
136601 2
153382 151919
136602 2
152660 153886
136604 1
151847
136605 1
151483
136640 2
156638 156123
136644 2
154183 151929
136645 2
156067 155934
136689 2
156635 152977
136691 2
152078 151847
136692 2
155331 155292
136695 1
156539
136699 2
151969 150956
136700 2
155331 155292
136701 2
156495 155496
136703 2
155292 155331
136707 2
156578 157075
136711 2
156274 156478
136714 1
156539
136715 1
152532
136718 2
155331 155292
136720 1
152660
136754 2
156638 156123
136765 2
156123 156638
136768 1
156980
136770 4
155331 156477 155292 156611
136774 4
152799 156426 156328 156277
136811 1
151722
136813 1
156123
136869 1
152009
136887 3
151833 151722 152619
136891 2
151673 150991
136893 2
155292 155331
136894 1
151234
136908 2
151081 151057
136909 2
153416 152186
136912 2
150956 151969
136915 2
156478 156539
136917 2
156539 156274
