139695 3
155000 155585 152129
139697 3
157023 151684 151673
139700 2
155934 156067
139708 3
156576 151016 153450
139709 3
153384 152532 153579
139711 1
155412
139712 3
157023 151684 151673
139714 3
152660 153886 154861
139715 3
155331 155292 156477
139716 3
156459 154485 151429
139720 3
156274 156478 155585
139722 1
156539
139723 2
156123 156638
139725 3
154692 154711 154439
139734 3
156225 151375 152522
139736 3
151929 154183 156119
139737 1
156226
139743 1
155292
139745 1
156622
139746 1
151397
139752 1
151722
139753 1
153579
139757 1
151252
139759 1
151016
139763 2
151457 151731
139765 2
152571 152009
139771 2
152522 151234
139774 1
157023
139775 2
151016 153450
139781 4
151847 152078 152532 153579
139878 1
151929
139890 1
155566
139923 2
155496 155497
139925 1
156980
139948 1
151057
139953 1
151057
139999 1
156495
140032 1
152129
140040 1
155292
140050 72
152738 151731 151918 152322 152583 152641 151457 152975 153238 153338 153376 153383 153565 153593 153594 153635 153715 153852 153859 153906 153924 153998 154223 154666 154930 155952 156563 156579 156608 156700 156916 156924 156957 157055 157253 155723 155878 151722 156128 152930 152619 151833 156613 156682 154704 156745 152677 155211 155267 155377 157079 155691 156576 153905 153456 153611 153962 153495 153643 153651 153652 154915 153705 153508 156867 155241 153786 153829 155603 157063 151016 153450
140052 27
151234 152522 153371 155121 155528 155672 155292 155331 156477 156611 156961 152083 151605 152551 151659 153648 155762 155805 155963 154669 154670 156718 156838 156885 156945 154931 156971
140053 1
156539
140054 3
152977 154345 156635
140055 9
153180 155420 156001 156013 156024 156331 157180 155749 157122
140056 14
151857 154400 156548 157033 157120 153667 150983 153498 155715 153506 153533 153628 156998 157190
140065 1
152532
140070 1
156539
140071 6
151234 152522 153371 155121 155528 155672
140075 11
154436 155219 152391 157236 155499 155498 156397 156802 156849 157089 156396
140076 3
152186 153416 156954
140082 10
150991 151673 151684 152515 153119 153668 156433 156929 157198 157023
140090 25
151605 151659 152083 152551 153648 154669 154670 154931 155762 155805 155963 156718 156838 156885 156945 156971 154861 152660 156194 153886 155331 156477 156611 156961 155292
140092 6
151234 152522 153371 155121 155528 155672
140096 10
152129 155000 155585 156315 157068 155566 155729 156478 156274 156539
140099 1
155412
140102 6
151234 152522 153371 155121 155528 155672
140103 52
151057 151081 151235 151352 151693 151744 151755 151785 151789 151817 152111 152159 152787 152815 152831 152947 152962 152973 153117 153280 153293 153695 153761 154168 154350 154468 155166 155248 155263 155297 155351 155396 155430 155580 155941 155956 155970 156009 156435 156779 156782 156856 156944 156970 156975 157011 157015 157042 157087 157099 157177 157184
140107 5
156274 156478 155566 155729 156539
140108 2
151847 152078
140115 52
151057 151081 151235 151352 151693 151744 151755 151785 151789 151817 152111 152159 152787 152815 152831 152947 152962 152973 153117 153280 153293 153695 153761 154168 154350 154468 155166 155248 155263 155297 155351 155396 155430 155580 155941 155956 155970 156009 156435 156779 156782 156856 156944 156970 156975 157011 157015 157042 157087 157099 157177 157184
140118 15
155934 156067 153960 153964 153983 153994 154001 154148 155441 152672 153941 157251 156812 156934 152113
140121 1
156539
140129 1
153138
140131 10
150991 151673 151684 152515 153119 153668 156433 156929 157198 157023
140135 7
152532 153579 153384 156495 155497 155496 153025
140136 2
154692 154711
140140 2
153025 156495
140147 2
156123 156638
140148 7
156578 157075 155585 156315 152129 157068 155000
140150 25
151605 151659 152083 152551 153648 154669 154670 154931 155762 155805 155963 156718 156838 156885 156945 156971 154861 152660 156194 153886 155331 156477 156611 156961 155292
140153 1
156459
140154 1
156539
140159 19
151536 152423 151393 151775 152421 151395 153311 155330 155643 155644 156457 156859 156985 152977 154345 156635 152113 156934 156812
140162 2
153025 156495
140165 4
156274 156478 155566 155729
140171 5
155566 155729 156274 156478 156539
140172 4
153025 155496 155497 156495
140174 9
152009 152571 152805 153873 152129 155000 155585 156315 157068
140175 4
153138 151929 154183 156119
140178 5
155292 155331 156477 156611 156961
140180 52
151057 151081 151235 151352 151693 151744 151755 151785 151789 151817 152111 152159 152787 152815 152831 152947 152962 152973 153117 153280 153293 153695 153761 154168 154350 154468 155166 155248 155263 155297 155351 155396 155430 155580 155941 155956 155970 156009 156435 156779 156782 156856 156944 156970 156975 157011 157015 157042 157087 157099 157177 157184
140184 4
152009 152571 152805 153873
140187 72
152738 151731 151918 152322 152583 152641 151457 152975 153238 153338 153376 153383 153565 153593 153594 153635 153715 153852 153859 153906 153924 153998 154223 154666 154930 155952 156563 156579 156608 156700 156916 156924 156957 157055 157253 155723 155878 151722 156128 152930 152619 151833 156613 156682 154704 156745 152677 155211 155267 155377 157079 155691 153450 153905 153456 153611 153962 153495 153643 153651 153652 154915 153705 156867 153508 155241 153786 153829 157063 155603 151016 156576
140188 26
152113 156812 156934 153960 153964 153983 153994 154001 154148 155441 152672 153941 157251 151393 155330 152421 155643 155644 156457 151395 156859 153311 156985 151775 152423 151536
140190 1
155412
140193 2
151847 152078
140194 1
152532
140195 28
152113 156812 156934 151536 152423 152421 151393 153311 155330 155643 155644 156457 151775 156859 151395 156985 152977 154345 153941 155441 153960 153964 153983 153994 154001 154148 152672 157251
140196 1
156539
140197 10
157023 151673 151684 152515 153119 153668 156433 156929 150991 157198
140198 10
157023 151673 151684 152515 153119 153668 156433 156929 150991 157198
140200 4
152009 152571 152805 153873
140201 1
152532
140203 2
151847 152078
140204 2
156123 156638
140212 1
155412
140214 4
155566 155729 156274 156478
140215 52
151057 151081 151235 151352 151693 151744 151755 151785 151789 151817 152111 152159 152787 152815 152831 152947 152962 152973 153117 153280 153293 153695 153761 154168 154350 154468 155166 155248 155263 155297 155351 155396 155430 155580 155941 155956 155970 156009 156435 156779 156782 156856 156944 156970 156975 157011 157015 157042 157087 157099 157177 157184
140216 10
150991 151673 151684 152515 153119 153668 156433 156929 157198 157023
140223 28
151234 152522 153371 155121 155528 155672 151375 156225 153648 154669 154670 154931 152083 151605 152551 155762 155805 155963 151659 156718 156838 156885 156945 156971 152660 156194 153886 154861
140227 19
156842 151051 151106 151203 151278 151454 151579 152490 151045 157234 155186 155305 156851 156946 157078 155473 151969 150956 154319
140233 20
151605 151659 152083 152551 153648 154669 154670 154931 155762 155805 155963 156718 156838 156885 156945 156971 154861 152660 156194 153886
140235 24
151483 151617 151630 152107 152110 152112 153205 154224 154794 154840 154932 155277 156120 156189 156191 156221 156469 156588 156609 157082 157109 157153 156610 152738
140246 26
151234 152522 153371 155121 155528 155672 151659 153648 154669 154670 154931 152083 151605 152551 155762 155805 155963 156718 156838 156885 156945 156971 154861 152660 156194 153886
140247 7
156578 157075 155585 156315 152129 157068 155000
140257 22
151234 152522 153371 155121 155528 155672 151659 153648 154669 154670 154931 152083 151605 152551 155762 155805 155963 156718 156838 156885 156945 156971
140260 2
154692 154711
140261 4
153138 151929 154183 156119
140262 1
156539
140270 2
155934 156067
140271 1
153138
140272 9
150991 151673 151684 152515 153119 153668 156433 156929 157198
140278 71
151016 153450 153456 153495 153508 153611 153643 153651 153652 153705 153786 153829 153905 153962 154915 155241 155603 156867 157063 153117 153280 153293 151057 151081 151235 151352 151693 151744 151755 151785 153695 151789 153761 151817 152111 152159 152787 154168 154350 154468 152815 155166 152831 155248 155263 155297 155351 155396 155430 155580 152947 155941 155956 155970 156009 156435 156779 156782 156856 152962 156944 156970 156975 157011 157015 157042 152973 157087 157099 157177 157184
140281 20
151016 153450 153456 153495 153508 153611 153643 153651 153652 153705 153786 153829 153905 153962 154915 155241 155603 156867 157063 156576
140289 6
151234 152522 153371 155121 155528 155672
140300 9
156578 157075 155585 156315 152129 157068 155000 155566 155729
140307 9
156578 157075 155585 156315 152129 157068 155000 156478 156274
140309 5
156274 156478 155566 155729 156539
140312 5
155934 156067 152113 156812 156934
140316 4
152009 152571 152805 153873
140320 1
155412
140333 7
156578 157075 155585 156315 152129 157068 155000
140339 6
151234 152522 153371 155121 155528 155672
140340 52
151057 151081 151235 151352 151693 151744 151755 151785 151789 151817 152111 152159 152787 152815 152831 152947 152962 152973 153117 153280 153293 153695 153761 154168 154350 154468 155166 155248 155263 155297 155351 155396 155430 155580 155941 155956 155970 156009 156435 156779 156782 156856 156944 156970 156975 157011 157015 157042 157087 157099 157177 157184
140341 10
157023 151673 151684 152515 153119 153668 156433 156929 150991 157198
140342 6
151234 152522 153371 155121 155528 155672
140344 1
156980
140345 1
155412
140360 71
151457 151731 151918 152322 152583 152641 152975 153238 153338 153376 153383 153565 153593 153594 153635 153715 153852 153859 153906 153924 153998 154223 154666 154930 155952 156563 156579 156608 156700 156916 156924 156957 157055 157253 155723 155878 152677 156128 152930 151722 152619 156613 156682 154704 156745 151833 155211 155267 155377 157079 155691 153450 153905 153456 153611 153962 153495 153643 153651 153652 154915 153705 156867 153508 155241 153786 153829 157063 155603 151016 156576
140362 28
151375 156225 151659 152083 152551 153648 154669 154670 154931 155762 155805 155963 151605 156718 156838 156885 156945 156971 152660 156194 153886 154861 155342 155331 156477 156611 156961 155292
140366 23
150983 153498 153506 153533 153628 155715 154544 154545 154588 154617 154633 154691 154719 155114 155484 151172 151857 154400 156548 157033 157120 156998 157190
140368 6
152009 152571 152805 153873 156578 157075
140369 5
156274 156478 155566 155729 156539
140371 6
151234 152522 153371 155121 155528 155672
140374 40
151923 152634 152635 152796 154564 154577 154702 154793 154879 157098 151369 151429 155207 155215 156770 156882 154485 157137 152657 154569 151236 152821 152596 154521 152765 150955 152631 155005 155006 155185 153029 153870 155238 154298 156865 154600 157029 154320 154788 157209
140378 6
151234 152522 153371 155121 155528 155672
140381 2
151847 152078
140385 58
151483 151617 151630 152107 152110 152112 153205 154224 154794 154840 154932 155277 156120 156189 156191 156221 156469 156588 156609 157082 157109 157153 156610 152738 153852 153859 153906 153924 153998 154223 151918 154666 152322 152583 154930 152641 151457 155952 152975 151731 153238 153338 153376 156563 156579 153383 156608 153565 153593 156700 156916 156924 156957 157055 153594 153635 153715 157253
140386 22
151483 151617 151630 152107 152110 152112 153205 154224 154794 154840 154932 155277 156120 156189 156191 156221 156469 156588 156609 157082 157109 157153
140387 22
151234 152522 153371 155121 155528 155672 151659 153648 154669 154670 154931 152083 151605 152551 155762 155805 155963 156718 156838 156885 156945 156971
140391 5
156075 156095 156107 156998 157190
140396 5
155566 155729 156274 156478 156539
140397 10
156578 157075 155585 156315 152129 157068 155000 156539 155729 155566
140402 20
151605 151659 152083 152551 153648 154669 154670 154931 155762 155805 155963 156718 156838 156885 156945 156971 154861 152660 156194 153886
140405 6
155342 155331 155292 156477 156611 156961
140406 7
156578 157075 155585 156315 152129 157068 155000
140407 26
151234 152522 153371 155121 155528 155672 151659 153648 154669 154670 154931 152083 151605 152551 155762 155805 155963 156718 156838 156885 156945 156971 154861 152660 156194 153886
140411 5
155292 155331 156477 156611 156961
140413 23
151483 151617 151630 152107 152110 152112 153205 154224 154794 154840 154932 155277 156120 156189 156191 156221 156469 156588 156609 157082 157109 157153 156610
140416 3
155496 155497 156495
140419 1
155412
140424 12
156842 152968 154476 156689 151397 157234 155305 155186 156851 156946 157078 155473
140429 11
152009 152571 152805 153873 156578 157075 155585 156315 152129 157068 155000
140430 4
152009 152571 152805 153873
140431 4
156274 156478 155566 155729
140433 1
155412
140437 4
151919 153382 153693 154357
140440 5
154207 154209 154439 154976 154998
140441 10
150991 151673 151684 152515 153119 153668 156433 156929 157198 157023
140443 2
152228 153667
140453 1
155412
140454 4
152009 152571 152805 153873
140466 5
155566 155729 156274 156478 156539
140473 5
156539 155729 155566 156478 156274
140478 71
156576 151731 151918 152322 152583 152641 152975 153238 153338 153376 153383 153565 153593 153594 153635 153715 153852 153859 153906 153924 153998 154223 154666 154930 155952 156563 151457 156579 156608 156700 156916 156924 156957 157055 157253 155878 152677 156128 152930 151722 152619 154704 156613 156682 151833 156745 155211 155267 155377 155691 157079 155723 153905 153456 153611 153962 153495 153643 153651 153652 154915 153705 153508 156867 155241 153786 153829 155603 157063 151016 153450
140479 11
152009 152571 152805 153873 156578 157075 155585 156315 152129 157068 155000
140480 6
155749 156396 156397 156802 156849 157089
140482 4
153138 151929 154183 156119
140485 7
156578 157075 155585 156315 152129 157068 155000
140487 4
153579 152532 153384 153025
140489 2
156123 156638
140492 3
153579 152532 153384
140493 2
156123 156638
140495 2
156123 156638
140497 1
156539
140498 2
156123 156638
140500 4
152009 152571 152805 153873
140502 16
152977 154345 151536 152423 156635 151395 151393 153311 151775 155330 155643 155644 156457 152421 156859 156985
140503 20
151605 151659 152083 152551 153648 154669 154670 154931 155762 155805 155963 156718 156838 156885 156945 156971 154861 152660 156194 153886
140507 6
153384 155496 155497 153025 153579 156495
140510 9
150991 151673 151684 152515 153119 153668 156433 156929 157198
140514 3
151929 154183 156119
140519 1
156980
140523 4
153138 151929 154183 156119
140524 4
153025 156495 155497 155496
140526 4
155566 155729 156274 156478
140528 11
152009 152571 152805 153873 156578 157075 155585 156315 152129 157068 155000
140530 2
151847 152078
140541 6
151234 152522 153371 155121 155528 155672
140542 8
150956 151969 155186 155305 155473 156851 156946 157078
140546 72
152738 151731 151918 152322 152583 152641 151457 152975 153238 153338 153376 153383 153565 153593 153594 153635 153715 153852 153859 153906 153924 153998 154223 154666 154930 155952 156563 156579 156608 156700 156916 156924 156957 157055 157253 155723 155878 151722 156128 152930 152619 151833 156613 156682 154704 156745 152677 155211 155267 155377 157079 155691 153450 153905 153456 153611 153962 153495 153643 153651 153652 154915 153705 156867 153508 155241 153786 153829 157063 155603 151016 156576
140547 1
156635
