142307 5
153456 153495 153450 151016 153508
142323 1
152765
142324 1
155412
142348 1
156226
142349 2
156539 155729
142351 2
155000 152129
142355 7
157023 151684 152515 153119 153668 156433 151673
142357 3
151847 152078 152532
142426 2
151172 154544
142430 1
156123
142435 1
156495
142448 2
152522 151234
142449 2
152522 151234
142450 2
152532 152078
142454 2
153416 152186
142520 2
156067 155934
142530 1
152186
142570 1
152660
142572 1
153579
142573 1
156539
142574 2
151929 154183
142577 1
155292
142591 4
152009 152571 152805 153873
142592 5
156495 155496 155497 153025 153384
142594 6
155000 155585 156315 152129 157068 156578
142602 2
156123 156638
142605 6
152522 153371 155121 155528 155672 151234
142606 2
155934 156067
142612 1
151305
142613 7
157023 151684 152515 153119 153668 156433 151673
142616 2
154692 154711
142621 4
154209 154439 154976 154207
142626 1
155412
142632 1
155412
142634 2
154692 154711
142637 1
151057
142640 1
155566
142643 1
156274
142646 1
155412
142671 2
155566 155729
142673 1
151536
142679 1
156610
142681 3
152799 156277 156328
142684 2
152078 151847
142685 2
152738 156610
142688 1
155342
142691 1
156396
142692 1
152129
142693 1
157023
142708 1
156495
142709 1
153025
142724 1
155412
142726 1
151305
142780 1
151057
142816 1
155412
142839 2
151605 151659
142843 1
156980
142844 2
156539 156274
142847 1
155412
142849 2
152522 151234
142850 2
152522 151234
142862 2
152571 152009
142867 3
155000 155585 152129
142868 3
154209 154439 154207
142872 3
156635 154345 152977
142894 1
154207
142904 2
156539 156274
142905 1
155412
142917 1
156539
142919 5
156611 155292 155331 156477 156961
142954 1
152660
142961 1
155412
142977 1
156539
142981 2
152571 152009
143018 3
151929 154183 156119
143027 1
155412
143039 1
152660
143085 3
155000 155585 152129
143123 3
153025 153579 153384
143135 1
153138
143171 1
155292
143173 2
155342 155292
143175 1
151234
143177 1
155566
143178 1
154207
