148673 4
152009 152571 152805 153873
148675 2
154692 154711
148689 1
155412
148693 13
150991 151673 151684 152515 153119 153668 156433 156929 157198 154357 153382 151919 153693
148694 1
156226
148719 8
157122 156397 156802 156849 157089 156396 154436 155219
148721 1
155412
148723 5
155566 155729 156274 156478 156539
148731 2
151847 152078
148733 1
155412
148735 10
150991 151673 151684 152515 153119 153668 156433 156929 157198 157023
148736 1
155412
148770 6
153384 153579 155496 155497 153025 156495
148785 5
155292 155331 156477 156611 156961
148801 9
150963 153776 154141 156291 156634 157154 152391 157236 155749
148808 9
152129 155000 155585 156315 157068 155566 155729 156478 156274
148810 2
156123 156638
148836 2
156123 156638
148856 1
155412
148864 2
151847 152078
148868 2
154692 154711
148929 1
156226
148933 7
154207 154209 154439 154976 154998 154692 154711
148951 5
155292 155331 156477 156611 156961
148965 22
151234 152522 153371 155121 155528 155672 151659 153648 154669 154670 154931 152083 151605 152551 155762 155805 155963 156718 156838 156885 156945 156971
148969 4
153138 151929 154183 156119
148972 2
155934 156067
148983 25
151605 151659 152083 152551 153648 154669 154670 154931 155762 155805 155963 156718 156838 156885 156945 156971 154861 152660 156194 153886 155331 156477 156611 156961 155292
148984 20
151605 151659 152083 152551 153648 154669 154670 154931 155762 155805 155963 156718 156838 156885 156945 156971 154861 152660 156194 153886
148985 7
154692 154711 154439 154207 154209 154976 154998
148993 1
156539
149012 2
151847 152078
149014 1
156226
149017 26
151234 152522 153371 155121 155528 155672 151659 153648 154669 154670 154931 152083 151605 152551 155762 155805 155963 156718 156838 156885 156945 156971 154861 152660 156194 153886
149018 6
151234 152522 153371 155121 155528 155672
149019 1
156539
149024 5
155292 155331 156477 156611 156961
149026 2
155934 156067
149034 2
154692 154711
149035 1
155412
149038 2
154692 154711
149040 2
155934 156067
149044 6
152129 155000 155585 156315 157068 156478
149046 4
155566 155729 156274 156478
149053 6
151234 152522 153371 155121 155528 155672
149055 6
152009 152571 152805 153873 156578 157075
149057 1
156539
149065 2
151847 152078
149069 6
151234 152522 153371 155121 155528 155672
149074 1
155412
149075 10
150991 151673 151684 152515 153119 153668 156433 156929 157198 157023
149083 1
155412
149084 13
150991 151673 151684 152515 153119 153668 156433 156929 157198 154357 153382 151919 153693
149091 1
151305
149093 3
151847 152078 152532
149105 1
151305
149106 1
156980
149108 6
152009 152571 152805 153873 156578 157075
149110 47
151081 151235 151352 151693 151744 151755 151785 151789 151817 152111 152159 152787 152815 152831 152947 152962 152973 153117 153280 153293 153695 153761 154168 154350 154468 155166 155248 155263 155297 155351 155396 155430 155580 155941 155956 155970 156009 156435 156779 156782 156856 156944 156970 156975 157011 157015 151057
149112 6
151234 152522 153371 155121 155528 155672
149122 1
156226
149124 3
155749 155219 154436
149128 1
156226
149134 1
155412
149140 2
154692 154711
149142 10
151923 152634 152635 152796 154564 154577 154702 154793 154879 157098
149144 5
155292 155331 156477 156611 156961
149145 2
151847 152078
149146 1
152532
149160 7
156578 157075 155585 156315 152129 157068 155000
149163 2
154692 154711
149164 6
151234 152522 153371 155121 155528 155672
149167 23
156477 155292 155331 156611 156961 156194 152660 154861 153886 154670 156838 156885 156945 156718 154669 152083 155963 155805 153648 155762 154931 152551 151659
149170 11
152009 152571 152805 153873 156578 157075 155585 156315 152129 157068 155000
149171 1
155412
149177 1
156539
149178 1
156539
149187 1
156539
149194 10
150991 151673 151684 152515 153119 153668 156433 156929 157198 157023
149196 1
155412
149215 6
151234 152522 153371 155121 155528 155672
149238 1
151305
149244 1
155412
149245 1
155412
149247 5
152129 155000 155585 156315 157068
149250 2
154692 154711
149258 26
151234 152522 153371 155121 155528 155672 151659 153648 154669 154670 154931 152083 151605 152551 155762 155805 155963 156718 156838 156885 156945 156971 154861 152660 156194 153886
149262 28
151234 152522 153371 155121 155528 155672 151659 153648 154669 154670 154931 152083 151605 152551 155762 155805 155963 156718 156838 156885 156945 156971 156225 151375 152660 156194 153886 154861
149267 6
152009 152571 152805 153873 156578 157075
149269 9
150991 151673 151684 152515 153119 153668 156433 156929 157198
149278 6
153579 153384 156495 153025 155497 155496
149282 1
155412
149284 16
152765 152631 150955 153029 153870 154298 154320 154600 154788 155005 155006 155185 155238 156865 157029 157209
149286 1
156226
149290 1
156539
149291 1
157023
149292 1
155412
149297 1
155412
149298 2
154692 154711
149322 1
151305
149324 2
154692 154711
149334 5
155292 155331 156477 156611 156961
149348 1
155412
149357 52
151057 151081 151235 151352 151693 151744 151755 151785 151789 151817 152111 152159 152787 152815 152831 152947 152962 152973 153117 153280 153293 153695 153761 154168 154350 154468 155166 155248 155263 155297 155351 155396 155430 155580 155941 155956 155970 156009 156435 156779 156782 156856 156944 156970 156975 157011 157015 157042 157087 157099 157177 157184
149359 1
155412
149363 3
153384 153579 153025
