149365 5
155292 155331 156477 156611 156961
149373 5
154207 154209 154439 154976 154998
149375 19
151369 151429 154485 155207 155215 156770 156882 157137 154577 154702 154793 154879 152634 152635 152796 151923 157098 154564 152765
149382 6
151234 152522 153371 155121 155528 155672
149384 3
152186 153416 156954
149386 5
152532 153384 153579 156495 153025
149387 2
154692 154711
149395 3
156495 153025 153579
149407 4
155566 155729 156274 156478
149411 9
152660 153886 154861 156194 155331 155292 156477 156611 156961
149414 15
152660 156194 154861 153886 154670 154669 152083 155805 153648 155963 155762 154931 152551 151659 151605
149419 1
156226
149428 1
155412
149432 32
151081 151235 151352 151693 151744 151755 151785 151789 151817 152111 152159 152787 152815 152831 152947 152962 152973 153117 153280 153293 153695 153761 154168 154350 154468 155166 155248 155263 155297 155351 155396 151057
149439 1
156495
149440 15
152977 154345 151536 152423 152421 151395 151393 153311 151775 155330 155643 155644 156457 156859 156985
149442 1
155412
149446 9
156578 157075 155585 156315 152129 157068 155000 156478 156274
149447 2
152391 157236
149448 2
151847 152078
149449 2
155934 156067
149450 3
152532 153579 153384
149455 28
151375 156225 151659 152083 152551 153648 154669 154670 154931 155762 155805 155963 151605 156718 156838 156885 156945 156971 152660 156194 153886 154861 155342 155331 156477 156611 156961 155292
149457 7
154207 154209 154439 154976 154998 154692 154711
149463 6
151234 152522 153371 155121 155528 155672
149464 2
155934 156067
149469 1
155412
149474 2
154692 154711
149477 11
152009 152571 152805 153873 156578 157075 155585 156315 152129 157068 155000
149483 28
151234 152522 153371 155121 155528 155672 151375 156225 153648 154669 154670 154931 152083 151605 152551 155762 155805 155963 151659 156718 156838 156885 156945 156971 152660 156194 153886 154861
149488 7
154207 154209 154439 154976 154998 154692 154711
149490 3
153579 152532 153384
149491 1
156459
149501 1
155412
149504 10
157023 151673 151684 152515 153119 153668 156433 156929 150991 157198
149506 5
152186 153416 156954 156067 155934
149510 7
154207 154209 154439 154976 154998 154692 154711
149515 2
154692 154711
149518 9
152660 153886 154861 156194 155331 155292 156477 156611 156961
149519 2
154692 154711
149520 4
157122 152391 157236 155749
149522 4
156274 156478 155566 155729
149527 5
154207 154209 154439 154976 154998
149528 7
154207 154209 154439 154976 154998 154692 154711
149532 1
156495
149536 1
155412
149556 25
151605 151659 152083 152551 153648 154669 154670 154931 155762 155805 155963 156718 156838 156885 156945 156971 154861 152660 156194 153886 155331 156477 156611 156961 155292
149557 7
154692 154711 154439 154207 154209 154976 154998
149558 7
154207 154209 154439 154976 154998 154692 154711
149579 4
156635 154345 152977 156459
149580 4
152009 152571 152805 153873
149581 20
151605 151659 152083 152551 153648 154669 154670 154931 155762 155805 155963 156718 156838 156885 156945 156971 154861 152660 156194 153886
149582 9
152129 155000 155585 156315 157068 155566 155729 156478 156274
149607 49
157042 157015 155970 156779 156944 157011 155941 155956 156009 156435 156782 156856 156970 156975 155580 152947 152962 152973 153117 153280 153293 151057 151081 151235 151352 151693 151744 151755 151785 153695 151789 153761 151817 152111 152159 152787 154168 154350 154468 152815 155166 152831 155248 155263 155297 155351 155396 155430 157087
149611 1
155412
149612 4
152009 152571 152805 153873
149624 2
154692 154711
149625 8
155186 155305 150956 151969 155473 156851 156946 157078
149637 1
155412
149644 3
151847 152078 152532
149647 6
153579 153384 155496 155497 156495 153025
149649 6
155342 155331 155292 156477 156611 156961
149676 2
154692 154711
149689 4
153384 153025 155496 155497
149690 1
155412
149691 25
151605 151659 152083 152551 153648 154669 154670 154931 155762 155805 155963 156718 156838 156885 156945 156971 154861 152660 156194 153886 155331 156477 156611 156961 155292
149704 4
152009 152571 152805 153873
149736 1
151305
149737 10
157023 151673 151684 152515 153119 153668 156433 156929 150991 157198
149738 28
153960 153964 157251 153994 155441 153941 153983 152672 154148 154001 156635 154345 152977 156934 152113 156812 153311 156985 156859 151395 151393 156457 155644 152421 155643 155330 151775 152423
149753 7
156578 157075 155585 156315 152129 157068 155000
149771 4
152009 152571 152805 153873
149772 4
152009 152571 152805 153873
149799 1
155412
149806 2
156123 156638
149808 7
154207 154209 154439 154976 154998 154692 154711
149814 1
151305
149816 1
152532
149817 25
151605 151659 152083 152551 153648 154669 154670 154931 155762 155805 155963 156718 156838 156885 156945 156971 154861 152660 156194 153886 155331 156477 156611 156961 155292
149818 1
155412
149825 5
155566 155729 156274 156478 156539
149826 2
154692 154711
149830 9
152129 155000 155585 156315 157068 155566 155729 156478 156274
149833 7
154692 154711 154439 154207 154209 154976 154998
149838 7
154207 154209 154439 154976 154998 154692 154711
149841 2
154692 154711
149842 14
150991 151673 151684 152515 153119 153668 156433 156929 157198 157023 153382 151919 153693 154357
149844 4
153579 153384 153025 156495
149862 2
154692 154711
149866 5
155566 155729 156274 156478 156539
149877 1
155412
149880 4
156274 156478 155566 155729
149881 5
155292 155331 156477 156611 156961
149882 9
152009 152571 152805 153873 152129 155000 155585 156315 157068
149896 1
156539
149898 6
151234 152522 153371 155121 155528 155672
149902 2
154692 154711
149905 1
156495
149907 19
151536 152423 151393 151775 152421 151395 153311 155330 155643 155644 156457 156859 156985 152977 154345 152113 156934 156812 156635
149908 1
156539
149910 5
152129 155000 155585 156315 157068
149913 2
154692 154711
149914 2
156123 156638
149919 30
156576 151016 153786 153651 153611 153450 153705 157063 154915 153652 155241 153495 155603 153456 153643 153905 153829 156867 153962 153508 155723 155691 155377 155267 155878 154704 152677 151833 152619 151722
149923 2
154692 154711
149932 1
151305
149937 7
154207 154209 154439 154976 154998 154692 154711
149938 1
151305
149962 3
152186 153416 156954
149969 1
156226
149995 1
155412
150041 9
152009 152571 152805 153873 152129 155000 155585 156315 157068
150048 1
151305
150050 10
157023 151673 151684 152515 153119 153668 156433 156929 150991 157198
150053 1
155412
150054 20
151605 151659 152083 152551 153648 154669 154670 154931 155762 155805 155963 156718 156838 156885 156945 156971 154861 152660 156194 153886
150056 1
155412
150061 7
154692 154711 154439 154207 154209 154976 154998
150071 10
156578 157075 155585 156315 152129 157068 155000 156539 155729 155566
150072 5
155292 155331 156477 156611 156961
150079 2
156123 156638
150084 1
151305
150095 4
152009 152571 152805 153873
150098 5
152129 155000 155585 156315 157068
