151519 5
155566 155729 156274 156478 156539
151526 1
153138
151529 2
156123 156638
151532 1
152532
151534 1
155412
151535 4
152009 152571 152805 153873
151539 2
151847 152078
151540 7
154207 154209 154439 154976 154998 154692 154711
151542 7
154692 154711 154439 154207 154209 154976 154998
151546 2
156478 156539
151555 26
151234 152522 153371 155121 155528 155672 151659 153648 154669 154670 154931 152083 151605 152551 155762 155805 155963 156718 156838 156885 156945 156971 154861 152660 156194 153886
151556 1
155412
151559 3
155566 155729 156539
151560 2
154692 154711
151568 53
156610 152738 152619 152677 151722 152930 154704 155211 155267 155377 155691 155723 155878 156128 151833 156613 156682 156745 157079 153594 153635 153715 153852 153859 153906 153924 153998 154223 154666 152583 154930 151731 152641 151457 151918 152322 152975 155952 153238 156563 156579 156608 153338 153376 153383 156700 153565 156916 156924 156957 157055 153593 157253
151569 2
155181 156478
151570 1
151305
151572 1
155412
151573 7
156578 157075 155585 156315 152129 157068 155000
151575 2
154692 154711
151578 10
150991 151673 151684 152515 153119 153668 156433 156929 157198 157023
151583 4
153138 151929 154183 156119
151584 2
154692 154711
151587 1
151305
151590 1
156226
151591 5
153384 155496 155497 153579 153025
151596 5
154207 154209 154439 154976 154998
151598 3
151847 152078 152532
151600 1
156980
151608 1
155412
151618 2
154692 154711
151620 23
151375 156225 151659 152083 152551 153648 154669 154670 154931 155762 155805 155963 151605 156718 156838 156885 156945 156971 152660 156194 153886 154861 155342
151624 1
155412
151625 20
151605 151659 152083 152551 153648 154669 154670 154931 155762 155805 155963 156718 156838 156885 156945 156971 154861 152660 156194 153886
151627 1
155412
151632 2
154692 154711
151636 5
155566 155729 156274 156478 156539
151638 1
155412
151645 1
156495
151649 4
153138 151929 154183 156119
151653 1
151305
151657 2
154692 154711
151665 2
155000 152129
151673 1
151305
151675 1
152584
151677 1
155412
151678 6
152009 152571 152805 153873 156578 157075
151680 7
154207 154209 154439 154976 154998 154692 154711
151683 1
156495
151684 6
153384 153579 153025 155496 155497 156495
151685 12
152977 154345 156635 156459 154485 155207 155215 151369 151429 156770 156882 157137
151687 5
154207 154209 154439 154976 154998
151690 4
152009 152571 152805 153873
151691 4
152009 152571 152805 153873
151692 5
154207 154209 154439 154976 154998
151693 6
151234 152522 153371 155121 155528 155672
151701 20
151605 151659 152083 152551 153648 154669 154670 154931 155762 155805 155963 156718 156838 156885 156945 156971 154861 152660 156194 153886
151703 2
157023 151673
151705 1
155412
151709 1
155412
151712 2
154711 154692
151713 1
155412
151714 1
156226
151717 2
152977 154345
151719 2
152532 152078
151724 2
154711 154692
151726 5
155566 155729 156274 156478 156539
151729 2
154711 154692
151737 5
156274 156478 155566 155729 156539
151738 1
155412
151739 35
151081 151235 151352 151693 151744 151755 151785 151789 151817 152111 152159 152787 152815 152831 152947 152962 152973 153117 153280 153293 153695 153761 154168 154350 154468 155166 155248 155263 155297 155351 155396 155430 155580 155941 151057
151741 2
151847 152078
151743 2
152129 155000
151747 29
151081 151235 151352 151693 151744 151755 151785 151789 151817 152111 152159 152787 152815 152831 152947 152962 152973 153117 153280 153293 153695 153761 154168 154350 154468 155166 155248 155263 151057
151748 7
154692 154711 154439 154207 154209 154976 154998
151749 1
156539
151751 1
157023
151752 9
152660 153886 154861 156194 155331 155292 156477 156611 156961
151753 2
152977 154345
151756 2
152738 151617
151757 7
154207 154209 154439 154976 154998 154692 154711
151768 1
156226
151770 1
155412
151771 7
154207 154209 154439 154976 154998 154692 154711
151772 2
151847 152078
151774 2
154692 154711
151775 10
150991 151673 151684 152515 153119 153668 156433 156929 157198 157023
151777 1
151305
151793 1
155412
151795 2
154692 154711
151796 1
155412
151804 19
154915 156867 153962 153651 153905 155603 153652 153495 153611 153643 153705 153786 153829 155241 153456 153508 151016 153450 157063
151807 5
155566 155729 156274 156478 156539
151811 18
156576 155603 153786 154915 151016 153450 153456 153495 153508 153611 153643 153651 153652 153705 153962 153829 153905 155241
151813 2
156123 156638
151816 18
155292 156961 156611 155331 156477 155342 154861 152660 156194 153886 152551 152083 154931 151605 155805 154670 154669 155762
151844 7
154692 154711 154439 154207 154209 154976 154998
151845 1
151305
151849 1
155412
151852 7
154207 154209 154439 154976 154998 154692 154711
151864 1
155412
151865 46
151081 151235 151352 151693 151744 151755 151785 151789 151817 152111 152159 152787 152815 152831 152947 152962 152973 153117 153280 153293 153695 153761 154168 154350 154468 155166 155248 155263 155297 155351 155396 155430 155580 155941 155956 155970 156009 156435 156779 156782 156856 156944 156970 156975 157011 151057
151868 9
156578 157075 155585 156315 152129 157068 155000 156478 156274
151877 6
152009 152571 152805 153873 156578 157075
151878 4
152009 152571 152805 153873
151880 5
155566 155729 156274 156478 156539
151881 5
154207 154209 154439 154976 154998
151891 1
154692
151895 5
154207 154209 154439 154976 154998
151899 1
152009
151906 1
155412
151907 1
156226
151919 1
156539
151931 1
155412
151932 18
151081 151235 151352 151693 151744 151755 151785 151789 151817 152111 152159 152787 152815 152831 152947 152962 152973 151057
151936 1
155412
151941 1
151057
151943 9
155473 156851 156946 157078 157234 155305 155186 151969 150956
151945 2
154692 154711
151947 7
154692 154711 154439 154207 154209 154976 154998
151949 7
156578 157075 155585 156315 152129 157068 155000
151950 2
156123 156638
151951 6
151234 152522 153371 155121 155528 155672
151952 5
152129 155000 155585 156315 157068
151957 1
151305
151958 2
154692 154711
151964 1
156226
151965 1
156226
151966 5
154207 154209 154439 154976 154998
151967 1
155412
151980 7
156578 157075 155585 156315 152129 157068 155000
151981 3
152532 153579 153384
151982 1
155412
151985 6
151234 152522 153371 155121 155528 155672
151989 1
155412
151990 7
154207 154209 154439 154976 154998 154692 154711
151995 1
155412
151996 4
152009 152571 152805 153873
151999 1
151305
152001 2
154692 154711
152011 1
155412
152013 1
156539
152014 1
156226
152017 4
152009 152571 152805 153873
152020 7
154692 154711 154439 154207 154209 154976 154998
152021 18
151201 151340 151471 152679 152848 152875 153771 153772 154035 154045 154149 154210 154296 154359 154472 154486 155509 156715
152023 22
151234 152522 153371 155121 155528 155672 151659 153648 154669 154670 154931 152083 151605 152551 155762 155805 155963 156718 156838 156885 156945 156971
152027 7
156578 157075 155585 156315 152129 157068 155000
152031 24
151483 151617 151630 152107 152110 152112 153205 154224 154794 154840 154932 155277 156120 156189 156191 156221 156469 156588 156609 157082 157109 157153 156610 152738
152032 2
154692 154711
152034 11
152391 157236 156397 156802 156849 157089 156396 154436 155219 155498 155499
152036 19
151393 151395 151775 152421 153311 155330 155643 155644 156457 156859 156985 152423 151536 152977 154345 152113 156934 156812 156635
152044 15
156477 156611 155331 156961 155292 155342 153886 154861 156194 152660 154670 154669 152083 153648 155762
152051 2
154692 154711
152054 9
152129 155000 155585 156315 157068 156478 156274 155566 155729
152068 1
155412
152071 1
155412
152073 2
154692 154711
152080 47
156576 156867 153456 155241 153652 153495 153450 153829 157063 153962 154915 153611 153705 153508 153786 153905 155603 151016 153651 153643 154704 151833 152619 152930 151722 156745 156682 156128 156613 152677 155723 155691 155267 155211 155377 155878 157079 153594 153593 151457 153565 154930 154666 153383 152641 151918 154223
152082 1
153579
152083 10
152660 153886 154861 156194 155342 155292 155331 156477 156611 156961
152087 2
154692 154711
152089 5
152129 155000 155585 156315 157068
152091 3
152186 153416 156954
152096 1
156226
152099 7
154207 154209 154439 154976 154998 154692 154711
152104 1
156226
152106 5
152129 155000 155585 156315 157068
152107 24
151234 152522 153371 155121 155528 155672 151375 156225 153648 154669 154670 154931 152083 151605 152551 155762 155805 155963 151659 156718 156838 156885 156945 156971
152111 1
156226
152113 2
156123 156638
152114 11
156578 157075 155585 156315 152129 157068 155000 155566 155729 156478 156274
152121 2
155934 156067
152125 4
152009 152571 152805 153873
152128 10
157023 151673 151684 152515 153119 153668 156433 156929 150991 157198
152136 1
156539
152138 1
152532
152139 2
151847 152078
152140 4
152009 152571 152805 153873
152141 1
155412
152142 6
151234 152522 153371 155121 155528 155672
152144 4
153138 151929 154183 156119
152146 2
154692 154711
152147 5
154207 154209 154439 154976 154998
152148 22
151833 152677 155691 156128 156745 151722 155267 155377 155723 155878 156613 156682 157079 152930 154704 155211 152619 156576 153594 153593 151457 153565
152150 1
152584
152151 2
151847 152078
152157 2
154692 154711
152158 21
156885 156718 156971 156945 156838 151659 153648 154669 154670 154931 152083 151605 152551 155762 155805 155963 155672 153371 155528 155121 152522
152160 2
154692 154711
152162 1
155412
152170 2
154692 154711
152174 1
151305
