154727 22
152660 154861 156194 153886 151659 152083 156971 154670 156885 154931 154669 151605 152551 155762 155963 155805 156718 153648 156838 156945 155672 153371
154728 1
156226
154732 25
151605 151659 152083 152551 153648 154669 154670 154931 155762 155805 155963 156718 156838 156885 156945 156971 154861 152660 156194 153886 155331 156477 156611 156961 155292
154738 18
151057 151081 151235 151352 151693 151744 151755 151785 151789 151817 152111 152159 152787 152815 152831 152947 152962 152973
154741 1
155412
154742 4
156274 156478 155566 155729
154744 1
152584
154746 1
156226
154749 1
155412
154750 1
156495
154760 1
151305
154762 1
151305
154781 2
151847 152078
154782 5
154207 154209 154439 154976 154998
154785 1
155412
154787 6
151234 152522 153371 155121 155528 155672
154788 9
152129 155000 155585 156315 157068 155566 155729 156478 156274
154789 1
156539
154791 5
154207 154209 154439 154976 154998
154793 7
156578 157075 155585 156315 152129 157068 155000
154794 2
154692 154711
154795 44
152641 155952 151457 157055 153338 152975 156916 157253 156924 156957 156563 153376 153238 151731 156579 156608 156700 153383 153565 153593 153594 153635 153715 153852 153859 153906 153924 153998 154223 151918 154666 152322 152583 154930 152738 156610 156191 156189 153205 156120 155277 152112 151630 154932
154798 1
155412
154801 1
155412
154804 5
155566 155729 156274 156478 156539
154807 1
152532
154808 1
156539
154816 1
151305
154818 1
151305
154821 6
151234 152522 153371 155121 155528 155672
154822 2
156123 156638
154835 1
151305
154836 10
150991 151673 151684 152515 153119 153668 156433 156929 157198 157023
154839 2
156478 156539
154851 2
154692 154711
154853 1
152584
154856 7
156578 157075 155585 156315 152129 157068 155000
154857 1
156226
154859 1
156226
154860 6
153384 152532 153025 155496 155497 156495
154862 2
156478 156539
154863 1
155412
154867 1
156226
154869 3
155566 155729 156539
154870 7
154692 154711 154439 154207 154209 154976 154998
154873 1
151305
154875 7
156578 157075 155585 156315 152129 157068 155000
154884 1
151305
154885 2
154692 154711
154886 31
151234 152522 153371 155121 155528 155672 151659 153648 154669 154670 154931 152083 151605 152551 155762 155805 155963 156718 156838 156885 156945 156971 154861 152660 156194 153886 155331 156477 156611 156961 155292
154892 2
156123 156638
154895 1
155412
154897 2
154692 154711
154900 25
151605 151659 152083 152551 153648 154669 154670 154931 155762 155805 155963 156718 156838 156885 156945 156971 154861 152660 156194 153886 155331 156477 156611 156961 155292
154906 2
154692 154711
154907 2
154692 154711
154915 1
156226
154918 7
154692 154711 154439 154207 154209 154976 154998
154925 6
152009 152571 152805 153873 156578 157075
154929 1
154207
154931 4
156274 156478 155566 155729
154937 2
154692 154711
154941 2
154692 154711
154947 2
154692 154711
154951 72
152738 151731 151918 152322 152583 152641 151457 152975 153238 153338 153376 153383 153565 153593 153594 153635 153715 153852 153859 153906 153924 153998 154223 154666 154930 155952 156563 156579 156608 156700 156916 156924 156957 157055 157253 155723 155878 151722 156128 152930 152619 151833 156613 156682 154704 156745 152677 155211 155267 155377 157079 155691 156576 153905 153456 153611 153962 153495 153643 153651 153652 154915 153705 153508 156867 155241 153786 153829 155603 157063 151016 153450
154952 3
152186 153416 156954
154971 15
151617 151630 152107 152110 152112 153205 154224 154794 154840 154932 155277 156120 156189 156191 151483
154978 4
156274 156478 155566 155729
154979 2
154692 154711
154980 16
152738 156610 151630 152110 152112 153205 154794 154224 154840 154932 155277 156120 156189 156191 152107 151617
154981 7
154692 154711 154439 154207 154209 154976 154998
154982 5
153579 153384 155496 155497 153025
154991 11
156578 157075 155585 156315 152129 157068 155000 156478 156274 155566 155729
154992 6
153384 153579 153025 155496 155497 156495
154993 1
155412
154994 6
152129 155000 155585 156315 157068 156478
155001 9
152009 152571 152805 153873 152129 155000 155585 156315 157068
155006 7
154692 154711 154439 154207 154209 154976 154998
155012 2
156123 156638
155021 2
154692 154711
155022 2
154692 154711
155026 5
155292 155331 156477 156611 156961
155028 10
150991 151673 151684 152515 153119 153668 156433 156929 157198 157023
155030 5
155566 155729 156274 156478 156539
155031 6
153384 153579 153025 155496 155497 156495
155032 1
155412
155040 22
151234 152522 153371 155121 155528 155672 151659 153648 154669 154670 154931 152083 151605 152551 155762 155805 155963 156718 156838 156885 156945 156971
155044 1
151305
155046 11
152009 152571 152805 153873 156578 157075 155585 156315 152129 157068 155000
155047 2
154692 154711
155051 4
153579 153384 153025 156495
155053 2
151847 152078
155058 2
156123 156638
155059 1
155412
155063 1
156226
155067 1
156226
155070 5
154207 154209 154439 154976 154998
155071 20
151016 153450 153456 153495 153508 153611 153643 153651 153652 153705 153786 153829 153905 153962 154915 155241 155603 156867 157063 156576
155074 9
152129 155000 155585 156315 157068 156478 156274 155566 155729
155080 2
154692 154711
155086 28
151234 152522 153371 155121 155528 155672 151375 156225 153648 154669 154670 154931 152083 151605 152551 155762 155805 155963 151659 156718 156838 156885 156945 156971 152660 156194 153886 154861
155087 5
152129 155000 155585 156315 157068
155088 1
156226
155090 3
152532 153579 153384
155092 1
151305
155094 1
155412
155096 1
151305
155099 1
155412
155100 1
155412
155107 7
154207 154209 154439 154976 154998 154692 154711
155109 1
156226
155110 6
151234 152522 153371 155121 155528 155672
155113 2
154692 154711
155115 1
156226
155120 1
156226
155122 5
154207 154209 154439 154976 154998
155128 7
154207 154209 154439 154976 154998 154692 154711
155129 25
151923 152634 152635 152796 154564 154577 154702 154793 154879 157098 152631 150955 154600 153029 154788 153870 154298 155005 155006 155185 155238 156865 157029 154320 157209
155132 1
151305
155134 1
156539
155138 2
154692 154711
155141 1
151305
155143 2
154692 154711
155144 20
151605 151659 152083 152551 153648 154669 154670 154931 155762 155805 155963 156718 156838 156885 156945 156971 154861 152660 156194 153886
155145 1
155412
155146 2
154692 154711
155149 2
154692 154711
155152 2
156478 156539
155153 1
155412
155161 1
155412
155163 7
154207 154209 154439 154976 154998 154692 154711
155165 1
152584
155169 2
154692 154711
155175 2
156495 153025
155176 1
151305
155183 9
156459 151429 154485 155207 155215 151369 156770 156882 157137
155186 5
154207 154209 154439 154976 154998
155187 10
152660 153886 154861 156194 155342 155292 155331 156477 156611 156961
155189 1
152584
155192 1
155412
155194 2
154692 154711
155195 25
151605 151659 152083 152551 153648 154669 154670 154931 155762 155805 155963 156718 156838 156885 156945 156971 155292 156477 156611 156961 155331 152660 153886 154861 156194
155200 2
154692 154711
155203 2
154692 154711
155204 7
154207 154209 154439 154976 154998 154692 154711
155208 1
151305
155215 7
154207 154209 154439 154976 154998 154692 154711
155217 1
156226
155222 7
154207 154209 154439 154976 154998 154692 154711
155225 9
156578 157075 155585 156315 152129 157068 155000 155566 155729
155227 7
154692 154711 154439 154207 154209 154976 154998
155230 2
154692 154711
155234 5
154207 154209 154439 154976 154998
155237 10
157023 151673 151684 152515 153119 153668 156433 156929 150991 157198
155240 6
151234 152522 153371 155121 155528 155672
155243 1
156226
155247 2
154692 154711
155251 1
156226
155253 2
154692 154711
155254 1
151305
155257 1
156226
155260 1
151305
155264 1
155412
155267 2
154692 154711
155278 4
152009 152571 152805 153873
155283 2
154692 154711
155286 1
156226
155287 10
150991 151673 151684 152515 153119 153668 156433 156929 157198 157023
155288 2
156123 156638
155289 1
152532
155293 3
153384 153579 153025
155295 1
151305
155298 1
151305
155299 2
154692 154711
155300 1
151305
