157720 1
152584
157721 13
151919 153382 153693 154357 152515 153119 151673 153668 151684 150991 156433 156929 157198
157723 7
154692 154711 154439 154207 154209 154976 154998
157732 1
156226
157744 2
154692 154711
157750 5
154207 154209 154439 154976 154998
157752 1
157023
157754 1
156226
157757 5
154207 154209 154439 154976 154998
157761 6
153579 153384 153025 155496 155497 156495
157762 1
156226
157771 7
156578 157075 155585 156315 152129 157068 155000
157777 1
155412
157779 1
155412
157781 2
156478 156539
157784 1
151305
157786 1
153579
157789 1
156226
157790 52
151057 151081 151235 151352 151693 151744 151755 151785 151789 151817 152111 152159 152787 152815 152831 152947 152962 152973 153117 153280 153293 153695 153761 154168 154350 154468 155166 155248 155263 155297 155351 155396 155430 155580 155941 155956 155970 156009 156435 156779 156782 156856 156944 156970 156975 157011 157015 157042 157087 157099 157177 157184
157796 1
156226
157799 7
154207 154209 154439 154976 154998 154692 154711
157803 1
156226
157807 7
154207 154209 154439 154976 154998 154692 154711
157814 1
155412
157819 1
155412
157822 3
152532 153579 153384
157823 1
156539
157828 2
154692 154711
157830 2
154692 154711
157834 1
156226
157838 1
151305
157839 6
151234 152522 153371 155121 155528 155672
157846 1
152584
157852 18
151201 151340 151471 152679 152848 152875 153771 153772 154035 154045 154149 154210 154296 154359 154472 154486 155509 156715
157853 2
154692 154711
157860 5
152129 155000 155585 156315 157068
157861 1
155412
157864 1
156226
157866 7
154207 154209 154439 154976 154998 154692 154711
157874 1
156539
157886 5
155566 155729 156274 156478 156539
157887 2
154692 154711
157891 1
156226
157896 1
152584
157902 1
151305
157903 1
155412
157904 18
151201 151340 151471 152679 152848 152875 153771 153772 154035 154045 154149 154210 154296 154359 154472 154486 155509 156715
157909 1
151305
157931 2
154692 154711
157933 1
151305
157935 18
151201 151340 151471 152679 152848 152875 153771 153772 154035 154045 154149 154210 154296 154359 154472 154486 155509 156715
157952 18
151201 151340 151471 152679 152848 152875 153771 153772 154035 154045 154149 154210 154296 154359 154472 154486 155509 156715
157959 26
151536 152423 152672 153941 153960 153964 153983 153994 154001 154148 155441 157251 153311 151775 152421 155330 151395 155643 155644 156457 156859 156985 151393 152977 154345 156635
157960 1
152584
157961 10
157023 151673 151684 152515 153119 153668 156433 156929 150991 157198
157964 2
154692 154711
157966 1
151305
157968 2
154692 154711
157973 11
156578 157075 155585 156315 152129 157068 155000 155566 155729 156478 156274
157975 1
155412
157983 7
154207 154209 154439 154976 154998 154692 154711
157989 18
151201 151340 151471 152679 152848 152875 153771 153772 154035 154045 154149 154210 154296 154359 154472 154486 155509 156715
157996 19
151393 151395 151775 152421 153311 155330 155643 155644 156457 156859 156985 152423 151536 152113 156934 156812 152977 154345 156635
157997 7
154207 154209 154439 154976 154998 154692 154711
158006 5
154207 154209 154439 154976 154998
158011 18
151201 151340 151471 152679 152848 152875 153771 153772 154035 154045 154149 154210 154296 154359 154472 154486 155509 156715
158013 7
154207 154209 154439 154976 154998 154692 154711
158015 1
156226
158022 2
154692 154711
158035 2
154692 154711
158041 7
154207 154209 154439 154976 154998 154692 154711
158048 16
150955 152631 153029 153870 154298 154320 154600 154788 155005 155006 155185 155238 156865 157029 157209 156980
158052 2
151847 152078
158056 1
155412
158064 1
156226
158065 1
156226
158066 18
151201 151340 151471 152679 152848 152875 153771 153772 154035 154045 154149 154210 154296 154359 154472 154486 155509 156715
158069 1
156226
158077 10
150991 151673 151684 152515 153119 153668 156433 156929 157198 157023
158079 2
154692 154711
158080 20
151605 151659 152083 152551 153648 154669 154670 154931 155762 155805 155963 156718 156838 156885 156945 156971 154861 152660 156194 153886
158085 7
154692 154711 154439 154207 154209 154976 154998
158086 4
152009 152571 152805 153873
158088 1
155412
158091 1
156539
158105 1
155342
158106 1
155412
158113 2
154692 154711
158116 1
152584
158117 4
152532 153384 153579 153025
158120 1
151305
158124 2
151847 152078
158125 5
155566 155729 156274 156478 156539
158130 1
155412
158132 5
155292 155331 156477 156611 156961
158133 5
155566 155729 156274 156478 156539
158135 7
154207 154209 154439 154976 154998 154692 154711
158139 1
151305
158141 2
154692 154711
158144 1
156226
158151 1
156226
158152 1
151305
158153 1
156226
158154 6
151234 152522 153371 155121 155528 155672
158156 2
154692 154711
158157 1
156226
158158 2
154692 154711
158165 7
154692 154711 154439 154207 154209 154976 154998
158166 1
156226
158168 2
154692 154711
158172 1
152584
158191 1
152584
158193 1
152532
158202 1
156226
158203 9
152660 153886 154861 156194 155331 155292 156477 156611 156961
158205 1
151305
158209 1
156226
158218 4
155566 155729 156274 156478
158223 2
154692 154711
158224 2
154692 154711
158227 2
154692 154711
158230 5
154207 154209 154439 154976 154998
158232 2
154692 154711
158237 6
151234 152522 153371 155121 155528 155672
158239 1
151305
158247 1
156226
158253 5
154207 154209 154439 154976 154998
158255 3
156274 156478 156539
158257 1
156226
158259 1
151305
158260 1
156539
158266 25
151605 151659 152083 152551 153648 154669 154670 154931 155762 155805 155963 156718 156838 156885 156945 156971 154861 152660 156194 153886 155331 156477 156611 156961 155292
158268 1
152584
158270 1
151305
158278 18
151201 151340 151471 152679 152848 152875 153771 153772 154035 154045 154149 154210 154296 154359 154472 154486 155509 156715
158281 26
151605 151659 152083 152551 153648 154669 154670 154931 155762 155805 155963 156718 156838 156885 156945 156971 155292 156477 156611 156961 155331 152660 153886 154861 156194 155342
158287 7
154207 154209 154439 154976 154998 154692 154711
158291 1
156226
158296 1
156226
158301 1
155412
158305 1
155412
158315 1
156226
158317 1
151305
158319 2
154692 154711
