159561 5
154207 154209 154439 154976 154998
159570 1
152584
159576 65
156576 153962 153652 153786 153611 153456 156867 153705 153643 155241 153829 153508 153651 151016 157063 154915 155603 153450 153905 153495 156128 152677 156613 156745 154704 156682 151833 152619 152930 151722 155878 155723 155691 155377 157079 155267 155211 156700 153594 156608 156579 153593 151457 156563 155952 153565 154930 154666 153383 152641 151918 154223 153998 153376 153924 153906 153338 152583 153859 153852 153238 153715 153635 152975 152322
159580 1
156226
159589 1
155412
159592 1
155412
159594 7
154692 154711 154439 154207 154209 154976 154998
159596 2
154597 156984
159605 1
155412
159608 2
154692 154711
159616 1
152584
159620 1
155412
159627 18
151201 151340 151471 152679 152848 152875 153771 153772 154035 154045 154149 154210 154296 154359 154472 154486 155509 156715
159628 1
151305
159635 1
156539
159637 1
151305
159639 28
151375 156225 151659 152083 152551 153648 154669 154670 154931 155762 155805 155963 151605 156718 156838 156885 156945 156971 152660 156194 153886 154861 155342 155331 156477 156611 156961 155292
159641 1
152584
159647 6
151234 152522 153371 155121 155528 155672
159648 1
151305
159654 5
154207 154209 154439 154976 154998
159656 1
156226
159657 5
154207 154209 154439 154976 154998
159664 1
156226
159665 2
154692 154711
159666 2
154692 154711
159668 1
156226
159669 1
152584
159671 4
156274 156478 155566 155729
159672 1
152584
159677 2
154692 154711
159678 1
151305
159682 1
151305
159690 2
154692 154711
159693 5
155566 155729 156274 156478 156539
159695 7
154692 154711 154439 154207 154209 154976 154998
159696 1
156478
159702 4
153025 155496 155497 156495
159708 1
155412
159711 1
151305
159713 1
156226
159721 20
151605 151659 152083 152551 153648 154669 154670 154931 155762 155805 155963 156718 156838 156885 156945 156971 154861 152660 156194 153886
159724 1
151305
159728 1
155412
159732 1
156226
159737 2
154692 154711
159738 1
155412
159742 3
151847 152078 152532
159747 1
152584
159748 1
152584
159750 2
156123 156638
159754 1
152584
159757 2
154692 154711
159789 7
154207 154209 154439 154976 154998 154692 154711
159798 1
152584
159799 1
152584
159803 1
156226
159804 2
154692 154711
159815 1
156226
159821 4
152009 152571 152805 153873
159823 3
152186 153416 156954
159826 1
152584
159831 18
151201 151340 151471 152679 152848 152875 153771 153772 154035 154045 154149 154210 154296 154359 154472 154486 155509 156715
159833 1
156226
159841 1
153138
159843 7
154207 154209 154439 154976 154998 154692 154711
159844 26
151605 151659 152083 152551 153648 154669 154670 154931 155762 155805 155963 156718 156838 156885 156945 156971 152522 155121 155528 155672 151234 153371 154861 152660 156194 153886
159861 1
155412
159864 2
154692 154711
159867 7
154207 154209 154439 154976 154998 154692 154711
159871 7
152129 155000 155585 156315 157068 156478 156274
159881 1
156226
159885 1
152584
159901 2
154692 154711
159910 1
151305
159912 2
154692 154711
159915 1
156226
159916 1
156226
159917 1
151305
159920 1
152584
159921 2
154692 154711
159926 2
154692 154711
159928 1
152532
159930 2
154692 154711
159932 1
156226
159937 2
154692 154711
159970 7
154207 154209 154439 154976 154998 154692 154711
159976 1
155412
159982 1
151305
159984 9
152009 152571 152805 153873 152129 155000 155585 156315 157068
159998 1
155412
159999 1
156226
160002 1
152584
160004 4
152009 152571 152805 153873
160007 7
156578 157075 155585 156315 152129 157068 155000
160014 1
152584
160034 6
152009 152571 152805 153873 156578 157075
160036 5
155566 155729 156274 156478 156539
160039 1
156226
160042 4
152009 152571 152805 153873
160047 1
156226
160057 2
154597 156984
160060 11
156578 157075 155585 156315 152129 157068 155000 156478 156274 155566 155729
160061 1
156226
160066 1
156226
160067 18
151201 151340 151471 152679 152848 152875 153771 153772 154035 154045 154149 154210 154296 154359 154472 154486 155509 156715
160070 3
151847 152078 152532
160075 1
156226
160077 6
151234 152522 153371 155121 155528 155672
160086 1
151305
160091 4
152009 152571 152805 153873
160094 1
151305
160096 7
156578 157075 155585 156315 152129 157068 155000
160098 1
156226
160099 2
154692 154711
160116 5
154207 154209 154439 154976 154998
160124 18
151201 151340 151471 152679 152848 152875 153771 153772 154035 154045 154149 154210 154296 154359 154472 154486 155509 156715
160132 2
155934 156067
160135 16
151340 151471 152679 152848 152875 153771 153772 154035 154045 154149 154210 154296 154359 154472 154486 151201
160142 1
156226
160150 2
154692 154711
160159 23
154861 152660 156194 153886 156225 151375 151659 156945 156971 154931 152083 151605 152551 155762 154670 156838 154669 155963 155805 153648 156718 156885 155672
