161420 22
151234 152522 153371 155121 155528 155672 151659 153648 154669 154670 154931 152083 151605 152551 155762 155805 155963 156718 156838 156885 156945 156971
161426 2
154692 154711
161434 1
152584
161436 2
154692 154711
161437 1
151305
161439 1
156226
161446 1
155412
161458 18
151201 151340 151471 152679 152848 152875 153771 153772 154035 154045 154149 154210 154296 154359 154472 154486 155509 156715
161464 2
154597 156984
161466 18
151201 151340 151471 152679 152848 152875 153771 153772 154035 154045 154149 154210 154296 154359 154472 154486 155509 156715
161470 2
154692 154711
161482 1
155412
161485 2
152532 153579
161486 18
151201 151340 151471 152679 152848 152875 153771 153772 154035 154045 154149 154210 154296 154359 154472 154486 155509 156715
161487 1
152584
161490 18
151201 151340 151471 152679 152848 152875 153771 153772 154035 154045 154149 154210 154296 154359 154472 154486 155509 156715
161492 18
151201 151340 151471 152679 152848 152875 153771 153772 154035 154045 154149 154210 154296 154359 154472 154486 155509 156715
161497 18
151201 151340 151471 152679 152848 152875 153771 153772 154035 154045 154149 154210 154296 154359 154472 154486 155509 156715
161516 1
151305
161517 1
156539
161522 5
154207 154209 154439 154976 154998
161526 11
152009 152571 152805 153873 156578 157075 155585 156315 152129 157068 155000
161533 1
156226
161544 1
151305
161545 1
152584
161565 1
156539
161566 1
151305
161574 1
155412
161578 1
152584
161583 2
154597 156984
161586 18
151201 151340 151471 152679 152848 152875 153771 153772 154035 154045 154149 154210 154296 154359 154472 154486 155509 156715
161590 2
154692 154711
161592 2
154692 154711
161593 1
156226
161594 1
156226
161613 5
154207 154209 154439 154976 154998
161615 2
154597 156984
161619 1
152584
161627 2
154692 154711
161630 18
151201 151340 151471 152679 152848 152875 153771 153772 154035 154045 154149 154210 154296 154359 154472 154486 155509 156715
161633 4
153138 151929 154183 156119
161638 1
155412
161639 1
152584
161640 1
152584
161642 1
151305
161655 18
151201 151340 151471 152679 152848 152875 153771 153772 154035 154045 154149 154210 154296 154359 154472 154486 155509 156715
161660 1
152584
161663 1
155412
161666 2
154692 154711
161670 18
151201 151340 151471 152679 152848 152875 153771 153772 154035 154045 154149 154210 154296 154359 154472 154486 155509 156715
161674 1
151305
161677 7
154692 154711 154439 154207 154209 154976 154998
161678 1
155412
161685 1
152584
161690 7
154207 154209 154439 154976 154998 154692 154711
161695 1
156226
161699 9
150991 151673 151684 152515 153119 153668 156433 156929 157198
161700 1
151305
161702 22
151234 152522 153371 155121 155528 155672 151659 153648 154669 154670 154931 152083 151605 152551 155762 155805 155963 156718 156838 156885 156945 156971
161704 1
156226
161712 1
152584
161713 18
151201 151340 151471 152679 152848 152875 153771 153772 154035 154045 154149 154210 154296 154359 154472 154486 155509 156715
161717 5
155566 155729 156274 156478 156539
161737 2
151847 152078
161738 4
156274 156478 155566 155729
161740 1
152584
161744 1
155412
161747 4
152009 152571 152805 153873
161749 26
152113 156812 156934 151393 152421 153311 155330 155643 155644 156457 151395 156859 151775 156985 152423 151536 152672 155441 153941 153960 153964 153983 153994 154001 154148 157251
161752 18
151201 151340 151471 152679 152848 152875 153771 153772 154035 154045 154149 154210 154296 154359 154472 154486 155509 156715
161754 1
151305
161755 1
152584
161758 7
154692 154711 154439 154207 154209 154976 154998
161761 1
152584
161762 1
152584
161768 1
151305
161782 2
154692 154711
161783 18
151201 151340 151471 152679 152848 152875 153771 153772 154035 154045 154149 154210 154296 154359 154472 154486 155509 156715
161784 7
154692 154711 154439 154207 154209 154976 154998
161792 1
151305
161794 1
156226
161800 20
151605 151659 152083 152551 153648 154669 154670 154931 155762 155805 155963 156718 156838 156885 156945 156971 154861 152660 156194 153886
161808 1
156226
161819 2
154692 154711
161821 7
154207 154209 154439 154976 154998 154692 154711
161825 1
151305
161829 2
154597 156984
161838 7
154207 154209 154439 154976 154998 154692 154711
161841 1
156226
161843 18
151201 151340 151471 152679 152848 152875 153771 153772 154035 154045 154149 154210 154296 154359 154472 154486 155509 156715
161845 2
154692 154711
161846 1
152584
161847 2
154692 154711
161848 6
151234 152522 153371 155121 155528 155672
161860 1
156226
161864 2
154692 154711
161866 1
155412
161869 7
154207 154209 154439 154976 154998 154692 154711
161879 1
152584
161880 2
154692 154711
161885 2
154692 154711
161898 1
156226
161909 24
151483 151617 151630 152107 152110 152112 153205 154224 154794 154840 154932 155277 156120 156189 156191 156221 156469 156588 156609 157082 157109 157153 156610 152738
161910 5
155292 155331 156477 156611 156961
161911 1
151305
161913 7
156578 157075 155585 156315 152129 157068 155000
161921 1
151305
161922 1
156226
161927 1
155412
161942 2
154692 154711
161943 1
152584
161948 28
151375 156225 151659 152083 152551 153648 154669 154670 154931 155762 155805 155963 151605 156718 156838 156885 156945 156971 152660 156194 153886 154861 155342 155331 156477 156611 156961 155292
161951 1
151305
161955 18
151201 151340 151471 152679 152848 152875 153771 153772 154035 154045 154149 154210 154296 154359 154472 154486 155509 156715
161956 18
151201 151340 151471 152679 152848 152875 153771 153772 154035 154045 154149 154210 154296 154359 154472 154486 155509 156715
161962 1
156226
161968 1
151305
161987 1
152584
161997 6
153384 153025 153579 156495 155497 155496
161999 7
154207 154209 154439 154976 154998 154692 154711
162012 18
151201 151340 151471 152679 152848 152875 153771 153772 154035 154045 154149 154210 154296 154359 154472 154486 155509 156715
162013 18
151201 151340 151471 152679 152848 152875 153771 153772 154035 154045 154149 154210 154296 154359 154472 154486 155509 156715
162015 4
152009 152571 152805 153873
162017 1
156495
162025 1
152532
162026 1
151305
162033 20
151605 151659 152083 152551 153648 154669 154670 154931 155762 155805 155963 156718 156838 156885 156945 156971 154861 152660 156194 153886
162037 1
155412
162047 1
156226
162054 1
151305
162058 1
151305
162059 9
152129 155000 155585 156315 157068 155566 155729 156478 156274
162066 1
156226
162068 1
152584
