162072 18
151201 151340 151471 152679 152848 152875 153771 153772 154035 154045 154149 154210 154296 154359 154472 154486 155509 156715
162084 18
151201 151340 151471 152679 152848 152875 153771 153772 154035 154045 154149 154210 154296 154359 154472 154486 155509 156715
162085 1
152584
162086 1
152584
162089 1
152584
162090 2
152532 153579
162092 1
152584
162094 2
154692 154711
162095 2
154597 156984
162099 2
154692 154711
162100 2
154692 154711
162104 2
154692 154711
162106 1
155412
162107 1
156226
162110 1
156226
162111 4
153138 151929 154183 156119
162115 1
152584
162126 1
155412
162134 18
151201 151340 151471 152679 152848 152875 153771 153772 154035 154045 154149 154210 154296 154359 154472 154486 155509 156715
162135 25
151605 151659 152083 152551 153648 154669 154670 154931 155762 155805 155963 156718 156838 156885 156945 156971 154861 152660 156194 153886 155331 156477 156611 156961 155292
162148 1
152584
162149 1
156226
162150 1
155412
162159 2
154692 154711
162163 1
156226
162164 7
154207 154209 154439 154976 154998 154692 154711
162170 1
151305
162173 2
154692 154711
162176 2
154692 154711
162191 1
156539
162193 18
151201 151340 151471 152679 152848 152875 153771 153772 154035 154045 154149 154210 154296 154359 154472 154486 155509 156715
162204 2
154692 154711
162208 1
151305
162212 1
152584
162222 7
154692 154711 154439 154207 154209 154976 154998
162226 1
152584
162227 18
151201 151340 151471 152679 152848 152875 153771 153772 154035 154045 154149 154210 154296 154359 154472 154486 155509 156715
162229 5
155566 155729 156274 156478 156539
162236 18
151201 151340 151471 152679 152848 152875 153771 153772 154035 154045 154149 154210 154296 154359 154472 154486 155509 156715
162238 7
154207 154209 154439 154976 154998 154692 154711
162247 18
151201 151340 151471 152679 152848 152875 153771 153772 154035 154045 154149 154210 154296 154359 154472 154486 155509 156715
162248 1
151305
162249 1
151305
162251 2
154597 156984
162264 7
154207 154209 154439 154976 154998 154692 154711
162268 2
154692 154711
162273 18
151201 151340 151471 152679 152848 152875 153771 153772 154035 154045 154149 154210 154296 154359 154472 154486 155509 156715
162282 18
151201 151340 151471 152679 152848 152875 153771 153772 154035 154045 154149 154210 154296 154359 154472 154486 155509 156715
162290 1
156226
162303 2
154597 156984
162309 1
156226
162317 2
154597 156984
162324 1
156226
162327 2
155934 156067
162329 2
154692 154711
162333 1
152584
162344 1
152584
162357 4
152009 152571 152805 153873
162361 1
152584
162373 1
156226
162377 1
152584
162380 18
151201 151340 151471 152679 152848 152875 153771 153772 154035 154045 154149 154210 154296 154359 154472 154486 155509 156715
162390 1
151305
162395 7
154692 154711 154439 154207 154209 154976 154998
162401 7
154207 154209 154439 154976 154998 154692 154711
162402 1
152584
162411 6
152009 152571 152805 153873 156578 157075
162414 2
154692 154711
162431 1
156226
162439 1
155412
162440 1
156495
162441 1
151305
162446 1
156226
162447 1
156226
162448 1
151305
162450 1
151305
162460 7
154207 154209 154439 154976 154998 154692 154711
162467 18
151201 151340 151471 152679 152848 152875 153771 153772 154035 154045 154149 154210 154296 154359 154472 154486 155509 156715
162470 1
151305
162472 9
156578 157075 155585 156315 152129 157068 155000 155566 155729
162473 1
156226
162478 1
151305
162481 7
154207 154209 154439 154976 154998 154692 154711
162487 5
154207 154209 154439 154976 154998
162491 1
152584
162496 1
156226
162498 1
152584
162499 2
154692 154711
162503 1
152584
162504 1
151305
162507 2
154597 156984
162512 1
152584
162514 2
153025 156495
162522 2
154597 156984
162542 7
154207 154209 154439 154976 154998 154692 154711
162545 1
152584
162547 18
151201 151340 151471 152679 152848 152875 153771 153772 154035 154045 154149 154210 154296 154359 154472 154486 155509 156715
162565 18
151201 151340 151471 152679 152848 152875 153771 153772 154035 154045 154149 154210 154296 154359 154472 154486 155509 156715
162572 18
151201 151340 151471 152679 152848 152875 153771 153772 154035 154045 154149 154210 154296 154359 154472 154486 155509 156715
162578 2
154692 154711
162584 2
154597 156984
162586 7
154692 154711 154439 154207 154209 154976 154998
162590 25
151605 151659 152083 152551 153648 154669 154670 154931 155762 155805 155963 156718 156838 156885 156945 156971 154861 152660 156194 153886 155331 156477 156611 156961 155292
162593 2
154692 154711
162595 25
151605 151659 152083 152551 153648 154669 154670 154931 155762 155805 155963 156718 156838 156885 156945 156971 154861 152660 156194 153886 155331 156477 156611 156961 155292
162596 6
155342 155331 155292 156477 156611 156961
162601 1
152584
162602 1
152584
162604 2
154692 154711
162608 1
152584
162611 1
152584
162615 18
151201 151340 151471 152679 152848 152875 153771 153772 154035 154045 154149 154210 154296 154359 154472 154486 155509 156715
162618 1
151305
162626 2
154692 154711
162627 1
156226
162629 18
151201 151340 151471 152679 152848 152875 153771 153772 154035 154045 154149 154210 154296 154359 154472 154486 155509 156715
162638 1
155412
162643 1
152584
162649 2
154692 154711
162651 1
156226
162675 1
156226
162678 1
151305
162679 1
151305
162682 1
152584
162693 2
154692 154711
162694 18
151201 151340 151471 152679 152848 152875 153771 153772 154035 154045 154149 154210 154296 154359 154472 154486 155509 156715
162698 4
152009 152571 152805 153873
162701 1
155412
162702 1
151305
162706 1
156226
