163946 2
156123 156638
163960 1
151305
163961 1
155412
163967 4
152009 152571 152805 153873
163972 1
156226
163984 18
151201 151340 151471 152679 152848 152875 153771 153772 154035 154045 154149 154210 154296 154359 154472 154486 155509 156715
163992 2
154692 154711
163997 1
155412
163998 7
156578 157075 155585 156315 152129 157068 155000
164000 1
152584
164009 1
151305
164012 1
151305
164013 2
154597 156984
164015 18
151201 151340 151471 152679 152848 152875 153771 153772 154035 154045 154149 154210 154296 154359 154472 154486 155509 156715
164020 1
156226
164024 18
151201 151340 151471 152679 152848 152875 153771 153772 154035 154045 154149 154210 154296 154359 154472 154486 155509 156715
164026 1
151305
164027 6
151234 152522 153371 155121 155528 155672
164028 2
156123 156638
164031 18
151201 151340 151471 152679 152848 152875 153771 153772 154035 154045 154149 154210 154296 154359 154472 154486 155509 156715
164034 18
151201 151340 151471 152679 152848 152875 153771 153772 154035 154045 154149 154210 154296 154359 154472 154486 155509 156715
164036 1
151305
164039 7
154207 154209 154439 154976 154998 154692 154711
164042 18
151201 151340 151471 152679 152848 152875 153771 153772 154035 154045 154149 154210 154296 154359 154472 154486 155509 156715
164051 1
151305
164053 1
152584
164059 1
155412
164060 18
151201 151340 151471 152679 152848 152875 153771 153772 154035 154045 154149 154210 154296 154359 154472 154486 155509 156715
164072 1
151305
164080 18
151201 151340 151471 152679 152848 152875 153771 153772 154035 154045 154149 154210 154296 154359 154472 154486 155509 156715
164089 1
152584
164093 1
155412
164099 1
152584
164120 2
154692 154711
164124 18
151201 151340 151471 152679 152848 152875 153771 153772 154035 154045 154149 154210 154296 154359 154472 154486 155509 156715
164137 1
152584
164139 2
154692 154711
164143 1
151305
164145 1
156226
164149 5
154207 154209 154439 154976 154998
164150 5
155566 155729 156274 156478 156539
164157 1
156226
164174 1
155412
164175 1
156226
164183 1
155412
164193 2
154597 156984
164199 2
154692 154711
164200 18
151201 151340 151471 152679 152848 152875 153771 153772 154035 154045 154149 154210 154296 154359 154472 154486 155509 156715
164201 4
152009 152571 152805 153873
164203 18
151201 151340 151471 152679 152848 152875 153771 153772 154035 154045 154149 154210 154296 154359 154472 154486 155509 156715
164211 1
152584
164212 1
151305
164214 1
155412
164223 18
151201 151340 151471 152679 152848 152875 153771 153772 154035 154045 154149 154210 154296 154359 154472 154486 155509 156715
164225 2
154692 154711
164231 1
156226
164232 5
155292 155331 156477 156611 156961
164241 7
154207 154209 154439 154976 154998 154692 154711
164245 1
151305
164247 1
155412
164252 2
154597 156984
164267 7
154692 154711 154439 154207 154209 154976 154998
164270 1
156226
164274 1
152584
164280 2
154597 156984
164289 1
151305
164294 1
151305
164296 1
156539
164305 2
154597 156984
164311 1
156226
164313 1
151305
164314 1
151305
164320 18
151201 151340 151471 152679 152848 152875 153771 153772 154035 154045 154149 154210 154296 154359 154472 154486 155509 156715
164326 1
155412
164327 1
156226
164331 18
151201 151340 151471 152679 152848 152875 153771 153772 154035 154045 154149 154210 154296 154359 154472 154486 155509 156715
164332 9
150991 151673 151684 152515 153119 153668 156433 156929 157198
164334 2
154597 156984
164350 25
151605 151659 152083 152551 153648 154669 154670 154931 155762 155805 155963 156718 156838 156885 156945 156971 154861 152660 156194 153886 155331 156477 156611 156961 155292
164353 2
154597 156984
164354 1
152584
164359 7
154692 154711 154439 154207 154209 154976 154998
164362 1
152584
164363 1
152584
164365 1
156226
164366 6
153061 155432 155531 155791 155947 156032
164377 1
152584
164378 2
154597 156984
164379 2
154692 154711
164383 2
154692 154711
164392 2
154597 156984
164393 1
152584
164396 1
151305
164403 1
151305
164406 1
156226
164410 1
152584
164419 2
154597 156984
164421 2
154597 156984
164423 5
155566 155729 156274 156478 156539
164424 18
151201 151340 151471 152679 152848 152875 153771 153772 154035 154045 154149 154210 154296 154359 154472 154486 155509 156715
164428 1
151305
164433 22
151234 152522 153371 155121 155528 155672 151659 153648 154669 154670 154931 152083 151605 152551 155762 155805 155963 156718 156838 156885 156945 156971
164439 7
152532 153579 153384 156495 155497 155496 153025
164444 1
152584
164451 6
152009 152571 152805 153873 156578 157075
164452 1
152584
164453 1
156226
164456 7
154692 154711 154439 154207 154209 154976 154998
164457 1
156226
164460 1
152584
164461 18
151201 151340 151471 152679 152848 152875 153771 153772 154035 154045 154149 154210 154296 154359 154472 154486 155509 156715
164462 1
152584
164464 18
151201 151340 151471 152679 152848 152875 153771 153772 154035 154045 154149 154210 154296 154359 154472 154486 155509 156715
164482 18
151201 151340 151471 152679 152848 152875 153771 153772 154035 154045 154149 154210 154296 154359 154472 154486 155509 156715
164485 1
151305
164489 18
151201 151340 151471 152679 152848 152875 153771 153772 154035 154045 154149 154210 154296 154359 154472 154486 155509 156715
164492 1
151305
164498 1
152584
164501 1
152584
164502 2
154692 154711
164504 1
152584
164508 2
154692 154711
164509 2
154597 156984
164514 2
154597 156984
164516 6
153061 155432 155531 155791 155947 156032
164517 18
151201 151340 151471 152679 152848 152875 153771 153772 154035 154045 154149 154210 154296 154359 154472 154486 155509 156715
164521 1
152584
164526 2
154692 154711
164534 2
154597 156984
164539 2
154597 156984
164549 1
155412
164560 6
153061 155432 155531 155791 155947 156032
164566 18
151201 151340 151471 152679 152848 152875 153771 153772 154035 154045 154149 154210 154296 154359 154472 154486 155509 156715
164567 2
154597 156984
