164570 1
151305
164583 1
151305
164588 1
155412
164592 1
152584
164597 1
156226
164604 2
156123 156638
164609 18
151201 151340 151471 152679 152848 152875 153771 153772 154035 154045 154149 154210 154296 154359 154472 154486 155509 156715
164616 1
151305
164629 6
153061 155432 155531 155791 155947 156032
164635 18
151201 151340 151471 152679 152848 152875 153771 153772 154035 154045 154149 154210 154296 154359 154472 154486 155509 156715
164648 2
154597 156984
164649 2
154692 154711
164656 2
154692 154711
164657 1
151305
164661 1
156226
164671 18
151201 151340 151471 152679 152848 152875 153771 153772 154035 154045 154149 154210 154296 154359 154472 154486 155509 156715
164675 1
152584
164676 7
154692 154711 154439 154207 154209 154976 154998
164684 1
152584
164691 1
152584
164703 1
152584
164719 1
155412
164723 1
151305
164730 1
151305
164732 18
151201 151340 151471 152679 152848 152875 153771 153772 154035 154045 154149 154210 154296 154359 154472 154486 155509 156715
164735 2
154597 156984
164744 18
151201 151340 151471 152679 152848 152875 153771 153772 154035 154045 154149 154210 154296 154359 154472 154486 155509 156715
164746 1
156226
164751 4
153025 155496 155497 156495
164752 1
152584
164754 1
151305
164768 2
154597 156984
164770 1
152584
164771 7
154692 154711 154439 154207 154209 154976 154998
164772 1
156226
164781 1
155412
164795 18
151201 151340 151471 152679 152848 152875 153771 153772 154035 154045 154149 154210 154296 154359 154472 154486 155509 156715
164803 1
156226
164811 5
154207 154209 154439 154976 154998
164812 2
154692 154711
164816 1
151305
164818 18
151201 151340 151471 152679 152848 152875 153771 153772 154035 154045 154149 154210 154296 154359 154472 154486 155509 156715
164822 18
151201 151340 151471 152679 152848 152875 153771 153772 154035 154045 154149 154210 154296 154359 154472 154486 155509 156715
164833 1
152584
164835 18
151201 151340 151471 152679 152848 152875 153771 153772 154035 154045 154149 154210 154296 154359 154472 154486 155509 156715
164843 1
156226
164845 18
151201 151340 151471 152679 152848 152875 153771 153772 154035 154045 154149 154210 154296 154359 154472 154486 155509 156715
164848 1
155412
164855 18
151201 151340 151471 152679 152848 152875 153771 153772 154035 154045 154149 154210 154296 154359 154472 154486 155509 156715
164857 6
153061 155432 155531 155791 155947 156032
164858 1
151305
164862 5
154207 154209 154439 154976 154998
164863 1
152584
164882 1
155412
164894 1
155412
164896 1
151305
164897 5
155566 155729 156274 156478 156539
164899 5
154207 154209 154439 154976 154998
164908 6
153061 155432 155531 155791 155947 156032
164922 1
152584
164925 4
153138 151929 154183 156119
164926 18
151201 151340 151471 152679 152848 152875 153771 153772 154035 154045 154149 154210 154296 154359 154472 154486 155509 156715
164929 2
154597 156984
164931 7
154207 154209 154439 154976 154998 154692 154711
164940 1
151305
164941 1
152584
164949 1
156539
164956 2
154597 156984
164978 2
154692 154711
164982 2
154692 154711
164985 1
152584
164989 2
154692 154711
164998 1
156226
164999 9
152009 152571 152805 153873 152129 155000 155585 156315 157068
165001 1
156226
165007 1
151305
165009 1
156226
165010 5
154207 154209 154439 154976 154998
165025 2
154692 154711
165027 1
156226
165028 2
154597 156984
165033 1
151305
165067 1
152584
165069 1
156226
165071 18
151201 151340 151471 152679 152848 152875 153771 153772 154035 154045 154149 154210 154296 154359 154472 154486 155509 156715
165081 2
154692 154711
165085 2
154692 154711
165100 18
151201 151340 151471 152679 152848 152875 153771 153772 154035 154045 154149 154210 154296 154359 154472 154486 155509 156715
165107 1
151305
165117 2
154692 154711
165119 2
156123 156638
165127 2
154692 154711
165138 2
154597 156984
165147 18
151201 151340 151471 152679 152848 152875 153771 153772 154035 154045 154149 154210 154296 154359 154472 154486 155509 156715
165152 1
156226
165157 18
151201 151340 151471 152679 152848 152875 153771 153772 154035 154045 154149 154210 154296 154359 154472 154486 155509 156715
165168 18
151201 151340 151471 152679 152848 152875 153771 153772 154035 154045 154149 154210 154296 154359 154472 154486 155509 156715
165170 7
154207 154209 154439 154976 154998 154692 154711
165179 7
154692 154711 154439 154207 154209 154976 154998
165187 2
154597 156984
165189 5
152532 153384 153025 155496 155497
165195 2
154597 156984
165201 18
151201 151340 151471 152679 152848 152875 153771 153772 154035 154045 154149 154210 154296 154359 154472 154486 155509 156715
165212 1
152584
