170020 6
153061 155432 155531 155791 155947 156032
170042 6
153061 155432 155531 155791 155947 156032
170049 18
151201 151340 151471 152679 152848 152875 153771 153772 154035 154045 154149 154210 154296 154359 154472 154486 155509 156715
170055 2
154597 156984
170057 7
154692 154711 154439 154207 154209 154976 154998
170063 1
151305
170065 2
154597 156984
170066 1
151305
170067 2
154597 156984
170070 2
154597 156984
170085 1
155412
170095 1
152584
170105 6
153061 155432 155531 155791 155947 156032
170106 1
156226
170113 3
151929 154183 156119
170121 18
151201 151340 151471 152679 152848 152875 153771 153772 154035 154045 154149 154210 154296 154359 154472 154486 155509 156715
170124 2
154597 156984
170125 2
154597 156984
170130 2
154597 156984
170141 2
154597 156984
170151 2
154597 156984
170165 18
151201 151340 151471 152679 152848 152875 153771 153772 154035 154045 154149 154210 154296 154359 154472 154486 155509 156715
170183 6
153061 155432 155531 155791 155947 156032
170194 1
155412
170200 2
154597 156984
170206 18
151201 151340 151471 152679 152848 152875 153771 153772 154035 154045 154149 154210 154296 154359 154472 154486 155509 156715
170216 1
151305
170217 1
152584
170230 2
154597 156984
170244 2
154692 154711
170245 1
152584
170248 1
151305
170258 1
152584
170263 18
151201 151340 151471 152679 152848 152875 153771 153772 154035 154045 154149 154210 154296 154359 154472 154486 155509 156715
170270 1
156226
170274 2
154692 154711
170279 18
151201 151340 151471 152679 152848 152875 153771 153772 154035 154045 154149 154210 154296 154359 154472 154486 155509 156715
170280 6
153061 155432 155531 155791 155947 156032
170288 2
154597 156984
170291 1
151305
170292 1
152584
170295 18
151201 151340 151471 152679 152848 152875 153771 153772 154035 154045 154149 154210 154296 154359 154472 154486 155509 156715
170297 1
152584
170299 1
152584
170304 2
154597 156984
170318 1
152584
170320 1
152584
170322 2
154597 156984
170327 6
153061 155432 155531 155791 155947 156032
170347 6
153061 155432 155531 155791 155947 156032
170352 6
153061 155432 155531 155791 155947 156032
170356 2
154597 156984
170362 1
152584
170372 1
151305
170374 6
153061 155432 155531 155791 155947 156032
170403 2
154692 154711
170404 1
152584
170410 2
154597 156984
170420 2
154597 156984
170421 1
151305
170440 6
153061 155432 155531 155791 155947 156032
170444 1
152584
170446 2
154597 156984
170455 6
153061 155432 155531 155791 155947 156032
170464 2
154597 156984
170469 2
154597 156984
170486 2
154597 156984
170489 2
154597 156984
170493 18
151201 151340 151471 152679 152848 152875 153771 153772 154035 154045 154149 154210 154296 154359 154472 154486 155509 156715
170499 6
153061 155432 155531 155791 155947 156032
170505 1
152584
170515 6
153061 155432 155531 155791 155947 156032
170524 2
154597 156984
170529 2
154692 154711
170548 2
154597 156984
170561 6
153061 155432 155531 155791 155947 156032
170565 6
153061 155432 155531 155791 155947 156032
170572 18
151201 151340 151471 152679 152848 152875 153771 153772 154035 154045 154149 154210 154296 154359 154472 154486 155509 156715
170575 6
153061 155432 155531 155791 155947 156032
170580 1
151305
170591 2
154692 154711
170593 6
153061 155432 155531 155791 155947 156032
170596 6
153061 155432 155531 155791 155947 156032
170602 2
154597 156984
170623 2
154597 156984
170629 18
151201 151340 151471 152679 152848 152875 153771 153772 154035 154045 154149 154210 154296 154359 154472 154486 155509 156715
170633 5
154207 154209 154439 154976 154998
170634 18
151201 151340 151471 152679 152848 152875 153771 153772 154035 154045 154149 154210 154296 154359 154472 154486 155509 156715
170637 18
151201 151340 151471 152679 152848 152875 153771 153772 154035 154045 154149 154210 154296 154359 154472 154486 155509 156715
170643 6
153061 155432 155531 155791 155947 156032
170659 1
156226
170664 2
154597 156984
170668 1
151305
170673 1
156226
170676 6
153061 155432 155531 155791 155947 156032
170678 2
154597 156984
170689 18
151201 151340 151471 152679 152848 152875 153771 153772 154035 154045 154149 154210 154296 154359 154472 154486 155509 156715
170694 1
152584
170697 18
151201 151340 151471 152679 152848 152875 153771 153772 154035 154045 154149 154210 154296 154359 154472 154486 155509 156715
170700 4
152009 152571 152805 153873
170702 2
154597 156984
170710 2
154692 154711
170714 2
154597 156984
170717 18
151201 151340 151471 152679 152848 152875 153771 153772 154035 154045 154149 154210 154296 154359 154472 154486 155509 156715
170718 1
152584
170724 2
154597 156984
170727 1
151305
170728 2
154597 156984
170752 2
154597 156984
170763 2
154692 154711
170768 18
151201 151340 151471 152679 152848 152875 153771 153772 154035 154045 154149 154210 154296 154359 154472 154486 155509 156715
170772 1
156226
170778 2
154597 156984
170785 1
152584
170792 6
153061 155432 155531 155791 155947 156032
170795 6
153061 155432 155531 155791 155947 156032
170798 18
151201 151340 151471 152679 152848 152875 153771 153772 154035 154045 154149 154210 154296 154359 154472 154486 155509 156715
170801 2
154597 156984
170802 2
154597 156984
170803 6
153061 155432 155531 155791 155947 156032
170807 2
154597 156984
170809 6
153061 155432 155531 155791 155947 156032
170813 2
154692 154711
170817 18
151201 151340 151471 152679 152848 152875 153771 153772 154035 154045 154149 154210 154296 154359 154472 154486 155509 156715
170828 18
151201 151340 151471 152679 152848 152875 153771 153772 154035 154045 154149 154210 154296 154359 154472 154486 155509 156715
170830 6
153061 155432 155531 155791 155947 156032
170831 18
151201 151340 151471 152679 152848 152875 153771 153772 154035 154045 154149 154210 154296 154359 154472 154486 155509 156715
