170852 1
152584
170854 18
151201 151340 151471 152679 152848 152875 153771 153772 154035 154045 154149 154210 154296 154359 154472 154486 155509 156715
170856 18
151201 151340 151471 152679 152848 152875 153771 153772 154035 154045 154149 154210 154296 154359 154472 154486 155509 156715
170866 1
152584
170874 2
154597 156984
170882 2
154597 156984
170888 6
153061 155432 155531 155791 155947 156032
170897 1
151305
170899 2
154597 156984
170907 1
152584
170909 18
151201 151340 151471 152679 152848 152875 153771 153772 154035 154045 154149 154210 154296 154359 154472 154486 155509 156715
170913 6
153061 155432 155531 155791 155947 156032
170917 2
154597 156984
170919 1
152584
170928 18
151201 151340 151471 152679 152848 152875 153771 153772 154035 154045 154149 154210 154296 154359 154472 154486 155509 156715
170931 6
153061 155432 155531 155791 155947 156032
170934 18
151201 151340 151471 152679 152848 152875 153771 153772 154035 154045 154149 154210 154296 154359 154472 154486 155509 156715
170938 2
154597 156984
170953 2
154692 154711
170954 2
154597 156984
170956 6
153061 155432 155531 155791 155947 156032
170962 2
154597 156984
170963 18
151201 151340 151471 152679 152848 152875 153771 153772 154035 154045 154149 154210 154296 154359 154472 154486 155509 156715
170967 2
154597 156984
170969 6
153061 155432 155531 155791 155947 156032
170976 6
153061 155432 155531 155791 155947 156032
170977 7
154692 154711 154439 154207 154209 154976 154998
170979 2
154597 156984
170981 1
152584
170988 1
152584
170995 2
154692 154711
170997 5
154207 154209 154439 154976 154998
171009 1
156226
171014 6
153061 155432 155531 155791 155947 156032
171021 6
153061 155432 155531 155791 155947 156032
171023 2
154597 156984
171024 1
156226
171025 2
154597 156984
171030 2
154597 156984
171032 6
153061 155432 155531 155791 155947 156032
171037 1
155412
171040 1
152584
171048 2
154597 156984
171051 2
154597 156984
171062 2
154597 156984
171071 1
152584
171073 18
151201 151340 151471 152679 152848 152875 153771 153772 154035 154045 154149 154210 154296 154359 154472 154486 155509 156715
171075 2
154597 156984
171081 2
154597 156984
171082 1
152584
171090 1
152584
171096 2
154597 156984
171103 1
152584
171104 6
153061 155432 155531 155791 155947 156032
171120 2
154597 156984
171126 6
153061 155432 155531 155791 155947 156032
171136 18
151201 151340 151471 152679 152848 152875 153771 153772 154035 154045 154149 154210 154296 154359 154472 154486 155509 156715
171138 2
154597 156984
171139 1
152584
171142 1
151305
171146 1
151305
171158 18
151201 151340 151471 152679 152848 152875 153771 153772 154035 154045 154149 154210 154296 154359 154472 154486 155509 156715
171162 1
152584
171163 2
152098 154843
171169 2
154597 156984
171171 1
152584
171174 6
153061 155432 155531 155791 155947 156032
171181 2
154597 156984
171185 1
151305
171191 2
154597 156984
171192 1
156226
171203 18
151201 151340 151471 152679 152848 152875 153771 153772 154035 154045 154149 154210 154296 154359 154472 154486 155509 156715
171214 1
156226
171215 6
153061 155432 155531 155791 155947 156032
171226 6
153061 155432 155531 155791 155947 156032
171232 1
152584
171234 2
154692 154711
171246 6
153061 155432 155531 155791 155947 156032
171253 2
154597 156984
171261 18
151201 151340 151471 152679 152848 152875 153771 153772 154035 154045 154149 154210 154296 154359 154472 154486 155509 156715
171264 11
152009 152571 152805 153873 156578 157075 155585 156315 152129 157068 155000
171268 6
153061 155432 155531 155791 155947 156032
171275 2
154597 156984
171280 2
154597 156984
171284 2
154597 156984
171286 1
151305
171289 18
151201 151340 151471 152679 152848 152875 153771 153772 154035 154045 154149 154210 154296 154359 154472 154486 155509 156715
171292 6
153061 155432 155531 155791 155947 156032
171300 7
154207 154209 154439 154976 154998 154692 154711
171306 2
154597 156984
171307 2
154597 156984
171308 6
153061 155432 155531 155791 155947 156032
171321 6
153061 155432 155531 155791 155947 156032
171323 6
153061 155432 155531 155791 155947 156032
171328 2
154597 156984
171334 6
153061 155432 155531 155791 155947 156032
171338 1
152584
171340 1
151305
171341 2
154597 156984
171343 6
153061 155432 155531 155791 155947 156032
171346 2
154692 154711
171353 1
156226
171358 2
154597 156984
171365 1
152584
171366 2
154597 156984
171372 6
153061 155432 155531 155791 155947 156032
171380 18
151201 151340 151471 152679 152848 152875 153771 153772 154035 154045 154149 154210 154296 154359 154472 154486 155509 156715
171381 1
156226
171386 2
154597 156984
171389 6
153061 155432 155531 155791 155947 156032
171401 18
151201 151340 151471 152679 152848 152875 153771 153772 154035 154045 154149 154210 154296 154359 154472 154486 155509 156715
171403 18
151201 151340 151471 152679 152848 152875 153771 153772 154035 154045 154149 154210 154296 154359 154472 154486 155509 156715
171410 18
151201 151340 151471 152679 152848 152875 153771 153772 154035 154045 154149 154210 154296 154359 154472 154486 155509 156715
171412 2
154597 156984
171415 2
154597 156984
171417 2
154597 156984
171418 18
151201 151340 151471 152679 152848 152875 153771 153772 154035 154045 154149 154210 154296 154359 154472 154486 155509 156715
171421 6
153061 155432 155531 155791 155947 156032
171426 2
154597 156984
171440 2
154597 156984
171452 2
154692 154711
171458 1
151305
171460 18
151201 151340 151471 152679 152848 152875 153771 153772 154035 154045 154149 154210 154296 154359 154472 154486 155509 156715
171463 2
154597 156984
171467 1
152584
171473 2
154597 156984
171475 2
154597 156984
171480 2
154597 156984
171485 6
153061 155432 155531 155791 155947 156032
171487 2
154597 156984
171488 2
154597 156984
171489 2
154692 154711
171491 2
154692 154711
171496 6
153061 155432 155531 155791 155947 156032
171498 1
152584
171500 2
154597 156984
171503 1
155412
171509 2
154692 154711
171511 1
152584
171513 2
154597 156984
171514 6
153061 155432 155531 155791 155947 156032
