171517 18
151201 151340 151471 152679 152848 152875 153771 153772 154035 154045 154149 154210 154296 154359 154472 154486 155509 156715
171528 1
151305
171540 1
152584
171542 6
153061 155432 155531 155791 155947 156032
171560 18
151201 151340 151471 152679 152848 152875 153771 153772 154035 154045 154149 154210 154296 154359 154472 154486 155509 156715
171562 2
154597 156984
171577 6
153061 155432 155531 155791 155947 156032
171578 2
154597 156984
171593 6
153061 155432 155531 155791 155947 156032
171595 18
151201 151340 151471 152679 152848 152875 153771 153772 154035 154045 154149 154210 154296 154359 154472 154486 155509 156715
171596 6
153061 155432 155531 155791 155947 156032
171598 6
153061 155432 155531 155791 155947 156032
171600 6
153061 155432 155531 155791 155947 156032
171602 2
154597 156984
171611 2
152098 154843
171612 2
154597 156984
171627 1
152584
171629 2
154597 156984
171638 7
154692 154711 154439 154207 154209 154976 154998
171646 2
154597 156984
171648 2
154597 156984
171649 2
154597 156984
171653 6
153061 155432 155531 155791 155947 156032
171656 2
154597 156984
171658 1
151305
171667 18
151201 151340 151471 152679 152848 152875 153771 153772 154035 154045 154149 154210 154296 154359 154472 154486 155509 156715
171672 6
153061 155432 155531 155791 155947 156032
171677 2
154597 156984
171681 2
154597 156984
171682 6
153061 155432 155531 155791 155947 156032
171683 2
154597 156984
171689 2
154597 156984
171695 6
153061 155432 155531 155791 155947 156032
171696 18
151201 151340 151471 152679 152848 152875 153771 153772 154035 154045 154149 154210 154296 154359 154472 154486 155509 156715
171705 2
154597 156984
171709 6
153061 155432 155531 155791 155947 156032
171717 6
153061 155432 155531 155791 155947 156032
171735 1
151305
171746 7
154692 154711 154439 154207 154209 154976 154998
171749 2
154597 156984
171760 6
153061 155432 155531 155791 155947 156032
171771 2
154597 156984
171779 6
153061 155432 155531 155791 155947 156032
171784 4
153025 155496 155497 156495
171786 2
154597 156984
171789 18
151201 151340 151471 152679 152848 152875 153771 153772 154035 154045 154149 154210 154296 154359 154472 154486 155509 156715
171799 2
154597 156984
171800 2
154597 156984
171804 1
152584
171807 6
153061 155432 155531 155791 155947 156032
171812 18
151201 151340 151471 152679 152848 152875 153771 153772 154035 154045 154149 154210 154296 154359 154472 154486 155509 156715
171814 2
154597 156984
171828 18
151201 151340 151471 152679 152848 152875 153771 153772 154035 154045 154149 154210 154296 154359 154472 154486 155509 156715
171831 2
154597 156984
171836 18
151201 151340 151471 152679 152848 152875 153771 153772 154035 154045 154149 154210 154296 154359 154472 154486 155509 156715
171839 2
154597 156984
171845 2
154597 156984
171849 18
151201 151340 151471 152679 152848 152875 153771 153772 154035 154045 154149 154210 154296 154359 154472 154486 155509 156715
171852 18
151201 151340 151471 152679 152848 152875 153771 153772 154035 154045 154149 154210 154296 154359 154472 154486 155509 156715
171854 2
154597 156984
171858 2
154692 154711
171866 2
154597 156984
171869 2
154692 154711
171871 2
154692 154711
171878 1
152584
171882 2
154597 156984
171884 2
154597 156984
171886 2
154597 156984
171901 2
154597 156984
171908 6
153061 155432 155531 155791 155947 156032
171913 2
154597 156984
171917 2
154597 156984
171923 2
154597 156984
171925 6
153061 155432 155531 155791 155947 156032
171931 6
153061 155432 155531 155791 155947 156032
171932 1
156226
171935 2
154597 156984
171937 1
152584
171945 6
153061 155432 155531 155791 155947 156032
171947 6
153061 155432 155531 155791 155947 156032
171953 6
153061 155432 155531 155791 155947 156032
171968 2
154597 156984
171969 18
151201 151340 151471 152679 152848 152875 153771 153772 154035 154045 154149 154210 154296 154359 154472 154486 155509 156715
171976 6
153061 155432 155531 155791 155947 156032
171983 2
154597 156984
171992 6
153061 155432 155531 155791 155947 156032
171997 1
156226
172000 18
151201 151340 151471 152679 152848 152875 153771 153772 154035 154045 154149 154210 154296 154359 154472 154486 155509 156715
172002 18
151201 151340 151471 152679 152848 152875 153771 153772 154035 154045 154149 154210 154296 154359 154472 154486 155509 156715
172018 1
151305
172022 2
154597 156984
172023 2
154597 156984
172040 6
153061 155432 155531 155791 155947 156032
172048 1
156226
172052 2
154597 156984
172068 18
151201 151340 151471 152679 152848 152875 153771 153772 154035 154045 154149 154210 154296 154359 154472 154486 155509 156715
172080 6
153061 155432 155531 155791 155947 156032
172086 1
152584
172090 6
153061 155432 155531 155791 155947 156032
172097 2
154597 156984
172100 18
151201 151340 151471 152679 152848 152875 153771 153772 154035 154045 154149 154210 154296 154359 154472 154486 155509 156715
172105 6
153061 155432 155531 155791 155947 156032
172112 1
152584
172120 2
154597 156984
172132 2
154597 156984
172139 1
152584
172141 2
154597 156984
172150 1
152584
172151 18
151201 151340 151471 152679 152848 152875 153771 153772 154035 154045 154149 154210 154296 154359 154472 154486 155509 156715
172157 6
153061 155432 155531 155791 155947 156032
172158 5
154207 154209 154439 154976 154998
172164 6
153061 155432 155531 155791 155947 156032
172169 2
154597 156984
172172 1
152584
172178 18
151201 151340 151471 152679 152848 152875 153771 153772 154035 154045 154149 154210 154296 154359 154472 154486 155509 156715
172181 6
153061 155432 155531 155791 155947 156032
172182 1
156226
