173501 2
154597 156984
173503 2
154597 156984
173507 6
153061 155432 155531 155791 155947 156032
173522 6
153061 155432 155531 155791 155947 156032
173524 2
154597 156984
173530 6
153061 155432 155531 155791 155947 156032
173531 2
154597 156984
173532 6
153061 155432 155531 155791 155947 156032
173544 21
151463 151676 151768 151846 152168 154767 154775 154859 154954 155004 155021 155028 155098 156026 156652 156681 156995 157088 157174 152098 154843
173545 18
151201 151340 151471 152679 152848 152875 153771 153772 154035 154045 154149 154210 154296 154359 154472 154486 155509 156715
173547 6
153061 155432 155531 155791 155947 156032
173550 6
153061 155432 155531 155791 155947 156032
173552 2
154597 156984
173555 1
152584
173556 2
152098 154843
173567 2
154597 156984
173568 2
154597 156984
173569 2
154597 156984
173572 6
153061 155432 155531 155791 155947 156032
173576 1
151305
173595 18
151201 151340 151471 152679 152848 152875 153771 153772 154035 154045 154149 154210 154296 154359 154472 154486 155509 156715
173602 7
154207 154209 154439 154976 154998 154692 154711
173612 21
151463 151676 151768 151846 152168 154767 154775 154859 154954 155004 155021 155028 155098 156026 156652 156681 156995 157088 157174 152098 154843
173616 18
151201 151340 151471 152679 152848 152875 153771 153772 154035 154045 154149 154210 154296 154359 154472 154486 155509 156715
173624 2
154597 156984
173632 6
153061 155432 155531 155791 155947 156032
173637 6
153061 155432 155531 155791 155947 156032
173639 2
154597 156984
173652 6
153061 155432 155531 155791 155947 156032
173656 2
154597 156984
173658 6
153061 155432 155531 155791 155947 156032
173661 2
154597 156984
173662 18
151201 151340 151471 152679 152848 152875 153771 153772 154035 154045 154149 154210 154296 154359 154472 154486 155509 156715
173680 18
151201 151340 151471 152679 152848 152875 153771 153772 154035 154045 154149 154210 154296 154359 154472 154486 155509 156715
173685 18
151201 151340 151471 152679 152848 152875 153771 153772 154035 154045 154149 154210 154296 154359 154472 154486 155509 156715
173686 6
153061 155432 155531 155791 155947 156032
173695 18
151201 151340 151471 152679 152848 152875 153771 153772 154035 154045 154149 154210 154296 154359 154472 154486 155509 156715
173698 1
151305
173702 2
152098 154843
173714 6
153061 155432 155531 155791 155947 156032
173730 6
153061 155432 155531 155791 155947 156032
173740 2
154597 156984
173750 2
154597 156984
173756 2
154597 156984
173761 1
152584
173763 6
153061 155432 155531 155791 155947 156032
173767 6
153061 155432 155531 155791 155947 156032
173769 2
154597 156984
173771 18
151201 151340 151471 152679 152848 152875 153771 153772 154035 154045 154149 154210 154296 154359 154472 154486 155509 156715
173776 6
153061 155432 155531 155791 155947 156032
173780 6
153061 155432 155531 155791 155947 156032
173781 1
152584
173788 2
154597 156984
173798 6
153061 155432 155531 155791 155947 156032
173800 6
153061 155432 155531 155791 155947 156032
173803 6
153061 155432 155531 155791 155947 156032
173807 1
151305
173810 18
151201 151340 151471 152679 152848 152875 153771 153772 154035 154045 154149 154210 154296 154359 154472 154486 155509 156715
173812 1
152584
173814 2
154597 156984
173820 2
154597 156984
173822 18
151201 151340 151471 152679 152848 152875 153771 153772 154035 154045 154149 154210 154296 154359 154472 154486 155509 156715
173824 2
154597 156984
173833 6
153061 155432 155531 155791 155947 156032
173837 2
152098 154843
173839 2
154597 156984
173846 6
153061 155432 155531 155791 155947 156032
173850 6
153061 155432 155531 155791 155947 156032
173852 2
154597 156984
173856 6
153061 155432 155531 155791 155947 156032
173860 2
152098 154843
173867 1
151305
173868 6
153061 155432 155531 155791 155947 156032
173870 6
153061 155432 155531 155791 155947 156032
173873 6
153061 155432 155531 155791 155947 156032
173887 2
154597 156984
173891 6
153061 155432 155531 155791 155947 156032
173899 6
153061 155432 155531 155791 155947 156032
173903 25
151130 151365 151417 151830 151831 151852 151463 151676 151846 151768 152168 154767 154775 154859 154954 155004 155021 155028 155098 156026 156652 156681 156995 157088 157174
173904 18
151201 151340 151471 152679 152848 152875 153771 153772 154035 154045 154149 154210 154296 154359 154472 154486 155509 156715
173906 6
153061 155432 155531 155791 155947 156032
173924 2
154597 156984
173926 2
154597 156984
173933 4
155566 155729 156274 156478
173937 18
151201 151340 151471 152679 152848 152875 153771 153772 154035 154045 154149 154210 154296 154359 154472 154486 155509 156715
173942 2
152098 154843
173948 6
153061 155432 155531 155791 155947 156032
173956 1
152584
173960 2
154597 156984
173993 2
154597 156984
173997 2
154597 156984
173999 1
156226
174005 6
153061 155432 155531 155791 155947 156032
174008 2
154597 156984
174013 18
151201 151340 151471 152679 152848 152875 153771 153772 154035 154045 154149 154210 154296 154359 154472 154486 155509 156715
174018 1
152584
174026 6
153061 155432 155531 155791 155947 156032
174027 2
154597 156984
174029 18
151201 151340 151471 152679 152848 152875 153771 153772 154035 154045 154149 154210 154296 154359 154472 154486 155509 156715
174030 2
154692 154711
174032 6
153061 155432 155531 155791 155947 156032
174033 6
153061 155432 155531 155791 155947 156032
174039 2
154597 156984
174044 2
154597 156984
174050 6
153061 155432 155531 155791 155947 156032
174051 6
153061 155432 155531 155791 155947 156032
174055 6
153061 155432 155531 155791 155947 156032
174056 6
153061 155432 155531 155791 155947 156032
174058 2
154597 156984
174060 2
154597 156984
174062 2
152098 154843
174065 6
153061 155432 155531 155791 155947 156032
174066 2
154597 156984
174067 2
154597 156984
174080 2
154597 156984
174082 21
151463 151676 151768 151846 152168 154767 154775 154859 154954 155004 155021 155028 155098 156026 156652 156681 156995 157088 157174 152098 154843
174084 1
152584
174088 2
152098 154843
174089 2
154597 156984
174092 2
154597 156984
174093 2
154692 154711
174097 6
153061 155432 155531 155791 155947 156032
174099 6
153061 155432 155531 155791 155947 156032
174101 1
152584
174112 2
154597 156984
174114 18
151201 151340 151471 152679 152848 152875 153771 153772 154035 154045 154149 154210 154296 154359 154472 154486 155509 156715
174116 2
154597 156984
174119 18
151201 151340 151471 152679 152848 152875 153771 153772 154035 154045 154149 154210 154296 154359 154472 154486 155509 156715
174128 1
151305
174133 6
153061 155432 155531 155791 155947 156032
174134 18
151201 151340 151471 152679 152848 152875 153771 153772 154035 154045 154149 154210 154296 154359 154472 154486 155509 156715
174147 6
153061 155432 155531 155791 155947 156032
174150 6
153061 155432 155531 155791 155947 156032
174151 2
154597 156984
174156 6
153061 155432 155531 155791 155947 156032
174158 2
154597 156984
174159 2
154597 156984
174166 6
153061 155432 155531 155791 155947 156032
