174821 2
154692 154711
174824 2
154597 156984
174826 2
154692 154711
174832 19
151463 151676 151768 151846 152168 154767 154775 154859 154954 155004 155021 155028 155098 156026 156652 156681 156995 157088 157174
174837 1
152584
174838 2
152098 154843
174839 2
154597 156984
174840 2
152098 154843
174850 6
153061 155432 155531 155791 155947 156032
174857 2
154597 156984
174860 6
153061 155432 155531 155791 155947 156032
174866 6
153061 155432 155531 155791 155947 156032
174873 9
152129 155000 155585 156315 157068 155566 155729 156478 156274
174875 2
154597 156984
174876 6
153061 155432 155531 155791 155947 156032
174877 2
152098 154843
174878 2
154597 156984
174884 6
153061 155432 155531 155791 155947 156032
174886 18
151201 151340 151471 152679 152848 152875 153771 153772 154035 154045 154149 154210 154296 154359 154472 154486 155509 156715
174890 6
153061 155432 155531 155791 155947 156032
174892 1
152584
174894 6
153061 155432 155531 155791 155947 156032
174898 6
153061 155432 155531 155791 155947 156032
174906 2
154597 156984
174918 18
151201 151340 151471 152679 152848 152875 153771 153772 154035 154045 154149 154210 154296 154359 154472 154486 155509 156715
174924 6
153061 155432 155531 155791 155947 156032
174926 1
152584
174937 2
154597 156984
174943 1
156226
174945 18
151201 151340 151471 152679 152848 152875 153771 153772 154035 154045 154149 154210 154296 154359 154472 154486 155509 156715
174952 18
151201 151340 151471 152679 152848 152875 153771 153772 154035 154045 154149 154210 154296 154359 154472 154486 155509 156715
174962 2
154597 156984
174963 2
154597 156984
174965 2
154597 156984
174970 6
153061 155432 155531 155791 155947 156032
174977 1
152584
174984 18
151201 151340 151471 152679 152848 152875 153771 153772 154035 154045 154149 154210 154296 154359 154472 154486 155509 156715
174985 6
153061 155432 155531 155791 155947 156032
175001 1
152584
175010 6
153061 155432 155531 155791 155947 156032
175014 2
154597 156984
175015 2
154597 156984
175022 18
151201 151340 151471 152679 152848 152875 153771 153772 154035 154045 154149 154210 154296 154359 154472 154486 155509 156715
175025 2
154597 156984
175026 2
154597 156984
175029 1
152584
175034 1
156226
175050 2
154597 156984
175052 6
153061 155432 155531 155791 155947 156032
175053 2
152098 154843
175054 1
151305
175058 6
153061 155432 155531 155791 155947 156032
175060 6
153061 155432 155531 155791 155947 156032
175073 1
155187
175079 6
153061 155432 155531 155791 155947 156032
175083 1
151305
175084 2
154597 156984
175095 2
154597 156984
175096 1
156226
175107 2
154597 156984
175109 2
154597 156984
175112 6
153061 155432 155531 155791 155947 156032
175116 2
154597 156984
175126 6
153061 155432 155531 155791 155947 156032
175128 1
151305
175136 2
154597 156984
175137 2
154597 156984
175140 2
152098 154843
175148 2
154597 156984
175154 1
152584
175157 2
152098 154843
175167 2
154597 156984
175172 2
154597 156984
175176 2
154597 156984
175187 2
154597 156984
175194 6
153061 155432 155531 155791 155947 156032
175195 25
151130 151365 151417 151830 151831 151852 151463 151676 151846 151768 152168 154767 154775 154859 154954 155004 155021 155028 155098 156026 156652 156681 156995 157088 157174
175201 2
154597 156984
175211 1
156226
175220 2
152098 154843
175223 2
154597 156984
175230 6
153061 155432 155531 155791 155947 156032
175244 2
154597 156984
175250 21
151463 151676 151768 151846 152168 154767 154775 154859 154954 155004 155021 155028 155098 156026 156652 156681 156995 157088 157174 152098 154843
175251 6
153061 155432 155531 155791 155947 156032
175256 6
153061 155432 155531 155791 155947 156032
175257 6
153061 155432 155531 155791 155947 156032
175259 2
154597 156984
175264 6
153061 155432 155531 155791 155947 156032
175267 18
151201 151340 151471 152679 152848 152875 153771 153772 154035 154045 154149 154210 154296 154359 154472 154486 155509 156715
175268 20
151605 151659 152083 152551 153648 154669 154670 154931 155762 155805 155963 156718 156838 156885 156945 156971 154861 152660 156194 153886
175270 6
151130 151365 151417 151830 151831 151852
175276 6
153061 155432 155531 155791 155947 156032
175280 6
153061 155432 155531 155791 155947 156032
175293 6
153061 155432 155531 155791 155947 156032
175295 6
153061 155432 155531 155791 155947 156032
175297 6
153061 155432 155531 155791 155947 156032
175298 2
154597 156984
175302 6
153061 155432 155531 155791 155947 156032
175303 18
151201 151340 151471 152679 152848 152875 153771 153772 154035 154045 154149 154210 154296 154359 154472 154486 155509 156715
175305 2
154597 156984
175306 7
154207 154209 154439 154976 154998 154692 154711
175307 6
153061 155432 155531 155791 155947 156032
175309 18
151201 151340 151471 152679 152848 152875 153771 153772 154035 154045 154149 154210 154296 154359 154472 154486 155509 156715
175317 6
153061 155432 155531 155791 155947 156032
175321 2
152098 154843
175324 2
154597 156984
175334 6
153061 155432 155531 155791 155947 156032
175351 7
154207 154209 154439 154976 154998 154692 154711
175361 6
153061 155432 155531 155791 155947 156032
175363 6
153061 155432 155531 155791 155947 156032
175388 2
152098 154843
175389 2
154597 156984
175413 2
154597 156984
175414 2
154597 156984
175422 7
154207 154209 154439 154976 154998 154692 154711
175423 6
153061 155432 155531 155791 155947 156032
175434 2
154597 156984
175440 1
152584
