175456 2
152098 154843
175470 18
151201 151340 151471 152679 152848 152875 153771 153772 154035 154045 154149 154210 154296 154359 154472 154486 155509 156715
175476 6
151130 151365 151417 151830 151831 151852
175483 2
154597 156984
175499 6
153061 155432 155531 155791 155947 156032
175503 6
153061 155432 155531 155791 155947 156032
175504 5
154207 154209 154439 154976 154998
175505 6
153061 155432 155531 155791 155947 156032
175506 18
151201 151340 151471 152679 152848 152875 153771 153772 154035 154045 154149 154210 154296 154359 154472 154486 155509 156715
175515 1
152584
175522 18
151201 151340 151471 152679 152848 152875 153771 153772 154035 154045 154149 154210 154296 154359 154472 154486 155509 156715
175523 2
154597 156984
175530 2
154597 156984
175551 2
154597 156984
175562 1
152584
175563 2
154597 156984
175567 6
153061 155432 155531 155791 155947 156032
175568 6
153061 155432 155531 155791 155947 156032
175571 21
151463 151676 151768 151846 152168 154767 154775 154859 154954 155004 155021 155028 155098 156026 156652 156681 156995 157088 157174 152098 154843
175574 2
152098 154843
175575 21
151463 151676 151768 151846 152168 154767 154775 154859 154954 155004 155021 155028 155098 156026 156652 156681 156995 157088 157174 152098 154843
175581 2
154597 156984
175589 2
154597 156984
175604 1
151305
175608 7
154692 154711 154439 154207 154209 154976 154998
175611 21
151463 151676 151768 151846 152168 154767 154775 154859 154954 155004 155021 155028 155098 156026 156652 156681 156995 157088 157174 152098 154843
175616 6
153061 155432 155531 155791 155947 156032
175619 2
154597 156984
175629 18
151201 151340 151471 152679 152848 152875 153771 153772 154035 154045 154149 154210 154296 154359 154472 154486 155509 156715
175635 2
154597 156984
175639 18
151201 151340 151471 152679 152848 152875 153771 153772 154035 154045 154149 154210 154296 154359 154472 154486 155509 156715
175640 2
154597 156984
175648 2
152098 154843
175651 5
154207 154209 154439 154976 154998
175653 2
152098 154843
175656 2
154597 156984
175659 2
154597 156984
175660 1
151305
175678 6
153061 155432 155531 155791 155947 156032
175681 6
153061 155432 155531 155791 155947 156032
175689 2
154597 156984
175693 1
152584
175699 6
153061 155432 155531 155791 155947 156032
175702 2
154597 156984
175705 18
151201 151340 151471 152679 152848 152875 153771 153772 154035 154045 154149 154210 154296 154359 154472 154486 155509 156715
175714 6
153061 155432 155531 155791 155947 156032
175717 6
153061 155432 155531 155791 155947 156032
175718 19
151463 151676 151768 151846 152168 154767 154775 154859 154954 155004 155021 155028 155098 156026 156652 156681 156995 157088 157174
175719 2
152098 154843
175723 7
154207 154209 154439 154976 154998 154692 154711
175724 1
152584
175729 2
154597 156984
175745 1
155187
175747 6
153061 155432 155531 155791 155947 156032
175756 6
153061 155432 155531 155791 155947 156032
175759 6
153061 155432 155531 155791 155947 156032
175761 1
152584
175763 2
154597 156984
175770 1
151305
175775 6
153061 155432 155531 155791 155947 156032
175782 2
154597 156984
175791 2
154597 156984
175792 1
152584
175793 6
153061 155432 155531 155791 155947 156032
175804 7
154692 154711 154439 154207 154209 154976 154998
175807 2
152098 154843
175808 6
153061 155432 155531 155791 155947 156032
175812 6
153061 155432 155531 155791 155947 156032
175818 2
154597 156984
175838 2
152098 154843
175847 1
155187
175856 1
152584
175876 6
153061 155432 155531 155791 155947 156032
175885 2
154597 156984
175892 6
153061 155432 155531 155791 155947 156032
175894 6
153061 155432 155531 155791 155947 156032
175896 19
151463 151676 151768 151846 152168 154767 154775 154859 154954 155004 155021 155028 155098 156026 156652 156681 156995 157088 157174
175898 21
151463 151676 151768 151846 152168 154767 154775 154859 154954 155004 155021 155028 155098 156026 156652 156681 156995 157088 157174 152098 154843
175900 2
154597 156984
175902 1
155187
175906 21
151463 151676 151768 151846 152168 154767 154775 154859 154954 155004 155021 155028 155098 156026 156652 156681 156995 157088 157174 152098 154843
175913 2
154597 156984
175914 6
153061 155432 155531 155791 155947 156032
175917 6
153061 155432 155531 155791 155947 156032
175923 1
152584
175926 2
152098 154843
175927 6
151130 151365 151417 151830 151831 151852
175929 1
152584
175931 18
151201 151340 151471 152679 152848 152875 153771 153772 154035 154045 154149 154210 154296 154359 154472 154486 155509 156715
175938 2
154597 156984
175939 6
151130 151365 151417 151830 151831 151852
175949 6
153061 155432 155531 155791 155947 156032
175950 2
154597 156984
175955 6
153061 155432 155531 155791 155947 156032
175958 6
153061 155432 155531 155791 155947 156032
175966 1
156226
175968 6
153061 155432 155531 155791 155947 156032
175975 21
151463 151676 151768 151846 152168 154767 154775 154859 154954 155004 155021 155028 155098 156026 156652 156681 156995 157088 157174 152098 154843
175980 6
153061 155432 155531 155791 155947 156032
175993 18
151201 151340 151471 152679 152848 152875 153771 153772 154035 154045 154149 154210 154296 154359 154472 154486 155509 156715
175995 6
153061 155432 155531 155791 155947 156032
175996 19
151463 151676 151768 151846 152168 154767 154775 154859 154954 155004 155021 155028 155098 156026 156652 156681 156995 157088 157174
176002 2
154692 154711
176004 6
153061 155432 155531 155791 155947 156032
176005 1
152584
176012 6
153061 155432 155531 155791 155947 156032
176015 6
153061 155432 155531 155791 155947 156032
176020 18
151201 151340 151471 152679 152848 152875 153771 153772 154035 154045 154149 154210 154296 154359 154472 154486 155509 156715
176022 1
152584
176023 6
153061 155432 155531 155791 155947 156032
176025 25
151130 151365 151417 151830 151831 151852 151463 151676 151846 151768 152168 154767 154775 154859 154954 155004 155021 155028 155098 156026 156652 156681 156995 157088 157174
176031 18
151201 151340 151471 152679 152848 152875 153771 153772 154035 154045 154149 154210 154296 154359 154472 154486 155509 156715
176033 1
151305
176041 2
154597 156984
176043 6
153061 155432 155531 155791 155947 156032
176049 18
151201 151340 151471 152679 152848 152875 153771 153772 154035 154045 154149 154210 154296 154359 154472 154486 155509 156715
176060 1
152584
176061 1
152584
176062 2
154597 156984
176067 1
155187
176072 6
153061 155432 155531 155791 155947 156032
176084 1
152584
176087 2
152098 154843
176090 6
153061 155432 155531 155791 155947 156032
176091 2
154692 154711
176095 2
154597 156984
176097 6
151130 151365 151417 151830 151831 151852
