176102 6
153061 155432 155531 155791 155947 156032
176123 6
153061 155432 155531 155791 155947 156032
176127 6
153061 155432 155531 155791 155947 156032
176128 6
153061 155432 155531 155791 155947 156032
176133 6
153061 155432 155531 155791 155947 156032
176135 2
154597 156984
176144 2
154597 156984
176145 2
154597 156984
176160 6
153061 155432 155531 155791 155947 156032
176168 6
153061 155432 155531 155791 155947 156032
176171 2
154597 156984
176184 2
154597 156984
176195 6
153061 155432 155531 155791 155947 156032
176205 6
151130 151365 151417 151830 151831 151852
176209 25
151130 151365 151417 151830 151831 151852 151463 151676 151846 151768 152168 154767 154775 154859 154954 155004 155021 155028 155098 156026 156652 156681 156995 157088 157174
176216 6
153061 155432 155531 155791 155947 156032
176221 5
154207 154209 154439 154976 154998
176226 2
154597 156984
176231 2
154597 156984
176239 2
154597 156984
176257 21
151463 151676 151768 151846 152168 154767 154775 154859 154954 155004 155021 155028 155098 156026 156652 156681 156995 157088 157174 152098 154843
176261 6
151130 151365 151417 151830 151831 151852
176262 6
151130 151365 151417 151830 151831 151852
176266 2
154692 154711
176269 6
153061 155432 155531 155791 155947 156032
176270 6
153061 155432 155531 155791 155947 156032
176271 1
155412
176272 2
154597 156984
176275 2
154597 156984
176288 25
151130 151365 151417 151830 151831 151852 151463 151676 151846 151768 152168 154767 154775 154859 154954 155004 155021 155028 155098 156026 156652 156681 156995 157088 157174
176309 2
154597 156984
176313 1
156226
176316 2
154597 156984
176325 6
153061 155432 155531 155791 155947 156032
176327 6
153061 155432 155531 155791 155947 156032
176328 2
154597 156984
176329 2
154597 156984
176330 2
151847 152078
176335 2
152098 154843
176344 1
152584
176347 2
154597 156984
176350 2
154597 156984
176351 6
153061 155432 155531 155791 155947 156032
176356 6
153061 155432 155531 155791 155947 156032
176358 18
151201 151340 151471 152679 152848 152875 153771 153772 154035 154045 154149 154210 154296 154359 154472 154486 155509 156715
176364 1
152584
176366 2
154692 154711
176368 2
154597 156984
176374 6
153061 155432 155531 155791 155947 156032
176378 6
153061 155432 155531 155791 155947 156032
176390 2
154597 156984
176392 6
153061 155432 155531 155791 155947 156032
176393 2
154597 156984
176394 2
154597 156984
176397 2
152098 154843
176402 2
154597 156984
176403 6
153061 155432 155531 155791 155947 156032
176408 2
154692 154711
176419 6
153061 155432 155531 155791 155947 156032
176423 6
153061 155432 155531 155791 155947 156032
176431 6
153061 155432 155531 155791 155947 156032
176450 6
153061 155432 155531 155791 155947 156032
176451 1
152584
176463 6
153061 155432 155531 155791 155947 156032
176474 5
155566 155729 156274 156478 156539
176475 2
154597 156984
176486 18
151201 151340 151471 152679 152848 152875 153771 153772 154035 154045 154149 154210 154296 154359 154472 154486 155509 156715
176490 1
152584
176491 18
151201 151340 151471 152679 152848 152875 153771 153772 154035 154045 154149 154210 154296 154359 154472 154486 155509 156715
176495 21
151463 151676 151768 151846 152168 154767 154775 154859 154954 155004 155021 155028 155098 156026 156652 156681 156995 157088 157174 152098 154843
176502 1
152584
176503 1
152584
176504 2
154597 156984
176505 2
154597 156984
176516 2
152098 154843
176519 18
151201 151340 151471 152679 152848 152875 153771 153772 154035 154045 154149 154210 154296 154359 154472 154486 155509 156715
176525 2
154597 156984
176530 1
156226
176531 6
153061 155432 155531 155791 155947 156032
176536 6
153061 155432 155531 155791 155947 156032
176543 21
151463 151676 151768 151846 152168 154767 154775 154859 154954 155004 155021 155028 155098 156026 156652 156681 156995 157088 157174 152098 154843
176547 1
152584
176553 18
151201 151340 151471 152679 152848 152875 153771 153772 154035 154045 154149 154210 154296 154359 154472 154486 155509 156715
176556 18
151201 151340 151471 152679 152848 152875 153771 153772 154035 154045 154149 154210 154296 154359 154472 154486 155509 156715
176557 2
154597 156984
176565 18
151201 151340 151471 152679 152848 152875 153771 153772 154035 154045 154149 154210 154296 154359 154472 154486 155509 156715
176569 21
151463 151676 151768 151846 152168 154767 154775 154859 154954 155004 155021 155028 155098 156026 156652 156681 156995 157088 157174 152098 154843
176585 1
156226
176596 1
152584
176598 6
153061 155432 155531 155791 155947 156032
176615 1
155412
176620 25
151130 151365 151417 151830 151831 151852 151463 151676 151846 151768 152168 154767 154775 154859 154954 155004 155021 155028 155098 156026 156652 156681 156995 157088 157174
176623 2
154597 156984
176634 18
151201 151340 151471 152679 152848 152875 153771 153772 154035 154045 154149 154210 154296 154359 154472 154486 155509 156715
176636 6
153061 155432 155531 155791 155947 156032
176637 1
152584
176653 18
151201 151340 151471 152679 152848 152875 153771 153772 154035 154045 154149 154210 154296 154359 154472 154486 155509 156715
176661 6
153061 155432 155531 155791 155947 156032
176670 2
152098 154843
176671 6
153061 155432 155531 155791 155947 156032
176684 2
154597 156984
176694 6
153061 155432 155531 155791 155947 156032
176699 1
155412
176703 2
154597 156984
176722 2
152098 154843
176728 1
156226
176731 25
151130 151365 151417 151830 151831 151852 151463 151676 151846 151768 152168 154767 154775 154859 154954 155004 155021 155028 155098 156026 156652 156681 156995 157088 157174
176732 6
153061 155432 155531 155791 155947 156032
176735 2
152098 154843
176743 2
154597 156984
176746 6
153061 155432 155531 155791 155947 156032
176753 6
153061 155432 155531 155791 155947 156032
176754 2
154597 156984
176755 1
156226
176761 2
154597 156984
