176765 19
151463 151676 151768 151846 152168 154767 154775 154859 154954 155004 155021 155028 155098 156026 156652 156681 156995 157088 157174
176770 6
153061 155432 155531 155791 155947 156032
176776 6
151130 151365 151417 151830 151831 151852
176782 6
153061 155432 155531 155791 155947 156032
176790 2
154597 156984
176795 2
152098 154843
176801 6
153061 155432 155531 155791 155947 156032
176815 6
153061 155432 155531 155791 155947 156032
176819 2
154597 156984
176823 6
153061 155432 155531 155791 155947 156032
176826 1
155187
176827 6
153061 155432 155531 155791 155947 156032
176829 2
154597 156984
176833 2
154597 156984
176851 6
153061 155432 155531 155791 155947 156032
176852 6
153061 155432 155531 155791 155947 156032
176855 6
153061 155432 155531 155791 155947 156032
176858 2
154597 156984
176865 2
154597 156984
176868 25
151130 151365 151417 151830 151831 151852 151463 151676 151846 151768 152168 154767 154775 154859 154954 155004 155021 155028 155098 156026 156652 156681 156995 157088 157174
176874 6
153061 155432 155531 155791 155947 156032
176878 18
151201 151340 151471 152679 152848 152875 153771 153772 154035 154045 154149 154210 154296 154359 154472 154486 155509 156715
176882 6
153061 155432 155531 155791 155947 156032
176883 2
152098 154843
176886 6
151130 151365 151417 151830 151831 151852
176897 2
154597 156984
176904 2
154597 156984
176905 2
154597 156984
176916 2
154597 156984
176920 1
152584
176921 6
153061 155432 155531 155791 155947 156032
176922 2
154597 156984
176924 21
151463 151676 151768 151846 152168 154767 154775 154859 154954 155004 155021 155028 155098 156026 156652 156681 156995 157088 157174 152098 154843
176925 2
154597 156984
176926 6
153061 155432 155531 155791 155947 156032
176931 6
153061 155432 155531 155791 155947 156032
176932 6
153061 155432 155531 155791 155947 156032
176934 2
154597 156984
176935 6
153061 155432 155531 155791 155947 156032
176947 2
152098 154843
176963 6
153061 155432 155531 155791 155947 156032
176968 2
154597 156984
176969 6
153061 155432 155531 155791 155947 156032
176974 2
154597 156984
176977 2
154692 154711
176987 2
154597 156984
176990 6
153061 155432 155531 155791 155947 156032
176995 6
153061 155432 155531 155791 155947 156032
177004 18
151201 151340 151471 152679 152848 152875 153771 153772 154035 154045 154149 154210 154296 154359 154472 154486 155509 156715
177013 6
153061 155432 155531 155791 155947 156032
177016 6
151130 151365 151417 151830 151831 151852
177021 2
152098 154843
177025 2
154597 156984
177027 1
152584
177028 2
154597 156984
177030 21
151463 151676 151768 151846 152168 154767 154775 154859 154954 155004 155021 155028 155098 156026 156652 156681 156995 157088 157174 152098 154843
177036 2
154597 156984
177039 19
151463 151676 151768 151846 152168 154767 154775 154859 154954 155004 155021 155028 155098 156026 156652 156681 156995 157088 157174
177040 2
154597 156984
177045 2
154597 156984
177049 6
153061 155432 155531 155791 155947 156032
177050 1
151305
177056 2
154597 156984
177059 1
155187
177061 6
153061 155432 155531 155791 155947 156032
177064 2
154597 156984
177068 2
154597 156984
177073 6
153061 155432 155531 155791 155947 156032
177076 2
154597 156984
177080 6
153061 155432 155531 155791 155947 156032
177085 6
153061 155432 155531 155791 155947 156032
177088 2
154597 156984
177090 2
152098 154843
177095 6
153061 155432 155531 155791 155947 156032
177100 2
154597 156984
177101 6
153061 155432 155531 155791 155947 156032
177110 6
153061 155432 155531 155791 155947 156032
177113 6
151130 151365 151417 151830 151831 151852
177118 1
155412
177124 2
154597 156984
177129 18
151201 151340 151471 152679 152848 152875 153771 153772 154035 154045 154149 154210 154296 154359 154472 154486 155509 156715
177131 2
154597 156984
177136 6
153061 155432 155531 155791 155947 156032
177139 6
153061 155432 155531 155791 155947 156032
177144 2
154597 156984
177145 2
154597 156984
177148 1
152584
177150 1
152584
177161 2
152098 154843
177162 25
151130 151365 151417 151830 151831 151852 151463 151676 151846 151768 152168 154767 154775 154859 154954 155004 155021 155028 155098 156026 156652 156681 156995 157088 157174
177165 2
154597 156984
177168 6
153061 155432 155531 155791 155947 156032
177171 21
151463 151676 151768 151846 152168 154767 154775 154859 154954 155004 155021 155028 155098 156026 156652 156681 156995 157088 157174 152098 154843
177174 2
152098 154843
177175 1
156226
177176 2
154597 156984
177189 21
151463 151676 151768 151846 152168 154767 154775 154859 154954 155004 155021 155028 155098 156026 156652 156681 156995 157088 157174 152098 154843
177190 1
151305
177191 6
153061 155432 155531 155791 155947 156032
177192 6
153061 155432 155531 155791 155947 156032
177195 2
154597 156984
177197 2
154597 156984
177198 2
152098 154843
177200 21
151463 151676 151768 151846 152168 154767 154775 154859 154954 155004 155021 155028 155098 156026 156652 156681 156995 157088 157174 152098 154843
177203 6
153061 155432 155531 155791 155947 156032
177209 6
153061 155432 155531 155791 155947 156032
177212 1
152584
177218 18
151201 151340 151471 152679 152848 152875 153771 153772 154035 154045 154149 154210 154296 154359 154472 154486 155509 156715
177229 2
152098 154843
177230 2
154597 156984
177231 6
153061 155432 155531 155791 155947 156032
177232 2
154597 156984
177236 18
151201 151340 151471 152679 152848 152875 153771 153772 154035 154045 154149 154210 154296 154359 154472 154486 155509 156715
177239 18
151201 151340 151471 152679 152848 152875 153771 153772 154035 154045 154149 154210 154296 154359 154472 154486 155509 156715
177240 25
151130 151365 151417 151830 151831 151852 151463 151676 151846 151768 152168 154767 154775 154859 154954 155004 155021 155028 155098 156026 156652 156681 156995 157088 157174
177245 6
153061 155432 155531 155791 155947 156032
177247 18
151201 151340 151471 152679 152848 152875 153771 153772 154035 154045 154149 154210 154296 154359 154472 154486 155509 156715
177250 2
154692 154711
177254 6
153061 155432 155531 155791 155947 156032
177260 2
154597 156984
177268 2
154597 156984
177282 1
152584
177287 6
153061 155432 155531 155791 155947 156032
177288 6
153061 155432 155531 155791 155947 156032
177289 25
151130 151365 151417 151830 151831 151852 151463 151676 151846 151768 152168 154767 154775 154859 154954 155004 155021 155028 155098 156026 156652 156681 156995 157088 157174
177291 2
154597 156984
177292 2
154597 156984
177295 18
151201 151340 151471 152679 152848 152875 153771 153772 154035 154045 154149 154210 154296 154359 154472 154486 155509 156715
177296 2
154597 156984
177302 1
156226
177309 21
151463 151676 151768 151846 152168 154767 154775 154859 154954 155004 155021 155028 155098 156026 156652 156681 156995 157088 157174 152098 154843
177311 2
154597 156984
177316 6
153061 155432 155531 155791 155947 156032
177322 1
156226
177324 1
152584
177328 2
154692 154711
177329 2
154597 156984
177333 6
153061 155432 155531 155791 155947 156032
177335 2
152098 154843
177340 2
152098 154843
177341 71
150981 150984 151162 151192 151283 151330 151361 151835 152007 152104 152239 152383 152419 152513 152550 152636 152740 152742 152899 153036 153068 153164 153182 153278 153336 153551 153591 153592 153612 153658 153724 153773 153774 153823 154163 154167 154581 154622 154675 154835 155188 155218 155563 155639 155766 155858 155881 155918 156068 156248 156272 156320 156327 156329 156330 156340 156341 156342 156402 156492 156538 156630 156706 156757 156960 156962 157051 157117 157118 157136 157235
177349 2
152098 154843
177356 18
151201 151340 151471 152679 152848 152875 153771 153772 154035 154045 154149 154210 154296 154359 154472 154486 155509 156715
177359 2
154597 156984
177365 6
153061 155432 155531 155791 155947 156032
177376 2
154597 156984
