181948 6
153061 155432 155531 155791 155947 156032
181949 6
153061 155432 155531 155791 155947 156032
181961 6
151130 151365 151417 151830 151831 151852
181967 6
151130 151365 151417 151830 151831 151852
181972 2
154597 156984
181974 2
152098 154843
181988 2
154597 156984
181989 6
151130 151365 151417 151830 151831 151852
181993 47
150984 151162 151192 151283 151330 151361 151835 152007 152104 152239 152383 152419 152513 152550 152636 152740 152742 152899 153036 153068 153164 153182 153278 153336 153551 153591 153592 153612 153658 153724 153773 153774 153823 154163 154167 154581 154622 154675 154835 155188 155218 155563 155639 155766 155858 155881 150981
181996 1
151305
181997 2
152098 154843
181998 1
155187
182002 6
151130 151365 151417 151830 151831 151852
182003 2
152098 154843
182006 1
155187
182008 2
152098 154843
182011 2
154597 156984
182018 2
154597 156984
182019 47
150984 151162 151192 151283 151330 151361 151835 152007 152104 152239 152383 152419 152513 152550 152636 152740 152742 152899 153036 153068 153164 153182 153278 153336 153551 153591 153592 153612 153658 153724 153773 153774 153823 154163 154167 154581 154622 154675 154835 155188 155218 155563 155639 155766 155858 155881 150981
182022 1
151305
182025 6
153061 155432 155531 155791 155947 156032
182029 19
151463 151676 151768 151846 152168 154767 154775 154859 154954 155004 155021 155028 155098 156026 156652 156681 156995 157088 157174
182032 46
153200 151826 152767 153202 154278 154007 152101 151997 152555 153254 152982 154334 154221 154037 156266 156300 155394 155375 152701 154961 151849 153334 153191 154417 154407 153375 154377 155722 155370 153751 153037 152365 155236 155024 153750 154916 154914 153727 152974 154845 154781 153577 154674 154613 153493 152907
182035 1
155187
182037 1
155187
182041 6
151130 151365 151417 151830 151831 151852
182045 1
155187
182047 21
151463 151676 151768 151846 152168 154767 154775 154859 154954 155004 155021 155028 155098 156026 156652 156681 156995 157088 157174 152098 154843
182050 6
153061 155432 155531 155791 155947 156032
182052 1
155187
182059 25
151130 151365 151417 151830 151831 151852 151463 151676 151846 151768 152168 154767 154775 154859 154954 155004 155021 155028 155098 156026 156652 156681 156995 157088 157174
182063 1
152584
182073 2
152098 154843
182075 25
151130 151365 151417 151830 151831 151852 151463 151676 151846 151768 152168 154767 154775 154859 154954 155004 155021 155028 155098 156026 156652 156681 156995 157088 157174
182077 46
150984 151162 151192 151283 151330 151361 151835 152007 152104 152239 152383 152419 152513 152550 152636 152740 152742 152899 153036 153068 153164 153182 153278 153336 153551 153591 153592 153612 153658 153724 153773 153774 153823 154163 154167 154581 154622 154675 154835 155188 155218 155563 155639 155766 155858 150981
182083 21
151463 151676 151768 151846 152168 154767 154775 154859 154954 155004 155021 155028 155098 156026 156652 156681 156995 157088 157174 152098 154843
182085 6
151130 151365 151417 151830 151831 151852
182086 6
153061 155432 155531 155791 155947 156032
182092 2
154597 156984
182094 25
151130 151365 151417 151830 151831 151852 151463 151676 151846 151768 152168 154767 154775 154859 154954 155004 155021 155028 155098 156026 156652 156681 156995 157088 157174
182096 1
155187
182098 25
151130 151365 151417 151830 151831 151852 151463 151676 151846 151768 152168 154767 154775 154859 154954 155004 155021 155028 155098 156026 156652 156681 156995 157088 157174
182101 2
154597 156984
182102 6
153061 155432 155531 155791 155947 156032
182103 6
153061 155432 155531 155791 155947 156032
182105 19
151463 151676 151768 151846 152168 154767 154775 154859 154954 155004 155021 155028 155098 156026 156652 156681 156995 157088 157174
182108 6
151130 151365 151417 151830 151831 151852
182110 2
152098 154843
182112 1
152584
182113 25
151130 151365 151417 151830 151831 151852 151463 151676 151846 151768 152168 154767 154775 154859 154954 155004 155021 155028 155098 156026 156652 156681 156995 157088 157174
182119 2
152098 154843
182123 47
150984 151162 151192 151283 151330 151361 151835 152007 152104 152239 152383 152419 152513 152550 152636 152740 152742 152899 153036 153068 153164 153182 153278 153336 153551 153591 153592 153612 153658 153724 153773 153774 153823 154163 154167 154581 154622 154675 154835 155188 155218 155563 155639 155766 155858 155881 150981
182125 25
151130 151365 151417 151830 151831 151852 151463 151676 151846 151768 152168 154767 154775 154859 154954 155004 155021 155028 155098 156026 156652 156681 156995 157088 157174
182126 1
155187
182128 6
151130 151365 151417 151830 151831 151852
182129 1
155187
182136 1
155187
182137 47
150984 151162 151192 151283 151330 151361 151835 152007 152104 152239 152383 152419 152513 152550 152636 152740 152742 152899 153036 153068 153164 153182 153278 153336 153551 153591 153592 153612 153658 153724 153773 153774 153823 154163 154167 154581 154622 154675 154835 155188 155218 155563 155639 155766 155858 155881 150981
182139 2
154597 156984
182140 2
154597 156984
182141 1
155187
182142 1
155187
182147 6
151130 151365 151417 151830 151831 151852
182149 2
152098 154843
182156 2
152098 154843
182157 6
153061 155432 155531 155791 155947 156032
182162 6
153061 155432 155531 155791 155947 156032
182171 6
151130 151365 151417 151830 151831 151852
182175 25
151130 151365 151417 151830 151831 151852 151463 151676 151846 151768 152168 154767 154775 154859 154954 155004 155021 155028 155098 156026 156652 156681 156995 157088 157174
182177 6
153061 155432 155531 155791 155947 156032
182185 2
154597 156984
182186 2
154597 156984
182188 6
151130 151365 151417 151830 151831 151852
182202 19
151463 151676 151768 151846 152168 154767 154775 154859 154954 155004 155021 155028 155098 156026 156652 156681 156995 157088 157174
182204 6
153061 155432 155531 155791 155947 156032
182205 2
152098 154843
182208 21
151463 151676 151768 151846 152168 154767 154775 154859 154954 155004 155021 155028 155098 156026 156652 156681 156995 157088 157174 152098 154843
182212 1
155187
182214 1
155187
182234 6
153061 155432 155531 155791 155947 156032
182237 21
151463 151676 151768 151846 152168 154767 154775 154859 154954 155004 155021 155028 155098 156026 156652 156681 156995 157088 157174 152098 154843
182240 23
151826 151849 151997 152101 152555 152701 152767 152982 153191 153200 153202 153254 153334 154007 154037 154221 154278 154334 154961 155375 155394 156266 156300
182244 6
153061 155432 155531 155791 155947 156032
182248 1
155187
182249 42
155725 155736 155831 155806 155895 156280 153375 153493 153577 153727 153750 153751 154377 154407 154417 154613 154674 154781 154845 154914 154916 155024 155236 155370 155722 151487 152248 155764 155765 152365 152907 152974 153037 156299 156303 156380 156472 156662 156719 156746 156763 157160
182252 6
153061 155432 155531 155791 155947 156032
182257 21
151463 151676 151768 151846 152168 154767 154775 154859 154954 155004 155021 155028 155098 156026 156652 156681 156995 157088 157174 152098 154843
182267 19
151463 151676 151768 151846 152168 154767 154775 154859 154954 155004 155021 155028 155098 156026 156652 156681 156995 157088 157174
182269 18
151201 151340 151471 152679 152848 152875 153771 153772 154035 154045 154149 154210 154296 154359 154472 154486 155509 156715
182273 6
153061 155432 155531 155791 155947 156032
182276 2
154597 156984
182277 6
153061 155432 155531 155791 155947 156032
182286 2
152098 154843
182300 6
153061 155432 155531 155791 155947 156032
182303 19
151463 151676 151768 151846 152168 154767 154775 154859 154954 155004 155021 155028 155098 156026 156652 156681 156995 157088 157174
182306 2
152098 154843
182310 2
154597 156984
182311 6
151130 151365 151417 151830 151831 151852
182313 2
154597 156984
182315 2
152098 154843
182318 19
151463 151676 151768 151846 152168 154767 154775 154859 154954 155004 155021 155028 155098 156026 156652 156681 156995 157088 157174
182322 6
153061 155432 155531 155791 155947 156032
182325 6
153061 155432 155531 155791 155947 156032
182327 6
153061 155432 155531 155791 155947 156032
182328 2
154597 156984
182330 6
151130 151365 151417 151830 151831 151852
182331 1
155187
182335 6
153061 155432 155531 155791 155947 156032
182339 21
151463 151676 151768 151846 152168 154767 154775 154859 154954 155004 155021 155028 155098 156026 156652 156681 156995 157088 157174 152098 154843
182347 2
154597 156984
182348 6
151130 151365 151417 151830 151831 151852
182349 2
152098 154843
182361 2
154597 156984
182362 6
153061 155432 155531 155791 155947 156032
182363 2
152098 154843
182366 2
152098 154843
182373 2
152098 154843
182376 1
155412
182377 2
152098 154843
182378 6
153061 155432 155531 155791 155947 156032
182379 6
151130 151365 151417 151830 151831 151852
182382 2
152098 154843
182391 21
151463 151676 151768 151846 152168 154767 154775 154859 154954 155004 155021 155028 155098 156026 156652 156681 156995 157088 157174 152098 154843
182395 18
151201 151340 151471 152679 152848 152875 153771 153772 154035 154045 154149 154210 154296 154359 154472 154486 155509 156715
182406 2
154597 156984
182407 1
155187
182409 6
153061 155432 155531 155791 155947 156032
182410 6
151130 151365 151417 151830 151831 151852
182418 2
154597 156984
182430 1
155187
182431 6
153061 155432 155531 155791 155947 156032
182435 2
152098 154843
182439 44
150984 151162 151192 151283 151330 151361 151835 152007 152104 152239 152383 152419 152513 152550 152636 152740 152742 152899 153036 153068 153164 153182 153278 153336 153551 153591 153592 153612 153658 153724 153773 153774 153823 154163 154167 154581 154622 154675 154835 155188 155218 155563 155639 150981
182440 2
154597 156984
182441 6
151130 151365 151417 151830 151831 151852
182444 1
155187
182449 46
150984 151162 151192 151283 151330 151361 151835 152007 152104 152239 152383 152419 152513 152550 152636 152740 152742 152899 153036 153068 153164 153182 153278 153336 153551 153591 153592 153612 153658 153724 153773 153774 153823 154163 154167 154581 154622 154675 154835 155188 155218 155563 155639 155766 155858 150981
182450 6
153061 155432 155531 155791 155947 156032
182451 25
151130 151365 151417 151830 151831 151852 151463 151676 151846 151768 152168 154767 154775 154859 154954 155004 155021 155028 155098 156026 156652 156681 156995 157088 157174
182452 23
151826 151849 151997 152101 152555 152701 152767 152982 153191 153200 153202 153254 153334 154007 154037 154221 154278 154334 154961 155375 155394 156266 156300
182457 21
151463 151676 151768 151846 152168 154767 154775 154859 154954 155004 155021 155028 155098 156026 156652 156681 156995 157088 157174 152098 154843
182458 6
153061 155432 155531 155791 155947 156032
182461 19
151463 151676 151768 151846 152168 154767 154775 154859 154954 155004 155021 155028 155098 156026 156652 156681 156995 157088 157174
182462 2
152098 154843
182466 2
152098 154843
182469 19
151463 151676 151768 151846 152168 154767 154775 154859 154954 155004 155021 155028 155098 156026 156652 156681 156995 157088 157174
182470 2
154597 156984
182475 2
152098 154843
182478 1
152584
182482 2
152098 154843
182484 1
155187
182485 2
152098 154843
182486 2
154597 156984
182487 6
151130 151365 151417 151830 151831 151852
182490 43
150984 151162 151192 151283 151330 151361 151835 152007 152104 152239 152383 152419 152513 152550 152636 152740 152742 152899 153036 153068 153164 153182 153278 153336 153551 153591 153592 153612 153658 153724 153773 153774 153823 154163 154167 154581 154622 154675 154835 155188 155218 155563 150981
182497 1
155187
182500 2
152098 154843
182503 44
150984 151162 151192 151283 151330 151361 151835 152007 152104 152239 152383 152419 152513 152550 152636 152740 152742 152899 153036 153068 153164 153182 153278 153336 153551 153591 153592 153612 153658 153724 153773 153774 153823 154163 154167 154581 154622 154675 154835 155188 155218 155563 155639 150981
182505 19
151463 151676 151768 151846 152168 154767 154775 154859 154954 155004 155021 155028 155098 156026 156652 156681 156995 157088 157174
182506 43
153191 152101 152701 153200 154278 154007 156266 152767 151849 153202 152982 154334 154221 154037 155375 155394 156300 151997 154961 152555 153334 153254 151826 154417 154407 153375 154377 155370 153751 153037 152365 155236 155024 153750 154916 154914 153727 152974 154845 154781 153577 154674 154613
182511 2
154597 156984
182514 2
154597 156984
182516 2
152098 154843
182517 43
150984 151162 151192 151283 151330 151361 151835 152007 152104 152239 152383 152419 152513 152550 152636 152740 152742 152899 153036 153068 153164 153182 153278 153336 153551 153591 153592 153612 153658 153724 153773 153774 153823 154163 154167 154581 154622 154675 154835 155188 155218 155563 150981
182524 25
151130 151365 151417 151830 151831 151852 151463 151676 151846 151768 152168 154767 154775 154859 154954 155004 155021 155028 155098 156026 156652 156681 156995 157088 157174
182526 6
151130 151365 151417 151830 151831 151852
182533 1
155187
182538 18
151201 151340 151471 152679 152848 152875 153771 153772 154035 154045 154149 154210 154296 154359 154472 154486 155509 156715
182539 6
153061 155432 155531 155791 155947 156032
182543 6
151130 151365 151417 151830 151831 151852
182544 6
153061 155432 155531 155791 155947 156032
182546 1
152584
182549 25
151130 151365 151417 151830 151831 151852 151463 151676 151846 151768 152168 154767 154775 154859 154954 155004 155021 155028 155098 156026 156652 156681 156995 157088 157174
182554 25
151130 151365 151417 151830 151831 151852 151463 151676 151846 151768 152168 154767 154775 154859 154954 155004 155021 155028 155098 156026 156652 156681 156995 157088 157174
182555 21
151463 151676 151768 151846 152168 154767 154775 154859 154954 155004 155021 155028 155098 156026 156652 156681 156995 157088 157174 152098 154843
182556 6
151130 151365 151417 151830 151831 151852
182557 1
155187
182559 2
152098 154843
182560 43
150984 151162 151192 151283 151330 151361 151835 152007 152104 152239 152383 152419 152513 152550 152636 152740 152742 152899 153036 153068 153164 153182 153278 153336 153551 153591 153592 153612 153658 153724 153773 153774 153823 154163 154167 154581 154622 154675 154835 155188 155218 155563 150981
182561 1
156226
182562 43
153191 152101 152701 153200 154278 154007 156266 152767 151849 153202 152982 154334 154221 154037 155375 155394 156300 151997 154961 152555 153334 153254 151826 154417 154407 153375 154377 155370 153751 153037 152365 155236 155024 153750 154916 154914 153727 152974 154845 154781 153577 154674 154613
182565 6
153061 155432 155531 155791 155947 156032
182567 2
154692 154711
182570 6
153061 155432 155531 155791 155947 156032
182572 2
152098 154843
182573 2
154597 156984
182577 1
155187
182578 1
155187
182579 19
151463 151676 151768 151846 152168 154767 154775 154859 154954 155004 155021 155028 155098 156026 156652 156681 156995 157088 157174
182583 6
151130 151365 151417 151830 151831 151852
182591 21
151463 151676 151768 151846 152168 154767 154775 154859 154954 155004 155021 155028 155098 156026 156652 156681 156995 157088 157174 152098 154843
182597 25
151130 151365 151417 151830 151831 151852 151463 151676 151846 151768 152168 154767 154775 154859 154954 155004 155021 155028 155098 156026 156652 156681 156995 157088 157174
182601 2
154597 156984
182603 21
151463 151676 151768 151846 152168 154767 154775 154859 154954 155004 155021 155028 155098 156026 156652 156681 156995 157088 157174 152098 154843
