182609 6
151130 151365 151417 151830 151831 151852
182615 2
154597 156984
182616 2
152098 154843
182617 2
152098 154843
182618 21
151463 151676 151768 151846 152168 154767 154775 154859 154954 155004 155021 155028 155098 156026 156652 156681 156995 157088 157174 152098 154843
182621 1
155187
182622 2
154597 156984
182630 44
150984 151162 151192 151283 151330 151361 151835 152007 152104 152239 152383 152419 152513 152550 152636 152740 152742 152899 153036 153068 153164 153182 153278 153336 153551 153591 153592 153612 153658 153724 153773 153774 153823 154163 154167 154581 154622 154675 154835 155188 155218 155563 155639 150981
182633 25
151130 151365 151417 151830 151831 151852 151463 151676 151846 151768 152168 154767 154775 154859 154954 155004 155021 155028 155098 156026 156652 156681 156995 157088 157174
182637 2
154597 156984
182644 18
151201 151340 151471 152679 152848 152875 153771 153772 154035 154045 154149 154210 154296 154359 154472 154486 155509 156715
182648 6
153061 155432 155531 155791 155947 156032
182651 2
152098 154843
182656 25
151130 151365 151417 151830 151831 151852 151463 151676 151846 151768 152168 154767 154775 154859 154954 155004 155021 155028 155098 156026 156652 156681 156995 157088 157174
182659 2
152098 154843
182660 1
155187
182664 2
152098 154843
182669 44
150984 151162 151192 151283 151330 151361 151835 152007 152104 152239 152383 152419 152513 152550 152636 152740 152742 152899 153036 153068 153164 153182 153278 153336 153551 153591 153592 153612 153658 153724 153773 153774 153823 154163 154167 154581 154622 154675 154835 155188 155218 155563 155639 150981
182671 2
152098 154843
182674 6
153061 155432 155531 155791 155947 156032
182675 21
151463 151676 151768 151846 152168 154767 154775 154859 154954 155004 155021 155028 155098 156026 156652 156681 156995 157088 157174 152098 154843
182682 6
151130 151365 151417 151830 151831 151852
182684 1
152584
182685 25
151130 151365 151417 151830 151831 151852 151463 151676 151846 151768 152168 154767 154775 154859 154954 155004 155021 155028 155098 156026 156652 156681 156995 157088 157174
182687 6
151130 151365 151417 151830 151831 151852
182691 6
151130 151365 151417 151830 151831 151852
182694 2
154597 156984
182697 2
152098 154843
182698 2
154597 156984
182701 2
152098 154843
182706 18
151201 151340 151471 152679 152848 152875 153771 153772 154035 154045 154149 154210 154296 154359 154472 154486 155509 156715
182723 6
153061 155432 155531 155791 155947 156032
182728 6
151130 151365 151417 151830 151831 151852
182729 2
154597 156984
182731 6
153061 155432 155531 155791 155947 156032
182734 44
153191 152101 152701 153200 154278 154007 156300 152767 151849 153202 152982 154334 154221 154037 155394 156266 155375 151997 154961 152555 153334 153254 151826 154417 154407 153375 154377 155370 153751 153037 152365 155236 155024 153750 154916 154914 153727 152974 154845 154781 153577 154674 154613 153493
182736 6
153061 155432 155531 155791 155947 156032
182740 46
153200 151826 152767 153202 154278 154007 152101 151997 152555 153254 152982 154334 154221 154037 156266 156300 155394 155375 152701 154961 151849 153334 153191 154417 154407 153375 154377 155722 155370 153751 153037 152365 155236 155024 153750 154916 154914 153727 152974 154845 154781 153577 154674 154613 153493 152907
182746 25
151130 151365 151417 151830 151831 151852 151463 151676 151846 151768 152168 154767 154775 154859 154954 155004 155021 155028 155098 156026 156652 156681 156995 157088 157174
182749 2
152098 154843
182752 6
153061 155432 155531 155791 155947 156032
182753 2
154597 156984
182755 25
151130 151365 151417 151830 151831 151852 151463 151676 151846 151768 152168 154767 154775 154859 154954 155004 155021 155028 155098 156026 156652 156681 156995 157088 157174
182758 2
152098 154843
182761 6
153061 155432 155531 155791 155947 156032
182765 19
151463 151676 151768 151846 152168 154767 154775 154859 154954 155004 155021 155028 155098 156026 156652 156681 156995 157088 157174
182769 2
154597 156984
182771 6
151130 151365 151417 151830 151831 151852
182772 1
155187
182777 2
154597 156984
182778 6
153061 155432 155531 155791 155947 156032
182783 6
153061 155432 155531 155791 155947 156032
182784 6
153061 155432 155531 155791 155947 156032
182786 2
154597 156984
182797 1
156226
182799 6
151130 151365 151417 151830 151831 151852
182800 2
154597 156984
182801 19
151463 151676 151768 151846 152168 154767 154775 154859 154954 155004 155021 155028 155098 156026 156652 156681 156995 157088 157174
182803 23
151826 151849 151997 152101 152555 152701 152767 152982 153191 153200 153202 153254 153334 154007 154037 154221 154278 154334 154961 155375 155394 156266 156300
182805 6
153061 155432 155531 155791 155947 156032
182806 1
155187
182807 6
153061 155432 155531 155791 155947 156032
182814 2
152098 154843
182816 25
151130 151365 151417 151830 151831 151852 151463 151676 151846 151768 152168 154767 154775 154859 154954 155004 155021 155028 155098 156026 156652 156681 156995 157088 157174
182820 2
152098 154843
182821 6
153061 155432 155531 155791 155947 156032
182827 6
153061 155432 155531 155791 155947 156032
182830 2
154597 156984
182831 21
151463 151676 151768 151846 152168 154767 154775 154859 154954 155004 155021 155028 155098 156026 156652 156681 156995 157088 157174 152098 154843
182833 6
151130 151365 151417 151830 151831 151852
182837 6
151130 151365 151417 151830 151831 151852
182840 2
154597 156984
182842 21
151463 151676 151768 151846 152168 154767 154775 154859 154954 155004 155021 155028 155098 156026 156652 156681 156995 157088 157174 152098 154843
182846 1
155187
182849 6
151130 151365 151417 151830 151831 151852
182852 1
155187
182856 2
154597 156984
182861 1
155412
182862 6
153061 155432 155531 155791 155947 156032
182865 1
155187
182866 1
155187
182870 1
155187
182871 2
152098 154843
182874 1
155187
182875 2
152098 154843
182877 2
154597 156984
182881 19
151463 151676 151768 151846 152168 154767 154775 154859 154954 155004 155021 155028 155098 156026 156652 156681 156995 157088 157174
182884 6
151130 151365 151417 151830 151831 151852
182886 6
151130 151365 151417 151830 151831 151852
182890 1
155187
182891 2
154597 156984
182893 2
152098 154843
182895 19
151463 151676 151768 151846 152168 154767 154775 154859 154954 155004 155021 155028 155098 156026 156652 156681 156995 157088 157174
182897 19
151463 151676 151768 151846 152168 154767 154775 154859 154954 155004 155021 155028 155098 156026 156652 156681 156995 157088 157174
182900 36
150984 151162 151192 151283 151330 151361 151835 152007 152104 152239 152383 152419 152513 152550 152636 152740 152742 152899 153036 153068 153164 153182 153278 153336 153551 153591 153592 153612 153658 153724 153773 153774 153823 154163 154167 150981
182902 1
152584
182905 2
152098 154843
182911 2
152098 154843
182912 2
152098 154843
182915 19
151463 151676 151768 151846 152168 154767 154775 154859 154954 155004 155021 155028 155098 156026 156652 156681 156995 157088 157174
182917 25
151130 151365 151417 151830 151831 151852 151463 151676 151846 151768 152168 154767 154775 154859 154954 155004 155021 155028 155098 156026 156652 156681 156995 157088 157174
182923 1
155187
182930 36
150984 151162 151192 151283 151330 151361 151835 152007 152104 152239 152383 152419 152513 152550 152636 152740 152742 152899 153036 153068 153164 153182 153278 153336 153551 153591 153592 153612 153658 153724 153773 153774 153823 154163 154167 150981
182932 6
151130 151365 151417 151830 151831 151852
182935 2
152098 154843
182936 2
154597 156984
182943 1
155187
182946 36
151826 152101 153254 153191 154278 154007 155394 156300 153202 153200 152982 154334 154221 154037 154961 155375 156266 153334 151849 152555 152701 152767 151997 154417 154407 153375 154377 153751 153037 152365 153750 153727 152974 154781 153577 154674
182948 6
151130 151365 151417 151830 151831 151852
182949 6
153061 155432 155531 155791 155947 156032
182950 2
152098 154843
182951 2
152098 154843
182952 6
153061 155432 155531 155791 155947 156032
182953 2
152098 154843
182955 19
151463 151676 151768 151846 152168 154767 154775 154859 154954 155004 155021 155028 155098 156026 156652 156681 156995 157088 157174
182956 2
154597 156984
182958 1
155187
182962 40
150984 151162 151192 151283 151330 151361 151835 152007 152104 152239 152383 152419 152513 152550 152636 152740 152742 152899 153036 153068 153164 153182 153278 153336 153551 153591 153592 153612 153658 153724 153773 153774 153823 154163 154167 154581 154622 154675 154835 150981
182963 25
151130 151365 151417 151830 151831 151852 151463 151676 151846 151768 152168 154767 154775 154859 154954 155004 155021 155028 155098 156026 156652 156681 156995 157088 157174
182964 6
153061 155432 155531 155791 155947 156032
182965 25
151130 151365 151417 151830 151831 151852 151463 151676 151846 151768 152168 154767 154775 154859 154954 155004 155021 155028 155098 156026 156652 156681 156995 157088 157174
182969 19
151463 151676 151768 151846 152168 154767 154775 154859 154954 155004 155021 155028 155098 156026 156652 156681 156995 157088 157174
182970 6
151130 151365 151417 151830 151831 151852
182973 6
151130 151365 151417 151830 151831 151852
182974 6
151130 151365 151417 151830 151831 151852
182975 2
154597 156984
182977 6
153061 155432 155531 155791 155947 156032
182981 1
155187
182984 21
151463 151676 151768 151846 152168 154767 154775 154859 154954 155004 155021 155028 155098 156026 156652 156681 156995 157088 157174 152098 154843
182985 21
151463 151676 151768 151846 152168 154767 154775 154859 154954 155004 155021 155028 155098 156026 156652 156681 156995 157088 157174 152098 154843
182991 6
153061 155432 155531 155791 155947 156032
182994 6
151130 151365 151417 151830 151831 151852
182995 2
152098 154843
182996 39
150984 151162 151192 151283 151330 151361 151835 152007 152104 152239 152383 152419 152513 152550 152636 152740 152742 152899 153036 153068 153164 153182 153278 153336 153551 153591 153592 153612 153658 153724 153773 153774 153823 154163 154167 154581 154622 154675 150981
182998 25
151130 151365 151417 151830 151831 151852 151463 151676 151846 151768 152168 154767 154775 154859 154954 155004 155021 155028 155098 156026 156652 156681 156995 157088 157174
183003 1
152584
183009 19
151463 151676 151768 151846 152168 154767 154775 154859 154954 155004 155021 155028 155098 156026 156652 156681 156995 157088 157174
183010 1
155187
183012 2
152098 154843
183013 6
153061 155432 155531 155791 155947 156032
183016 19
151463 151676 151768 151846 152168 154767 154775 154859 154954 155004 155021 155028 155098 156026 156652 156681 156995 157088 157174
183022 2
152098 154843
183025 2
152098 154843
183029 1
155187
183032 2
154597 156984
183034 42
150984 151162 151192 151283 151330 151361 151835 152007 152104 152239 152383 152419 152513 152550 152636 152740 152742 152899 153036 153068 153164 153182 153278 153336 153551 153591 153592 153612 153658 153724 153773 153774 153823 154163 154167 154581 154622 154675 154835 155188 155218 150981
183042 2
152098 154843
183044 6
153061 155432 155531 155791 155947 156032
183049 39
150984 151162 151192 151283 151330 151361 151835 152007 152104 152239 152383 152419 152513 152550 152636 152740 152742 152899 153036 153068 153164 153182 153278 153336 153551 153591 153592 153612 153658 153724 153773 153774 153823 154163 154167 154581 154622 154675 150981
183050 2
152098 154843
183051 6
151130 151365 151417 151830 151831 151852
183053 2
152098 154843
183066 2
152098 154843
183069 2
152098 154843
183070 18
151201 151340 151471 152679 152848 152875 153771 153772 154035 154045 154149 154210 154296 154359 154472 154486 155509 156715
183072 2
152098 154843
183074 21
151463 151676 151768 151846 152168 154767 154775 154859 154954 155004 155021 155028 155098 156026 156652 156681 156995 157088 157174 152098 154843
183083 21
151463 151676 151768 151846 152168 154767 154775 154859 154954 155004 155021 155028 155098 156026 156652 156681 156995 157088 157174 152098 154843
183084 2
152098 154843
183088 6
153061 155432 155531 155791 155947 156032
183089 6
151130 151365 151417 151830 151831 151852
183093 2
154597 156984
183094 6
153061 155432 155531 155791 155947 156032
183095 21
151463 151676 151768 151846 152168 154767 154775 154859 154954 155004 155021 155028 155098 156026 156652 156681 156995 157088 157174 152098 154843
183096 21
151463 151676 151768 151846 152168 154767 154775 154859 154954 155004 155021 155028 155098 156026 156652 156681 156995 157088 157174 152098 154843
183097 25
151130 151365 151417 151830 151831 151852 151463 151676 151846 151768 152168 154767 154775 154859 154954 155004 155021 155028 155098 156026 156652 156681 156995 157088 157174
183101 19
151463 151676 151768 151846 152168 154767 154775 154859 154954 155004 155021 155028 155098 156026 156652 156681 156995 157088 157174
183102 6
153061 155432 155531 155791 155947 156032
183104 2
154597 156984
183106 6
153061 155432 155531 155791 155947 156032
183111 2
152098 154843
183117 6
153061 155432 155531 155791 155947 156032
183119 47
150984 151162 151192 151283 151330 151361 151835 152007 152104 152239 152383 152419 152513 152550 152636 152740 152742 152899 153036 153068 153164 153182 153278 153336 153551 153591 153592 153612 153658 153724 153773 153774 153823 154163 154167 154581 154622 154675 154835 155188 155218 155563 155639 155766 155858 155881 150981
183124 6
153061 155432 155531 155791 155947 156032
183128 21
151463 151676 151768 151846 152168 154767 154775 154859 154954 155004 155021 155028 155098 156026 156652 156681 156995 157088 157174 152098 154843
183130 2
154597 156984
183136 1
155187
183141 43
150984 151162 151192 151283 151330 151361 151835 152007 152104 152239 152383 152419 152513 152550 152636 152740 152742 152899 153036 153068 153164 153182 153278 153336 153551 153591 153592 153612 153658 153724 153773 153774 153823 154163 154167 154581 154622 154675 154835 155188 155218 155563 150981
183142 3
155725 155736 155831
183149 2
154597 156984
183153 6
151130 151365 151417 151830 151831 151852
183154 2
154597 156984
183155 40
151826 152101 151849 153191 154278 154007 156266 152555 153202 153200 152982 154334 154221 154037 155375 155394 156300 154961 153334 153254 152701 152767 151997 154417 154407 153375 154377 153751 153037 152365 153750 154916 154914 153727 152974 154845 154781 153577 154674 154613
183162 42
150984 151162 151192 151283 151330 151361 151835 152007 152104 152239 152383 152419 152513 152550 152636 152740 152742 152899 153036 153068 153164 153182 153278 153336 153551 153591 153592 153612 153658 153724 153773 153774 153823 154163 154167 154581 154622 154675 154835 155188 155218 150981
183166 21
151463 151676 151768 151846 152168 154767 154775 154859 154954 155004 155021 155028 155098 156026 156652 156681 156995 157088 157174 152098 154843
183170 6
151130 151365 151417 151830 151831 151852
183171 6
153061 155432 155531 155791 155947 156032
183173 19
151463 151676 151768 151846 152168 154767 154775 154859 154954 155004 155021 155028 155098 156026 156652 156681 156995 157088 157174
183175 19
151463 151676 151768 151846 152168 154767 154775 154859 154954 155004 155021 155028 155098 156026 156652 156681 156995 157088 157174
183176 21
151463 151676 151768 151846 152168 154767 154775 154859 154954 155004 155021 155028 155098 156026 156652 156681 156995 157088 157174 152098 154843
183177 2
152098 154843
183181 1
155187
183182 6
153061 155432 155531 155791 155947 156032
183185 21
151463 151676 151768 151846 152168 154767 154775 154859 154954 155004 155021 155028 155098 156026 156652 156681 156995 157088 157174 152098 154843
183192 6
153061 155432 155531 155791 155947 156032
183193 2
154597 156984
183198 2
154597 156984
183203 25
151130 151365 151417 151830 151831 151852 151463 151676 151846 151768 152168 154767 154775 154859 154954 155004 155021 155028 155098 156026 156652 156681 156995 157088 157174
183206 25
151130 151365 151417 151830 151831 151852 151463 151676 151846 151768 152168 154767 154775 154859 154954 155004 155021 155028 155098 156026 156652 156681 156995 157088 157174
183207 25
151130 151365 151417 151830 151831 151852 151463 151676 151846 151768 152168 154767 154775 154859 154954 155004 155021 155028 155098 156026 156652 156681 156995 157088 157174
183208 6
151130 151365 151417 151830 151831 151852
183209 6
153061 155432 155531 155791 155947 156032
183212 6
151130 151365 151417 151830 151831 151852
183214 19
151463 151676 151768 151846 152168 154767 154775 154859 154954 155004 155021 155028 155098 156026 156652 156681 156995 157088 157174
183215 6
153061 155432 155531 155791 155947 156032
183225 2
152098 154843
183226 2
152098 154843
183228 21
151463 151676 151768 151846 152168 154767 154775 154859 154954 155004 155021 155028 155098 156026 156652 156681 156995 157088 157174 152098 154843
183229 23
151826 151849 151997 152101 152555 152701 152767 152982 153191 153200 153202 153254 153334 154007 154037 154221 154278 154334 154961 155375 155394 156266 156300
183231 6
151130 151365 151417 151830 151831 151852
