185173 6
151130 151365 151417 151830 151831 151852
185176 19
151463 151676 151768 151846 152168 154767 154775 154859 154954 155004 155021 155028 155098 156026 156652 156681 156995 157088 157174
185184 25
151130 151365 151417 151830 151831 151852 151463 151676 151846 151768 152168 154767 154775 154859 154954 155004 155021 155028 155098 156026 156652 156681 156995 157088 157174
185188 21
151463 151676 151768 151846 152168 154767 154775 154859 154954 155004 155021 155028 155098 156026 156652 156681 156995 157088 157174 152098 154843
185192 1
155187
185193 1
155187
185195 6
153061 155432 155531 155791 155947 156032
185199 21
151463 151676 151768 151846 152168 154767 154775 154859 154954 155004 155021 155028 155098 156026 156652 156681 156995 157088 157174 152098 154843
185200 2
154597 156984
185201 18
151201 151340 151471 152679 152848 152875 153771 153772 154035 154045 154149 154210 154296 154359 154472 154486 155509 156715
185206 2
152098 154843
185207 6
151130 151365 151417 151830 151831 151852
185211 1
155187
185212 2
154597 156984
185214 53
150984 151162 151192 151283 151330 151361 151835 152007 152104 152239 152383 152419 152513 152550 152636 152740 152742 152899 153036 153068 153164 153182 153278 153336 153551 153591 153592 153612 153658 153724 153773 153774 153823 154163 154167 154581 154622 154675 154835 155188 155218 155563 155639 155766 155858 155881 155918 156068 156248 156272 156320 156327 150981
185218 2
154597 156984
185219 6
151130 151365 151417 151830 151831 151852
185222 25
151130 151365 151417 151830 151831 151852 151463 151676 151846 151768 152168 154767 154775 154859 154954 155004 155021 155028 155098 156026 156652 156681 156995 157088 157174
185223 6
153061 155432 155531 155791 155947 156032
185226 6
151130 151365 151417 151830 151831 151852
185228 2
154597 156984
185229 56
154961 151849 154037 152701 153200 153254 152982 154221 155394 152767 153334 156266 156300 153202 153191 151826 154334 154278 154007 152101 155375 151997 152555 154417 155764 155765 152365 152907 154407 153375 152248 151487 154377 155722 155370 153751 156303 156662 155236 155024 153750 154916 154914 153727 156380 154845 154781 153577 156299 154674 153037 152974 154613 153493 156472 156719
185232 1
155187
185234 6
151130 151365 151417 151830 151831 151852
185237 54
154961 151849 154037 152701 153191 153254 152982 154221 155394 152767 153334 153200 156300 153202 156266 151826 154334 154278 154007 152101 155375 151997 152555 154417 155764 155765 152365 152907 154407 153375 152248 151487 154377 155722 155370 153751 153037 156299 155236 155024 153750 154916 154914 153727 156303 154845 154781 153577 154674 152974 154613 153493 156380 156472
185247 23
151826 151849 151997 152101 152555 152701 152767 152982 153191 153200 153202 153254 153334 154007 154037 154221 154278 154334 154961 155375 155394 156266 156300
185251 19
151463 151676 151768 151846 152168 154767 154775 154859 154954 155004 155021 155028 155098 156026 156652 156681 156995 157088 157174
185252 25
151130 151365 151417 151830 151831 151852 151463 151676 151846 151768 152168 154767 154775 154859 154954 155004 155021 155028 155098 156026 156652 156681 156995 157088 157174
185253 56
154961 151849 154037 152701 153200 153254 152982 154221 155394 152767 153334 156266 156300 153202 153191 151826 154334 154278 154007 152101 155375 151997 152555 154417 155764 155765 152365 152907 154407 153375 152248 151487 154377 155722 155370 153751 156303 156662 155236 155024 153750 154916 154914 153727 156380 154845 154781 153577 156299 154674 153037 152974 154613 153493 156472 156719
185260 2
152098 154843
185261 56
150984 151162 151192 151283 151330 151361 151835 152007 152104 152239 152383 152419 152513 152550 152636 152740 152742 152899 153036 153068 153164 153182 153278 153336 153551 153591 153592 153612 153658 153724 153773 153774 153823 154163 154167 154581 154622 154675 154835 155188 155218 155563 155639 155766 155858 155881 155918 156068 156248 156272 156320 156327 156329 156330 156340 150981
185264 1
155187
185265 6
153061 155432 155531 155791 155947 156032
185274 19
151463 151676 151768 151846 152168 154767 154775 154859 154954 155004 155021 155028 155098 156026 156652 156681 156995 157088 157174
185277 21
151463 151676 151768 151846 152168 154767 154775 154859 154954 155004 155021 155028 155098 156026 156652 156681 156995 157088 157174 152098 154843
185279 6
153061 155432 155531 155791 155947 156032
185286 6
151130 151365 151417 151830 151831 151852
185287 2
152098 154843
185289 2
152098 154843
185290 1
155187
185292 25
151130 151365 151417 151830 151831 151852 151463 151676 151846 151768 152168 154767 154775 154859 154954 155004 155021 155028 155098 156026 156652 156681 156995 157088 157174
185294 21
151463 151676 151768 151846 152168 154767 154775 154859 154954 155004 155021 155028 155098 156026 156652 156681 156995 157088 157174 152098 154843
185296 51
150984 151162 151192 151283 151330 151361 151835 152007 152104 152239 152383 152419 152513 152550 152636 152740 152742 152899 153036 153068 153164 153182 153278 153336 153551 153591 153592 153612 153658 153724 153773 153774 153823 154163 154167 154581 154622 154675 154835 155188 155218 155563 155639 155766 155858 155881 155918 156068 156248 156272 150981
185298 2
154597 156984
185299 2
152098 154843
185302 2
154597 156984
185304 6
151130 151365 151417 151830 151831 151852
185310 6
153061 155432 155531 155791 155947 156032
185314 25
151130 151365 151417 151830 151831 151852 151463 151676 151846 151768 152168 154767 154775 154859 154954 155004 155021 155028 155098 156026 156652 156681 156995 157088 157174
185316 19
151463 151676 151768 151846 152168 154767 154775 154859 154954 155004 155021 155028 155098 156026 156652 156681 156995 157088 157174
185319 51
152555 153334 154007 154961 151826 153202 154334 154037 155375 152701 153254 153191 152982 153200 156266 156300 154278 154221 152101 155394 151997 152767 151849 154417 155764 155765 152365 154407 153375 152248 151487 154377 155722 155370 153751 153037 156299 155236 155024 153750 154916 154914 153727 152974 154845 154781 153577 154674 154613 153493 152907
185321 1
155187
185322 2
152098 154843
185326 6
151130 151365 151417 151830 151831 151852
185327 2
152098 154843
185328 1
155187
185330 51
150984 151162 151192 151283 151330 151361 151835 152007 152104 152239 152383 152419 152513 152550 152636 152740 152742 152899 153036 153068 153164 153182 153278 153336 153551 153591 153592 153612 153658 153724 153773 153774 153823 154163 154167 154581 154622 154675 154835 155188 155218 155563 155639 155766 155858 155881 155918 156068 156248 156272 150981
185333 6
153061 155432 155531 155791 155947 156032
185335 6
151130 151365 151417 151830 151831 151852
185337 6
151130 151365 151417 151830 151831 151852
185339 2
154597 156984
185341 21
151463 151676 151768 151846 152168 154767 154775 154859 154954 155004 155021 155028 155098 156026 156652 156681 156995 157088 157174 152098 154843
185342 1
155187
185348 6
151130 151365 151417 151830 151831 151852
185354 51
150984 151162 151192 151283 151330 151361 151835 152007 152104 152239 152383 152419 152513 152550 152636 152740 152742 152899 153036 153068 153164 153182 153278 153336 153551 153591 153592 153612 153658 153724 153773 153774 153823 154163 154167 154581 154622 154675 154835 155188 155218 155563 155639 155766 155858 155881 155918 156068 156248 156272 150981
185356 53
152555 153334 154007 154961 151826 153202 156300 154037 155375 152701 153254 153191 152982 153200 154334 154278 154221 156266 152101 155394 151997 152767 151849 154417 156299 156303 156380 154407 153375 155765 155764 154377 155722 155370 153751 153037 152365 155236 155024 153750 154916 154914 153727 152974 154845 154781 153577 154674 154613 153493 152907 152248 151487
185361 1
155187
185364 6
153061 155432 155531 155791 155947 156032
185366 6
153061 155432 155531 155791 155947 156032
185370 51
151849 153254 152101 152555 152982 153200 154278 154007 151997 154961 153202 151826 154334 153191 156300 156266 154221 154037 155394 155375 152767 152701 153334 154417 151487 152248 154407 153375 155765 155764 154377 155722 155370 153751 153037 152365 155236 155024 153750 154916 154914 153727 152974 154845 154781 153577 154674 154613 153493 152907 156299
185371 1
155187
185374 6
153061 155432 155531 155791 155947 156032
185375 2
152098 154843
185379 3
155725 155736 155831
185384 51
150984 151162 151192 151283 151330 151361 151835 152007 152104 152239 152383 152419 152513 152550 152636 152740 152742 152899 153036 153068 153164 153182 153278 153336 153551 153591 153592 153612 153658 153724 153773 153774 153823 154163 154167 154581 154622 154675 154835 155188 155218 155563 155639 155766 155858 155881 155918 156068 156248 156272 150981
185385 6
153061 155432 155531 155791 155947 156032
185387 6
151130 151365 151417 151830 151831 151852
185394 2
152098 154843
185395 2
154597 156984
185396 2
152098 154843
185399 1
155187
185405 21
151463 151676 151768 151846 152168 154767 154775 154859 154954 155004 155021 155028 155098 156026 156652 156681 156995 157088 157174 152098 154843
185406 19
151463 151676 151768 151846 152168 154767 154775 154859 154954 155004 155021 155028 155098 156026 156652 156681 156995 157088 157174
185409 56
150984 151162 151192 151283 151330 151361 151835 152007 152104 152239 152383 152419 152513 152550 152636 152740 152742 152899 153036 153068 153164 153182 153278 153336 153551 153591 153592 153612 153658 153724 153773 153774 153823 154163 154167 154581 154622 154675 154835 155188 155218 155563 155639 155766 155858 155881 155918 156068 156248 156272 156320 156327 156329 156330 156340 150981
185413 2
152098 154843
185415 2
152098 154843
185419 53
150984 151162 151192 151283 151330 151361 151835 152007 152104 152239 152383 152419 152513 152550 152636 152740 152742 152899 153036 153068 153164 153182 153278 153336 153551 153591 153592 153612 153658 153724 153773 153774 153823 154163 154167 154581 154622 154675 154835 155188 155218 155563 155639 155766 155858 155881 155918 156068 156248 156272 156320 156327 150981
185422 53
150984 151162 151192 151283 151330 151361 151835 152007 152104 152239 152383 152419 152513 152550 152636 152740 152742 152899 153036 153068 153164 153182 153278 153336 153551 153591 153592 153612 153658 153724 153773 153774 153823 154163 154167 154581 154622 154675 154835 155188 155218 155563 155639 155766 155858 155881 155918 156068 156248 156272 156320 156327 150981
185423 2
152098 154843
185424 1
155187
185426 51
150984 151162 151192 151283 151330 151361 151835 152007 152104 152239 152383 152419 152513 152550 152636 152740 152742 152899 153036 153068 153164 153182 153278 153336 153551 153591 153592 153612 153658 153724 153773 153774 153823 154163 154167 154581 154622 154675 154835 155188 155218 155563 155639 155766 155858 155881 155918 156068 156248 156272 150981
185430 21
151463 151676 151768 151846 152168 154767 154775 154859 154954 155004 155021 155028 155098 156026 156652 156681 156995 157088 157174 152098 154843
185433 19
151463 151676 151768 151846 152168 154767 154775 154859 154954 155004 155021 155028 155098 156026 156652 156681 156995 157088 157174
185444 19
151463 151676 151768 151846 152168 154767 154775 154859 154954 155004 155021 155028 155098 156026 156652 156681 156995 157088 157174
185448 53
152555 153334 154007 154961 151826 153202 156300 154037 155375 152701 153254 153191 152982 153200 154334 154278 154221 156266 152101 155394 151997 152767 151849 154417 156299 156303 156380 154407 153375 155765 155764 154377 155722 155370 153751 153037 152365 155236 155024 153750 154916 154914 153727 152974 154845 154781 153577 154674 154613 153493 152907 152248 151487
185450 6
155725 155736 155831 155806 155895 156280
185451 2
152098 154843
185453 19
151463 151676 151768 151846 152168 154767 154775 154859 154954 155004 155021 155028 155098 156026 156652 156681 156995 157088 157174
185457 6
151130 151365 151417 151830 151831 151852
185458 21
151463 151676 151768 151846 152168 154767 154775 154859 154954 155004 155021 155028 155098 156026 156652 156681 156995 157088 157174 152098 154843
185459 2
154597 156984
185465 6
151130 151365 151417 151830 151831 151852
185468 53
150984 151162 151192 151283 151330 151361 151835 152007 152104 152239 152383 152419 152513 152550 152636 152740 152742 152899 153036 153068 153164 153182 153278 153336 153551 153591 153592 153612 153658 153724 153773 153774 153823 154163 154167 154581 154622 154675 154835 155188 155218 155563 155639 155766 155858 155881 155918 156068 156248 156272 156320 156327 150981
185469 1
155187
185474 19
151463 151676 151768 151846 152168 154767 154775 154859 154954 155004 155021 155028 155098 156026 156652 156681 156995 157088 157174
185477 19
151463 151676 151768 151846 152168 154767 154775 154859 154954 155004 155021 155028 155098 156026 156652 156681 156995 157088 157174
185478 6
151130 151365 151417 151830 151831 151852
185483 1
155187
185484 2
152098 154843
185493 2
152098 154843
185498 1
155187
185499 21
151463 151676 151768 151846 152168 154767 154775 154859 154954 155004 155021 155028 155098 156026 156652 156681 156995 157088 157174 152098 154843
185501 23
151826 151849 151997 152101 152555 152701 152767 152982 153191 153200 153202 153254 153334 154007 154037 154221 154278 154334 154961 155375 155394 156266 156300
185503 6
151130 151365 151417 151830 151831 151852
185504 1
155187
185514 51
150984 151162 151192 151283 151330 151361 151835 152007 152104 152239 152383 152419 152513 152550 152636 152740 152742 152899 153036 153068 153164 153182 153278 153336 153551 153591 153592 153612 153658 153724 153773 153774 153823 154163 154167 154581 154622 154675 154835 155188 155218 155563 155639 155766 155858 155881 155918 156068 156248 156272 150981
185521 1
155187
185523 51
150984 151162 151192 151283 151330 151361 151835 152007 152104 152239 152383 152419 152513 152550 152636 152740 152742 152899 153036 153068 153164 153182 153278 153336 153551 153591 153592 153612 153658 153724 153773 153774 153823 154163 154167 154581 154622 154675 154835 155188 155218 155563 155639 155766 155858 155881 155918 156068 156248 156272 150981
185524 51
150984 151162 151192 151283 151330 151361 151835 152007 152104 152239 152383 152419 152513 152550 152636 152740 152742 152899 153036 153068 153164 153182 153278 153336 153551 153591 153592 153612 153658 153724 153773 153774 153823 154163 154167 154581 154622 154675 154835 155188 155218 155563 155639 155766 155858 155881 155918 156068 156248 156272 150981
185529 1
155187
185532 25
151130 151365 151417 151830 151831 151852 151463 151676 151846 151768 152168 154767 154775 154859 154954 155004 155021 155028 155098 156026 156652 156681 156995 157088 157174
185533 21
151463 151676 151768 151846 152168 154767 154775 154859 154954 155004 155021 155028 155098 156026 156652 156681 156995 157088 157174 152098 154843
185541 2
152098 154843
185542 2
152098 154843
185544 6
151130 151365 151417 151830 151831 151852
185545 1
155187
185546 2
152098 154843
185549 21
151463 151676 151768 151846 152168 154767 154775 154859 154954 155004 155021 155028 155098 156026 156652 156681 156995 157088 157174 152098 154843
185558 2
154597 156984
185563 6
151130 151365 151417 151830 151831 151852
185565 2
152098 154843
185568 1
155187
185571 53
154961 151849 154037 152701 153191 153254 152982 154221 155394 152767 153334 153200 156266 153202 156300 151826 154334 154278 154007 152101 155375 151997 152555 154417 155764 155765 152365 152907 154407 153375 152248 151487 154377 155722 155370 153751 153037 156303 155236 155024 153750 154916 154914 153727 156299 154845 154781 153577 154674 152974 154613 153493 156380
185573 1
155187
185576 53
150984 151162 151192 151283 151330 151361 151835 152007 152104 152239 152383 152419 152513 152550 152636 152740 152742 152899 153036 153068 153164 153182 153278 153336 153551 153591 153592 153612 153658 153724 153773 153774 153823 154163 154167 154581 154622 154675 154835 155188 155218 155563 155639 155766 155858 155881 155918 156068 156248 156272 156320 156327 150981
185580 21
151463 151676 151768 151846 152168 154767 154775 154859 154954 155004 155021 155028 155098 156026 156652 156681 156995 157088 157174 152098 154843
185583 1
155187
185589 2
152098 154843
185594 53
150984 151162 151192 151283 151330 151361 151835 152007 152104 152239 152383 152419 152513 152550 152636 152740 152742 152899 153036 153068 153164 153182 153278 153336 153551 153591 153592 153612 153658 153724 153773 153774 153823 154163 154167 154581 154622 154675 154835 155188 155218 155563 155639 155766 155858 155881 155918 156068 156248 156272 156320 156327 150981
185597 2
154597 156984
185601 53
150984 151162 151192 151283 151330 151361 151835 152007 152104 152239 152383 152419 152513 152550 152636 152740 152742 152899 153036 153068 153164 153182 153278 153336 153551 153591 153592 153612 153658 153724 153773 153774 153823 154163 154167 154581 154622 154675 154835 155188 155218 155563 155639 155766 155858 155881 155918 156068 156248 156272 156320 156327 150981
185604 6
151130 151365 151417 151830 151831 151852
185605 18
151201 151340 151471 152679 152848 152875 153771 153772 154035 154045 154149 154210 154296 154359 154472 154486 155509 156715
185610 1
155187
185614 6
151130 151365 151417 151830 151831 151852
185618 2
152098 154843
185624 51
153334 153202 155394 151849 154334 153191 156266 152101 152767 152555 153200 152982 154278 151826 156300 154221 154037 154007 155375 151997 152701 154961 153254 154417 156299 154407 153375 155765 155764 154377 155722 155370 153751 153037 152365 155236 155024 153750 154916 154914 153727 152974 154845 154781 153577 154674 154613 153493 152907 152248 151487
185625 2
152098 154843
185626 21
151463 151676 151768 151846 152168 154767 154775 154859 154954 155004 155021 155028 155098 156026 156652 156681 156995 157088 157174 152098 154843
185628 6
151130 151365 151417 151830 151831 151852
185629 25
151130 151365 151417 151830 151831 151852 151463 151676 151846 151768 152168 154767 154775 154859 154954 155004 155021 155028 155098 156026 156652 156681 156995 157088 157174
185633 6
153061 155432 155531 155791 155947 156032
185636 19
151463 151676 151768 151846 152168 154767 154775 154859 154954 155004 155021 155028 155098 156026 156652 156681 156995 157088 157174
185639 2
154597 156984
185658 2
152098 154843
185661 21
151463 151676 151768 151846 152168 154767 154775 154859 154954 155004 155021 155028 155098 156026 156652 156681 156995 157088 157174 152098 154843
185663 53
152555 153334 154007 154961 151826 153202 156300 154037 155375 152701 153254 153191 152982 153200 154334 154278 154221 156266 152101 155394 151997 152767 151849 154417 156299 156303 156380 154407 153375 155765 155764 154377 155722 155370 153751 153037 152365 155236 155024 153750 154916 154914 153727 152974 154845 154781 153577 154674 154613 153493 152907 152248 151487
185667 6
153061 155432 155531 155791 155947 156032
185668 1
155187
185673 1
155187
185678 2
154597 156984
185683 2
152098 154843
185688 6
153061 155432 155531 155791 155947 156032
185689 6
151130 151365 151417 151830 151831 151852
185694 1
155187
185696 18
151201 151340 151471 152679 152848 152875 153771 153772 154035 154045 154149 154210 154296 154359 154472 154486 155509 156715
185699 1
156226
185703 21
151463 151676 151768 151846 152168 154767 154775 154859 154954 155004 155021 155028 155098 156026 156652 156681 156995 157088 157174 152098 154843
185706 19
151463 151676 151768 151846 152168 154767 154775 154859 154954 155004 155021 155028 155098 156026 156652 156681 156995 157088 157174
185709 54
154961 151849 154037 152701 153191 153254 154278 156266 155394 152767 153334 153200 151826 153202 152982 154334 156300 154221 154007 152101 155375 151997 152555 154417 156299 156303 156380 156472 154407 153375 155765 155764 154377 155722 155370 153751 153037 152365 155236 155024 153750 154916 154914 153727 152974 154845 154781 153577 154674 154613 153493 152907 152248 151487
185711 18
151201 151340 151471 152679 152848 152875 153771 153772 154035 154045 154149 154210 154296 154359 154472 154486 155509 156715
185718 2
152098 154843
185722 51
150984 151162 151192 151283 151330 151361 151835 152007 152104 152239 152383 152419 152513 152550 152636 152740 152742 152899 153036 153068 153164 153182 153278 153336 153551 153591 153592 153612 153658 153724 153773 153774 153823 154163 154167 154581 154622 154675 154835 155188 155218 155563 155639 155766 155858 155881 155918 156068 156248 156272 150981
185723 6
153061 155432 155531 155791 155947 156032
185725 6
151130 151365 151417 151830 151831 151852
185726 53
150984 151162 151192 151283 151330 151361 151835 152007 152104 152239 152383 152419 152513 152550 152636 152740 152742 152899 153036 153068 153164 153182 153278 153336 153551 153591 153592 153612 153658 153724 153773 153774 153823 154163 154167 154581 154622 154675 154835 155188 155218 155563 155639 155766 155858 155881 155918 156068 156248 156272 156320 156327 150981
185733 6
151130 151365 151417 151830 151831 151852
185734 19
151463 151676 151768 151846 152168 154767 154775 154859 154954 155004 155021 155028 155098 156026 156652 156681 156995 157088 157174
185738 2
152098 154843
185741 6
155725 155736 155831 155806 155895 156280
185743 1
155187
185752 1
155187
185753 23
151826 151849 151997 152101 152555 152701 152767 152982 153191 153200 153202 153254 153334 154007 154037 154221 154278 154334 154961 155375 155394 156266 156300
185768 6
151130 151365 151417 151830 151831 151852
185770 6
155725 155736 155831 155806 155895 156280
185775 25
151130 151365 151417 151830 151831 151852 151463 151676 151846 151768 152168 154767 154775 154859 154954 155004 155021 155028 155098 156026 156652 156681 156995 157088 157174
185778 1
155187
185780 53
152555 153334 154007 154961 151826 153202 156300 154037 155375 152701 153254 153191 152982 153200 154334 154278 154221 156266 152101 155394 151997 152767 151849 154417 156299 156303 156380 154407 153375 155765 155764 154377 155722 155370 153751 153037 152365 155236 155024 153750 154916 154914 153727 152974 154845 154781 153577 154674 154613 153493 152907 152248 151487
185784 6
155725 155736 155831 155806 155895 156280
185790 6
151130 151365 151417 151830 151831 151852
185795 2
152098 154843
185798 1
155187
185799 25
151130 151365 151417 151830 151831 151852 151463 151676 151846 151768 152168 154767 154775 154859 154954 155004 155021 155028 155098 156026 156652 156681 156995 157088 157174
185800 42
155725 155736 155831 155806 155895 156280 153375 153493 153577 153727 153750 153751 154377 154407 154417 154613 154674 154781 154845 154914 154916 155024 155236 155370 155722 151487 152248 155764 155765 152365 152907 152974 153037 156299 156303 156380 156472 156662 156719 156746 156763 157160
185801 6
153061 155432 155531 155791 155947 156032
185802 56
150984 151162 151192 151283 151330 151361 151835 152007 152104 152239 152383 152419 152513 152550 152636 152740 152742 152899 153036 153068 153164 153182 153278 153336 153551 153591 153592 153612 153658 153724 153773 153774 153823 154163 154167 154581 154622 154675 154835 155188 155218 155563 155639 155766 155858 155881 155918 156068 156248 156272 156320 156327 156329 156330 156340 150981
185805 1
155187
185807 6
155725 155736 155831 155806 155895 156280
185809 2
152098 154843
185812 2
152098 154843
185814 1
152584
185815 19
151463 151676 151768 151846 152168 154767 154775 154859 154954 155004 155021 155028 155098 156026 156652 156681 156995 157088 157174
185816 21
151463 151676 151768 151846 152168 154767 154775 154859 154954 155004 155021 155028 155098 156026 156652 156681 156995 157088 157174 152098 154843
185819 56
154961 151849 154037 152701 151826 153254 154334 154221 155394 152767 153334 153200 153191 153202 156300 152982 156266 154278 154007 152101 155375 151997 152555 154417 151487 152248 152365 156299 154407 153375 155765 155764 154377 155722 155370 153751 153037 156662 155236 155024 153750 154916 154914 153727 152974 154845 154781 153577 154674 156380 156303 154613 153493 152907 156472 156719
185821 2
154597 156984
185824 1
155187
185827 2
154597 156984
185830 6
155725 155736 155831 155806 155895 156280
185834 6
153061 155432 155531 155791 155947 156032
185839 19
151463 151676 151768 151846 152168 154767 154775 154859 154954 155004 155021 155028 155098 156026 156652 156681 156995 157088 157174
185842 1
155187
185844 1
155187
185846 21
151463 151676 151768 151846 152168 154767 154775 154859 154954 155004 155021 155028 155098 156026 156652 156681 156995 157088 157174 152098 154843
185858 2
152098 154843
185862 6
153061 155432 155531 155791 155947 156032
185865 1
155187
185867 6
151130 151365 151417 151830 151831 151852
185868 54
150984 151162 151192 151283 151330 151361 151835 152007 152104 152239 152383 152419 152513 152550 152636 152740 152742 152899 153036 153068 153164 153182 153278 153336 153551 153591 153592 153612 153658 153724 153773 153774 153823 154163 154167 154581 154622 154675 154835 155188 155218 155563 155639 155766 155858 155881 155918 156068 156248 156272 156320 156327 156329 150981
185869 54
154961 151849 154037 152701 153191 153254 154278 156266 155394 152767 153334 153200 151826 153202 152982 154334 156300 154221 154007 152101 155375 151997 152555 154417 156299 156303 156380 156472 154407 153375 155765 155764 154377 155722 155370 153751 153037 152365 155236 155024 153750 154916 154914 153727 152974 154845 154781 153577 154674 154613 153493 152907 152248 151487
185871 1
155187
185876 2
152098 154843
185877 1
155187
185879 19
151463 151676 151768 151846 152168 154767 154775 154859 154954 155004 155021 155028 155098 156026 156652 156681 156995 157088 157174
185880 2
152098 154843
185881 1
151305
185882 25
151130 151365 151417 151830 151831 151852 151463 151676 151846 151768 152168 154767 154775 154859 154954 155004 155021 155028 155098 156026 156652 156681 156995 157088 157174
185885 6
151130 151365 151417 151830 151831 151852
185894 6
153061 155432 155531 155791 155947 156032
185898 6
151130 151365 151417 151830 151831 151852
185899 54
154961 151849 154037 152701 153191 153254 154278 156266 155394 152767 153334 153200 151826 153202 152982 154334 156300 154221 154007 152101 155375 151997 152555 154417 156299 156303 156380 156472 154407 153375 155765 155764 154377 155722 155370 153751 153037 152365 155236 155024 153750 154916 154914 153727 152974 154845 154781 153577 154674 154613 153493 152907 152248 151487
185900 2
152098 154843
