2	10
8	7
16	565
18	71
22	1
24	20
26	14
28	1
32	78
40	36
42	4
48	49
50	31
56	63
64	50
68	1
72	14
80	13
82	10
88	4
96	6
104	15
112	3
128	2
130	4
144	23
146	70
152	14
160	1
162	2
168	6
176	31
178	2
186	5
256	2
272	3
288	1
384	3
400	8
528	23
530	4
1024	275
1032	10
1040	230
1042	18
1044	1
1048	12
1056	61
1064	55
1072	10
1088	7
1092	12
1096	96
1104	5
1120	15
1128	3
1168	1
1184	1
1536	4
1552	11
2048	9
2056	11
2064	19
2072	23
2080	14
2088	73
2096	44
2104	4
2112	5
2116	2
2120	18
2128	16
2144	3
2192	2
2208	1
2320	2
3072	22
3080	19
3088	21
3096	1
3104	12
3136	26
3160	6
4096	4
4112	60
4114	8
4116	4
4120	12
4136	2
4144	2
4168	34
4176	14
4184	4
4624	2
4626	2
5120	21
5128	3
5136	21
5152	1
5184	30
5192	18
5224	3
5632	1
6152	13
6160	6
6176	3
6208	18
6216	7
6248	1
7168	10
7184	1
7208	2
7232	8
7240	2
7272	7
8192	81
8208	20
8224	2
8232	3
8240	2
8352	1
8384	1
9216	26
9232	4
9248	7
9280	6
10240	1
10256	7
10272	12
11264	10
16400	1
24576	1
32768	3
32784	28
32792	3
32800	1
32808	10
32816	18
32848	1
32928	1
33792	1
33808	9
33824	5
33840	1
34824	6
34832	24
34848	2
34904	1
35856	1
36880	4
36888	1
36968	1
37376	1
38944	5
40960	6
40976	15
41984	4
43008	3
65552	18
66560	1
131072	106
131080	2
131088	89
131090	2
131096	5
131104	45
131112	35
131120	71
131128	2
131216	27
131600	3
132096	2
132112	5
132128	14
132136	1
132144	3
133136	6
133152	3
134144	2
134152	1
135184	1
136192	1
137232	1
139264	93
139280	18
139288	1
139296	8
140288	3
141312	2
141344	2
163840	37
163856	76
163872	19
163880	11
164864	4
165888	4
166984	8
172032	38
172048	2
174096	1
196624	1
204816	1
262144	11
262146	1
262160	58
262162	12
262164	1
262168	15
262176	11
262192	24
262200	1
262224	6
262256	1
262272	2
262274	3
262288	51
262304	6
262320	13
262328	3
262400	5
262672	1
263168	7
263184	16
263200	8
264216	2
393232	10
393248	1
393264	1
393400	2
524288	9
524306	1
524312	1
525312	1
525328	3
525376	4
528384	1
528400	6
528448	2
529496	1
530440	2
532496	1
657488	2
1048576	3
1048624	5
1048832	2
1048864	3
1048880	2
1051936	3
2097152	2
2097168	7
2097184	2
2097200	8
2097296	1
2228240	2
4194304	52
4194312	1
4194320	318
4194322	14
4194324	5
4194328	7
4194330	2
4194336	2
4194344	11
4194352	20
4194368	6
4194384	13
4194400	7
4194440	1
4194448	16
4194464	1
4194488	2
4194576	1
4194736	1
4194818	3
4194832	35
4194834	1
4195328	169
4195336	3
4195344	215
4195360	25
4195376	1
4195392	10
4195472	2
4195840	2
4196352	6
4196368	44
4196384	9
4196408	4
4196456	8
4197376	20
4198416	11
4198928	3
4199424	4
4199440	3
4201480	1
4201488	2
4202496	4
4202512	6
4203520	9
4204544	6
4227072	1
4227088	40
4227104	8
4228096	5
4228112	2
4229120	1
4260864	1
4325376	4
4325392	21
4325416	2
4326400	1
4327424	1
4327440	1
4327448	3
4327456	4
4333568	3
4358144	5
4358200	5
4360208	1
4390928	1
4423680	5
4456448	4
4456464	43
4456496	1
4456592	1
4456634	1
4457504	1
4460560	4
4718608	10
4719616	5
4719632	9
4721728	2
4722752	1
4722768	1
4722896	1
4724800	1
4980736	1
5275648	1
5275664	2
6291608	8
8388608	10
8388624	120
8388626	20
8388632	3
8388640	42
8388642	4
8388648	9
8388656	169
8388680	1
8388704	5
8388752	10
8388754	3
8389138	1
8389632	41
8389640	8
8389648	49
8389664	70
8389680	1
8389696	16
8390672	12
8390688	12
8392720	2
8393728	3
8393736	1
8396816	8
8396832	1
8398848	2
8421376	4
8421392	86
8421408	42
8421440	5
8421632	1
8422400	2
8422416	1
8423424	11
8429568	4
8519680	40
8519688	3
8519696	180
8519712	148
8519720	5
8519728	21
8519824	1
8520704	5
8520736	1
8520744	2
8520752	1
8527872	4
8527888	1
8552448	41
8552464	28
8552496	13
8553504	3
8650768	4
8912912	2
8912944	2
8913920	2
12582928	28
12582944	3
12583056	2
12583936	7
12583952	1
12583960	1
12583976	1
12615752	2
12713984	2
12714000	1
12714016	2
12746752	4
12746800	1
16777232	2
16777280	1
16777296	2
16778240	1
16778256	1
16778304	8
16779328	2
16781384	1
16783432	1
17039360	1
17039424	1
20971536	1
20971584	1
20972544	1
33554432	23
33554440	4
33554448	16
33554456	11
33554464	28
33554472	134
33554480	42
33554496	4
33554504	3
33554512	1
33554528	26
33555456	7
33555464	2
33555472	7
33555488	30
33555496	2
33555520	1
33556480	2
33556488	1
33556496	6
33556512	17
33556520	25
33558536	4
33558544	1
33559552	1
33560600	3
33560616	1
33562624	11
33562640	4
33562656	16
33562688	1
33563648	3
33564672	1
33587208	6
33587216	30
33587232	13
33587264	1
33589272	1
33595392	6
33685504	13
33685512	3
33685520	26
33685528	1
33685536	134
33685544	14
33685552	2
33686528	1
33686568	1
33688608	1
33693696	17
33693712	1
33693728	1
33694720	2
33694736	2
33694752	1
33718272	13
33718276	3
33718288	5
33718304	4
33718312	1
33718336	3
33720392	2
33726464	1
33816608	5
33947680	1
35651584	1
35782696	8
35782704	1
35913760	1
37748752	34
37748768	12
37749760	6
37749832	1
37752904	1
37781504	4
37879808	3
37879848	3
41943040	2
41943056	3
41943072	14
41945120	7
50331648	1
67108864	16
67108866	3
67108880	3
67108882	1
67108930	1
67108960	4
67108992	1
67109376	3
67109892	2
67117120	1
67371008	1
67371136	3
71303184	1
75497472	3
75497600	1
83886080	1
83890176	1
134219776	2
268439616	1
268440640	6
536870912	6
536870920	7
536870928	3
536870936	8
536870944	4
536870952	15
536870960	13
536870968	1
536871056	1
536871968	2
536871976	1
536903680	1
537001984	2
537133064	1
537133104	5
541065216	1
541065232	3
541070344	1
541327376	1
541331472	1
545259536	14
545259568	1
545260592	1
1073741840	17
1073741842	26
1073741872	6
1073741968	3
1073742848	9
1073742864	2
1073742880	2
1073745938	1
1073745968	3
1073746944	1
1073747984	1
1074003984	1
1077936128	2
1077936144	4
1077936176	1
1077937152	2
1077937168	1
1082130450	3
1107296288	1
2147483664	22
2147483666	15
2147483728	2
2147484176	1
2147484672	11
2147484688	12
2147484736	2
2147485712	12
2148007952	3
2148012032	2
2151677952	3
2151677968	26
2151678992	3
2151680064	1
2151682064	1
2151710736	2
2155872272	5
2155873280	1
2160066576	2
2214592512	6
2214592514	3
2214592640	1
4295100688	1
4295106560	2
8589934608	2
8589967376	1
8590065664	1
8590065680	1
8590098432	4
8594128912	1
8594259968	3
8594292736	2
8598323216	1
8598324272	2
8598355968	7
8598454272	12
8598487040	1
