18729 384 21 33 3 118 419 235 62 36 5 9 203 79 44 55 0 85 4 167 32 5 2 2 139 137 4 99 6 0 0 9 5 10 0 4
18730 361 21 34 2 119 429 223 70 36 5 9 203 86 47 51 0 82 4 161 32 6 2 2 144 135 4 92 5 0 0 9 5 10 0 4
18731 360 20 39 3 120 466 232 71 38 5 11 218 84 48 54 0 90 3 172 32 5 2 2 157 153 4 95 7 0 0 9 6 12 0 6
18734 363 20 33 2 108 400 212 60 31 5 9 186 74 40 47 0 82 4 155 27 6 2 2 129 136 3 84 5 0 0 8 5 9 0 5
18752 378 12 36 2 128 461 242 72 36 4 12 221 85 47 59 0 92 3 180 32 5 1 2 147 157 3 96 7 0 0 8 6 10 0 6
18806 364 14 69 4 228 836 431 129 66 8 20 392 153 91 99 0 165 7 312 59 11 3 4 270 270 8 179 12 0 1 17 11 21 1 12
18814 365 13 33 3 117 426 235 62 36 6 8 199 81 46 53 0 87 4 173 31 6 3 3 146 137 3 97 4 0 0 8 5 12 0 3
18816 365 13 27 3 107 362 222 53 31 5 7 175 71 36 50 0 77 5 162 28 4 2 3 122 126 2 87 4 0 0 7 4 8 0 2
18818 363 14 41 2 141 505 255 82 40 5 12 246 93 55 64 0 102 2 190 35 7 2 3 160 168 4 103 7 0 1 9 7 12 0 7
18821 364 13 37 2 124 439 224 70 35 5 9 214 84 48 55 0 85 4 167 31 6 2 2 144 142 5 91 6 0 0 9 5 10 0 6
18823 362 13 27 3 102 354 214 56 30 5 6 173 70 39 48 0 77 5 157 27 5 3 3 124 123 3 91 3 0 0 6 4 9 0 2
18826 361 13 36 2 128 463 240 73 35 5 10 222 88 53 55 0 93 4 177 31 6 2 3 156 153 3 97 6 0 0 9 7 11 0 5
18827 362 13 33 2 113 430 230 61 36 6 9 197 81 45 46 0 83 4 170 31 5 2 3 143 138 3 91 5 0 0 9 6 11 0 4
18838 400 23 34 2 115 426 227 66 37 5 9 203 82 48 54 0 86 4 168 30 5 2 2 142 141 3 94 6 0 0 8 5 10 0 4
18840 380 41 73 5 245 890 462 139 70 8 20 432 162 94 106 0 182 6 330 65 13 2 4 290 292 7 189 13 0 1 19 12 22 1 13
18842 382 41 32 2 118 422 227 64 34 5 9 207 80 45 57 0 84 4 170 29 6 2 1 144 141 4 89 5 0 0 8 5 9 0 5
18853 399 44 32 3 119 435 242 65 36 5 9 210 84 45 52 0 87 6 175 33 5 2 3 145 146 4 101 5 0 0 8 7 12 0 3
18854 401 44 31 2 106 399 217 59 31 5 8 181 74 40 51 0 83 5 161 30 6 2 2 130 136 3 87 5 0 0 9 5 9 0 4
18858 400 44 33 2 110 419 225 61 35 5 8 196 76 42 54 0 84 5 174 32 6 2 2 137 142 3 90 4 0 0 8 5 10 0 3
18861 397 41 35 3 121 437 236 66 39 4 9 211 83 44 64 0 93 4 179 32 5 1 3 137 147 4 96 6 0 0 8 6 8 0 5
18863 410 40 33 2 109 414 217 62 36 5 9 192 76 43 48 0 82 4 155 32 6 2 3 138 137 3 85 6 0 0 7 5 10 0 5
18869 405 37 32 3 115 425 236 65 35 5 9 204 80 43 53 0 89 5 170 33 6 2 3 144 144 4 95 5 0 0 8 4 10 0 4
18872 405 37 60 5 210 764 419 114 63 9 17 363 143 80 92 0 151 8 296 55 10 3 4 257 253 5 170 10 0 1 17 9 20 1 9
18873 406 36 30 2 107 383 225 56 37 5 7 182 74 37 42 0 75 6 150 32 5 2 2 132 124 4 88 4 0 0 8 5 9 0 3
18879 425 47 30 1 105 369 209 57 30 5 7 174 70 40 41 0 77 3 144 27 4 2 2 121 126 2 85 5 0 0 7 5 8 0 4
18881 441 34 38 2 125 472 237 73 37 4 11 216 85 51 53 0 96 3 172 32 6 2 2 156 153 3 94 7 0 0 9 6 14 0 6
18882 436 25 31 2 113 410 226 63 35 5 9 190 78 41 47 0 84 5 158 31 5 2 2 138 137 4 90 5 0 0 8 4 9 0 4
18883 421 30 24 3 94 329 206 49 29 5 7 149 69 34 38 0 67 5 151 27 4 3 2 116 110 2 85 3 0 0 8 4 8 0 1
18889 421 30 29 3 105 373 216 57 33 5 8 178 74 38 46 0 78 3 150 29 5 2 2 122 125 3 89 5 0 0 7 4 9 0 3
18894 420 26 30 2 103 377 213 54 32 5 8 173 70 38 39 0 74 5 147 28 5 2 2 130 123 1 85 4 0 0 7 5 9 0 4
18895 406 24 30 2 105 392 213 57 33 5 8 182 72 39 51 0 77 5 162 29 6 2 2 132 131 4 84 5 0 0 8 4 11 0 4
18898 406 24 30 2 113 391 229 60 32 5 7 180 78 40 55 0 83 5 167 29 4 2 3 130 136 2 93 4 0 0 9 5 9 0 3
18899 406 24 35 1 115 435 230 62 35 4 10 198 81 45 51 0 87 4 166 31 6 2 2 142 143 3 92 6 0 0 8 5 10 0 5
18904 406 24 30 2 106 398 214 61 34 5 9 189 76 41 45 0 80 5 153 31 5 2 2 133 132 3 83 5 0 0 7 5 9 0 4
18905 406 24 32 2 120 414 227 68 34 5 9 208 81 45 59 0 87 3 163 29 6 1 3 138 138 3 93 5 0 0 8 5 9 0 6
18909 371 18 38 2 132 465 243 75 38 4 10 228 86 49 56 0 91 3 176 33 6 1 3 150 157 4 95 6 0 0 9 5 11 0 7
18911 391 22 65 4 222 823 435 127 68 9 19 380 154 87 96 0 167 8 321 59 12 4 5 270 273 7 175 11 0 1 16 9 20 1 10
18912 388 21 34 2 120 429 235 67 33 4 9 205 81 45 47 0 85 4 163 32 5 2 1 141 145 3 93 6 0 0 9 6 10 0 5
18915 388 21 34 3 112 417 216 60 35 5 9 199 80 44 56 0 86 4 167 31 5 2 2 139 134 3 93 5 0 0 8 5 11 0 4
18917 396 24 40 1 133 480 251 78 37 5 12 228 90 53 57 0 95 3 181 33 6 2 3 153 158 4 103 7 0 0 9 7 11 0 6
18918 397 24 28 3 105 363 211 61 33 5 7 177 73 38 39 0 75 5 139 29 5 2 2 129 119 3 83 4 0 0 7 4 9 0 3
18959 412 52 28 2 97 343 204 51 31 6 6 161 72 36 45 0 72 6 145 27 5 2 2 120 113 3 84 3 0 0 7 4 8 0 2
18960 416 52 32 2 107 400 209 61 34 5 8 192 75 43 54 0 81 3 159 30 6 2 2 138 126 4 88 5 0 0 8 4 10 0 4
18961 418 52 35 2 124 430 241 65 36 6 9 199 80 45 52 0 88 4 171 31 6 3 2 138 146 3 93 5 0 0 9 6 10 0 5
18964 417 52 38 1 123 445 230 72 36 4 10 210 84 47 55 0 90 3 167 31 6 2 2 142 144 3 91 7 0 0 8 6 11 0 6
18967 450 26 35 2 118 423 221 67 34 4 11 209 80 46 53 0 88 3 160 30 6 2 1 136 139 3 92 6 0 0 8 6 10 0 5
18968 450 26 34 2 112 426 212 65 36 5 10 204 77 44 55 0 85 4 162 31 7 2 1 142 139 4 86 5 0 0 7 4 11 0 6
18969 396 18 37 3 114 459 229 63 37 5 10 214 81 46 48 0 89 4 174 33 7 2 2 151 149 4 91 6 0 0 9 7 13 0 5
18972 405 26 34 2 130 463 259 67 36 5 10 226 83 49 59 0 95 4 189 31 6 2 2 149 163 3 102 6 0 0 9 5 11 0 5
18973 332 32 33 2 117 420 226 72 35 5 9 204 82 45 55 0 87 4 165 28 6 2 2 140 140 4 96 5 0 0 7 5 12 0 4
18978 341 19 36 1 125 463 247 69 40 5 10 211 85 50 53 0 89 4 179 34 6 2 3 153 154 4 101 5 0 0 9 5 12 0 4
18987 339 13 29 2 110 375 218 57 33 5 8 177 76 40 49 0 75 5 156 28 5 2 2 125 125 3 90 5 0 0 8 5 9 0 3
19001 354 15 33 3 109 413 218 61 37 5 8 195 76 42 48 0 83 4 164 31 6 2 3 137 134 3 94 5 0 0 8 4 11 0 5
19003 354 14 30 2 108 373 216 59 30 4 8 182 70 39 53 0 79 4 158 27 5 2 2 120 128 3 88 4 0 0 8 5 9 0 4
19004 355 13 34 2 116 422 222 62 38 4 8 202 81 44 56 0 89 3 163 31 6 2 2 142 137 4 92 5 0 0 9 5 10 0 4
19006 355 13 37 2 121 449 245 70 37 5 9 210 88 48 52 0 90 4 178 32 6 2 3 144 156 4 96 5 0 0 9 7 11 0 4
19007 355 13 64 5 222 795 424 126 69 10 17 390 151 85 100 0 156 8 311 59 11 4 4 272 258 8 172 10 0 0 16 10 20 1 8
19011 370 12 33 2 108 416 227 56 35 5 8 193 74 41 48 0 80 4 173 32 5 3 2 141 143 3 87 4 0 0 9 5 11 0 4
19017 385 26 36 2 124 441 227 75 37 5 10 215 85 48 51 0 87 4 165 33 6 2 3 146 144 3 93 6 0 0 8 5 11 0 6
19037 442 28 37 2 127 449 234 71 39 5 10 217 85 48 54 0 91 4 173 33 5 2 2 149 142 4 96 5 0 0 8 6 11 0 5
19111 427 19 31 3 115 415 226 65 36 5 9 191 74 44 51 0 82 4 166 31 6 2 3 136 142 4 86 6 0 0 9 5 11 0 4
19134 437 31 36 2 119 446 237 67 36 5 9 203 82 46 56 0 90 4 176 29 6 2 3 141 148 4 94 6 0 0 9 6 11 0 5
19137 437 31 33 2 108 416 214 59 37 6 8 189 75 44 51 0 83 4 164 31 6 2 2 134 136 4 85 5 0 0 9 4 11 0 5
19148 392 24 35 3 116 428 239 62 39 5 9 199 76 41 49 0 87 5 169 36 6 2 3 140 149 4 97 4 0 0 9 5 10 0 4
19150 400 26 33 2 113 401 221 62 34 4 9 196 75 42 56 0 83 4 158 29 6 1 2 130 136 3 89 5 0 0 9 5 9 0 5
19161 397 12 37 2 125 441 231 72 34 4 9 219 81 47 55 0 90 3 168 30 6 1 2 139 153 4 92 6 0 0 8 6 9 0 6
19206 510 63 27 2 103 348 208 57 28 4 7 171 69 36 48 0 72 4 148 26 5 2 3 114 119 3 86 4 0 0 6 4 8 0 3
19212 513 63 32 2 119 428 236 65 36 5 8 208 87 47 54 0 85 5 172 32 6 3 2 149 141 4 96 4 0 0 9 5 10 0 4
19218 494 31 37 2 120 446 237 69 37 5 8 210 82 46 48 0 87 4 170 33 6 2 2 144 148 4 91 6 0 0 9 5 11 0 5
19219 469 17 35 2 111 435 219 62 36 4 10 196 74 45 48 0 84 5 163 31 6 2 2 139 143 4 88 6 0 0 8 5 11 0 5
19243 387 12 34 2 113 425 222 61 35 4 8 192 81 44 50 0 86 4 169 29 6 2 1 139 138 3 89 5 0 0 9 5 10 0 5
19248 388 12 25 3 93 339 203 49 30 5 7 151 67 33 45 0 70 6 147 26 4 2 3 110 114 3 84 3 0 0 6 4 8 0 2
19297 241 43 31 2 110 385 226 58 31 4 8 172 71 39 39 0 78 4 157 28 5 2 2 124 133 4 86 4 0 0 8 5 9 0 4
19300 241 43 39 2 128 460 240 71 37 4 11 219 85 48 54 0 89 3 169 34 6 1 2 151 150 3 98 6 0 0 8 5 11 0 7
19301 280 41 38 1 126 470 227 75 37 4 11 221 83 52 55 0 90 3 167 33 6 1 2 156 146 3 94 8 0 0 9 5 12 0 7
19304 277 41 64 5 221 801 441 121 67 10 17 380 149 81 94 0 159 9 318 58 11 5 4 265 268 6 177 10 0 1 16 11 21 1 8
19308 278 41 38 1 123 473 236 71 36 5 10 224 83 50 56 0 91 4 178 32 6 2 3 153 153 4 95 6 0 0 9 6 11 0 5
19309 286 41 33 3 113 410 225 63 35 5 8 193 75 42 42 0 75 3 155 33 5 2 1 141 139 2 90 5 0 0 8 5 10 0 4
19310 259 43 31 3 112 407 217 66 34 4 9 200 75 46 48 0 79 4 153 32 6 1 2 139 131 4 91 5 0 0 8 4 10 0 5
19315 260 41 28 2 98 352 201 52 29 4 7 165 67 35 40 0 73 4 141 28 5 2 2 125 119 4 79 4 0 0 7 4 9 0 3
19317 258 41 30 2 107 384 218 56 34 5 7 186 76 42 54 0 76 5 157 30 6 2 3 127 128 4 89 5 0 0 8 4 10 0 3
19321 259 41 33 2 113 413 227 67 36 6 8 193 81 45 50 0 83 5 165 30 6 2 2 135 136 3 89 4 0 0 8 6 10 0 3
19329 258 41 35 2 110 427 217 64 38 5 9 202 80 45 52 0 85 5 162 32 6 2 1 145 137 4 89 5 0 0 9 5 11 0 3
19342 257 41 33 2 112 426 230 60 34 4 9 196 78 42 49 0 81 5 172 33 6 2 2 145 141 3 90 5 0 0 7 6 12 0 3
19345 254 41 31 2 113 387 224 66 31 4 8 193 73 43 41 0 77 4 146 29 6 2 2 132 129 3 90 5 0 0 8 6 10 0 4
19349 277 49 33 4 117 415 234 65 38 5 8 201 78 43 44 0 79 5 157 33 5 2 3 143 140 3 90 4 0 0 8 5 11 0 4
19350 277 49 29 3 110 378 229 61 32 5 8 185 76 39 48 0 75 5 159 28 5 2 3 125 130 3 91 4 0 0 8 4 10 0 3
19353 253 43 35 3 116 433 222 70 37 5 10 208 83 46 46 0 83 5 159 33 6 3 2 152 137 3 89 6 0 0 7 5 11 0 4
19355 252 42 38 2 124 458 234 74 36 4 12 214 83 49 53 0 88 3 169 32 7 1 2 149 150 4 95 7 0 1 9 7 10 0 7
19369 265 41 66 5 220 812 441 117 70 8 16 388 158 86 111 0 163 11 335 56 11 4 5 271 262 9 185 10 0 1 17 10 20 1 7
19375 265 41 34 3 111 435 232 60 35 4 10 198 75 41 48 0 84 4 166 34 5 1 3 146 143 4 93 6 0 0 10 5 10 0 4
19383 267 46 36 2 121 438 233 64 37 4 9 206 83 43 53 0 85 6 169 33 6 2 2 145 146 4 96 6 0 0 8 6 11 0 4
19387 261 44 35 2 116 443 244 68 37 4 9 210 82 44 55 0 85 6 178 34 6 2 3 146 149 4 100 6 0 0 8 6 11 0 4
19393 249 41 35 2 121 424 230 68 34 5 9 198 77 45 49 0 85 3 163 29 7 2 2 136 141 3 89 6 0 0 8 5 10 0 5
19395 251 41 35 2 120 435 221 69 35 4 10 219 80 46 57 0 85 3 163 32 7 1 1 142 143 3 90 6 0 0 8 5 10 0 7
19396 251 41 33 2 116 429 223 66 37 5 9 208 80 45 52 0 86 4 170 32 7 2 2 149 138 4 91 5 0 0 9 4 11 0 4
19403 249 41 28 2 101 367 215 54 29 4 8 177 71 38 41 0 72 4 147 26 5 2 2 125 122 3 85 4 0 0 8 4 10 0 3
19408 307 38 35 3 130 440 239 71 37 4 9 216 85 48 58 0 90 4 174 32 5 2 3 148 143 3 96 5 0 0 9 6 10 0 5
19415 299 34 34 2 107 415 214 59 35 5 9 191 74 44 44 0 75 5 153 29 6 2 2 141 130 3 84 5 0 0 8 5 11 0 5
19420 299 34 40 2 132 475 243 77 38 4 11 229 87 52 62 0 94 2 180 33 7 1 2 151 157 4 97 7 0 0 9 6 11 0 7
19423 278 40 32 2 115 424 219 65 35 4 9 200 77 45 55 0 84 4 167 30 6 1 1 137 139 3 90 6 0 0 8 5 9 0 6
19424 252 37 35 3 119 424 231 66 35 4 9 206 80 45 55 0 84 4 168 30 5 2 2 136 140 3 94 6 0 0 9 6 10 0 5
19429 252 36 37 2 122 436 230 65 38 5 10 212 85 47 56 0 87 4 169 35 6 2 2 146 143 5 94 6 0 0 8 5 11 0 5
19434 265 34 33 2 117 409 225 64 33 4 8 187 78 44 51 0 82 5 161 32 6 1 2 133 134 4 91 6 0 0 9 5 9 0 5
19438 265 34 34 3 133 448 253 74 38 5 10 222 87 50 57 0 92 4 181 33 6 2 2 151 150 3 103 7 0 0 8 5 12 0 5
19441 265 34 29 2 103 365 209 58 32 4 8 174 72 37 41 0 71 4 142 28 4 2 2 123 116 2 84 4 0 0 6 5 9 0 3
19443 235 16 35 3 115 449 225 69 36 4 10 206 78 47 52 0 88 5 167 33 6 2 2 150 145 3 89 7 0 0 8 6 11 0 5
19444 253 11 29 3 105 377 205 57 31 4 8 183 74 41 48 0 75 4 144 25 5 2 2 123 118 4 83 5 0 0 8 5 9 0 4
19446 236 12 32 2 109 402 218 59 35 5 8 194 76 43 46 0 78 4 158 29 6 2 2 138 135 3 87 4 0 0 8 5 10 0 4
19447 235 12 32 3 111 422 226 63 34 5 8 199 80 44 49 0 82 5 166 32 5 2 2 144 142 3 87 4 0 0 8 5 11 0 4
19449 263 20 36 3 114 441 237 60 37 5 9 202 76 43 52 0 87 5 172 30 6 2 3 143 149 4 93 5 0 0 9 6 11 0 3
19450 257 12 33 2 106 396 228 52 34 4 7 180 72 40 49 0 78 3 161 30 5 2 3 131 136 2 91 5 0 0 9 6 9 0 4
19455 257 12 68 5 218 837 414 124 69 8 20 400 156 88 106 0 166 7 317 59 11 3 4 282 263 9 175 12 0 1 16 10 21 1 10
19470 346 16 36 2 125 445 246 67 37 5 10 216 85 47 54 0 90 4 176 34 6 1 2 151 149 5 100 6 0 0 7 5 11 0 5
19471 354 41 33 2 117 417 236 58 33 4 10 197 73 41 52 0 84 3 170 29 5 1 2 136 143 2 91 5 0 0 9 6 9 0 4
19472 354 41 31 2 113 391 231 62 32 5 9 193 72 40 49 0 78 4 158 28 5 2 2 131 133 3 92 5 0 0 8 5 10 0 4
19474 355 40 37 2 117 446 236 63 38 5 9 203 79 45 57 0 87 4 174 35 6 2 2 147 147 4 95 6 0 0 9 5 11 0 6
19478 355 40 31 2 110 400 224 61 33 5 8 193 77 43 49 0 77 4 161 30 5 2 2 138 131 3 89 5 0 0 8 5 10 0 4
19481 342 20 60 4 211 745 421 108 63 9 15 347 142 79 78 0 150 8 296 57 10 4 4 249 250 3 169 9 0 0 15 10 19 1 7
19483 367 23 37 3 130 478 252 73 38 5 10 230 89 50 57 0 96 4 184 35 6 1 3 157 159 4 103 6 0 0 9 7 12 0 5
19484 346 11 39 2 121 472 235 67 39 5 10 214 84 49 59 0 89 4 181 34 7 2 2 151 153 4 93 6 0 0 9 6 12 0 5
19487 345 11 35 2 114 429 219 65 37 5 10 205 77 46 54 0 81 4 170 32 7 2 1 148 139 4 91 5 0 0 8 4 11 0 5
19495 324 13 30 2 108 393 221 57 32 5 8 181 73 41 51 0 79 5 163 28 5 2 3 137 130 3 91 4 0 0 8 4 10 0 4
19499 322 13 34 2 106 426 230 55 38 5 8 179 74 39 42 0 80 5 171 33 6 2 3 142 141 3 95 4 0 0 8 5 12 0 3
19501 322 13 36 2 120 432 233 69 36 4 9 205 79 44 53 0 85 4 168 31 6 1 2 141 144 4 93 6 0 0 8 5 11 0 5
19511 311 12 39 2 138 482 258 75 38 4 10 232 88 51 59 0 96 3 185 33 6 1 1 155 165 3 96 6 0 0 9 7 11 0 6
19515 314 13 31 2 110 400 220 63 35 5 8 192 77 46 54 0 81 4 166 29 5 2 3 134 132 4 92 4 0 0 7 5 10 0 3
19519 283 21 35 2 117 456 231 68 37 5 11 209 80 49 51 0 89 4 168 33 6 2 3 151 145 3 93 6 0 0 8 5 11 0 5
19525 283 21 66 5 232 848 459 132 66 9 19 405 158 88 104 0 174 8 334 59 11 4 4 272 291 6 177 12 0 1 17 12 19 1 10
19542 285 25 34 2 116 427 222 68 33 4 9 203 79 47 51 0 82 4 159 29 6 1 1 141 137 3 87 6 0 0 9 5 9 0 6
19548 294 28 28 3 103 363 211 57 30 5 7 182 73 40 56 0 76 4 155 25 4 2 3 123 120 4 89 4 0 0 8 5 8 0 3
19554 291 27 33 2 113 426 223 67 34 5 10 197 77 44 47 0 86 5 160 32 5 2 2 139 140 2 90 6 0 0 8 6 9 0 5
19566 290 26 34 2 116 426 221 65 35 4 9 208 80 46 56 0 86 3 161 30 5 1 2 140 138 3 91 6 0 0 9 5 9 0 6
19567 299 29 31 2 112 397 236 58 32 5 7 181 78 40 44 0 84 5 168 28 5 3 2 131 137 3 99 4 0 0 8 4 10 0 3
19568 321 12 28 3 101 370 213 51 32 5 7 159 72 36 37 0 70 6 153 27 5 2 2 126 122 2 86 4 0 0 7 5 11 0 2
19572 364 48 37 3 120 442 236 67 37 4 9 198 81 46 46 0 87 3 173 32 6 1 2 143 150 3 98 5 0 0 9 6 12 0 6
19574 372 48 32 4 116 405 230 64 33 4 8 195 78 43 45 0 80 4 157 29 5 2 3 139 138 3 90 5 0 0 9 5 10 0 4
19581 366 48 60 5 220 791 440 123 66 10 19 371 147 82 93 0 162 10 320 59 9 4 5 268 270 6 173 9 0 1 14 10 17 1 8
19583 365 48 29 2 106 380 219 59 30 5 8 184 69 39 50 0 78 5 152 27 4 2 3 125 130 2 84 5 0 0 7 5 8 0 4
19586 366 48 37 1 121 450 229 72 35 4 10 216 81 50 57 0 90 3 169 31 7 1 2 145 150 4 92 6 0 0 8 6 9 0 6
19588 419 33 35 3 123 430 239 70 35 5 9 208 79 47 48 0 86 4 168 31 6 2 2 146 145 2 91 5 0 0 9 6 10 0 5
19590 396 23 33 3 112 413 227 61 34 5 9 194 78 42 48 0 84 4 163 30 5 2 2 139 135 3 94 5 0 0 8 5 10 0 4
19594 379 22 37 2 122 472 240 68 37 4 12 223 83 50 55 0 90 4 173 34 7 1 2 156 155 4 94 7 0 0 9 6 11 0 6
19596 380 22 34 2 109 428 214 63 35 5 9 200 79 45 47 0 86 4 159 31 5 2 1 141 141 2 85 5 0 0 7 6 11 0 5
19597 380 22 34 3 116 418 235 62 37 5 9 195 80 44 49 0 88 4 171 31 4 2 3 140 142 3 95 5 0 0 8 6 12 0 3
19606 249 18 64 5 219 806 428 123 66 10 18 391 154 87 103 0 160 9 315 58 11 3 4 271 265 8 175 11 0 1 15 10 20 1 10
19612 312 23 32 3 109 402 223 64 32 5 7 190 78 40 46 0 80 6 161 28 4 2 2 138 136 3 86 4 0 0 8 5 10 0 3
19617 371 29 36 2 118 440 225 69 36 5 10 210 81 48 50 0 86 4 166 33 6 1 2 144 145 4 91 6 0 0 9 5 12 0 6
19655 383 42 37 2 128 468 249 73 37 5 11 224 86 52 53 0 90 3 181 35 7 1 3 155 157 3 98 7 0 0 9 6 12 0 5
19661 382 41 39 2 126 477 240 71 37 4 11 223 85 52 58 0 93 4 181 33 6 1 2 151 153 4 98 7 0 0 10 7 11 0 7
19664 365 12 35 2 121 452 241 62 40 5 11 215 87 48 55 0 88 5 184 36 5 2 2 153 146 4 96 5 0 0 8 6 10 0 3
19667 359 12 36 2 123 464 239 69 37 5 11 220 84 50 60 0 94 4 176 32 6 1 2 152 150 4 101 7 0 0 8 6 12 0 6
19686 360 27 30 3 103 403 217 53 36 6 8 184 74 41 50 0 83 6 165 32 5 2 2 144 131 4 90 4 0 0 8 4 10 0 3
19693 362 27 33 2 120 421 234 63 34 4 9 201 75 44 62 0 87 3 170 31 6 1 3 135 146 3 94 6 0 0 8 5 10 0 5
19710 353 11 35 2 115 433 224 63 34 5 9 197 78 47 52 0 82 4 168 29 6 2 2 141 141 3 91 6 0 0 9 4 10 0 5
19724 378 22 34 2 125 442 241 68 35 4 10 213 80 45 54 0 88 4 168 32 5 1 2 141 150 4 91 6 0 0 9 6 10 0 6
19725 371 17 34 2 120 448 241 65 37 6 9 195 79 45 45 0 82 5 174 33 7 2 2 152 148 4 92 5 0 0 10 5 12 0 4
19741 313 48 35 2 114 441 232 62 35 5 9 204 79 45 50 0 84 5 171 31 6 2 3 146 145 4 97 5 0 0 9 6 11 0 4
19743 295 22 34 2 111 418 224 66 34 4 10 189 74 45 44 0 77 4 157 31 6 2 2 135 137 4 86 6 0 0 9 6 10 0 5
19745 295 22 31 2 105 399 214 57 36 6 8 185 76 43 41 0 74 6 152 31 5 2 2 139 126 3 90 4 0 0 7 4 12 0 3
19748 308 19 32 2 114 413 226 62 34 5 9 193 75 42 49 0 82 4 166 30 5 2 2 137 138 3 90 4 0 0 8 5 9 0 5
19750 290 13 29 2 109 395 228 59 33 5 8 188 77 41 51 0 77 4 161 30 5 2 2 131 136 3 89 5 0 0 7 6 10 0 3
19756 361 25 31 3 113 418 228 60 35 4 9 200 76 45 48 0 83 4 167 30 5 2 2 141 139 3 90 4 0 0 9 6 10 0 4
19759 361 24 30 2 104 385 197 58 31 4 8 183 70 41 48 0 76 3 148 28 6 1 1 130 123 3 80 5 0 0 8 4 9 0 5
19760 346 19 31 2 95 389 206 51 36 6 7 180 73 39 49 0 76 7 163 33 5 3 2 133 123 4 83 4 0 0 8 4 9 0 2
19761 329 19 40 2 123 478 230 70 39 5 12 224 83 51 55 0 92 3 170 34 7 1 1 154 152 4 90 8 0 0 9 6 12 0 7
19766 328 19 67 5 218 840 433 121 71 10 18 399 150 90 102 0 164 7 321 63 12 4 4 281 273 8 172 12 0 1 17 8 22 1 11
19767 327 19 35 2 115 430 222 67 35 4 9 200 79 46 52 0 82 4 162 32 6 2 2 145 138 4 89 6 0 0 8 5 11 0 6
19771 329 19 31 3 100 383 204 58 34 5 8 175 70 39 43 0 72 6 150 32 5 2 2 134 121 3 82 4 0 0 8 4 9 0 3
19855 297 16 32 2 114 408 220 64 37 5 8 203 79 44 57 0 82 5 166 31 6 2 2 142 135 4 92 5 0 0 9 4 9 0 4
19856 478 132 36 2 127 434 238 74 34 4 9 214 83 49 60 0 88 3 171 32 5 1 2 140 146 3 95 7 0 0 7 6 10 0 6
19861 494 130 38 2 120 448 232 69 39 5 9 203 84 46 51 0 85 4 170 35 6 2 3 150 143 4 96 6 0 0 8 6 11 0 5
19871 484 128 31 2 106 374 223 56 32 5 7 173 75 39 43 0 75 6 156 30 5 2 3 123 126 3 92 4 0 0 8 5 9 0 3
19872 483 128 33 2 115 442 235 63 37 6 9 203 81 44 50 0 89 5 178 32 6 2 3 149 150 4 94 4 0 0 8 6 11 0 4
19873 489 124 34 2 112 401 234 64 33 5 8 184 77 42 43 0 79 5 162 29 6 2 2 130 135 3 93 5 0 0 8 6 11 0 4
19876 494 124 37 2 125 452 237 68 37 5 11 211 83 46 58 0 90 3 176 32 6 1 2 145 147 4 97 6 0 0 9 7 10 0 6
19877 501 125 64 6 226 801 430 134 66 9 19 387 153 87 94 0 159 8 311 61 11 4 5 271 263 8 175 10 0 1 16 10 20 1 9
19885 505 124 38 2 117 434 227 68 37 5 10 204 81 46 50 0 82 4 161 31 6 2 2 145 138 4 93 6 0 0 8 5 11 0 5
19886 498 124 39 2 135 497 260 77 40 5 12 241 89 52 65 0 106 3 194 33 6 2 2 157 170 4 103 8 0 0 9 7 11 0 7
19888 517 134 32 3 106 401 228 56 36 5 8 191 75 42 49 0 82 5 165 33 5 2 3 135 133 4 93 4 0 0 7 5 9 0 2
19892 515 132 34 3 119 423 237 65 37 5 11 206 84 46 54 0 87 5 172 32 5 2 2 143 140 4 100 5 0 0 8 5 10 0 3
19895 515 132 35 2 118 423 225 69 35 4 10 204 79 45 56 0 86 3 167 29 6 2 1 141 140 3 90 5 0 0 9 6 9 0 5
19902 426 57 31 2 109 398 226 59 35 5 8 185 78 42 47 0 77 4 163 29 6 2 3 137 131 4 91 5 0 0 9 5 11 0 4
19903 453 59 39 2 125 470 236 71 38 4 11 221 84 50 57 0 92 3 174 34 7 1 2 151 152 5 97 7 0 0 9 6 11 0 7
19914 403 29 38 3 127 475 244 73 38 5 10 225 86 51 58 0 97 3 184 33 6 2 2 152 159 3 97 6 0 0 10 7 11 0 6
19918 419 32 68 5 220 814 437 119 69 9 17 379 150 84 90 0 159 8 319 60 11 3 4 265 268 7 175 11 0 1 18 10 20 1 10
19919 420 32 32 4 117 407 223 68 35 5 8 196 81 43 50 0 80 4 163 31 5 2 2 140 134 3 91 5 0 0 9 5 9 0 4
19923 419 31 61 5 221 761 440 126 64 11 16 375 147 82 92 0 154 8 303 56 11 5 5 263 259 6 168 9 0 1 17 11 18 1 8
19924 419 31 35 1 116 427 230 64 35 5 10 198 77 46 50 0 82 4 167 31 6 1 2 138 140 3 91 6 0 0 9 5 9 0 5
19929 421 31 37 3 129 461 246 73 41 6 9 216 86 50 52 0 87 4 177 34 7 2 2 152 155 5 96 6 0 0 10 6 12 0 6
19932 419 33 32 2 111 412 239 55 33 5 9 184 76 41 53 0 84 5 180 30 5 2 2 136 141 3 94 4 0 0 8 6 10 0 3
19934 406 28 35 2 122 431 232 69 33 4 10 213 77 45 57 0 89 3 168 29 5 1 1 144 147 3 90 5 0 0 9 6 9 0 6
19938 415 29 36 2 120 448 234 66 38 5 10 210 81 46 52 0 90 5 173 34 5 2 2 148 144 4 95 6 0 0 9 6 11 0 5
19939 404 28 33 2 113 412 224 69 34 5 8 195 78 44 50 0 81 4 157 30 6 1 2 137 133 3 89 6 0 0 9 5 10 0 5
19941 405 28 33 3 111 432 227 64 37 6 9 196 78 44 52 0 85 5 173 34 6 3 2 145 140 4 91 5 0 0 8 5 10 0 3
19953 406 28 27 3 110 356 224 59 31 5 7 171 76 37 45 0 73 5 152 28 4 2 2 121 123 4 86 4 0 0 8 4 8 0 3
19968 352 11 34 2 118 436 229 67 37 5 9 203 80 46 51 0 85 4 167 33 6 2 2 144 141 3 92 6 0 0 8 5 11 0 5
19969 369 11 34 2 110 413 223 61 34 5 9 193 78 43 47 0 84 5 161 29 4 2 2 135 134 3 92 6 0 0 8 7 11 0 4
19972 363 11 31 3 103 385 216 57 33 5 8 185 73 40 46 0 78 4 157 30 4 3 3 132 131 3 86 4 0 0 7 5 10 0 4
19997 387 18 26 3 96 340 206 51 28 5 6 157 65 34 43 0 73 5 149 24 4 2 2 112 123 3 80 4 0 0 8 4 7 0 2
20000 399 58 33 2 111 432 221 62 34 5 10 205 79 45 54 0 83 4 169 30 6 2 2 142 140 5 91 5 0 0 9 5 10 0 5
20010 401 58 63 3 208 762 423 117 63 8 16 367 143 79 95 0 152 8 298 55 10 4 4 251 252 7 172 11 0 1 15 11 18 1 9
20015 424 49 39 3 132 491 258 70 41 5 11 232 86 49 56 0 95 3 185 36 6 2 3 160 165 4 102 8 0 0 11 6 13 0 6
20022 425 53 39 2 129 467 238 74 37 4 11 225 84 49 57 0 94 3 177 33 6 1 2 152 153 3 95 7 0 0 8 6 10 0 7
20027 428 51 29 3 114 396 235 57 33 5 8 189 79 39 47 0 78 6 163 31 5 2 3 136 136 4 97 4 0 0 7 3 10 0 3
20028 426 51 34 3 116 440 239 60 38 5 10 204 82 44 56 0 86 5 179 33 6 2 3 153 144 5 102 5 0 0 8 5 12 0 3
20036 382 11 63 4 218 804 429 122 68 11 18 390 148 88 101 0 156 9 320 60 12 4 5 272 269 9 175 10 0 1 15 9 19 1 8
20045 316 17 31 3 105 404 216 59 34 5 9 192 75 40 46 0 79 5 156 30 6 2 2 136 134 4 86 5 0 0 8 4 10 0 4
20056 354 17 33 3 118 408 228 63 36 5 8 203 78 40 58 0 84 4 174 31 5 2 3 134 142 4 92 5 0 0 8 5 10 0 4
20059 427 25 34 2 116 424 222 64 37 5 9 197 82 47 53 0 84 4 166 31 7 2 3 140 138 5 92 5 0 0 10 5 10 0 5
20060 452 25 37 2 125 447 234 72 37 4 10 217 81 47 56 0 89 3 169 33 6 1 2 145 151 3 92 7 0 0 9 5 11 0 6
20096 424 11 34 3 124 433 246 66 35 4 8 204 82 47 52 0 87 3 175 29 6 2 2 142 146 3 96 6 0 0 9 5 10 0 5
20164 362 24 30 3 113 382 221 62 32 5 8 189 76 39 49 0 80 5 158 29 5 2 2 130 132 4 85 4 0 0 7 4 8 0 4
20165 362 23 35 2 128 453 249 73 37 5 9 217 84 50 51 0 90 4 179 34 6 2 3 150 151 4 96 6 0 0 9 6 11 0 5
20172 362 23 40 2 126 481 240 74 39 5 11 225 87 53 54 0 90 4 175 35 7 2 2 159 153 4 96 7 0 0 9 6 13 0 6
20173 362 23 35 3 120 441 233 68 36 5 9 202 82 45 46 0 83 4 163 31 6 3 2 151 142 3 93 6 0 0 9 6 12 0 5
20174 479 37 37 2 126 468 244 68 36 5 11 227 89 49 55 0 92 5 172 33 6 2 2 157 147 4 98 6 0 0 8 7 12 0 5
20182 370 33 31 2 110 406 228 58 33 5 9 191 75 44 42 0 80 4 161 30 5 2 2 138 135 2 89 5 0 0 9 6 11 0 3
20184 368 33 34 2 119 425 231 67 34 5 9 200 82 45 53 0 85 4 166 31 5 2 2 131 144 3 94 6 0 0 9 5 9 0 5
20189 365 12 123 10 433 1558 879 234 133 21 31 729 305 165 187 0 312 18 631 118 22 10 10 511 525 15 353 19 1 2 33 22 40 1 15
20192 366 19 36 2 121 452 237 68 36 4 10 220 83 47 56 0 87 4 173 32 6 2 3 150 151 4 96 6 0 0 9 5 11 0 6
20198 365 18 68 5 232 852 446 131 71 9 17 404 158 91 105 0 172 8 323 64 12 3 4 282 273 9 184 12 0 1 18 10 22 1 10
20199 402 18 70 5 237 875 467 136 67 8 20 415 163 94 112 0 174 8 351 60 11 3 5 281 295 8 185 13 0 1 17 12 20 1 11
20210 416 36 35 2 123 446 246 67 35 4 9 212 82 46 59 0 92 3 178 31 5 2 2 143 153 3 100 6 0 0 10 6 10 0 6
20213 417 36 33 2 120 421 233 64 37 6 9 204 82 44 54 0 83 5 166 30 6 2 2 143 136 4 96 6 0 0 9 5 10 0 4
20234 375 13 29 2 110 392 241 54 35 5 7 190 78 43 46 0 78 6 167 32 5 2 3 137 133 4 93 4 0 0 7 5 10 0 2
20249 331 14 33 3 110 407 224 59 37 5 8 190 78 43 50 0 80 4 164 31 5 2 3 132 133 4 93 5 0 0 9 6 10 0 4
20251 328 13 35 2 120 449 239 64 36 5 10 214 80 47 50 0 88 4 174 33 6 2 2 146 152 3 93 6 0 0 9 6 11 0 6
20253 362 30 64 4 220 800 436 119 70 11 16 372 147 83 97 0 161 8 319 61 12 4 4 267 266 9 176 10 0 0 16 9 20 1 9
20255 365 25 33 2 111 422 219 65 35 4 8 194 79 45 50 0 80 4 160 31 6 2 2 139 134 5 92 5 0 0 9 5 11 0 4
20257 355 24 34 2 121 441 233 70 36 5 9 209 79 48 51 0 88 3 168 31 7 2 2 145 146 3 93 6 0 0 8 5 10 0 6
20263 273 13 32 3 114 416 226 62 36 5 9 201 76 41 55 0 83 5 174 33 5 2 3 139 139 4 91 4 0 0 8 5 9 0 3
20264 273 12 35 2 115 441 230 63 37 5 10 205 81 44 51 0 86 5 169 35 6 2 3 149 142 5 92 5 0 0 9 5 11 0 4
20266 274 12 67 6 228 820 447 124 69 9 18 393 152 85 98 0 161 8 325 60 12 4 4 270 275 8 172 11 0 1 17 9 20 1 10
20267 273 12 33 3 114 421 222 65 35 5 9 202 79 46 56 0 86 4 166 33 6 2 3 136 141 5 92 7 0 0 8 4 10 0 5
20272 273 12 37 1 125 454 232 72 36 5 10 221 82 48 56 0 90 2 172 32 6 2 1 150 146 3 94 6 0 0 9 6 10 0 7
20275 285 13 35 2 121 431 234 68 35 5 9 204 82 45 50 0 84 3 167 30 6 2 2 144 142 3 93 6 0 0 9 7 10 0 5
20329 384 37 60 5 201 730 405 111 60 8 15 334 136 76 91 0 149 8 300 53 10 4 5 238 244 5 167 10 0 1 15 9 18 1 8
20332 384 37 32 2 112 407 227 58 37 6 8 193 82 42 48 0 78 5 162 31 5 3 1 142 126 4 93 4 0 0 9 5 9 0 3
20341 387 37 37 3 118 443 230 65 37 5 10 207 83 46 52 0 87 4 168 32 6 2 2 146 145 4 93 6 0 0 9 5 11 0 5
20345 329 14 32 2 110 388 222 60 33 4 8 187 73 41 45 0 78 5 158 28 5 2 1 124 133 3 86 4 0 0 9 6 8 0 4
20351 329 14 34 2 123 425 245 69 34 5 9 207 82 45 54 0 85 5 172 30 6 2 2 143 143 3 99 5 0 0 9 6 11 0 5
20373 370 35 34 3 112 424 233 59 39 6 8 201 82 43 55 0 83 4 170 35 5 2 2 144 139 6 93 4 0 0 9 4 11 0 3
20400 411 97 66 4 216 816 434 120 66 9 18 371 148 79 97 0 161 9 321 61 11 4 5 273 273 7 177 9 0 0 15 11 21 1 9
20403 409 96 34 2 119 418 225 66 35 4 9 201 81 44 56 0 86 3 164 31 6 1 2 136 137 3 94 6 0 0 8 6 11 0 5
20411 414 94 73 4 235 901 456 130 73 9 20 414 160 92 109 0 176 8 349 65 12 3 4 291 293 8 185 12 0 1 17 12 22 1 11
20412 412 94 38 2 127 465 229 75 37 4 11 229 87 50 62 0 94 3 176 31 6 1 2 153 152 4 93 7 0 0 9 6 11 0 7
20414 416 94 33 4 123 422 250 59 36 4 9 198 80 43 55 0 88 4 181 33 5 3 3 140 142 2 98 5 0 0 8 6 11 0 4
20425 458 96 33 2 120 403 223 67 35 4 9 200 80 44 60 0 84 3 160 30 6 2 2 132 134 4 93 6 0 0 8 5 8 0 5
