22726 251 15 34 2 119 433 232 67 37 4 10 204 81 47 55 0 86 4 171 32 6 2 2 139 142 4 95 6 0 0 8 5 11 0 5
22730 252 16 31 2 121 411 236 69 33 5 8 197 82 44 48 0 85 4 164 31 6 2 3 137 141 3 95 5 0 0 8 4 10 0 4
22733 256 15 33 2 116 415 229 69 34 5 9 202 82 46 55 0 84 4 169 31 6 2 2 135 137 4 96 5 0 0 8 4 12 0 4
22735 310 19 34 1 115 425 228 64 36 4 9 200 80 44 56 0 87 3 167 32 6 2 3 145 144 3 91 6 0 0 9 4 10 0 6
22748 306 13 37 2 123 455 239 72 38 5 9 216 81 50 52 0 87 4 175 31 6 2 3 149 152 4 96 6 0 0 9 5 13 0 5
22805 254 12 30 2 103 370 208 52 33 5 8 177 68 39 41 0 71 4 147 27 6 2 2 124 123 4 83 4 0 0 8 4 9 0 3
22841 314 36 34 2 121 429 240 66 35 5 10 208 82 44 53 0 84 4 168 31 5 2 2 148 147 3 92 5 0 0 9 6 10 0 5
22864 299 18 37 2 130 477 242 74 36 4 11 228 85 52 61 0 97 3 180 31 6 1 2 154 157 4 98 7 0 0 9 5 11 0 6
22897 293 12 34 2 115 426 231 64 35 6 9 204 81 43 53 0 83 5 163 31 6 2 2 144 139 3 92 5 0 0 8 4 11 0 5
22900 293 12 36 3 123 474 252 65 38 5 12 217 82 45 57 0 100 5 192 34 5 2 3 151 165 4 100 5 0 0 9 7 12 0 4
22904 189 12 35 2 109 430 214 62 36 5 9 203 78 44 58 0 84 5 169 32 6 2 3 141 135 5 90 5 0 0 9 5 11 0 5
22906 228 15 68 4 227 827 440 127 69 9 18 387 154 87 98 0 164 8 322 60 11 3 5 271 274 8 177 12 0 1 15 10 20 1 11
22908 228 15 35 2 121 440 240 66 35 4 10 206 79 44 58 0 88 4 176 32 5 2 2 146 146 3 98 6 0 0 8 6 11 0 5
22916 228 15 32 3 111 405 223 61 33 5 9 194 73 41 46 0 80 4 156 30 5 2 2 136 137 4 88 6 0 0 7 4 10 0 4
22923 221 11 31 3 107 392 210 57 34 5 7 188 76 41 47 0 77 5 153 28 5 2 2 133 125 3 91 4 0 0 8 4 11 0 3
22946 364 35 37 2 132 479 257 70 37 5 11 230 85 50 58 0 98 3 189 34 6 1 1 150 165 2 101 6 0 0 9 6 10 0 6
23041 252 13 34 2 111 429 220 63 36 5 10 202 78 45 54 0 85 5 167 31 6 3 2 142 140 3 90 6 0 0 8 4 10 0 4
23088 291 14 33 3 111 411 225 54 36 5 7 177 72 41 40 0 78 5 172 33 5 2 2 135 138 4 89 4 0 0 9 6 11 0 3
23093 289 14 32 2 107 403 204 61 34 5 9 191 73 44 48 0 79 3 155 29 6 2 2 137 130 3 83 5 0 0 8 5 11 0 6
23094 268 24 36 2 118 445 226 67 35 4 11 213 79 48 55 0 86 4 170 32 6 1 2 147 149 3 90 6 0 0 8 6 10 0 6
23132 256 11 38 2 126 475 246 71 40 5 10 224 86 49 57 0 96 4 182 34 6 2 2 156 158 5 101 6 0 0 8 6 12 0 5
23134 285 24 56 4 194 701 383 106 61 9 15 328 135 75 79 0 142 9 275 53 9 5 4 241 227 4 157 8 0 0 14 8 18 0 7
23137 285 24 38 2 125 462 237 73 38 5 10 218 87 51 50 0 87 3 170 33 7 2 2 152 148 4 95 6 0 0 10 7 12 0 5
23139 285 24 65 5 222 800 435 123 70 9 17 385 153 88 100 0 158 8 319 60 11 4 6 266 263 8 181 10 0 1 16 9 21 1 8
23140 234 14 101 6 340 1242 658 190 104 14 29 594 230 131 154 0 247 12 482 91 17 5 6 405 413 12 263 18 0 1 24 16 30 1 16
23141 237 13 35 2 127 430 242 68 37 5 11 216 82 46 57 0 92 3 176 32 5 2 1 137 150 3 93 7 0 0 8 5 9 0 5
23142 237 13 60 4 220 775 453 117 65 9 15 365 149 82 98 0 156 8 328 57 9 4 6 251 266 6 180 10 0 1 17 10 19 1 8
23144 298 19 34 2 125 440 249 61 36 5 9 204 85 44 51 0 88 4 180 31 5 2 2 145 151 3 100 5 0 0 9 5 10 0 4
23156 286 16 32 2 112 420 222 64 36 5 9 202 77 43 55 0 83 5 164 32 6 2 2 143 135 4 93 6 0 0 8 4 10 0 4
23170 292 16 65 4 212 775 446 112 67 12 16 360 154 81 90 0 154 9 318 58 10 6 5 256 261 8 181 8 0 0 16 10 21 1 6
23174 292 16 31 3 112 401 222 62 34 4 8 191 77 43 51 0 81 5 165 30 5 2 2 132 128 3 93 6 0 0 7 4 10 0 4
23176 279 26 30 2 109 392 224 56 34 5 7 190 71 40 49 0 80 4 163 30 5 2 2 128 136 3 91 4 0 0 8 5 9 0 4
23179 280 25 33 2 116 420 225 64 35 4 9 198 78 42 56 0 84 3 164 32 6 1 3 133 141 4 91 6 0 0 8 5 10 0 5
23182 281 15 92 7 315 1158 647 170 97 15 25 536 211 118 126 0 229 14 457 89 15 6 7 391 389 10 258 14 0 1 26 14 30 1 11
23186 284 15 34 2 119 443 236 62 34 4 10 207 77 44 53 0 88 4 172 31 6 2 2 145 145 4 93 6 0 0 9 6 10 0 5
23239 249 26 33 2 105 412 233 55 35 4 9 182 72 41 45 0 80 5 171 32 6 2 3 134 143 4 94 4 0 0 9 5 11 0 3
23244 249 25 31 2 113 405 230 61 34 5 8 195 77 45 46 0 81 5 167 30 5 2 2 132 136 2 93 4 0 0 8 6 10 0 3
23267 247 25 29 2 109 377 218 55 34 5 7 181 69 39 48 0 77 5 153 29 5 2 2 126 125 3 91 5 0 0 8 3 10 0 3
23270 254 25 32 3 120 435 234 69 35 5 10 209 76 43 48 0 86 6 170 33 6 2 3 148 143 3 92 5 0 0 8 5 11 0 5
23274 253 25 36 2 122 456 232 72 36 4 10 216 82 50 51 0 89 3 169 32 6 2 2 153 148 3 95 6 0 0 9 5 12 0 6
23299 308 42 34 1 118 430 226 65 36 5 9 206 81 45 54 0 82 3 167 31 6 2 2 147 141 4 92 5 0 0 9 4 10 0 5
23301 308 42 61 4 222 775 424 124 66 9 17 386 148 85 99 0 155 6 307 59 11 4 3 257 260 7 169 10 0 1 16 9 18 1 10
23304 308 42 35 2 121 438 230 67 36 5 10 215 83 46 56 0 86 4 172 32 6 1 2 146 145 4 94 6 0 0 9 5 11 0 6
23308 236 12 35 2 120 438 235 67 36 5 10 212 80 45 55 0 89 5 168 31 6 2 2 144 148 4 96 6 0 0 8 5 10 0 5
23398 391 43 36 2 116 454 241 61 38 6 10 206 79 47 54 0 91 4 182 33 7 2 2 148 151 4 96 6 0 0 9 6 11 0 5
23466 376 19 36 2 122 448 227 68 37 5 10 212 81 48 53 0 87 4 169 32 7 2 2 146 144 4 89 6 0 0 9 5 10 0 6
23558 315 14 27 3 104 374 224 51 30 4 8 169 70 38 47 0 79 5 162 28 5 2 3 125 129 2 90 4 0 0 7 4 9 0 3
23570 314 14 32 2 114 402 228 63 34 5 7 197 78 42 56 0 87 3 171 28 5 2 2 131 137 4 93 5 0 0 8 5 10 0 4
23571 315 14 58 6 222 749 441 122 64 10 15 357 150 80 95 0 153 9 308 56 10 4 4 249 254 7 172 9 0 0 16 8 18 1 8
23579 325 19 38 2 132 466 254 74 40 5 11 219 87 51 53 0 92 4 181 34 6 1 2 150 156 3 101 6 0 0 9 5 11 0 6
23581 325 19 31 3 114 399 221 66 34 5 9 200 75 42 48 0 79 4 159 29 5 2 1 133 133 3 89 5 0 0 8 4 9 0 5
23584 328 18 35 2 116 422 216 68 35 4 9 202 80 46 50 0 83 4 160 31 6 2 2 139 136 3 88 5 0 0 8 5 10 0 5
23589 321 12 28 2 106 357 216 57 30 5 6 173 71 36 42 0 73 4 149 26 4 2 1 118 123 2 86 4 0 0 7 5 9 0 3
23592 311 47 34 2 112 415 219 64 36 5 9 192 78 43 50 0 81 4 165 31 5 2 1 141 138 3 90 5 0 0 8 5 10 0 5
23597 307 44 64 5 219 804 426 118 69 10 19 385 154 83 104 0 166 9 319 60 10 4 4 267 262 9 175 10 0 0 16 10 19 1 8
23600 307 44 63 5 214 801 432 117 64 10 19 365 151 86 91 0 166 8 317 57 11 4 3 267 266 5 173 10 0 1 15 11 20 1 9
23606 318 43 38 3 125 462 234 73 37 4 10 218 85 50 52 0 91 4 169 33 6 1 1 149 150 4 96 7 0 0 9 5 12 0 6
23607 318 43 60 5 228 806 448 125 67 9 18 399 156 84 109 0 163 9 329 58 10 4 5 267 274 9 185 10 0 1 16 8 19 1 9
23612 348 70 39 1 128 472 264 64 39 4 11 215 85 48 53 0 92 3 188 36 6 2 3 151 162 3 102 6 0 0 11 6 11 0 5
23625 331 55 74 4 246 902 466 146 72 8 21 429 165 97 113 0 178 6 347 64 13 3 4 288 298 8 182 14 0 1 18 12 22 1 14
23626 355 23 68 4 234 860 451 132 73 9 20 406 159 90 102 0 168 8 333 62 12 4 4 285 284 8 187 11 0 1 18 11 21 1 10
23629 354 21 28 2 103 366 206 58 32 5 8 176 74 40 51 0 73 5 151 29 5 2 2 121 121 4 87 5 0 0 7 4 9 0 4
23634 436 31 35 3 122 425 242 67 36 4 9 205 85 45 62 0 88 4 185 31 5 2 2 138 142 4 100 5 0 0 9 6 10 0 4
23638 436 31 35 2 126 433 244 69 37 4 10 219 81 44 61 0 91 3 174 30 6 2 2 142 151 4 96 6 0 0 8 6 9 0 5
23647 437 18 40 2 135 487 246 80 39 4 12 236 86 53 61 0 97 2 182 34 6 1 2 152 162 4 96 8 0 0 9 6 10 1 8
23649 433 18 37 3 116 436 238 65 35 4 12 199 78 45 52 0 87 4 170 31 4 2 3 144 142 4 95 6 0 0 9 6 11 0 4
23654 427 18 36 2 126 460 240 72 36 4 10 223 82 50 56 0 93 3 178 31 6 1 2 149 155 4 94 7 0 0 9 6 11 0 6
23655 419 17 65 5 224 820 451 126 67 9 20 383 151 84 98 0 165 7 321 58 12 4 5 268 273 6 177 13 0 1 17 13 20 1 9
23663 422 17 39 2 122 480 246 66 38 4 11 212 80 45 55 0 91 4 188 35 6 2 2 151 165 3 93 5 0 0 9 7 10 0 5
23665 420 17 36 2 113 461 244 60 37 6 10 202 79 47 52 0 93 5 191 35 6 2 2 149 158 4 92 5 0 0 8 7 12 0 4
23668 384 15 36 3 116 453 236 61 38 5 9 195 82 45 47 0 90 5 179 33 5 1 3 143 155 4 91 5 0 0 9 6 11 0 5
23672 384 15 34 1 113 421 232 60 36 5 8 186 77 43 45 0 82 4 169 32 5 2 2 132 143 4 90 6 0 0 10 5 9 0 5
23677 385 15 38 2 125 459 239 71 40 5 11 216 85 49 56 0 89 4 175 36 6 2 2 147 147 5 96 7 0 0 8 6 10 0 6
23694 349 17 37 1 126 450 242 69 38 5 10 221 80 48 56 0 90 2 175 33 6 1 2 143 153 3 92 6 0 0 9 4 10 0 7
23712 439 30 67 5 212 834 435 115 69 10 19 382 149 86 94 0 161 7 323 59 11 4 5 271 276 8 170 10 0 1 18 12 21 1 9
23716 357 20 36 3 127 465 248 68 37 5 10 212 83 46 56 0 93 4 188 34 6 2 2 150 152 4 101 6 0 0 9 7 10 0 5
23717 361 19 33 2 115 405 237 59 37 5 7 185 80 42 53 0 79 4 173 31 5 2 2 132 134 4 96 5 0 0 8 5 10 0 3
23720 359 18 33 2 116 430 244 57 35 5 9 196 79 40 53 0 85 4 180 33 5 2 2 142 146 3 99 5 0 0 8 6 11 0 4
23727 361 20 61 5 223 806 453 114 72 10 16 374 149 80 89 0 162 9 324 60 10 4 5 269 277 7 180 9 0 0 16 11 20 1 7
23740 360 19 31 2 98 386 204 51 38 5 7 179 73 38 51 0 74 7 160 33 5 2 2 135 117 5 84 4 0 0 8 4 10 0 2
23878 395 14 33 3 112 418 233 59 37 5 9 193 75 43 42 0 84 5 170 33 6 2 3 139 143 4 94 4 0 0 9 4 11 0 4
23894 288 18 36 2 120 427 225 69 34 4 9 205 80 45 54 0 84 3 165 31 6 1 1 138 143 4 90 6 0 0 8 5 10 0 6
23898 290 15 41 1 129 490 250 71 37 4 11 230 85 51 59 0 97 3 185 31 7 1 2 151 168 4 98 8 0 0 10 8 12 0 7
23899 283 14 31 3 115 415 235 60 35 5 9 191 77 39 51 0 84 5 171 31 5 2 3 137 146 4 91 4 0 0 7 5 9 0 3
23912 286 14 32 2 108 414 228 55 33 5 10 186 73 41 44 0 81 4 167 30 5 2 2 136 143 2 84 5 0 0 8 5 9 0 4
23952 266 34 35 2 114 428 219 65 36 4 10 206 79 47 50 0 81 3 160 33 6 1 2 147 136 4 92 6 0 0 8 5 10 0 5
23967 266 34 35 2 118 446 229 67 36 5 10 206 80 48 50 0 86 4 167 32 6 2 2 150 145 3 92 6 0 0 8 6 12 0 5
23970 283 34 34 2 113 428 229 63 35 5 11 201 77 44 55 0 87 5 175 30 5 2 2 138 142 3 93 6 0 0 7 6 9 0 4
23974 386 54 39 2 128 464 240 74 36 4 10 226 85 51 59 0 91 3 173 32 6 1 2 145 151 4 96 8 0 0 10 5 11 1 8
23975 386 54 36 3 120 437 239 69 36 5 9 204 83 46 49 0 88 4 173 33 6 2 3 140 147 3 96 6 0 0 8 6 11 0 4
23979 387 54 36 3 121 447 232 72 39 5 11 223 85 49 59 0 91 4 172 34 6 2 1 145 141 5 92 7 0 0 9 6 11 0 5
23990 386 54 38 2 129 471 238 74 37 4 11 229 85 51 58 0 94 4 175 33 6 1 2 155 151 3 97 7 0 0 9 6 11 0 6
23994 386 54 36 3 123 459 245 70 36 5 11 216 81 46 54 0 93 4 179 34 6 2 2 148 158 3 92 5 0 0 7 7 10 0 5
23998 386 54 38 3 130 464 238 76 38 5 10 234 85 52 61 0 93 4 177 32 7 1 2 151 153 5 95 6 0 0 9 6 10 0 6
24005 432 33 61 6 209 787 433 111 70 10 17 365 149 81 98 0 160 10 327 62 11 5 5 270 256 8 178 8 0 1 15 12 20 1 6
24006 384 23 60 5 213 770 425 116 65 9 16 362 149 81 95 0 159 8 314 58 10 4 5 253 252 6 180 9 0 1 15 10 19 1 8
24008 389 24 33 3 112 399 224 60 39 5 7 196 79 41 53 0 80 6 168 32 5 2 2 140 125 4 95 4 0 0 8 5 10 0 2
24013 373 14 31 3 113 398 224 64 31 4 8 195 79 43 58 0 85 4 161 28 5 2 2 129 134 3 92 6 0 0 8 5 10 0 4
24018 370 11 28 3 110 382 237 58 36 6 8 184 79 39 55 0 81 6 169 31 4 3 4 134 131 4 99 3 0 0 7 4 9 0 3
24019 370 11 40 2 129 509 255 73 37 4 12 240 87 52 59 0 98 4 193 36 7 2 2 167 166 4 99 7 0 0 9 8 12 0 6
24025 336 27 34 2 115 410 230 63 35 5 8 196 80 43 49 0 80 5 160 31 6 2 2 137 134 3 90 5 0 0 8 5 9 0 4
24037 336 29 34 2 111 412 217 59 36 5 9 191 76 43 42 0 79 4 155 30 6 2 3 140 133 2 85 6 0 0 8 5 12 0 4
24045 329 23 29 3 104 384 218 53 33 5 7 176 73 37 54 0 78 4 164 30 5 3 2 130 129 3 89 3 0 0 8 5 8 0 3
24054 330 23 34 3 114 422 216 65 34 4 10 210 78 45 53 0 85 4 163 30 6 2 2 144 136 4 89 6 0 0 8 6 10 0 6
24058 329 23 28 4 109 369 227 60 30 5 7 188 71 37 51 0 78 5 160 29 4 2 3 126 129 3 92 4 0 0 7 5 9 0 3
24061 330 23 35 2 117 412 218 68 33 4 9 196 76 45 61 0 82 3 165 30 6 1 2 135 131 4 91 6 0 0 8 5 9 1 5
24077 347 24 33 3 111 408 218 61 35 5 8 199 76 43 47 0 80 3 160 31 5 2 3 139 132 3 88 4 0 0 7 5 10 0 4
24084 348 24 26 2 96 347 205 51 29 5 6 164 67 37 44 0 71 4 145 26 4 3 2 120 116 3 84 3 0 0 7 4 9 0 2
24091 345 18 60 6 208 744 438 108 66 10 14 354 147 76 90 0 146 11 309 58 10 4 5 256 251 6 179 8 0 0 14 10 19 0 6
24101 343 15 32 3 110 397 218 62 36 6 7 195 80 42 49 0 78 6 160 31 6 3 2 146 124 4 88 4 0 0 7 4 10 0 2
24102 342 14 32 2 107 402 202 61 37 5 9 192 74 46 49 0 77 5 157 31 6 2 2 140 125 4 86 5 0 0 8 3 11 0 4
24108 345 11 37 3 119 445 233 70 37 5 9 213 84 50 51 0 87 4 171 32 6 2 2 148 143 4 95 5 0 0 8 6 11 0 4
24123 341 11 29 3 99 376 201 57 31 5 8 178 66 40 42 0 74 5 144 27 6 2 2 130 124 2 79 4 0 0 7 4 8 0 4
24130 345 11 39 2 122 455 233 72 36 5 9 220 87 51 58 0 88 3 171 31 6 2 2 150 146 4 94 7 0 0 8 5 10 0 6
24131 343 11 40 2 132 482 242 77 38 5 11 235 88 51 58 0 93 3 177 35 6 2 2 156 154 4 97 6 0 0 9 6 11 0 6
24144 340 12 65 5 222 808 446 117 68 11 16 379 150 87 99 0 166 9 329 58 11 5 4 270 272 6 181 10 0 1 17 10 19 1 8
24181 352 39 34 2 116 427 228 68 37 5 9 202 78 44 49 0 81 4 162 33 6 3 2 149 139 4 89 5 0 0 8 5 11 0 4
24186 353 38 41 2 133 483 243 77 41 5 10 228 87 53 59 0 93 3 180 35 7 2 1 156 157 4 96 7 0 0 9 6 11 0 6
24195 364 44 34 3 104 420 232 53 39 5 7 183 73 39 50 0 84 6 181 33 4 2 4 135 141 4 93 4 0 0 10 6 10 0 2
24201 339 32 37 2 119 460 224 72 38 4 10 221 81 51 59 0 92 3 169 33 7 1 2 153 149 4 93 7 0 0 8 5 12 0 7
24205 339 32 36 2 128 461 245 72 36 4 10 227 85 50 60 0 92 4 179 33 7 1 2 151 151 4 101 7 0 0 9 6 10 0 7
24215 393 19 70 5 237 859 444 136 72 10 19 408 161 90 97 0 169 9 322 64 11 3 3 283 285 8 180 12 0 1 17 10 21 1 11
24229 239 38 33 3 118 423 232 62 36 5 10 192 79 43 48 0 86 5 168 31 5 2 2 139 144 3 90 6 0 0 7 6 11 0 4
24230 239 38 32 3 111 408 218 68 35 5 8 196 80 44 48 0 81 4 155 31 6 2 3 139 130 4 95 5 0 0 7 5 10 0 4
24234 239 38 66 4 217 800 428 123 65 10 18 389 149 83 98 0 159 8 309 54 11 4 4 269 262 7 175 11 0 1 16 10 19 1 11
24236 374 47 31 3 112 397 227 62 35 5 8 194 79 40 51 0 81 6 164 30 5 2 3 140 133 4 96 4 0 0 7 4 11 0 3
24240 374 47 33 2 108 396 219 63 35 5 7 184 76 45 42 0 77 4 159 30 5 2 2 131 130 2 87 5 0 0 7 5 9 0 4
24246 304 48 37 1 116 447 235 66 37 5 10 199 80 47 50 0 84 4 167 33 6 2 2 148 143 3 93 7 0 0 9 6 12 0 6
24254 346 38 36 2 125 465 239 70 37 4 10 213 85 48 52 0 89 4 173 34 6 1 2 149 151 4 97 7 0 0 9 5 11 0 6
24267 358 38 33 3 115 417 222 64 34 4 9 208 80 46 55 0 83 4 165 31 5 2 1 142 137 3 88 5 0 0 7 6 9 0 5
24269 355 38 70 5 243 864 460 133 71 9 18 410 161 93 113 0 176 8 347 61 12 4 6 280 292 9 188 14 0 1 17 12 22 1 12
24279 357 39 35 2 117 435 225 67 35 4 10 209 79 46 53 0 88 3 161 30 6 1 3 144 141 3 94 7 0 0 8 6 11 0 6
24307 368 58 37 3 124 468 250 67 36 5 12 217 83 47 58 0 92 5 186 34 6 2 3 152 157 3 100 6 0 0 8 7 11 0 5
24322 369 58 34 3 115 416 222 64 36 5 7 193 80 44 48 0 81 5 164 30 6 2 2 145 133 4 91 5 0 0 10 6 10 0 4
24324 372 58 33 2 110 401 215 67 34 4 7 189 79 46 50 0 76 4 160 31 6 2 2 137 126 4 90 5 0 0 9 4 11 0 4
24339 371 58 32 2 114 420 239 60 35 5 8 192 79 42 49 0 86 6 174 30 6 2 3 136 144 4 96 5 0 0 8 5 10 0 3
24344 396 41 35 3 128 458 246 74 39 5 10 220 85 48 59 0 93 5 185 36 5 2 3 147 152 5 103 7 0 0 9 7 11 0 5
24346 389 40 33 3 124 431 244 66 38 6 9 210 81 50 46 0 85 5 171 34 6 3 2 155 142 2 93 5 0 0 8 5 12 0 4
24350 370 40 36 2 123 445 234 72 34 4 10 216 81 48 53 0 90 4 170 32 6 1 2 148 149 3 92 6 0 0 8 6 10 0 6
24353 371 40 34 2 113 413 228 61 35 5 8 195 77 42 55 0 84 5 168 31 5 2 2 135 135 4 93 5 0 0 8 5 9 0 4
24357 374 40 36 1 121 469 239 71 37 4 11 221 84 51 55 0 91 4 176 36 7 2 2 157 153 4 96 6 0 0 9 5 11 0 6
24358 379 45 36 2 121 447 243 65 36 5 9 219 79 45 61 0 94 4 183 29 5 2 2 145 155 3 98 6 0 0 9 6 9 0 5
24359 399 53 34 2 118 433 222 69 34 4 10 210 80 46 52 0 84 4 162 32 6 1 2 143 139 4 90 6 0 0 8 4 10 0 6
24367 346 39 32 3 108 401 212 57 38 5 8 178 77 42 45 0 79 6 161 32 5 2 2 135 126 4 88 5 0 0 8 5 10 0 3
24369 344 35 68 5 229 874 450 129 68 10 21 407 156 89 102 0 174 8 337 64 11 4 4 286 293 7 183 11 0 1 15 13 22 1 10
24371 347 25 88 6 307 1091 623 154 94 14 21 499 210 115 117 0 217 12 443 84 15 6 6 362 362 6 249 14 1 1 24 15 26 1 11
24400 326 24 28 3 102 357 219 53 34 6 6 163 72 36 39 0 71 5 154 29 4 3 2 119 120 3 85 4 0 0 7 6 8 0 2
24401 328 20 57 6 186 727 412 96 69 10 14 318 140 72 76 0 150 12 308 60 10 6 6 246 243 5 167 7 0 0 14 10 20 1 5
24402 327 18 32 2 114 424 230 65 35 5 9 198 78 45 48 0 85 4 166 32 6 2 2 137 141 4 93 6 0 0 8 5 10 0 5
24404 309 19 29 2 95 367 205 57 31 5 7 179 71 40 46 0 71 4 148 27 5 2 2 125 117 3 84 5 0 0 7 5 10 0 3
24411 341 29 29 2 104 400 218 55 31 4 9 181 75 39 44 0 78 5 159 32 5 2 2 136 131 3 86 4 0 0 7 6 10 0 3
24449 380 18 35 2 109 422 213 63 33 4 9 198 76 44 50 0 81 4 158 31 6 2 2 141 134 3 86 6 0 0 8 5 9 0 5
24451 366 18 32 3 108 389 213 61 32 4 8 191 72 42 47 0 79 4 154 28 5 2 2 135 130 3 89 5 0 0 8 5 9 0 4
24460 340 18 32 3 111 411 217 64 34 4 9 200 77 42 47 0 79 5 156 31 6 2 2 143 132 3 88 5 0 0 7 5 10 0 4
24461 329 18 36 2 125 455 247 72 38 5 10 214 85 47 56 0 90 4 180 33 6 1 2 148 156 4 97 5 0 0 8 5 11 0 6
24464 329 18 35 3 114 423 231 66 35 5 9 199 80 43 46 0 81 5 170 31 6 2 2 145 141 4 93 4 0 0 8 5 11 0 4
24465 328 18 29 2 103 386 218 60 33 5 8 185 72 42 54 0 79 5 162 28 5 2 3 126 129 4 87 5 0 0 7 6 9 0 3
24477 316 20 36 2 114 425 223 65 35 4 9 189 79 45 46 0 79 4 163 32 7 2 2 140 137 3 88 6 0 0 8 5 10 0 6
24481 315 19 32 3 118 416 235 70 33 4 9 203 82 45 54 0 85 5 174 32 5 2 2 138 141 3 94 5 0 0 9 6 9 0 4
24482 336 23 33 2 117 415 226 69 34 4 9 202 79 45 50 0 83 3 158 30 6 2 2 142 133 3 92 5 0 0 8 6 10 0 5
24501 300 26 38 2 123 473 232 71 39 4 11 220 84 50 52 0 90 3 169 35 8 2 2 158 149 3 94 7 0 1 8 6 13 0 7
24504 349 37 36 3 123 446 238 67 38 5 10 216 83 46 58 0 90 4 174 31 7 1 2 147 148 5 96 7 0 0 8 5 11 0 5
24514 352 35 33 3 115 412 232 63 34 5 8 199 79 43 51 0 84 5 162 30 5 2 3 139 138 3 93 5 0 0 7 6 10 0 3
24517 328 18 33 3 115 427 233 67 35 6 9 201 80 46 46 0 84 4 164 32 6 2 3 142 141 3 90 5 0 0 8 5 10 0 5
24519 323 19 31 2 105 383 210 58 34 5 7 180 75 41 41 0 75 5 152 29 5 2 2 129 124 3 85 5 0 0 8 4 9 0 4
24529 323 20 32 3 125 421 243 67 37 6 9 202 88 44 56 0 86 5 176 31 6 3 2 146 137 4 102 5 0 0 7 5 10 0 3
24534 306 18 64 5 222 793 450 117 67 10 18 368 148 82 96 0 165 8 327 60 11 4 5 258 270 7 183 10 0 1 17 11 19 1 9
24537 336 29 31 3 112 415 235 59 35 5 8 191 76 41 44 0 82 5 174 31 6 2 3 140 141 4 93 5 0 0 7 6 10 0 3
24548 336 28 29 2 101 372 207 54 33 5 8 171 71 39 40 0 73 5 148 30 5 2 2 129 117 2 80 4 0 0 7 4 8 0 3
24550 335 28 34 2 116 424 236 64 33 4 10 205 78 46 57 0 88 3 169 28 6 1 2 138 142 3 94 7 0 0 8 5 10 0 6
24553 331 28 29 2 112 394 237 59 33 5 8 184 76 40 47 0 77 4 163 30 6 2 3 132 135 3 95 5 0 0 8 5 10 0 4
24564 311 21 31 3 109 387 217 59 34 5 8 189 76 40 53 0 81 5 162 29 5 2 2 135 128 3 93 4 0 0 7 4 10 0 4
24566 311 20 53 5 204 704 432 109 62 12 14 331 141 74 81 0 145 9 295 53 9 5 6 234 246 6 169 8 0 0 15 10 17 0 5
24572 305 18 36 2 121 447 232 68 38 5 10 212 83 47 57 0 87 4 173 36 7 2 2 146 145 4 94 6 0 0 8 7 9 0 5
24584 307 20 31 2 109 398 212 67 34 4 8 192 80 44 46 0 79 4 152 31 6 2 2 130 133 4 84 5 0 0 7 4 9 0 4
24586 301 18 34 2 121 426 233 66 34 5 9 204 79 46 55 0 87 2 174 30 6 2 2 136 143 3 93 6 0 0 8 7 10 0 6
24598 301 18 39 2 130 476 243 74 38 4 10 233 88 51 64 0 93 3 177 33 6 2 2 152 155 4 98 8 0 0 9 7 12 0 7
24600 299 18 39 2 129 482 245 77 37 4 11 236 89 51 59 0 95 3 178 34 7 1 2 152 160 5 98 7 0 0 9 6 12 0 7
24604 301 19 64 5 234 821 450 130 65 8 18 403 156 87 108 0 168 8 328 57 11 3 4 274 274 6 182 11 0 1 16 12 19 1 11
24610 302 18 36 1 118 447 223 66 35 4 10 216 77 48 55 0 89 2 164 31 6 1 2 148 142 3 92 7 0 0 8 6 11 0 7
24619 300 18 25 3 102 354 224 51 31 5 7 169 69 37 53 0 76 5 165 28 4 3 3 118 129 2 87 3 0 0 7 4 9 0 2
24631 305 18 31 3 110 428 229 57 36 5 9 198 77 42 43 0 84 5 167 34 6 2 2 145 139 3 92 5 0 0 8 6 11 0 4
24632 288 21 35 3 115 432 230 61 37 5 8 204 77 44 43 0 83 5 166 34 6 3 3 151 142 3 93 5 0 0 7 5 11 0 4
24636 288 21 35 3 126 447 246 69 39 5 10 218 87 47 57 0 90 4 180 33 6 2 2 149 147 4 103 5 0 0 8 5 11 0 4
24638 288 21 33 2 107 437 238 58 37 6 9 189 81 42 43 0 82 6 172 35 6 3 3 152 146 4 87 4 0 0 7 6 11 0 2
24650 291 24 30 3 111 403 231 59 34 5 8 197 75 45 43 0 79 4 165 31 5 2 3 144 136 3 91 4 0 0 9 4 11 0 4
24669 282 18 31 3 113 420 227 64 35 4 10 203 81 46 50 0 83 5 164 31 6 2 2 142 134 4 90 6 0 0 8 6 10 0 4
24674 305 31 28 3 106 369 208 61 29 3 8 184 69 39 47 0 75 4 148 27 5 2 2 126 123 3 84 4 0 0 8 4 8 0 4
24681 307 31 34 2 115 425 221 65 37 5 9 206 81 47 51 0 83 5 163 33 6 2 2 147 133 4 92 6 0 0 8 5 11 0 5
24686 314 30 33 2 113 410 222 63 36 5 8 188 76 42 51 0 80 4 163 30 6 1 3 133 138 4 86 6 0 0 8 5 10 0 5
24687 296 23 36 2 127 458 246 69 36 4 11 214 84 48 57 0 96 3 175 31 6 1 2 146 156 3 96 6 0 0 8 7 10 0 6
24698 303 18 34 2 121 445 230 70 38 5 10 221 83 49 59 0 89 4 172 30 6 2 2 152 140 5 95 6 0 0 8 5 11 0 6
24700 329 18 37 2 131 477 254 73 38 4 11 236 88 51 61 0 95 4 185 34 6 2 2 156 159 4 102 7 0 0 8 6 11 0 6
24706 325 18 34 2 108 409 219 59 36 5 8 191 78 41 50 0 80 4 167 30 5 2 1 134 134 3 90 5 0 0 8 5 10 0 4
24714 286 19 36 3 117 455 237 64 35 5 11 209 78 44 49 0 85 4 176 33 6 1 2 150 152 3 90 6 0 0 8 6 11 0 5
24715 312 18 36 2 118 448 250 59 39 6 10 205 82 45 52 0 88 4 180 36 5 2 3 148 151 3 100 5 0 0 8 6 11 0 4
24719 298 18 33 2 111 409 209 65 33 4 9 195 75 45 47 0 81 4 150 31 5 2 2 136 130 3 86 6 0 0 7 5 10 0 6
24731 377 28 98 7 330 1222 628 187 104 13 27 577 224 129 142 0 237 12 463 90 16 6 5 407 392 12 251 17 1 1 26 16 33 1 14
24732 333 18 66 5 218 812 434 120 69 9 17 382 151 83 100 0 162 10 321 64 11 4 5 275 267 6 177 10 0 0 15 11 20 1 9
24734 353 24 27 3 99 350 196 49 31 4 7 170 67 36 47 0 71 4 147 28 4 2 2 123 113 3 87 4 0 0 6 4 10 0 4
24735 351 23 89 7 307 1131 623 170 98 15 25 539 211 119 133 0 225 15 453 86 16 7 7 374 379 9 249 14 0 1 22 14 28 1 11
24739 338 18 56 5 206 719 414 113 58 8 16 348 140 77 100 0 150 7 300 53 10 4 5 235 243 6 171 11 0 1 14 9 16 1 8
24748 338 18 37 2 121 459 239 64 38 6 11 217 79 48 53 0 90 4 175 32 6 2 2 152 154 3 92 6 0 0 9 7 13 0 5
24761 338 18 33 3 119 406 232 65 34 5 8 197 78 44 54 0 82 3 164 32 5 2 2 133 134 3 94 5 0 0 9 5 8 0 5
24762 331 18 37 2 134 465 248 79 36 4 10 225 87 51 60 0 96 3 179 32 6 1 1 152 155 4 99 6 0 0 9 6 11 0 6
24775 333 18 34 2 113 422 228 66 33 4 9 198 77 45 49 0 85 4 162 31 5 2 2 139 139 3 93 7 0 0 8 5 11 0 5
24785 333 18 62 5 215 761 443 111 61 8 16 365 144 78 106 0 153 8 314 56 10 3 5 245 261 5 174 10 0 1 15 11 18 1 7
24788 369 40 33 2 109 424 223 58 33 4 10 191 77 41 47 0 80 5 169 34 6 1 2 139 141 3 89 5 0 0 8 5 10 0 4
24789 376 25 29 3 100 360 201 51 31 5 7 179 70 37 48 0 72 4 151 26 5 1 2 126 116 2 87 4 0 0 7 4 9 0 4
24790 374 23 33 2 110 411 226 57 35 5 8 180 74 42 42 0 80 4 166 29 5 2 2 134 136 3 90 5 0 0 9 5 10 0 4
24791 320 18 37 2 125 450 235 73 39 5 10 222 88 48 59 0 89 4 174 33 6 2 2 147 144 5 98 6 0 0 9 5 10 0 5
24795 316 18 35 2 122 438 235 72 34 4 9 208 83 46 51 0 88 3 167 31 6 1 2 142 149 3 93 6 0 0 8 6 9 0 6
24819 320 38 31 2 101 382 210 57 31 4 8 174 69 39 48 0 77 4 150 27 5 2 3 122 129 3 86 5 0 0 8 5 9 0 5
24830 321 38 34 2 116 419 226 62 34 4 9 198 77 44 52 0 83 3 165 30 5 2 2 135 142 3 92 5 0 0 8 5 9 0 5
24834 333 39 37 2 127 469 238 71 36 4 11 223 84 49 55 0 90 4 169 32 6 1 2 151 155 3 92 7 0 1 8 5 11 0 7
24842 326 36 33 2 112 406 219 63 32 4 9 195 76 42 53 0 83 4 162 30 6 2 2 131 139 3 89 5 0 0 8 4 9 0 5
24845 325 34 33 3 111 407 227 58 36 5 8 191 77 41 48 0 85 5 168 30 6 2 3 136 133 3 93 4 0 0 7 5 11 0 4
24854 324 34 34 2 113 420 213 63 34 4 10 198 76 44 51 0 80 3 154 30 6 1 1 138 133 3 89 6 0 0 8 6 10 0 6
24857 324 34 29 3 102 384 214 57 33 5 8 180 73 40 42 0 76 5 159 31 5 2 3 130 131 3 85 4 0 0 7 5 10 0 3
24861 324 34 65 4 210 784 407 119 65 8 18 375 145 84 98 0 151 7 306 56 12 3 4 257 256 7 163 11 0 1 16 9 18 1 10
24870 318 34 34 3 124 453 243 69 38 5 9 208 83 48 51 0 89 4 178 33 7 2 3 149 152 3 96 6 0 0 8 6 11 0 5
24873 328 24 35 3 115 447 231 64 37 5 10 208 81 45 53 0 89 5 173 33 6 2 3 147 145 4 94 6 0 0 8 5 12 0 5
24876 345 26 31 3 114 399 230 65 35 6 8 193 78 43 52 0 84 5 165 31 5 2 3 134 138 3 93 4 0 0 6 5 10 0 3
24882 316 19 30 2 109 404 228 57 33 5 9 192 73 42 50 0 80 4 161 31 5 2 3 133 137 2 89 5 0 0 8 5 10 0 5
24885 323 20 31 2 110 394 222 56 35 6 7 191 75 42 48 0 80 5 163 30 5 2 2 131 131 3 85 5 0 0 8 4 10 0 4
24904 327 20 38 3 128 484 249 72 36 4 11 227 86 50 57 0 97 4 185 33 6 1 2 155 162 4 95 7 0 0 10 6 13 0 7
24905 333 23 34 2 119 441 235 65 35 4 10 204 79 47 54 0 88 4 175 32 5 1 2 143 147 2 95 6 0 0 8 6 10 0 6
24924 316 19 31 2 107 386 208 58 35 4 8 188 75 40 53 0 76 4 154 30 5 2 2 129 127 4 84 5 0 0 8 4 8 0 4
24944 315 18 32 3 110 429 224 59 36 4 9 192 79 45 51 0 86 5 171 32 5 2 2 140 139 3 90 5 0 0 9 6 11 0 3
24952 342 33 68 5 232 841 445 134 66 9 18 404 161 95 98 0 168 8 324 59 11 3 5 283 278 6 178 11 0 1 15 12 21 1 10
24954 314 23 32 2 109 408 223 62 34 5 8 192 80 44 51 0 83 5 165 31 5 2 2 138 135 3 91 4 0 0 8 5 10 0 3
24966 369 25 69 5 231 853 455 128 73 9 18 400 160 87 102 0 169 8 333 63 12 4 5 280 282 8 186 11 0 1 18 10 20 1 11
24967 360 22 33 3 114 440 231 61 39 5 10 202 81 44 48 0 87 5 169 35 6 2 3 152 139 4 98 5 0 0 8 5 12 0 4
24971 360 22 35 2 128 465 241 72 37 4 12 223 82 47 58 0 93 3 171 35 6 1 3 150 150 4 95 6 0 1 8 6 10 0 5
24975 319 19 30 2 109 385 225 55 33 5 8 178 74 40 43 0 76 5 158 30 5 2 2 127 129 3 86 4 0 0 9 6 9 0 3
24976 322 11 33 2 117 433 236 67 35 5 9 206 81 47 52 0 86 4 172 33 7 2 3 138 142 3 95 7 0 0 8 5 9 0 5
25038 339 15 34 2 109 420 226 57 36 6 8 192 78 42 47 0 83 5 171 31 6 2 2 140 138 3 93 5 0 0 10 5 10 0 4
25071 366 30 70 4 236 853 453 133 71 9 19 404 159 90 97 0 170 7 335 65 12 3 5 284 283 9 181 12 0 1 17 11 21 1 10
25076 247 14 34 2 107 397 214 60 34 4 9 187 76 42 46 0 76 5 156 31 5 2 2 130 127 4 90 5 0 0 7 4 9 0 4
25077 247 14 32 2 109 400 226 60 35 5 8 192 76 43 50 0 80 4 167 31 6 2 3 132 136 3 94 4 0 0 8 5 11 0 4
25082 252 14 29 2 102 385 221 56 33 6 7 177 70 40 47 0 76 4 160 29 6 3 3 125 128 3 90 4 0 0 7 5 10 0 4
25090 248 14 30 2 114 395 224 61 34 5 7 188 77 41 57 0 82 4 166 29 5 2 2 130 132 3 93 5 0 0 9 4 9 0 4
25109 267 13 35 3 117 444 226 64 39 5 9 207 81 45 53 0 84 4 173 36 6 2 2 150 141 4 92 5 0 0 8 4 12 0 5
25110 262 13 33 2 113 423 210 68 34 4 9 201 79 46 50 0 84 3 156 30 6 2 1 141 133 3 83 6 0 0 8 5 11 0 5
25112 263 12 35 2 118 416 230 66 36 4 8 194 79 45 55 0 85 3 167 31 6 2 2 135 139 3 96 6 0 0 8 5 9 0 5
25115 263 12 59 5 210 738 405 116 65 8 16 343 143 78 83 0 147 8 281 57 10 4 4 244 245 6 168 10 0 1 15 9 19 0 8
25127 276 12 30 2 112 394 218 63 32 4 9 196 73 42 55 0 82 4 154 28 6 2 2 128 131 3 91 6 0 0 7 5 8 0 5
25128 278 12 59 6 203 750 412 112 65 10 15 351 145 79 98 0 153 9 310 56 10 5 5 253 247 7 168 9 0 1 16 9 21 0 6
25132 278 12 36 2 123 448 241 68 36 5 9 215 82 47 57 0 91 3 175 30 6 1 2 144 151 3 93 6 0 0 9 6 10 0 6
25139 275 12 61 6 219 785 430 124 68 10 17 374 152 82 94 0 161 9 312 60 11 4 6 266 264 8 184 9 0 1 15 9 19 1 8
25149 275 12 38 2 121 473 236 70 37 4 10 213 83 47 52 0 90 5 175 36 6 2 2 151 153 4 94 6 0 0 8 6 11 0 6
