25261 297 25 37 2 123 451 241 67 39 5 9 217 82 46 57 0 91 4 175 32 6 2 2 144 149 3 95 7 0 0 8 6 12 0 6
25263 297 25 35 2 118 442 235 65 37 5 10 216 81 47 56 0 89 4 177 33 6 2 2 147 146 4 92 5 0 0 9 6 11 0 5
25264 290 18 33 2 119 417 228 66 33 5 9 202 78 47 55 0 85 4 169 29 6 2 2 138 139 3 94 6 0 0 8 5 9 0 6
25270 290 18 31 2 115 415 234 62 33 5 9 209 76 44 62 0 86 5 173 29 6 2 4 137 141 3 93 5 0 0 7 5 11 0 4
25280 289 17 32 2 115 426 231 64 34 5 7 195 79 44 53 0 82 5 174 33 6 2 3 137 140 4 95 6 0 0 8 5 10 0 4
25284 289 17 35 2 116 439 230 65 36 6 9 209 80 46 50 0 83 4 164 33 7 3 2 150 142 4 92 6 0 0 8 5 11 0 5
25285 289 17 34 3 113 416 226 61 35 5 9 198 76 44 49 0 84 4 161 32 5 2 2 143 134 3 91 5 0 0 8 6 9 0 4
25297 285 16 35 2 115 445 232 65 37 5 10 205 81 47 52 0 87 3 172 31 7 2 2 151 146 3 93 6 0 0 9 6 10 0 5
25300 308 18 33 3 119 409 231 65 36 5 7 197 80 43 56 0 85 3 168 31 6 2 3 136 137 3 96 5 0 0 9 4 10 0 4
25304 313 17 36 2 124 438 230 68 39 5 9 209 82 46 56 0 84 4 168 33 7 2 2 145 140 4 95 7 0 0 8 4 11 0 6
25505 313 11 31 3 103 383 213 55 34 5 8 177 74 38 45 0 77 6 156 30 5 2 2 129 123 4 88 4 0 0 7 5 10 0 3
25582 238 20 69 4 229 841 456 129 67 9 19 386 155 90 102 0 163 8 325 59 12 4 6 277 274 7 185 13 0 1 16 12 22 1 10
25586 248 11 34 3 125 415 245 64 37 5 8 202 81 45 54 0 83 4 178 32 6 2 4 141 137 4 100 5 0 0 9 6 10 0 4
25594 505 71 38 3 123 464 247 68 38 5 10 217 81 46 51 0 92 4 183 36 6 2 2 153 157 4 92 5 0 0 8 7 10 0 5
25604 497 59 31 3 108 424 222 56 35 5 8 191 74 43 47 0 82 5 171 33 5 2 3 140 137 4 87 4 0 0 8 5 10 0 3
25610 498 59 70 5 225 854 444 125 73 9 20 397 158 88 103 0 170 9 325 63 11 4 4 281 276 7 180 12 0 1 16 10 22 1 10
25613 500 59 39 2 121 474 229 66 40 4 10 221 83 49 56 0 90 4 172 36 7 2 2 156 148 5 94 6 0 0 9 6 11 0 6
25622 409 23 33 3 113 412 221 63 35 5 8 198 80 42 59 0 82 5 171 31 5 1 2 137 135 4 91 5 0 0 8 5 9 0 3
25706 401 11 33 2 111 431 223 64 35 5 10 196 76 47 48 0 82 4 163 31 6 2 3 150 135 3 92 5 0 0 8 5 11 0 5
25724 402 17 36 2 116 426 218 68 36 4 8 206 79 47 54 0 81 3 160 33 6 2 2 135 137 4 90 7 0 0 8 5 10 0 5
25726 404 18 37 3 122 460 244 67 38 5 9 218 86 48 56 0 89 5 183 31 6 1 2 150 153 3 96 6 0 0 10 6 12 0 5
25730 405 18 38 3 128 468 249 74 36 5 10 220 87 51 61 0 94 3 185 33 7 2 3 151 152 3 99 7 0 0 9 6 10 1 7
25854 391 35 64 5 219 806 446 117 68 9 18 372 150 81 92 0 160 9 320 62 10 4 5 268 272 6 177 9 0 1 17 11 19 1 8
25859 391 34 34 2 110 428 226 61 37 5 9 200 79 42 49 0 81 5 163 32 5 2 2 141 138 4 89 6 0 0 8 5 10 0 4
25865 391 34 35 2 117 446 220 68 35 4 10 208 78 48 53 0 89 3 169 31 6 1 2 148 142 3 90 6 0 0 8 5 11 0 6
25866 405 33 33 2 113 446 239 57 35 5 10 204 80 42 51 0 90 6 187 34 5 2 2 145 152 3 94 4 0 0 8 6 10 0 3
26043 277 15 33 2 109 399 224 59 34 5 8 179 73 40 48 0 78 4 162 28 6 2 3 130 134 3 88 5 0 0 8 5 9 0 5
26045 279 15 33 2 106 398 209 60 33 4 9 189 74 40 47 0 81 4 158 28 5 1 1 134 132 3 87 5 0 0 7 5 10 0 5
26050 279 15 35 2 115 426 217 67 34 4 9 207 78 44 56 0 83 3 159 30 6 1 2 140 135 4 89 6 0 0 8 5 11 0 6
26051 278 15 68 5 230 825 447 125 72 10 18 379 154 89 89 0 163 8 325 61 11 4 3 275 274 6 179 10 0 1 17 10 20 1 9
26056 276 13 65 4 219 788 443 118 65 8 18 370 149 83 99 0 157 9 318 59 10 3 5 257 264 7 184 11 0 1 16 10 19 1 9
26058 277 13 30 2 98 361 199 57 31 5 7 169 70 39 43 0 72 5 149 26 5 2 2 122 118 2 79 5 0 0 7 4 8 0 3
26060 280 14 37 2 122 448 238 65 35 4 10 206 84 44 56 0 90 4 176 30 6 1 2 144 147 3 94 6 0 0 9 7 11 0 5
26062 282 13 32 2 113 412 222 61 35 5 8 200 72 42 51 0 83 3 164 30 5 2 2 138 140 3 86 5 0 0 8 4 9 0 5
26064 282 13 32 3 104 410 217 54 36 5 9 183 75 39 47 0 78 6 164 33 5 2 3 140 131 4 92 4 0 0 8 4 11 0 3
26067 277 13 73 4 238 897 457 136 72 10 21 424 159 97 106 0 175 7 334 64 13 4 4 295 294 6 180 13 0 1 17 12 24 1 12
26068 339 34 35 2 117 429 223 68 37 5 8 207 79 44 54 0 84 4 166 32 6 1 2 140 137 4 92 6 0 0 8 5 11 0 5
26069 335 18 29 2 104 368 217 52 32 5 7 168 70 36 44 0 75 5 153 29 4 2 3 123 124 3 85 4 0 0 7 4 8 0 4
26071 335 18 35 3 117 454 239 62 35 4 10 208 77 44 55 0 88 4 181 34 6 2 3 148 153 4 99 6 0 0 9 6 11 0 5
26098 309 11 68 5 222 829 423 129 69 9 19 393 155 88 104 0 162 7 318 60 11 4 3 273 269 8 172 11 0 1 18 12 21 1 10
26183 362 74 34 2 107 393 212 60 33 4 8 179 73 41 51 0 77 3 151 30 5 2 2 126 130 2 82 6 0 0 8 4 9 0 5
26185 362 74 38 2 118 446 246 59 36 4 10 202 80 42 63 0 90 3 181 30 6 2 3 137 148 4 99 6 0 0 10 7 10 0 4
26187 474 80 37 2 118 437 230 65 36 4 8 202 79 45 47 0 88 4 164 30 6 2 2 146 142 3 92 6 0 0 8 6 13 0 5
26188 474 80 36 2 123 448 240 69 35 4 8 210 80 46 59 0 93 3 184 30 6 2 2 138 155 3 97 7 0 0 9 7 11 0 6
26190 416 33 37 2 121 462 245 63 36 5 10 208 82 46 50 0 88 4 181 32 6 2 3 153 151 4 101 7 0 0 9 6 11 0 5
26199 417 33 35 3 119 431 236 66 35 4 10 215 81 44 57 0 88 4 169 31 4 2 3 141 145 4 94 6 0 0 8 7 10 0 4
26205 418 33 62 5 213 780 428 120 68 10 16 382 146 83 93 0 157 9 315 58 11 5 5 259 263 9 179 10 0 1 16 9 20 0 7
26207 417 33 30 2 104 384 210 58 35 4 7 178 70 41 41 0 78 4 152 30 5 2 2 132 126 3 86 4 0 0 8 5 8 0 4
26208 419 33 59 4 206 724 419 110 62 9 15 340 139 77 88 0 146 7 298 54 10 4 5 238 244 6 169 10 0 1 16 9 17 1 8
26223 420 33 37 2 128 462 248 70 38 5 10 226 79 52 52 0 91 3 178 33 6 2 2 153 158 2 91 7 0 1 10 7 11 0 6
26226 422 33 38 2 131 470 243 76 40 4 10 226 86 49 57 0 95 4 183 34 6 2 3 156 156 4 102 6 0 0 9 6 11 0 6
26229 422 33 69 5 238 846 452 132 73 10 20 396 160 90 92 0 167 7 327 66 12 4 4 290 282 6 182 11 0 1 18 12 21 1 10
26230 511 35 37 2 120 460 237 67 38 5 9 213 85 49 55 0 92 4 178 31 6 2 3 152 146 5 99 6 0 0 9 6 12 0 4
26231 511 35 36 3 114 425 228 64 38 5 10 195 79 44 49 0 82 6 164 33 6 2 3 143 137 4 96 5 0 0 8 4 11 0 4
26234 509 35 35 2 113 439 226 60 38 5 9 209 77 46 44 0 87 4 169 32 5 2 2 149 144 3 94 6 0 0 9 6 12 0 5
26236 507 35 36 2 126 453 242 68 38 5 9 210 82 45 51 0 89 4 180 34 6 2 2 147 156 4 95 6 0 0 10 5 11 0 5
26240 427 33 65 5 211 778 414 119 66 8 17 362 144 81 95 0 156 8 300 58 11 4 5 249 254 8 167 11 0 1 16 10 18 1 9
26241 436 33 36 2 122 452 229 70 38 4 10 219 83 49 56 0 90 4 168 33 6 2 2 148 144 4 94 6 0 0 9 6 10 0 6
26242 443 33 38 2 123 458 246 68 40 5 10 210 81 48 48 0 90 4 175 34 6 2 3 149 151 5 97 6 0 0 10 7 11 0 4
26247 441 33 28 1 99 363 213 52 31 6 6 171 71 37 40 0 72 5 153 26 5 4 2 125 124 3 81 3 0 0 8 5 9 0 2
26249 439 33 35 2 116 437 228 65 36 5 10 200 80 46 47 0 87 4 166 31 5 2 2 143 147 4 92 6 0 0 8 6 12 0 5
26254 446 33 42 2 130 516 254 71 40 4 13 241 87 53 59 0 100 4 192 35 6 1 2 166 168 4 97 7 0 1 9 9 11 0 6
26256 445 33 33 2 121 417 239 63 37 5 9 207 79 46 54 0 87 4 175 30 6 2 3 141 141 4 96 6 0 0 8 5 10 0 4
26259 445 33 35 2 122 437 247 69 36 5 9 206 85 47 57 0 88 4 179 31 6 2 3 144 144 4 101 5 0 0 9 6 11 0 5
26261 435 33 35 2 113 427 218 66 36 5 9 200 78 46 47 0 83 4 157 31 6 2 2 146 133 3 87 6 0 0 9 6 10 0 5
26262 429 33 32 2 106 406 222 61 35 6 8 185 74 41 45 0 80 5 160 31 5 3 2 141 133 3 90 5 0 0 8 4 11 0 4
26264 428 33 33 2 105 403 212 56 38 5 7 185 75 41 52 0 81 5 161 34 5 2 2 136 124 5 89 5 0 0 9 5 10 0 3
26265 428 33 90 8 312 1153 633 169 94 15 27 524 217 122 129 0 233 12 460 83 15 7 7 389 387 9 252 14 0 1 23 15 30 2 13
26267 432 33 36 2 124 441 237 67 37 4 10 210 81 45 53 0 88 3 173 32 6 2 2 147 147 3 96 6 0 0 9 6 10 0 6
26269 433 33 38 2 127 448 243 69 40 5 9 210 84 48 52 0 88 4 175 34 6 2 2 146 149 4 98 6 0 0 9 6 10 0 5
26273 444 37 37 2 122 441 236 65 39 5 8 203 78 44 48 0 86 4 175 31 6 2 2 147 147 5 93 6 0 0 9 5 11 0 4
26274 454 33 58 5 215 753 435 113 68 10 16 360 144 78 84 0 150 10 300 60 10 5 5 261 251 7 170 9 0 0 15 9 19 0 7
26279 435 33 35 2 122 463 254 66 38 6 10 218 86 49 53 0 91 4 182 32 5 3 3 153 155 4 100 6 0 0 9 6 12 0 4
26282 438 33 36 2 115 437 224 65 36 5 10 209 78 44 50 0 90 5 168 30 6 2 2 144 144 4 88 6 0 0 9 5 10 0 5
26312 431 28 36 3 118 448 236 65 37 4 10 214 79 45 50 0 91 5 178 33 5 2 3 148 151 4 94 5 0 0 10 7 11 0 4
26346 456 28 38 2 125 459 244 72 38 5 10 222 88 49 54 0 88 5 176 32 6 3 3 155 146 4 99 7 0 0 8 6 12 0 5
26383 427 23 32 2 116 419 229 65 38 5 8 201 76 47 47 0 83 5 171 30 7 3 2 141 143 4 89 5 0 0 8 4 10 0 4
26391 429 23 72 4 240 895 450 135 70 8 22 431 155 95 109 0 179 6 341 63 13 3 4 288 297 7 178 13 0 1 19 11 19 1 14
26393 428 22 32 2 111 407 223 59 34 5 8 183 75 41 47 0 79 5 162 29 5 3 2 138 136 2 91 5 0 0 9 6 10 0 4
26394 427 21 35 2 118 444 228 68 35 5 10 211 79 49 57 0 90 4 174 30 6 2 2 147 147 3 92 7 0 0 8 5 10 0 5
26396 420 13 37 2 121 458 239 65 39 6 10 202 85 47 52 0 89 5 180 32 6 3 3 147 145 5 96 6 0 0 10 7 11 0 4
26399 426 13 41 2 124 498 242 72 39 5 12 228 86 52 57 0 97 4 189 36 6 2 2 159 162 4 96 8 0 0 8 7 12 0 6
26410 420 13 34 3 114 424 235 58 35 5 9 197 79 40 54 0 89 4 177 29 5 2 3 138 145 4 93 6 0 0 8 6 10 0 3
26418 425 13 32 3 115 409 225 64 35 5 8 183 76 43 43 0 81 4 163 30 6 2 2 137 136 3 94 5 0 0 9 4 10 0 4
26420 435 12 33 2 109 412 226 61 36 5 8 193 76 43 43 0 82 5 164 32 5 2 3 142 137 5 90 4 0 0 8 5 10 0 3
26433 421 30 35 2 122 426 225 69 35 4 9 205 79 46 49 0 82 3 166 30 5 2 1 142 142 3 88 6 0 0 10 5 10 0 6
26438 427 28 34 2 125 426 246 68 35 5 7 201 80 48 53 0 85 4 179 31 6 2 2 139 146 4 98 6 0 0 10 4 10 0 4
26444 427 28 35 2 120 438 231 68 36 4 9 209 80 45 47 0 88 5 168 33 6 2 2 147 147 4 95 5 0 0 8 5 11 0 4
26474 434 28 33 2 112 415 218 62 35 4 9 197 77 44 52 0 83 4 171 30 6 2 2 137 134 4 90 5 0 0 8 4 11 0 4
26477 437 27 120 10 417 1533 851 217 136 20 33 709 285 153 176 0 303 19 621 124 20 10 10 521 508 15 343 18 0 1 31 19 39 1 14
26483 437 27 64 5 226 820 454 125 69 10 19 395 157 86 107 0 166 8 332 60 10 4 4 272 276 8 186 11 0 1 16 10 19 1 9
26487 437 27 35 2 114 427 225 64 35 4 9 198 78 46 51 0 84 4 167 29 6 2 2 139 138 4 89 7 0 0 9 4 9 0 6
26492 432 27 31 4 111 400 213 63 35 5 8 192 77 42 53 0 82 4 165 30 5 3 2 135 131 3 88 5 0 0 7 5 11 0 4
26493 441 27 34 2 118 428 231 63 35 5 9 196 82 44 54 0 87 5 171 33 5 2 2 142 139 3 94 6 0 0 8 5 10 0 5
26499 470 22 34 2 113 433 228 57 37 5 8 198 80 42 52 0 84 4 176 32 5 2 2 146 142 4 89 5 0 0 8 5 9 0 3
26503 464 22 67 4 214 809 421 115 67 10 18 364 146 84 87 0 160 9 317 58 11 4 4 271 265 6 169 12 0 0 16 9 21 1 10
26508 447 24 37 2 117 442 229 68 36 4 10 206 81 45 48 0 89 4 175 30 5 2 2 145 146 4 95 5 0 0 9 5 11 0 5
26511 448 24 60 5 212 768 421 118 65 9 16 363 146 79 93 0 156 8 309 56 10 4 5 255 259 7 165 9 0 0 17 10 18 1 8
26518 447 24 35 2 118 426 229 63 38 5 9 198 82 43 49 0 82 4 171 33 5 2 1 146 140 4 90 4 0 0 10 5 9 0 4
26519 398 14 64 5 213 794 437 117 68 9 17 361 147 84 83 0 159 8 324 59 11 4 4 256 267 6 170 10 0 1 18 11 19 1 8
26520 401 14 33 3 120 414 232 64 36 5 9 200 80 42 60 0 88 4 172 31 5 2 2 137 135 3 97 5 0 0 8 5 10 0 4
26533 411 35 64 4 217 791 433 119 64 9 17 371 149 85 96 0 161 8 320 56 10 4 4 259 266 6 172 10 0 1 17 11 18 1 8
26534 411 35 29 2 106 379 216 59 35 5 7 175 74 39 47 0 77 4 162 28 6 2 2 126 125 4 89 5 0 0 8 4 10 0 3
26572 520 32 68 5 225 848 453 126 67 9 19 407 153 87 105 0 170 8 338 62 12 3 4 281 282 8 184 11 0 1 18 10 21 1 10
26573 520 32 31 2 111 411 227 60 33 5 9 198 74 42 55 0 82 4 173 27 4 2 2 133 140 3 90 4 0 0 8 6 9 0 4
26574 537 32 36 2 108 443 236 58 36 5 8 186 76 43 47 0 85 5 179 34 5 2 3 140 151 3 95 5 0 0 8 6 11 0 3
26576 533 32 38 2 133 491 261 73 39 4 11 233 88 49 59 0 97 4 199 35 6 2 3 159 163 4 107 7 0 0 9 8 12 0 6
26579 532 32 35 2 117 441 233 70 37 5 9 207 84 50 49 0 85 3 167 33 6 2 2 147 145 4 94 6 0 0 9 5 11 0 5
26619 540 44 32 2 108 400 217 59 35 4 8 184 75 40 45 0 81 5 154 30 5 2 2 126 134 4 89 5 0 0 8 4 9 0 3
26621 458 41 32 2 107 402 218 59 34 5 9 182 71 42 41 0 79 5 155 29 5 2 3 137 131 3 89 5 0 0 7 4 10 0 4
26623 457 40 39 2 128 469 241 71 39 5 11 220 84 50 59 0 91 3 177 32 7 1 2 148 154 4 95 7 0 0 10 5 11 0 7
26625 443 28 34 2 104 396 207 57 33 4 9 178 68 42 44 0 76 4 155 27 6 1 2 130 129 3 85 4 0 0 8 5 9 0 4
26628 444 28 36 2 118 448 235 65 37 5 10 204 79 45 52 0 86 5 176 33 6 2 2 144 147 4 92 6 0 0 8 6 10 0 5
26711 363 11 36 3 122 448 241 67 35 5 9 217 83 47 58 0 93 4 183 33 6 2 3 145 149 4 99 6 0 0 8 6 11 0 5
26743 399 12 33 2 112 410 214 66 34 5 9 195 77 46 49 0 82 3 158 29 5 2 1 138 132 4 85 5 0 0 8 5 10 0 5
26810 458 40 35 2 123 448 243 68 36 5 10 216 84 48 52 0 86 5 173 31 6 2 3 148 146 4 95 6 0 0 9 6 11 0 5
26811 450 29 38 2 125 479 245 72 39 5 10 220 85 50 54 0 92 4 183 34 7 2 3 159 157 4 100 6 0 0 9 6 13 0 6
26812 452 28 37 2 126 468 238 70 38 4 10 221 84 50 54 0 91 4 172 32 7 1 2 158 151 4 96 6 0 0 10 6 13 0 6
26821 452 28 35 3 115 435 226 67 34 4 10 206 81 46 52 0 86 4 166 31 7 2 2 147 141 4 90 6 0 0 8 5 12 0 5
26822 433 17 63 4 215 808 438 118 69 10 18 371 147 85 94 0 159 10 323 59 11 4 5 264 265 7 176 11 0 0 16 10 21 1 8
26823 433 17 34 2 122 422 234 65 34 4 9 216 82 46 65 0 85 4 174 31 6 2 2 140 139 4 96 6 0 0 9 5 11 0 4
26827 444 18 35 2 133 459 259 72 37 5 10 223 89 50 58 0 96 4 188 32 6 1 3 150 157 4 103 6 0 0 8 7 11 0 5
26844 399 12 100 8 337 1245 650 192 106 14 27 582 227 132 141 0 246 13 483 90 16 7 6 414 407 12 259 16 0 1 27 17 34 1 14
26910 406 17 33 2 114 423 229 63 34 5 9 201 76 45 55 0 87 4 169 30 5 2 3 140 142 4 91 6 0 0 8 6 11 0 4
26911 415 16 35 2 114 430 231 63 35 4 9 203 79 45 52 0 88 3 166 31 6 2 2 143 142 4 92 5 0 0 8 6 11 0 5
26936 396 13 32 2 111 385 221 59 33 5 8 180 76 40 57 0 82 4 166 27 5 2 2 125 126 3 91 5 0 0 8 5 9 0 4
26986 382 12 36 2 121 436 240 64 38 5 9 195 80 43 47 0 81 4 169 32 6 2 3 142 144 4 94 6 0 0 9 5 11 0 5
27020 386 15 30 2 102 373 216 54 34 5 8 177 73 39 49 0 73 6 162 29 5 2 3 132 121 3 90 4 0 0 7 4 10 0 2
27082 430 39 34 2 115 422 229 63 38 6 9 199 79 44 46 0 82 4 167 32 6 2 2 143 143 3 91 5 0 0 9 4 11 0 4
27085 430 39 39 2 130 467 245 74 38 4 10 217 84 51 57 0 91 2 180 32 7 1 2 149 153 4 98 7 0 0 10 5 10 0 7
27086 460 64 34 2 117 418 229 67 35 5 9 203 80 46 49 0 83 4 162 30 6 2 2 137 141 3 92 5 0 0 9 5 10 0 6
27090 404 32 58 5 204 726 405 113 67 11 15 336 138 75 84 0 142 9 290 57 10 4 3 244 238 8 161 8 0 0 15 8 17 1 6
27091 410 32 39 2 128 477 241 75 36 4 11 223 84 50 58 0 95 3 176 33 7 1 2 153 155 5 98 8 0 0 9 6 12 0 7
27096 409 32 39 1 131 469 241 75 37 5 11 227 88 51 60 0 92 3 177 32 7 2 2 155 152 4 98 7 0 0 8 5 11 0 7
27099 405 32 35 2 114 426 234 59 36 4 9 189 78 44 46 0 81 4 171 31 6 2 2 142 143 3 92 5 0 0 9 5 11 0 4
27102 410 29 27 3 107 371 224 58 30 5 8 176 74 39 47 0 74 4 157 29 5 2 3 126 125 3 92 4 0 0 8 5 10 0 3
27108 407 29 33 2 116 421 222 65 34 4 9 204 76 45 49 0 82 4 164 31 6 2 1 139 143 3 85 5 0 0 8 5 9 0 5
27109 407 29 34 3 118 423 229 66 37 5 10 203 82 46 51 0 86 5 171 29 6 2 2 145 140 4 95 5 0 0 7 5 10 0 4
27110 407 29 34 3 112 411 217 59 40 4 8 199 79 41 56 0 80 5 165 34 6 2 2 136 133 6 91 5 0 0 8 4 10 0 4
27111 404 29 33 2 105 406 216 56 34 5 9 180 73 43 43 0 79 5 158 30 6 2 2 132 131 2 88 5 0 0 9 5 9 0 5
27113 405 29 34 3 108 405 225 56 33 4 8 189 74 43 42 0 82 4 159 28 6 1 2 136 131 3 90 5 0 0 9 5 10 0 4
27115 407 29 39 3 132 489 267 75 40 6 11 228 88 51 49 0 96 5 188 34 7 3 2 164 170 5 105 7 0 0 9 7 13 0 5
27116 404 29 30 2 104 388 223 57 33 6 6 178 72 41 42 0 78 5 160 28 7 3 2 134 129 3 86 5 0 0 8 4 10 0 3
27125 404 29 27 3 99 348 212 52 32 5 7 165 73 39 45 0 72 5 150 27 4 2 3 123 116 3 87 3 0 0 8 4 9 0 2
27126 442 23 34 2 112 424 233 63 36 5 9 197 79 44 46 0 84 4 168 30 6 2 2 143 141 4 94 5 0 0 9 5 10 0 4
27129 441 23 27 2 98 354 207 51 33 5 6 166 69 37 39 0 71 5 146 30 4 3 2 125 117 3 86 4 0 0 7 4 10 0 3
27134 440 23 35 2 118 436 234 66 36 4 9 201 79 46 44 0 88 4 161 30 6 2 2 142 144 3 93 7 0 0 8 6 10 0 5
27140 440 23 37 2 119 476 245 66 39 5 11 214 85 49 49 0 92 5 179 37 6 3 3 159 156 5 99 5 0 0 9 5 12 0 4
27142 442 23 38 2 133 483 254 73 40 5 10 222 88 50 57 0 95 4 184 34 7 2 2 155 160 4 102 7 0 0 9 6 12 0 6
27144 443 23 38 2 134 496 255 76 39 4 12 232 88 54 58 0 102 3 184 34 7 1 3 160 167 4 104 7 0 1 10 6 11 0 7
27150 438 23 35 2 121 437 236 67 36 5 9 207 81 47 51 0 86 4 168 31 6 2 2 144 140 3 92 6 0 0 9 5 10 0 5
27165 441 27 38 2 127 466 238 77 38 4 11 223 86 51 57 0 93 3 172 34 6 1 1 150 153 4 96 7 0 0 9 6 10 0 7
27166 397 26 36 2 120 450 236 71 38 5 11 221 87 50 56 0 87 5 173 33 7 2 2 149 145 6 97 6 0 0 8 5 11 0 4
27168 396 26 35 2 122 450 234 69 37 4 11 223 80 50 62 0 92 3 175 32 7 2 3 145 146 4 96 7 0 0 8 5 10 0 6
27202 380 12 32 2 108 389 215 58 34 5 8 185 73 40 47 0 78 4 154 29 5 2 2 134 127 3 86 4 0 0 8 4 9 0 3
27316 343 11 36 2 119 432 228 65 39 5 8 198 79 43 50 0 83 4 172 33 6 2 1 142 147 5 91 5 0 0 9 5 10 0 4
27321 344 11 38 2 124 458 237 69 37 4 10 217 85 49 56 0 90 4 177 31 6 1 1 149 151 4 92 6 0 0 9 7 11 0 6
