27324 344 11 35 2 118 431 228 68 33 4 10 206 78 48 49 0 85 3 159 30 6 1 3 140 140 4 94 8 0 0 8 5 10 0 6
27328 345 11 29 2 99 378 216 49 34 5 7 168 69 39 36 0 71 4 152 30 5 3 3 132 128 3 84 4 0 0 7 4 11 0 3
27343 415 15 87 7 318 1120 657 168 97 14 22 527 219 117 151 0 232 12 485 83 14 6 8 367 384 10 266 14 1 1 25 15 28 2 10
27350 385 17 37 2 117 444 233 63 36 5 9 208 80 45 51 0 91 4 175 31 5 2 2 148 149 4 94 6 0 0 9 6 11 0 5
27352 383 16 33 2 115 425 228 64 36 5 9 190 76 44 43 0 81 5 162 31 6 2 2 139 141 4 90 5 0 0 9 5 10 0 4
27363 346 11 31 3 106 403 215 60 34 5 9 190 76 41 46 0 82 5 158 30 5 2 2 138 131 4 89 4 0 0 7 4 10 0 4
27379 359 15 39 2 136 492 247 79 40 5 11 235 89 53 61 0 97 3 184 31 7 1 2 158 165 5 98 8 0 0 9 7 12 0 7
27392 362 15 67 5 221 825 430 125 68 9 19 392 150 86 97 0 166 7 320 58 11 4 4 271 270 7 171 11 0 1 15 11 19 1 11
27393 361 15 37 1 125 461 227 75 37 4 11 221 83 51 57 0 92 2 170 33 7 1 2 152 146 4 94 7 0 1 9 5 10 0 7
27395 361 15 34 2 111 420 227 60 36 5 8 196 79 43 50 0 85 5 171 31 5 2 2 138 138 3 92 5 0 0 8 5 11 0 4
27397 361 15 36 2 120 430 241 66 39 6 8 209 86 46 55 0 85 5 173 33 6 2 2 144 140 5 98 5 0 0 9 5 10 0 4
27398 372 17 43 2 132 518 244 77 41 4 12 238 90 53 62 0 101 3 185 33 7 1 2 165 168 5 100 9 0 0 10 7 14 0 7
27402 372 15 101 7 353 1289 680 196 104 13 29 610 236 138 165 0 262 11 503 89 17 5 8 421 428 10 273 19 0 1 25 15 32 2 16
27408 370 15 62 5 221 794 437 120 65 9 18 381 148 83 103 0 161 9 318 60 11 4 5 263 266 8 180 10 0 1 15 9 18 1 9
27411 377 19 38 2 126 465 231 72 36 4 10 225 82 50 58 0 91 3 174 32 6 1 1 150 151 4 94 6 0 0 9 5 10 0 7
27415 375 15 30 2 110 400 227 56 37 6 8 181 78 38 50 0 81 6 170 32 4 3 1 133 137 4 92 3 0 0 8 5 9 0 2
27417 367 14 63 6 213 795 433 121 64 10 16 377 148 82 99 0 161 10 320 55 10 4 5 267 269 8 174 10 0 0 16 9 20 1 8
27426 367 14 89 7 299 1094 608 170 94 13 23 515 208 116 131 0 221 13 435 81 16 6 7 369 356 11 250 15 0 1 24 14 27 1 12
27427 368 14 34 2 114 422 224 66 34 4 10 202 78 45 57 0 88 3 167 29 6 1 3 132 141 4 92 7 0 0 8 5 10 0 6
27431 372 14 35 2 124 433 232 69 36 4 9 210 83 47 57 0 88 3 172 32 6 1 2 140 142 4 98 6 0 0 8 4 10 0 6
27441 373 14 39 2 130 479 242 75 38 5 11 231 83 52 60 0 96 2 177 31 7 1 2 152 160 5 96 8 0 0 9 5 11 0 8
27450 373 14 66 3 224 803 431 125 68 9 16 382 147 85 98 0 162 7 315 58 11 4 4 268 265 6 173 11 0 1 15 9 19 1 12
27451 371 17 37 3 119 451 232 69 37 4 10 216 83 46 53 0 88 4 172 33 6 1 2 149 146 5 96 6 0 0 9 5 12 0 5
27485 546 153 36 2 121 453 230 64 38 4 10 217 83 45 53 0 89 4 169 33 6 2 2 156 144 4 93 6 0 0 8 6 12 0 6
27490 537 141 38 2 124 469 242 68 36 5 10 215 85 47 54 0 90 4 181 33 6 2 2 155 153 4 97 6 0 0 9 6 12 0 6
27491 544 141 36 3 117 443 224 66 37 5 9 214 79 45 51 0 87 4 167 35 6 2 2 150 146 5 87 6 0 0 8 4 11 0 6
27495 544 141 67 4 229 839 456 123 71 10 18 390 157 85 96 0 170 8 332 63 11 4 4 282 286 8 181 11 0 1 15 10 21 1 10
27496 553 141 67 5 226 844 432 134 69 10 18 403 155 92 101 0 167 8 318 61 13 4 5 281 275 8 170 11 0 1 16 9 20 1 11
27499 547 141 34 2 116 453 241 63 37 6 11 213 81 47 48 0 92 5 175 33 5 3 2 148 154 3 91 6 0 0 8 5 12 0 4
27500 564 150 39 2 119 487 239 63 41 5 10 214 85 47 58 0 95 4 185 38 6 2 2 159 154 4 95 6 0 0 9 6 12 0 6
27502 545 141 38 2 119 463 227 68 38 5 9 211 85 49 56 0 93 4 179 33 6 2 2 150 153 4 93 6 0 0 10 5 11 0 6
27505 544 141 35 2 110 420 216 60 36 5 8 197 78 41 50 0 82 5 165 31 6 2 3 141 135 4 90 5 0 0 9 5 10 0 4
27508 544 141 39 2 122 473 223 69 39 4 11 220 83 49 62 0 94 3 173 34 6 1 2 155 147 4 94 6 0 0 9 5 11 0 7
27512 545 141 36 2 120 446 232 69 37 5 8 212 79 48 55 0 87 3 171 31 5 2 2 145 148 3 89 6 0 0 9 5 11 0 5
27513 591 141 38 3 119 443 230 64 40 5 9 209 83 44 56 0 88 5 171 34 6 2 2 145 142 5 96 5 0 0 9 6 10 0 5
27514 576 141 37 2 116 443 215 69 37 4 10 210 79 47 54 0 88 3 161 33 6 1 1 142 143 3 85 6 0 0 8 5 9 0 7
27517 591 145 34 3 114 437 227 65 38 6 8 202 85 47 54 0 85 5 175 33 6 2 2 147 140 5 93 5 0 0 9 5 11 0 4
27574 363 20 35 2 107 435 212 59 36 5 9 196 79 45 53 0 86 5 165 33 6 2 1 149 136 4 89 5 0 0 8 5 12 0 4
27576 363 18 101 8 335 1240 650 192 102 13 28 598 227 128 157 0 249 13 481 93 17 5 7 414 410 10 265 17 0 1 24 16 30 1 16
27579 351 24 32 3 113 433 223 65 35 4 9 203 79 42 51 0 90 5 166 35 5 2 3 150 146 4 88 5 0 0 9 5 11 0 5
27592 352 24 31 3 110 397 219 64 31 4 8 189 80 46 53 0 81 4 157 29 6 2 3 133 132 3 92 5 0 0 8 4 11 0 5
27593 351 18 59 5 210 769 424 116 62 9 18 361 147 79 95 0 151 10 308 60 10 4 5 261 250 5 170 9 0 1 14 12 18 1 8
27753 355 12 38 2 127 452 236 74 37 5 9 219 86 48 59 0 91 3 172 31 6 1 2 146 146 4 95 6 0 0 9 6 11 0 6
27829 403 25 34 3 114 440 225 64 36 4 10 204 79 45 51 0 84 4 170 34 5 1 2 146 143 3 91 5 0 0 8 6 10 0 5
27830 422 24 36 3 117 433 226 65 39 5 9 206 80 42 49 0 84 5 165 33 6 2 2 145 141 4 91 6 0 0 8 5 11 0 4
27833 421 23 32 2 118 444 245 62 35 5 10 214 80 46 53 0 88 5 179 33 6 2 2 142 150 4 96 6 0 0 8 5 11 0 4
27856 374 12 36 2 123 452 238 70 36 5 9 207 83 48 53 0 89 3 180 32 6 2 2 144 152 3 96 5 0 0 9 7 11 0 6
27857 374 13 37 2 125 456 233 68 39 5 10 206 84 47 48 0 89 4 172 35 6 2 2 153 152 3 93 6 0 0 7 5 11 0 5
27865 374 11 35 2 114 422 220 65 35 4 9 204 78 44 51 0 88 3 164 31 5 2 2 138 144 3 88 4 0 0 8 6 10 0 5
27866 373 11 102 7 335 1269 648 187 107 14 29 607 230 137 160 0 252 11 482 93 17 6 6 421 409 13 263 19 0 2 25 14 33 1 16
27899 329 42 32 2 114 391 216 64 34 4 7 193 79 41 52 0 79 4 159 29 5 2 1 132 128 4 93 5 0 0 7 4 9 0 4
27901 331 42 70 5 226 853 427 129 72 9 19 402 156 90 108 0 169 9 322 62 12 3 4 279 271 9 175 12 0 1 18 10 20 1 11
27906 346 43 32 3 114 417 221 66 31 4 10 204 77 43 49 0 84 4 159 31 5 1 2 142 139 3 91 5 0 0 7 5 9 0 5
27910 341 42 32 2 105 397 206 62 33 4 9 189 74 43 49 0 79 4 151 29 5 2 2 135 125 3 85 5 0 0 8 4 9 0 5
27912 348 45 35 2 114 411 214 63 35 4 10 201 79 44 53 0 84 3 164 29 5 1 1 137 136 3 86 5 0 0 7 5 9 0 5
27913 358 12 38 3 119 457 229 67 37 4 10 218 82 46 59 0 90 3 175 32 6 1 2 151 149 5 97 7 0 0 10 6 11 0 6
27917 358 12 106 7 349 1271 672 197 105 13 28 606 234 136 156 0 255 10 488 90 18 4 7 416 416 11 273 19 0 1 24 16 33 2 17
27920 361 12 37 2 125 451 235 72 35 4 10 220 83 48 60 0 93 3 172 31 6 1 2 146 151 4 98 6 0 0 8 6 11 0 6
28026 365 41 126 10 424 1531 832 231 130 18 33 724 295 162 182 0 304 16 600 113 21 7 9 505 498 15 349 22 1 1 31 20 39 2 18
28029 367 40 31 3 103 385 201 55 35 5 7 179 74 40 43 0 73 5 142 30 5 3 2 132 117 3 84 5 0 0 8 4 12 0 3
28034 379 40 32 2 116 424 234 69 34 5 8 203 80 45 47 0 84 5 167 31 5 2 2 137 146 3 91 5 0 0 8 5 10 0 4
28035 379 40 26 2 95 335 193 55 26 3 7 172 68 38 43 0 67 4 133 24 4 2 2 109 113 3 73 5 0 0 7 4 8 0 4
28039 376 38 34 3 123 434 228 69 36 4 9 218 85 48 60 0 86 5 176 31 6 2 3 143 139 5 98 5 0 0 8 5 10 0 5
28048 374 38 30 2 110 383 222 62 32 5 7 183 79 42 49 0 75 5 162 27 5 2 3 130 127 4 93 4 0 0 7 4 10 0 3
28052 375 38 39 2 125 468 238 75 36 4 11 225 87 50 58 0 93 4 176 33 6 1 2 152 152 4 98 7 0 0 9 6 12 0 6
28054 373 38 31 2 109 398 218 58 34 3 8 189 76 40 51 0 79 5 160 31 6 2 2 130 132 4 89 5 0 0 8 4 9 0 4
28055 373 38 36 3 122 457 234 71 38 5 9 217 85 47 52 0 87 5 176 35 6 2 2 154 152 4 91 5 0 0 8 6 11 0 5
28057 375 38 35 3 125 437 237 71 34 4 9 223 84 47 66 0 89 3 173 31 6 1 3 140 145 5 97 6 0 0 9 5 11 0 5
28058 359 15 33 3 111 407 210 64 36 4 9 196 80 45 53 0 81 3 159 31 6 2 2 137 128 4 91 5 0 0 8 4 11 0 5
28061 359 15 32 2 104 394 211 59 32 5 8 183 74 42 42 0 76 4 154 29 6 2 2 132 129 3 84 6 0 0 8 4 10 0 5
28062 360 15 38 2 127 476 243 75 40 5 10 230 89 52 60 0 93 4 181 34 7 2 3 160 156 5 100 6 0 0 9 6 13 0 5
28069 359 15 35 3 119 449 225 67 37 4 11 211 85 47 53 0 88 4 163 33 5 2 2 148 140 4 94 6 0 0 9 5 11 0 6
28082 409 14 65 5 231 833 447 126 70 9 18 407 159 90 109 0 169 7 328 60 12 4 6 280 273 7 188 11 0 1 16 11 22 1 10
28128 294 26 32 2 104 403 211 59 33 4 9 187 70 42 45 0 80 5 155 31 6 2 2 136 130 3 85 5 0 0 8 4 9 0 5
28131 307 17 92 8 318 1160 642 180 96 14 27 542 218 120 134 0 235 14 464 86 14 6 7 393 392 11 254 13 0 2 22 16 27 1 12
28132 304 15 37 2 123 453 232 71 35 5 11 218 80 49 52 0 90 3 166 32 6 2 1 148 149 3 91 7 0 0 9 6 10 0 7
28136 305 18 28 4 102 342 210 58 29 4 6 174 67 39 41 0 72 4 148 27 5 2 3 122 114 3 87 3 0 0 8 4 8 0 2
28137 358 12 35 3 122 447 233 66 35 5 10 212 81 46 50 0 87 4 170 34 5 2 2 151 144 3 96 5 0 0 9 5 11 0 5
28141 357 12 69 4 225 837 445 121 72 10 18 388 156 87 106 0 170 9 331 63 11 4 5 274 272 8 183 11 0 0 16 10 19 1 9
28150 371 18 32 3 110 389 228 56 33 5 7 183 77 40 56 0 81 4 173 27 5 2 2 130 132 3 90 4 0 0 8 4 9 0 3
28168 358 26 64 5 213 794 437 113 68 10 17 358 148 77 91 0 156 10 318 61 10 4 5 265 265 7 176 9 0 0 15 9 20 0 7
28169 348 14 66 4 226 820 442 124 68 10 19 390 151 87 97 0 160 7 317 57 12 4 4 272 275 6 176 12 0 1 18 10 19 1 11
28183 351 14 36 2 125 473 242 69 37 5 11 225 82 49 51 0 93 3 173 35 6 2 3 160 158 3 93 7 0 1 9 5 12 0 6
28184 362 15 63 5 217 788 433 122 67 10 17 374 151 84 94 0 161 10 319 58 10 4 4 260 262 5 179 9 0 1 15 10 20 1 8
28186 362 15 65 5 229 802 445 128 68 9 16 383 154 86 101 0 160 7 317 62 11 4 4 264 266 7 184 11 0 1 18 10 18 1 10
28188 362 15 34 2 116 419 226 63 33 4 9 204 78 43 58 0 82 4 166 32 6 1 2 142 135 4 93 6 0 0 8 5 10 0 5
28193 376 13 39 2 126 476 238 75 39 5 11 224 85 52 54 0 93 3 172 34 6 2 3 160 155 4 98 7 0 0 8 5 12 0 7
28194 376 13 32 2 111 407 233 61 33 6 8 186 79 43 41 0 80 5 163 30 5 2 2 139 134 3 91 4 0 0 9 6 10 0 3
28221 373 19 27 3 106 356 216 56 29 4 8 182 68 37 55 0 76 4 154 26 5 2 3 123 121 3 88 4 0 0 7 4 8 0 3
28224 373 19 36 3 115 442 228 63 38 5 9 202 79 48 42 0 83 4 165 34 6 2 2 152 146 2 89 5 0 0 9 7 13 0 4
28270 408 18 32 3 111 396 215 58 34 4 7 183 75 42 49 0 80 3 160 29 5 2 2 135 130 3 92 5 0 0 9 4 11 0 5
28271 414 18 30 2 118 412 230 63 35 5 7 194 78 43 43 0 82 5 159 32 5 2 2 143 134 2 94 5 0 0 8 4 11 0 3
28306 314 11 34 2 117 421 222 65 34 4 8 205 79 46 50 0 82 4 165 30 7 2 2 147 137 4 90 5 0 0 8 5 10 0 5
28324 447 56 39 2 131 470 240 72 38 4 10 224 88 51 58 0 94 3 178 32 7 2 2 155 156 4 99 7 0 0 9 5 12 0 6
28335 444 56 35 2 122 437 236 68 36 5 9 202 81 46 56 0 89 4 177 31 6 2 3 140 147 4 96 6 0 0 9 5 11 0 5
28336 439 55 38 2 123 455 239 70 38 4 9 212 85 49 55 0 88 4 173 32 6 1 3 150 146 4 99 6 0 0 9 5 11 0 5
28340 442 55 38 3 125 462 236 71 40 4 9 232 86 49 52 0 89 4 173 34 6 1 2 155 150 4 98 6 0 0 9 5 12 0 5
28346 437 54 34 2 111 405 219 62 35 5 9 183 77 45 46 0 80 4 162 30 5 2 2 133 131 2 87 6 0 0 8 5 10 0 4
28348 435 53 36 2 120 451 233 68 38 4 10 211 80 47 51 0 86 4 165 34 5 2 2 154 139 3 96 7 0 0 9 5 11 0 5
28355 438 53 36 3 119 431 231 63 37 4 9 211 83 43 56 0 89 4 173 32 5 1 3 143 144 4 96 5 0 0 8 5 10 0 4
28356 448 48 27 2 93 342 193 57 30 5 7 163 69 39 41 0 69 5 138 27 5 4 2 124 109 3 79 4 0 0 6 3 9 0 3
28359 444 48 38 2 124 456 241 72 35 5 10 213 82 47 54 0 88 4 175 32 6 2 2 148 150 4 96 7 0 0 9 5 11 0 6
28364 434 49 30 3 112 399 229 60 34 4 8 191 72 41 54 0 86 6 169 33 5 2 2 134 136 3 95 5 0 0 9 5 9 0 3
28373 310 19 38 2 118 445 237 62 38 4 10 200 79 44 51 0 87 3 171 36 6 2 2 147 148 3 94 6 0 0 9 6 12 0 6
28374 314 19 35 2 115 413 216 68 37 4 8 194 77 46 51 0 79 3 157 31 5 2 2 137 130 3 84 6 0 0 7 5 10 0 5
28378 314 19 32 2 109 402 217 58 32 4 9 187 77 43 46 0 76 4 159 31 6 1 1 137 127 3 90 5 0 0 8 5 10 0 4
28382 313 19 34 3 111 415 216 61 34 5 9 194 78 42 44 0 80 5 161 31 5 2 2 141 135 2 87 5 0 0 8 5 10 0 4
28383 307 13 38 3 125 477 239 73 40 5 11 219 86 50 56 0 94 3 181 35 6 1 2 156 156 5 95 6 0 0 9 6 12 0 6
28384 320 12 35 2 124 444 234 73 37 5 10 220 83 48 57 0 88 4 169 32 6 2 2 151 143 4 96 6 0 0 8 5 11 0 5
28392 313 12 28 2 103 378 223 54 31 5 7 167 71 37 37 0 74 5 155 30 4 3 2 130 129 3 84 4 0 0 9 4 9 0 3
28393 368 26 70 4 229 858 441 125 73 9 20 395 156 91 100 0 168 7 326 66 12 4 4 287 281 8 179 12 0 1 17 10 20 1 11
28400 367 26 32 3 108 399 217 55 34 5 8 195 77 40 51 0 76 5 162 30 4 2 2 139 129 4 90 4 0 0 8 5 10 0 3
28405 360 22 31 3 112 399 212 63 31 4 9 200 74 45 52 0 85 4 158 27 4 2 1 130 131 4 88 5 0 0 8 5 8 0 5
28408 357 11 38 2 127 467 241 72 37 4 10 226 86 51 62 0 95 3 182 32 6 1 1 147 156 4 97 6 0 0 9 6 10 0 6
28410 360 11 66 4 215 799 433 120 67 10 17 373 151 84 92 0 158 10 315 60 11 5 4 270 259 7 178 11 0 0 17 10 20 1 8
28550 316 14 56 5 198 718 391 108 63 8 15 337 139 75 88 0 142 8 286 54 10 4 4 249 228 7 161 9 0 0 15 9 19 1 7
28554 333 14 33 3 111 408 223 56 33 4 9 196 73 41 49 0 82 5 164 30 5 2 3 141 136 3 93 5 0 0 8 5 10 0 4
28576 327 30 34 2 111 423 218 62 34 5 9 201 80 47 52 0 83 4 166 29 6 2 2 141 137 4 91 6 0 0 8 5 11 0 5
28578 327 30 37 2 120 460 226 70 35 4 11 216 83 50 56 0 91 3 166 30 7 2 2 151 147 4 92 7 0 0 9 5 12 0 7
28580 323 28 37 3 113 442 222 63 35 4 10 205 78 47 50 0 88 5 168 28 6 2 2 149 144 3 93 6 0 0 8 5 12 0 5
28583 321 23 64 5 212 806 422 117 66 10 17 369 150 83 92 0 163 9 317 59 10 4 6 269 269 7 172 10 0 1 16 10 21 1 8
28588 326 25 36 3 125 436 233 68 37 5 10 213 87 48 56 0 91 4 174 31 6 1 2 143 144 5 101 6 0 0 9 4 11 0 5
28592 325 33 29 3 101 375 208 51 35 5 6 165 74 39 39 0 74 5 155 31 5 3 2 132 120 3 85 4 0 0 8 3 10 0 3
28610 341 11 122 11 417 1519 855 221 133 20 32 711 287 155 185 0 307 20 631 118 20 9 9 506 512 13 345 17 1 1 31 22 38 2 14
28617 250 19 59 4 207 759 419 112 65 10 15 357 139 78 88 0 153 9 301 57 11 5 4 257 254 6 173 9 0 1 15 9 19 1 8
28641 248 15 30 3 102 383 216 57 32 5 8 187 76 40 51 0 77 6 160 29 5 2 2 128 126 4 89 4 0 0 7 4 9 0 3
28652 364 62 34 2 109 403 221 57 34 6 8 178 77 44 44 0 79 4 165 28 5 2 2 135 130 2 90 5 0 0 9 6 10 0 4
28659 385 62 30 3 117 394 239 60 35 5 7 189 78 42 51 0 82 4 171 29 5 3 3 133 131 3 97 4 0 0 9 5 10 0 3
28664 384 62 33 2 103 386 210 56 34 5 7 187 73 41 47 0 75 5 153 29 5 2 1 134 127 3 82 5 0 0 7 4 10 0 3
28665 381 62 34 2 106 401 219 59 35 5 8 176 73 40 41 0 79 5 159 29 5 3 1 134 131 3 88 4 0 0 8 5 9 0 3
28666 383 62 37 2 123 446 240 68 35 4 11 218 82 46 54 0 86 3 169 31 6 1 2 145 149 4 95 7 0 0 10 5 12 0 6
28675 382 62 39 2 134 480 247 77 38 4 11 225 90 52 57 0 96 3 183 33 6 1 1 153 160 3 101 7 0 1 9 7 12 0 6
28677 380 62 73 4 233 871 448 132 72 8 20 408 154 91 105 0 170 8 326 64 13 3 5 280 287 8 176 13 0 1 19 10 21 1 11
28688 380 62 61 4 213 753 430 119 63 9 16 357 147 85 97 0 155 7 308 56 11 5 5 246 245 7 179 11 0 1 17 10 18 1 9
28694 372 62 65 6 225 809 450 124 73 11 16 380 153 83 89 0 161 10 329 62 12 4 6 270 274 8 181 9 0 1 16 9 22 0 7
28882 259 23 34 2 115 411 222 63 36 4 9 201 78 44 55 0 85 4 167 30 5 2 2 137 137 3 91 5 0 0 9 4 9 0 5
29145 384 12 38 3 124 468 241 75 38 5 12 233 82 48 52 0 91 4 175 35 5 2 2 155 154 3 94 6 0 0 9 5 11 0 5
29153 345 24 36 3 118 438 226 66 36 4 10 210 82 44 55 0 86 4 172 33 5 2 2 147 137 4 93 6 0 0 8 6 10 0 5
29158 346 24 34 2 118 414 231 63 34 4 8 192 78 44 51 0 85 3 166 29 5 2 3 135 135 3 94 5 0 0 9 5 10 0 5
29165 346 24 37 3 121 448 238 70 38 5 10 214 85 48 52 0 90 4 174 33 6 2 3 151 146 5 100 5 0 0 8 5 11 0 4
29169 346 24 35 3 113 419 224 67 34 4 8 199 78 44 46 0 81 3 164 30 5 2 2 137 138 4 89 6 0 0 9 5 11 0 5
29174 363 25 65 5 222 796 436 120 67 9 18 377 155 84 111 0 168 9 327 59 10 4 6 263 264 7 183 10 0 1 15 10 18 1 9
29175 383 18 35 2 112 419 222 60 34 5 10 191 76 45 48 0 81 5 166 31 6 2 2 140 136 3 88 5 0 0 9 5 9 0 5
29177 385 16 31 2 117 396 225 66 31 5 8 198 74 44 54 0 84 4 164 27 6 2 2 135 137 2 87 5 0 0 8 5 8 0 5
29295 320 23 99 7 336 1237 645 185 100 12 29 583 226 130 149 0 244 12 470 90 16 6 6 413 405 10 265 17 0 1 24 17 30 1 16
29299 310 14 91 9 306 1156 619 169 99 15 24 530 216 119 134 0 228 16 464 87 15 7 7 394 381 12 255 13 0 1 24 15 31 1 10
29353 258 19 33 2 114 429 233 59 35 5 11 200 75 43 47 0 81 4 170 33 5 2 3 150 140 4 94 4 0 0 8 5 10 0 4
29415 331 11 38 2 126 479 246 68 39 4 11 215 83 47 51 0 92 5 179 35 6 2 2 154 159 4 97 7 0 0 9 6 11 0 5
29444 340 17 97 7 322 1181 626 183 97 14 27 565 223 123 147 0 239 12 463 84 16 5 6 389 394 10 260 16 0 1 22 15 30 1 14
29448 311 15 36 3 121 441 234 69 37 4 10 214 83 46 57 0 87 4 169 32 6 1 2 148 145 4 93 7 0 0 10 5 11 0 5
29455 308 29 62 5 213 779 415 124 66 10 18 378 144 81 95 0 155 10 306 59 11 4 5 266 254 7 164 10 0 1 15 10 18 1 9
29459 308 26 68 5 226 814 416 129 67 8 18 395 154 89 104 0 162 7 314 59 11 4 4 271 262 7 171 11 0 1 16 10 21 1 10
29462 308 21 71 4 239 873 442 140 70 9 21 424 164 95 112 0 176 6 338 58 13 3 4 287 286 8 179 13 0 1 17 12 21 1 13
29497 474 39 38 2 120 465 230 69 37 4 10 218 84 46 54 0 92 3 175 32 6 1 2 150 152 3 92 6 0 0 9 6 11 0 6
29502 413 11 33 2 103 407 202 58 34 4 9 188 72 44 44 0 80 3 153 30 6 2 2 142 127 3 82 5 0 0 8 5 12 0 5
29606 399 17 33 2 107 403 227 59 33 5 8 186 76 43 46 0 80 5 168 29 5 2 2 128 137 3 93 5 0 0 8 6 11 0 4
29607 423 15 88 8 315 1143 632 175 92 13 26 543 219 119 148 0 229 14 463 88 15 6 7 390 374 9 256 14 0 1 22 17 28 1 12
29708 366 20 42 3 136 500 246 82 38 4 12 240 89 55 61 0 100 3 185 34 7 1 2 156 163 4 97 8 0 0 9 6 12 0 8
29714 375 20 42 2 128 486 240 76 37 4 12 232 85 51 58 0 96 3 180 34 6 1 2 156 160 4 93 7 0 0 9 7 11 0 8
29719 368 20 31 3 108 421 222 64 35 6 10 203 77 44 49 0 87 5 163 31 5 3 3 143 141 4 85 5 0 0 7 4 11 0 3
29761 353 36 36 2 115 431 215 67 34 4 10 207 79 48 52 0 86 4 160 31 7 1 2 144 136 4 91 6 0 0 8 5 11 0 6
