29764 353 36 37 2 121 444 227 73 33 4 10 217 82 49 58 0 87 4 168 30 5 2 2 145 144 4 92 7 0 0 9 6 11 0 6
29777 358 34 37 2 120 458 231 69 35 4 11 217 83 50 51 0 87 4 165 32 7 2 2 150 147 4 91 7 0 0 9 6 11 0 6
29786 354 36 37 2 126 451 240 72 37 4 10 216 83 47 50 0 89 4 170 35 6 2 3 153 146 4 100 7 0 0 8 5 11 0 5
29799 298 31 32 3 120 410 233 63 33 4 9 196 79 43 64 0 87 3 175 29 6 2 3 133 140 2 96 5 0 0 8 6 10 0 5
29806 305 21 36 2 123 443 235 72 36 4 10 209 83 49 53 0 90 3 178 32 6 1 1 141 150 2 95 6 0 0 8 6 10 0 6
29816 316 19 68 6 222 819 447 117 69 9 19 388 152 82 99 0 163 8 332 64 11 4 5 272 275 9 178 11 0 0 15 11 20 1 8
29821 312 19 35 2 119 442 232 66 34 5 10 201 80 48 49 0 85 4 165 31 6 2 3 145 145 3 91 6 0 0 8 5 11 0 5
29826 310 19 37 2 115 435 218 65 37 4 10 207 78 47 50 0 83 3 158 32 6 2 2 143 136 3 91 6 0 0 8 6 11 0 6
29827 290 22 30 3 101 366 206 53 30 4 8 174 69 37 45 0 75 4 152 26 4 2 2 124 120 2 85 5 0 0 7 5 10 0 4
29830 292 22 64 5 212 775 419 119 65 8 16 370 142 81 96 0 153 7 300 59 11 4 4 257 258 6 168 11 0 1 17 9 20 1 10
29834 273 14 37 3 116 430 218 65 36 4 9 202 78 45 51 0 85 4 163 33 6 2 2 142 140 3 92 6 0 0 8 5 10 0 6
29850 287 17 37 2 129 473 242 77 36 4 12 227 86 53 58 0 94 3 179 32 7 2 2 152 155 4 99 6 0 0 9 7 10 0 6
29860 279 14 35 1 110 416 227 58 34 4 9 189 74 42 48 0 79 4 163 32 6 2 2 138 138 3 90 5 0 0 9 5 9 0 5
29907 259 11 67 5 237 832 448 132 67 8 19 401 157 89 109 0 170 7 330 58 12 3 5 273 276 7 183 11 0 1 17 13 19 1 11
29914 259 11 69 5 227 839 444 128 68 8 22 398 154 90 106 0 169 7 326 59 10 3 5 279 273 8 182 12 0 1 17 11 21 1 11
29921 262 12 39 2 126 462 226 73 37 4 10 221 84 52 57 0 92 3 171 31 7 1 2 150 148 4 94 7 0 0 8 6 10 0 7
29922 260 11 68 4 229 856 460 122 71 9 20 407 156 89 106 0 168 9 342 61 11 3 5 281 284 8 182 12 0 1 17 11 20 1 10
29924 260 11 30 3 110 388 223 58 32 4 8 185 74 39 49 0 83 4 162 28 5 2 3 129 132 3 91 4 0 0 8 5 9 0 3
29926 285 15 32 2 105 387 207 61 33 4 9 184 76 43 49 0 75 4 150 29 5 2 2 134 120 3 85 5 0 0 7 5 10 0 4
29938 285 15 33 2 119 433 232 68 34 4 10 213 78 45 49 0 87 3 161 31 6 1 2 144 147 4 91 6 0 0 9 5 10 0 6
29939 296 18 66 4 233 836 443 132 65 7 19 403 155 88 104 0 169 7 319 61 12 3 5 276 274 7 179 12 0 1 17 12 21 1 11
29941 298 18 39 1 128 466 235 76 37 4 10 223 86 52 58 0 90 5 172 33 6 2 2 151 148 4 97 7 0 0 8 6 11 0 7
29943 266 11 37 2 125 442 232 72 38 5 9 208 83 48 56 0 90 3 173 32 6 2 2 140 147 4 93 6 0 0 8 5 10 0 6
29950 274 11 33 2 115 423 224 64 34 5 8 204 77 47 55 0 88 4 171 29 7 2 2 139 142 3 95 6 0 0 9 6 9 0 5
29952 260 11 96 8 337 1201 643 186 98 13 27 578 228 130 156 0 242 11 478 87 16 6 8 398 399 12 264 17 1 1 24 14 29 2 15
29964 262 11 34 2 114 417 218 64 36 5 10 194 77 47 48 0 84 4 164 31 5 2 2 142 136 4 94 5 0 0 9 6 9 0 4
29969 261 11 33 2 119 417 223 68 34 5 10 200 80 44 45 0 82 4 155 32 5 2 3 147 134 3 94 5 0 0 7 5 10 0 4
29970 269 12 34 2 110 400 233 59 36 5 8 183 79 39 47 0 83 4 176 30 5 2 2 132 137 3 94 4 0 0 8 5 10 0 3
29986 282 11 29 3 99 366 214 47 33 5 6 166 70 36 37 0 70 5 153 27 4 2 2 125 122 2 86 3 0 0 8 5 9 0 2
29991 281 11 35 3 115 424 220 63 36 5 9 197 79 44 45 0 82 4 158 32 7 2 2 145 137 4 91 5 0 0 9 5 11 0 5
30011 278 11 26 3 104 341 209 54 32 5 7 168 71 35 43 0 74 5 148 26 4 3 2 120 116 4 89 3 0 0 6 4 8 0 2
30018 280 13 34 2 117 416 226 62 38 5 8 204 81 43 56 0 85 4 168 33 6 2 1 139 133 4 94 5 0 0 8 5 10 0 4
30031 280 11 29 2 112 395 232 54 33 5 8 189 74 40 45 0 79 5 165 30 5 2 1 127 138 3 86 4 0 0 9 5 8 0 3
30035 271 11 32 3 113 427 232 63 35 4 10 200 79 42 51 0 87 5 170 32 5 2 4 141 142 4 96 5 0 0 8 5 11 0 4
30040 272 11 31 3 105 385 211 55 34 4 8 184 71 40 43 0 80 5 155 30 5 2 3 128 127 3 91 5 0 0 7 4 10 0 4
30044 341 14 37 3 117 442 237 65 34 4 10 212 81 45 56 0 89 3 180 30 5 2 2 139 154 4 95 6 0 0 9 6 9 0 5
30063 301 12 60 5 205 735 421 113 62 10 15 344 141 78 79 0 145 10 299 57 11 4 4 249 249 5 171 8 0 0 16 8 18 1 7
30066 301 12 30 2 116 386 215 64 32 4 9 191 75 42 51 0 80 3 152 27 5 2 2 128 125 3 90 5 0 0 7 5 8 0 5
30072 327 36 127 9 417 1537 840 226 130 20 34 709 291 160 175 0 302 17 606 113 21 9 9 515 507 13 334 20 1 1 33 21 40 2 17
30251 371 31 38 2 129 470 248 72 36 4 11 220 88 50 61 0 98 3 184 34 6 2 2 149 157 3 100 7 0 0 9 6 10 1 7
30260 396 15 32 3 110 420 220 65 34 5 10 199 78 43 48 0 84 4 163 29 6 2 2 140 138 3 90 6 0 0 7 4 10 0 5
30261 395 14 34 2 120 451 241 67 37 6 9 218 84 47 54 0 91 4 176 33 6 2 2 152 147 4 101 5 0 0 8 6 11 0 6
30300 383 13 37 2 123 449 231 70 36 4 11 217 82 48 56 0 88 3 170 33 6 1 2 150 144 4 96 7 0 0 9 4 10 0 7
30354 310 26 62 5 204 774 396 117 67 10 17 366 146 83 92 0 153 8 294 58 11 4 3 263 249 6 157 9 0 1 14 10 20 1 9
30366 311 26 28 2 101 363 203 57 34 5 7 172 72 40 41 0 73 4 142 30 4 3 2 128 115 2 82 3 0 0 8 4 10 0 3
30370 298 11 35 2 119 438 234 65 36 5 9 210 79 45 50 0 84 4 166 33 7 2 2 145 147 4 92 6 0 0 9 4 10 0 6
30472 266 28 32 2 116 422 230 64 36 6 9 194 77 46 45 0 85 3 161 31 6 3 2 143 141 3 87 5 0 0 8 5 11 0 5
30476 265 27 32 2 110 409 214 62 34 4 9 199 77 45 51 0 77 4 154 30 6 2 2 143 128 4 88 5 0 0 8 4 11 0 5
30481 266 27 63 4 209 780 416 119 68 9 16 364 146 82 97 0 155 8 307 56 12 4 3 257 252 6 172 11 0 0 16 9 18 1 9
30485 269 13 39 2 125 479 240 74 36 4 11 224 87 51 56 0 95 3 171 32 6 2 1 155 155 3 92 8 0 0 9 6 12 0 7
30487 270 13 68 5 224 854 447 126 70 9 19 386 150 87 93 0 166 9 330 63 13 4 6 275 285 8 175 11 0 1 17 11 21 1 10
30502 306 12 61 5 209 772 406 113 67 10 17 370 149 80 93 0 151 9 307 57 11 5 3 265 249 7 167 9 0 1 15 10 19 1 8
30552 296 12 34 2 121 421 244 65 34 5 8 194 80 43 47 0 84 4 173 32 6 2 1 137 145 3 94 4 0 0 8 6 10 0 4
30694 328 17 65 4 228 844 455 119 70 11 20 396 156 86 100 0 165 9 345 67 11 5 5 287 282 7 178 8 0 1 17 12 19 1 7
30709 328 17 38 2 132 488 247 77 37 4 11 242 88 52 62 0 98 4 185 33 7 2 2 159 160 5 98 7 0 0 9 6 12 0 7
30718 328 17 28 3 98 355 199 55 31 5 7 173 72 37 45 0 75 4 144 27 4 3 1 118 122 2 79 4 0 0 8 4 8 0 3
30736 328 17 32 2 105 399 214 57 35 5 9 183 76 41 43 0 76 5 159 33 5 3 2 137 128 2 86 4 0 0 7 6 9 0 3
30747 296 12 40 1 126 471 232 74 36 3 11 221 83 51 59 0 93 2 175 31 7 1 2 149 153 4 95 8 0 0 9 6 12 1 8
30749 298 12 34 2 116 417 222 65 35 4 9 199 78 45 53 0 84 4 167 30 5 2 2 137 138 4 92 5 0 0 9 5 9 0 5
30756 296 12 37 3 120 445 224 68 37 4 10 215 85 49 56 0 89 4 168 32 6 2 1 148 137 5 89 6 0 0 9 6 11 0 5
30767 298 12 38 3 120 462 232 65 40 5 11 216 79 47 53 0 91 4 179 35 6 2 1 150 150 3 91 6 0 0 9 6 11 0 6
30880 336 45 34 2 108 429 239 54 35 5 9 187 77 42 42 0 80 4 177 32 6 2 2 148 144 3 93 4 0 0 10 5 11 0 3
30894 343 45 61 4 209 779 421 113 65 9 18 363 137 81 96 0 156 8 304 57 12 4 5 251 260 6 171 11 0 1 15 10 19 1 10
30903 329 42 61 5 207 771 416 116 64 10 17 361 145 80 91 0 155 8 298 59 11 4 4 259 251 8 168 10 0 0 16 9 19 1 8
30913 339 42 34 3 119 420 226 65 35 4 9 201 81 46 57 0 83 3 157 32 5 2 2 140 135 3 94 7 0 0 9 5 10 0 6
30914 334 42 30 3 101 378 226 50 32 6 8 165 68 35 37 0 73 6 159 33 5 3 3 127 132 3 86 3 0 0 8 5 9 0 2
30925 333 42 35 2 124 444 235 72 38 5 9 209 81 47 50 0 87 3 172 31 7 1 2 144 151 4 93 7 0 0 9 5 10 0 6
30932 331 42 32 2 108 413 218 58 35 4 9 191 76 42 43 0 78 5 159 32 5 2 2 139 134 3 86 5 0 0 8 5 10 0 4
30934 296 22 38 3 120 455 227 70 35 4 11 219 80 50 55 0 93 4 175 30 6 1 1 151 148 3 90 7 0 0 9 5 11 0 7
30983 292 11 30 3 108 382 217 59 35 5 7 186 76 43 47 0 75 5 153 31 5 2 1 131 121 3 92 4 0 0 7 5 9 0 4
30989 303 16 57 4 202 713 408 108 61 10 14 327 140 76 82 0 140 9 288 54 11 5 4 241 232 6 164 8 0 0 16 9 17 1 7
31053 278 11 40 2 126 478 241 72 38 4 12 223 86 52 56 0 93 3 175 33 6 1 2 156 150 4 98 8 0 0 9 6 11 0 7
31070 280 11 32 3 107 414 224 54 36 5 9 184 75 41 52 0 86 5 179 33 4 2 3 135 139 3 91 5 0 0 8 6 11 0 3
31143 279 13 61 5 204 726 386 112 62 9 14 349 144 79 94 0 147 8 291 52 10 4 3 245 232 7 161 9 0 0 14 9 18 1 7
31292 250 19 35 3 114 417 224 61 35 4 10 199 79 43 48 0 85 4 164 32 5 2 2 140 138 4 91 5 0 0 8 6 9 0 4
31299 252 19 185 16 619 2236 1255 327 197 29 45 1045 424 230 266 0 448 29 911 175 29 13 14 745 745 20 515 26 1 2 46 32 56 2 21
31309 253 18 62 5 213 759 414 121 63 8 17 372 142 80 98 0 153 8 302 56 11 3 4 250 253 7 166 10 0 1 15 9 19 1 10
31312 253 18 36 2 122 446 235 71 36 4 9 212 83 47 60 0 90 3 175 31 6 1 2 146 147 3 97 6 0 0 9 6 11 0 6
31324 264 18 28 2 103 366 221 52 31 5 7 178 70 37 45 0 71 5 154 30 4 2 2 128 122 3 91 4 0 0 8 4 9 0 3
31326 258 18 37 2 122 448 234 74 38 6 11 223 87 50 55 0 88 4 169 32 7 2 2 155 143 4 94 6 0 0 7 5 11 0 5
31328 258 18 35 2 113 441 231 61 35 5 10 212 81 45 57 0 84 4 174 32 6 1 2 148 144 4 93 6 0 0 9 5 10 0 5
31339 258 18 31 2 112 402 218 62 33 5 8 193 77 44 49 0 81 5 161 30 5 2 2 138 128 3 90 5 0 0 8 4 10 0 4
31343 270 25 30 3 107 390 220 56 33 4 7 184 74 40 52 0 80 4 166 28 5 2 2 132 131 3 89 4 0 0 8 5 9 0 3
31369 275 20 66 6 240 839 461 134 69 10 17 410 158 93 109 0 170 10 337 60 11 4 6 281 280 7 182 11 0 1 16 11 20 1 9
31371 283 17 37 2 116 451 232 64 37 5 10 207 78 48 56 0 91 4 178 32 7 2 2 150 149 3 94 6 0 0 8 5 10 0 5
31382 253 17 37 2 116 442 225 64 37 5 10 198 79 46 49 0 85 4 164 35 6 2 2 148 139 4 91 7 0 0 9 5 10 0 6
31383 252 17 55 4 190 676 375 108 57 8 12 311 125 72 79 0 135 8 270 52 10 4 4 222 222 6 153 9 0 0 15 7 17 1 8
31391 252 17 34 2 109 413 210 60 36 5 8 198 73 46 49 0 82 3 158 32 6 2 2 138 134 3 85 5 0 0 8 4 10 0 5
31400 252 17 35 2 119 429 228 68 35 5 9 203 82 47 53 0 86 4 167 31 6 1 2 140 142 3 94 7 0 0 9 5 9 0 5
31414 253 17 73 5 233 875 444 133 72 9 20 409 159 93 97 0 173 7 322 64 11 4 4 291 282 7 181 12 0 1 17 11 22 1 12
31421 253 17 66 5 216 797 421 125 69 9 16 382 153 84 100 0 157 10 316 62 12 4 4 264 261 9 174 10 0 0 16 9 20 1 9
31437 310 12 37 2 123 470 241 70 36 5 11 216 82 53 54 0 93 4 179 32 6 2 2 153 155 3 95 7 0 0 10 6 11 0 6
31446 312 12 39 2 128 475 241 75 38 5 11 229 87 51 56 0 95 3 174 32 7 1 2 154 157 4 99 7 0 0 8 5 12 0 7
31470 312 12 33 2 115 414 220 67 34 5 8 193 80 46 44 0 82 5 161 30 6 2 2 139 135 3 92 5 0 0 9 5 11 0 5
31475 312 12 122 10 433 1510 849 240 132 20 31 707 294 160 178 0 300 18 607 117 21 8 10 507 505 16 345 19 1 2 31 18 40 2 15
31491 296 25 32 3 128 417 263 60 33 4 8 191 83 45 62 0 88 4 194 31 5 3 3 137 146 3 108 6 0 0 8 5 10 0 3
31517 294 25 33 2 116 416 227 62 34 4 10 200 77 42 51 0 84 4 165 30 5 1 2 137 136 2 90 5 0 0 8 7 10 0 4
31522 301 29 32 2 114 408 219 57 36 5 8 196 78 43 52 0 82 4 164 32 5 2 2 138 134 4 93 5 0 0 8 4 10 0 4
31530 295 26 35 2 123 442 239 68 38 5 10 206 84 46 51 0 91 4 174 32 6 2 2 147 146 4 97 6 0 0 8 6 12 0 5
31542 297 25 35 2 117 425 215 66 36 5 9 205 80 47 50 0 82 3 156 31 6 2 2 146 131 3 90 6 0 0 8 4 11 0 5
31552 299 25 33 2 112 424 237 58 35 6 9 186 78 43 47 0 80 4 175 32 4 2 3 141 138 3 92 5 0 0 8 6 10 0 4
31597 299 25 94 6 313 1140 614 168 97 13 26 537 216 117 150 0 233 12 455 86 16 5 7 375 372 10 257 16 0 1 23 12 29 2 15
31603 281 19 61 5 205 751 409 109 67 11 15 360 146 79 91 0 150 10 308 56 11 5 5 257 246 7 171 8 0 0 16 8 21 0 6
31669 280 19 60 5 204 768 397 113 64 9 18 365 142 79 96 0 149 10 300 58 10 4 4 256 248 8 162 10 0 0 16 8 19 1 8
31670 284 19 67 5 229 822 447 130 66 9 18 401 154 90 107 0 166 6 326 58 12 4 4 273 271 7 180 12 0 1 16 11 19 1 11
31672 271 11 36 2 128 443 239 70 38 4 9 226 83 47 62 0 92 3 178 32 6 2 2 150 149 4 96 6 0 0 10 6 10 0 6
31682 292 13 34 2 119 427 230 66 35 5 9 205 81 48 53 0 86 4 164 31 6 2 3 143 144 3 91 6 0 0 8 5 10 0 6
31689 290 11 124 9 419 1549 836 223 132 18 33 733 283 158 201 0 315 16 629 115 20 8 10 510 507 15 341 19 1 1 33 22 38 2 17
31692 288 11 65 4 215 796 412 124 66 10 18 374 149 86 91 0 156 8 302 59 11 4 3 269 250 7 165 11 0 1 17 10 18 1 10
31707 285 11 65 5 220 810 428 119 69 9 18 385 150 85 102 0 160 8 317 61 11 4 4 268 265 8 179 10 0 1 16 10 20 1 9
31723 281 11 35 2 110 418 227 59 37 6 9 187 76 43 50 0 83 5 171 33 5 2 2 139 139 3 87 4 0 0 8 5 10 0 3
31739 269 11 36 2 119 457 234 68 38 5 10 220 83 49 50 0 87 5 172 33 6 2 3 152 145 4 95 6 0 0 9 5 12 0 5
31746 284 16 64 5 219 773 434 117 67 10 15 365 144 77 92 0 157 9 313 55 10 5 4 255 263 8 175 10 0 1 16 9 19 0 8
31868 233 16 32 2 111 409 227 61 33 5 9 192 77 42 46 0 81 5 163 31 5 2 2 139 133 3 91 5 0 0 9 4 11 0 4
31874 233 16 38 2 125 458 227 74 35 4 11 222 83 50 55 0 89 2 170 30 6 1 2 151 148 4 91 7 0 0 9 5 11 1 7
31875 270 15 34 2 118 422 226 64 35 4 9 196 79 45 49 0 83 3 160 32 5 2 2 133 137 4 90 6 0 0 8 5 10 0 5
31917 269 15 35 2 113 434 221 68 35 5 10 206 81 45 51 0 85 5 163 31 6 2 2 145 139 4 89 5 0 0 8 5 10 0 5
31921 269 15 34 2 121 427 225 68 36 4 9 205 82 46 54 0 84 4 165 31 6 2 2 142 137 4 92 6 0 0 8 4 9 0 6
32016 266 15 127 10 417 1572 833 228 135 20 33 719 294 165 182 0 314 19 632 118 21 9 9 521 517 16 339 18 1 1 33 21 41 2 14
32019 263 13 35 3 113 421 226 65 39 5 9 198 83 43 45 0 81 5 163 33 6 3 3 144 134 5 93 5 0 0 8 5 12 0 3
32055 271 12 34 3 113 421 227 63 36 5 9 196 75 43 44 0 84 4 162 32 5 2 2 141 142 3 92 5 0 0 8 4 11 0 5
32080 274 16 27 3 98 346 216 49 28 4 7 171 72 34 52 0 74 4 153 27 4 2 3 118 120 3 87 4 0 0 8 5 9 0 2
32083 274 16 72 4 238 886 449 133 70 8 22 427 159 93 110 0 180 6 336 62 12 3 4 284 290 7 182 13 0 1 17 12 20 1 13
32084 275 16 36 3 123 437 237 68 38 5 10 213 85 45 59 0 89 4 172 33 5 2 2 147 142 4 101 5 0 0 8 6 10 0 4
32104 276 16 34 2 110 421 213 64 34 5 10 196 77 45 50 0 82 4 159 31 6 2 2 142 132 4 89 6 0 0 8 4 9 0 5
32130 281 15 68 5 232 846 454 130 70 9 20 393 155 89 94 0 168 8 321 64 12 4 4 278 283 8 178 12 0 1 17 12 21 1 11
32185 279 49 30 2 114 408 222 67 35 5 9 199 77 44 47 0 82 5 160 32 6 2 2 139 135 4 87 5 0 0 7 5 9 0 5
32192 294 49 35 2 113 421 219 62 35 5 9 201 79 45 50 0 81 4 162 30 5 2 2 140 135 3 90 6 0 0 8 5 9 0 5
32198 346 65 61 4 212 777 414 121 62 8 17 371 144 82 97 0 158 7 302 58 11 3 5 254 258 7 167 11 0 1 15 10 18 1 10
32324 418 11 32 2 110 402 222 63 35 5 8 186 76 44 46 0 78 4 160 31 6 2 2 141 130 3 89 5 0 0 8 4 11 0 4
32330 418 11 66 6 218 817 444 121 69 11 18 384 148 85 103 0 170 9 337 57 11 4 4 262 280 6 175 11 0 1 16 12 22 1 8
32341 384 28 67 5 218 803 424 129 66 9 17 380 149 91 90 0 156 8 308 58 12 4 5 266 259 6 170 11 0 1 16 10 20 1 10
32578 268 45 35 2 111 421 224 61 36 4 8 192 74 44 49 0 83 4 163 31 5 2 2 137 136 3 89 6 0 0 9 6 10 0 4
32589 287 45 28 3 106 399 220 58 33 5 9 188 76 41 44 0 80 6 155 29 5 2 3 138 134 4 90 4 0 0 7 4 10 0 3
32590 289 45 86 9 304 1120 616 166 100 15 24 530 213 114 127 0 224 15 446 89 15 9 8 387 369 10 255 14 0 1 21 13 31 1 11
32592 281 45 30 2 104 386 211 57 32 6 9 184 71 41 41 0 74 5 146 30 4 3 2 134 126 2 80 5 0 0 8 5 9 0 5
32597 282 45 29 3 110 391 219 64 33 4 9 187 75 41 51 0 83 4 161 29 5 1 2 128 134 3 87 5 0 0 7 6 8 0 4
32612 277 45 39 2 132 481 254 76 38 4 11 234 87 52 62 0 96 3 183 34 6 1 2 154 160 4 102 8 0 0 8 6 12 0 7
32616 277 45 35 2 121 436 239 66 34 4 9 207 79 44 50 0 85 3 165 32 6 2 2 146 144 4 93 6 0 0 10 5 9 0 5
32618 281 45 37 2 131 467 239 76 38 4 11 224 86 51 60 0 92 3 176 33 6 2 2 153 154 4 96 7 0 0 8 6 11 0 7
32635 288 45 36 3 124 468 249 68 37 4 11 221 83 46 60 0 96 5 192 35 6 2 3 151 160 3 101 6 0 0 9 6 11 0 5
32645 277 45 33 3 116 423 225 62 34 4 9 203 78 44 54 0 83 5 170 33 6 2 2 143 141 3 93 5 0 0 8 5 9 0 5
32647 272 45 27 3 102 354 207 52 33 5 7 176 69 37 53 0 74 4 156 29 5 2 3 121 116 3 89 4 0 0 7 4 8 0 3
32648 273 45 32 3 117 409 235 63 34 4 9 210 83 46 63 0 84 5 177 30 6 1 3 142 137 5 102 5 0 0 9 4 9 0 4
32650 273 45 32 2 112 402 234 62 37 5 9 190 80 42 48 0 78 6 165 34 5 2 3 139 133 4 99 4 0 0 7 5 10 0 3
32655 274 45 35 3 112 423 225 63 34 5 10 187 78 43 46 0 85 4 165 30 5 2 2 142 140 2 90 5 0 0 9 5 10 0 4
32662 273 45 28 3 109 371 215 58 31 5 9 185 74 38 62 0 79 4 158 29 5 3 3 124 121 4 91 6 0 0 7 4 8 0 3
32664 273 45 38 1 127 461 238 72 37 4 10 225 83 50 57 0 91 3 175 34 6 1 2 152 150 3 98 6 0 0 9 6 11 0 7
32666 310 49 65 5 206 790 411 114 68 9 18 365 141 83 88 0 162 10 305 58 11 5 5 267 256 8 173 10 0 0 16 10 22 1 8
32674 311 49 62 4 218 779 421 119 65 8 18 376 147 82 104 0 160 9 306 59 11 4 4 258 258 7 174 10 0 1 16 10 19 1 10
32675 306 47 37 2 112 465 223 62 36 4 11 217 80 46 59 0 88 4 178 33 6 2 2 159 148 4 91 5 0 0 8 6 11 0 5
32682 309 45 86 8 288 1080 607 151 94 15 24 500 203 107 129 0 214 14 451 88 13 7 7 364 362 10 243 13 1 1 21 15 27 1 8
32688 319 48 70 4 227 846 451 127 70 9 19 385 152 89 98 0 172 8 328 61 11 4 5 278 280 6 182 12 0 1 17 11 20 1 10
32690 320 48 33 2 112 405 230 61 34 4 9 195 75 43 55 0 82 5 172 30 6 1 3 130 140 4 95 5 0 0 8 4 9 0 5
32695 319 48 38 2 121 448 234 68 38 5 9 215 83 47 56 0 90 3 171 33 6 1 2 145 147 4 95 6 0 0 9 6 11 0 6
32703 316 45 34 3 113 439 242 53 37 5 9 189 80 40 46 0 87 5 188 34 5 2 2 145 154 2 98 5 0 0 8 6 12 0 3
32704 317 45 32 2 115 393 223 60 34 5 8 195 76 41 54 0 81 5 160 31 5 1 2 132 132 3 96 5 0 0 8 4 9 0 4
32706 309 43 35 1 118 425 232 62 34 4 10 196 76 44 52 0 87 3 163 29 5 2 2 134 142 3 92 6 0 0 9 6 10 0 6
32718 326 43 34 2 119 431 235 64 36 5 9 205 78 45 55 0 86 3 171 32 6 2 3 142 144 4 97 6 0 0 8 5 10 0 5
32728 347 49 87 8 308 1124 629 172 94 15 24 535 210 117 135 0 229 13 456 83 15 6 7 375 382 10 254 14 0 1 23 15 27 1 13
32733 351 49 37 2 125 451 231 72 38 4 10 217 86 49 59 0 89 3 172 34 6 1 2 151 147 4 96 7 0 0 9 6 11 0 6
32737 363 48 32 2 108 406 221 59 37 5 9 193 78 42 50 0 80 5 158 32 6 2 3 144 130 4 88 5 0 0 8 5 11 0 3
32742 366 19 36 2 125 452 254 64 39 5 9 210 85 47 59 0 91 4 188 34 6 2 2 145 155 4 105 5 0 0 10 6 10 0 4
32747 367 19 70 4 232 862 464 126 67 10 20 411 164 90 98 0 169 9 330 61 11 5 4 288 281 7 183 11 0 1 19 13 22 1 10
32749 367 19 35 2 108 409 233 56 35 6 10 177 74 40 44 0 83 5 167 35 4 3 3 139 138 4 95 4 0 0 9 5 9 0 3
32751 366 19 69 4 231 871 446 129 70 9 20 412 158 92 106 0 170 7 328 62 13 4 5 289 281 8 182 13 0 1 18 11 22 1 12
32763 373 16 32 2 113 396 219 58 34 4 8 189 76 42 59 0 83 4 166 29 5 2 2 132 131 4 94 5 0 0 9 4 9 0 4
32766 371 16 64 6 214 802 434 114 68 9 18 384 149 80 98 0 160 8 316 60 11 4 4 267 270 8 177 10 0 0 17 10 20 1 9
32777 363 14 35 2 116 425 219 63 36 4 9 204 81 44 54 0 82 4 166 31 6 2 2 144 136 4 92 6 0 0 9 4 10 0 6
32804 343 18 55 5 198 720 420 101 66 11 13 336 139 76 79 0 146 10 303 58 11 6 5 253 240 6 166 8 0 0 14 8 20 0 5
32835 382 27 33 3 112 435 235 62 35 5 11 206 84 44 56 0 88 5 178 31 5 2 2 144 147 4 97 5 0 0 8 6 10 0 4
32847 383 27 31 2 101 388 228 49 35 6 7 164 75 37 46 0 75 6 167 33 5 3 2 126 128 4 93 4 0 0 9 4 9 0 2
32849 381 27 31 2 100 389 202 55 30 4 10 178 70 40 44 0 75 5 152 30 5 2 1 132 127 3 81 5 0 0 7 5 9 0 4
32854 281 14 31 2 102 395 216 55 36 6 7 176 72 40 45 0 76 5 161 30 5 3 2 130 130 4 84 4 0 0 9 6 11 0 3
32864 349 20 32 2 116 434 241 63 37 5 10 210 83 45 59 0 89 5 179 33 6 2 2 144 145 4 99 6 0 0 7 5 10 0 4
32866 349 20 26 3 103 357 217 51 29 4 8 170 72 37 52 0 74 4 155 27 5 2 3 121 120 3 88 5 0 0 7 5 8 0 3
32867 350 18 31 3 118 407 238 59 41 6 7 187 82 40 48 0 83 6 175 34 6 3 2 143 137 5 101 4 0 0 8 4 11 0 3
32873 347 18 34 2 112 432 222 62 35 5 10 198 78 46 48 0 83 4 162 28 5 2 2 144 137 3 90 7 0 0 8 6 11 0 6
32892 350 35 34 2 116 435 230 66 36 6 10 204 80 45 48 0 84 5 166 34 6 3 3 154 142 3 94 5 0 0 8 5 12 0 4
32894 330 31 35 2 123 439 238 67 37 5 9 214 87 47 57 0 87 5 179 34 5 2 2 147 146 4 97 5 0 0 8 5 11 0 4
32900 333 31 37 2 121 450 234 66 40 6 10 209 80 48 51 0 86 3 176 32 7 2 2 151 150 4 91 6 0 0 9 5 12 0 6
32904 337 32 33 3 110 423 223 60 37 4 9 198 79 42 53 0 81 5 163 31 6 2 3 143 137 3 94 5 0 0 8 5 12 0 4
32907 334 32 32 2 118 401 227 65 35 4 8 198 78 42 55 0 82 4 163 29 5 2 2 133 137 3 93 5 0 0 8 5 9 0 5
32912 330 31 35 2 117 431 231 63 39 6 8 188 81 45 46 0 81 5 172 34 6 2 2 146 141 4 91 5 0 0 9 5 11 0 4
32915 331 31 60 5 219 776 426 126 67 9 17 376 149 86 92 0 157 7 304 62 10 5 4 257 260 6 174 10 0 1 15 9 18 1 9
32920 335 31 75 4 235 895 470 127 71 9 21 414 161 92 106 0 175 8 345 64 12 3 5 290 295 7 187 13 0 1 18 13 21 1 11
32927 412 40 39 3 129 485 252 70 39 5 10 233 91 51 61 0 97 4 193 36 6 2 2 159 160 5 104 6 0 0 10 6 12 0 4
32929 410 37 30 3 117 411 243 55 33 4 9 198 75 39 48 0 81 4 168 31 5 2 2 143 141 2 96 4 0 0 8 5 11 0 4
32941 382 11 64 6 214 793 419 121 67 9 18 385 148 86 97 0 156 8 310 59 10 4 4 269 257 7 172 10 0 1 16 10 20 1 10
32961 360 22 33 2 122 431 237 65 38 6 9 205 82 46 55 0 87 5 174 32 5 2 2 149 146 4 96 6 0 0 8 5 12 0 5
32969 351 25 37 2 121 451 238 70 38 5 10 209 83 48 57 0 89 4 173 34 5 1 2 147 145 3 98 6 0 0 8 6 11 0 5
32971 351 25 35 2 122 445 237 69 36 5 9 213 84 49 54 0 88 4 170 33 6 2 3 146 147 4 97 6 0 0 9 5 11 0 5
32975 351 25 67 5 237 831 456 131 69 9 19 400 155 87 106 0 168 6 327 59 12 3 5 276 283 8 184 12 0 1 17 11 19 1 11
33039 317 11 38 2 122 462 234 67 38 5 11 219 86 49 56 0 93 4 178 32 6 2 2 152 147 3 96 6 0 0 9 6 12 0 5
33047 317 11 35 3 126 445 240 69 36 4 10 220 82 45 57 0 87 4 172 33 5 1 2 148 148 4 94 6 0 0 9 5 10 0 5
33088 322 28 38 3 125 468 236 72 39 5 11 221 82 48 57 0 92 4 178 34 6 2 2 152 154 4 95 6 0 0 9 6 12 0 6
33094 322 28 63 4 206 758 406 117 63 9 16 362 143 82 93 0 151 8 298 53 11 4 4 256 245 5 164 11 0 1 16 8 18 1 10
33095 323 27 37 2 119 437 224 69 37 4 9 204 80 46 56 0 84 3 163 32 6 1 2 141 140 3 90 6 0 0 8 5 10 0 6
33097 325 27 29 2 107 376 217 57 30 5 8 194 72 39 47 0 74 3 149 28 5 2 1 132 125 3 83 5 0 0 7 5 9 0 4
33098 338 23 58 5 198 738 415 102 66 11 14 345 144 74 79 0 142 10 297 57 9 5 5 258 240 6 168 8 0 0 15 10 18 0 6
33099 341 25 32 2 115 421 224 63 36 5 10 196 80 44 51 0 81 4 160 32 5 2 2 142 134 4 90 6 0 0 9 5 9 0 4
33100 333 23 62 4 205 771 426 108 67 10 14 338 143 81 77 0 150 9 309 59 11 5 5 264 254 5 169 9 0 0 16 11 22 1 7
33103 333 23 37 1 117 444 223 65 37 4 10 210 82 48 58 0 88 4 171 32 6 1 2 143 142 4 92 7 0 0 9 5 11 0 6
33104 333 23 186 15 626 2289 1248 334 196 28 52 1076 431 239 266 0 449 25 898 173 32 13 15 770 746 22 514 31 1 2 46 30 59 3 26
33113 293 14 32 3 113 412 226 61 37 5 8 197 80 43 48 0 82 5 165 32 5 2 2 136 136 4 92 4 0 0 9 5 10 0 4
33130 302 42 28 3 101 392 213 58 33 5 8 177 74 44 38 0 78 5 153 29 5 3 2 141 130 2 85 4 0 0 6 4 11 0 3
33143 303 42 104 7 334 1268 653 183 106 13 28 569 224 129 146 0 247 12 490 93 18 6 6 408 420 11 261 18 0 2 26 18 33 2 16
33145 301 34 32 2 113 404 217 63 33 4 8 195 80 42 55 0 82 3 163 30 6 2 2 141 128 4 93 5 0 0 8 4 10 0 4
33152 326 39 71 5 233 863 437 131 71 9 20 419 158 91 109 0 170 7 327 61 12 3 4 287 279 9 181 14 0 1 17 10 21 1 12
33156 321 33 37 2 120 451 231 66 36 4 11 215 79 45 56 0 89 4 172 32 6 1 2 146 151 4 94 6 0 0 9 6 10 0 6
33157 320 33 33 3 114 406 231 59 35 5 8 200 75 42 44 0 81 4 161 31 5 2 2 138 139 2 90 4 0 0 9 5 10 0 4
33163 320 30 35 3 116 435 229 65 36 4 10 209 77 43 51 0 85 4 171 33 6 2 2 142 144 4 93 5 0 0 8 5 10 0 5
33180 310 30 62 5 208 779 442 108 64 11 16 348 141 79 81 0 150 9 312 62 10 5 5 257 264 7 174 9 0 0 17 10 20 0 7
33188 308 30 65 5 224 808 442 117 68 9 19 378 148 82 115 0 165 8 332 59 11 3 5 257 278 7 175 11 0 1 16 11 19 1 9
33192 309 30 32 3 103 390 207 64 35 5 7 188 72 43 43 0 78 4 152 31 5 2 1 132 127 4 83 5 0 0 7 5 11 0 3
33199 309 30 37 2 122 461 230 70 39 5 11 222 81 49 62 0 93 3 177 32 6 2 1 150 150 4 91 7 0 0 9 6 11 0 6
33204 310 30 66 6 237 848 474 127 70 10 18 401 159 87 99 0 172 9 336 61 11 5 5 284 281 7 191 11 0 1 16 11 23 1 8
33206 324 33 33 3 109 427 238 58 35 5 9 201 78 41 53 0 85 5 181 31 5 2 3 142 146 4 92 4 0 0 9 7 11 0 3
33215 300 35 66 4 224 813 431 131 68 9 18 378 154 89 98 0 161 9 317 60 12 4 5 265 263 8 175 11 0 1 16 11 20 1 9
33217 298 33 66 4 221 809 447 114 66 9 18 382 144 79 102 0 162 8 316 60 10 4 5 264 275 6 174 12 0 0 16 11 19 1 9
33218 335 39 97 8 314 1207 614 178 100 12 28 572 224 126 147 0 238 12 459 88 16 5 6 408 384 12 255 17 0 1 23 15 31 1 14
33224 299 26 31 3 103 375 216 55 33 6 7 182 74 40 46 0 76 4 156 28 5 2 2 126 126 4 83 4 0 0 7 5 9 0 3
33225 299 26 36 2 120 454 237 68 35 5 10 210 83 47 48 0 88 4 169 31 6 2 2 150 151 4 90 6 0 0 9 6 11 0 6
33226 300 26 30 3 107 393 219 56 32 5 9 181 74 41 44 0 79 5 161 29 5 2 2 131 132 3 87 5 0 0 8 4 9 0 3
33227 294 14 36 2 116 442 222 64 36 4 10 206 78 44 54 0 85 3 170 33 6 2 2 147 142 4 90 6 0 0 7 5 10 0 5
33231 293 14 60 5 206 752 421 116 66 10 15 361 145 79 93 0 153 8 303 60 10 4 4 250 252 8 173 9 0 0 17 10 18 1 6
