40114 441 12 34 2 115 424 219 66 36 4 10 208 79 45 47 0 81 4 157 32 6 2 2 146 134 4 90 6 0 0 8 4 11 0 5
40140 433 16 36 2 119 453 236 69 37 5 10 210 83 47 51 0 87 4 168 34 7 2 3 156 145 4 95 6 0 0 9 5 12 0 6
40141 433 16 37 2 129 468 251 71 39 5 11 218 89 48 54 0 92 4 182 36 6 2 2 156 151 4 99 7 0 0 9 5 11 0 6
40147 437 16 35 2 122 447 238 69 36 5 9 214 82 48 55 0 90 4 173 30 6 2 3 150 150 3 96 6 0 0 7 7 12 0 5
40162 449 11 68 4 237 843 460 131 73 11 19 414 162 90 111 0 175 7 340 62 10 5 4 273 289 7 182 12 0 1 17 10 19 1 10
40198 444 11 35 2 118 437 236 66 38 6 9 208 83 48 54 0 86 4 172 34 7 3 3 152 138 4 97 5 0 0 9 5 11 0 5
40201 444 11 159 12 536 1941 1052 295 167 25 42 932 371 207 242 0 390 22 774 142 28 11 12 648 645 19 428 25 1 2 39 25 48 2 20
40203 444 11 38 2 129 474 245 74 38 5 11 228 84 49 55 0 93 4 176 33 6 1 2 155 156 3 94 7 0 0 9 6 11 0 6
40215 543 21 136 11 441 1647 903 246 140 20 36 771 303 166 189 0 327 18 647 125 22 9 11 548 558 14 356 22 0 2 34 24 43 2 18
40218 524 26 69 5 234 881 446 134 76 10 20 417 161 94 105 0 168 9 327 66 12 5 5 298 282 8 180 12 0 1 17 10 21 1 10
40221 533 23 34 2 114 435 231 59 36 6 9 209 81 44 54 0 87 4 174 31 5 2 1 146 146 3 90 5 0 0 8 5 12 0 4
40334 514 22 39 2 131 484 242 75 41 5 12 229 86 49 55 0 92 3 179 36 6 2 2 163 156 4 93 7 0 0 9 6 12 0 6
40337 549 30 38 3 130 484 257 70 40 6 11 233 88 49 56 0 96 4 189 35 6 2 3 162 164 4 102 6 0 0 9 7 12 0 5
40338 549 30 63 6 217 804 438 121 68 10 18 382 151 84 95 0 163 10 324 60 12 4 5 272 264 7 177 9 0 1 15 11 20 1 8
40422 495 20 38 2 130 464 244 73 37 5 10 225 86 49 59 0 92 3 177 31 5 2 2 154 154 3 97 7 0 0 9 6 11 0 6
40424 500 20 30 3 111 412 217 63 36 5 9 199 77 43 51 0 85 5 164 30 6 2 3 143 135 3 90 5 0 0 7 4 10 0 4
40472 542 22 34 2 110 429 227 56 39 6 9 198 79 41 52 0 82 5 171 34 6 2 2 148 136 3 90 4 0 0 7 5 12 0 3
40475 544 22 66 4 224 809 434 125 68 11 18 381 152 85 92 0 160 8 315 57 10 5 4 267 267 5 169 11 0 1 16 10 21 1 9
40477 542 21 68 5 223 825 439 119 70 9 18 387 157 86 104 0 167 9 346 60 11 5 4 277 271 7 181 11 0 0 14 10 22 1 8
40478 541 21 28 3 106 369 217 57 34 5 7 179 78 36 50 0 71 4 157 29 5 3 3 133 118 3 87 3 0 0 7 4 9 0 2
40480 539 21 37 2 121 454 235 69 38 5 10 208 87 49 52 0 89 4 169 35 7 2 3 157 148 4 96 5 0 0 7 5 11 0 6
40504 591 35 34 2 117 439 238 63 36 5 10 210 79 46 53 0 87 4 172 32 6 2 3 150 144 4 92 5 0 0 9 5 10 0 5
40505 592 35 38 2 119 447 237 65 38 5 9 206 80 46 52 0 85 5 165 34 6 2 3 149 142 3 92 6 0 0 8 5 11 0 6
40506 593 35 38 2 125 476 249 69 39 6 10 219 87 49 57 0 92 4 183 34 6 2 2 156 156 3 98 6 0 0 9 6 11 0 6
40507 594 33 42 2 132 496 246 77 40 5 11 237 90 53 58 0 94 4 179 36 7 2 2 166 158 5 97 7 0 0 8 6 13 0 6
40510 590 33 155 13 524 1921 1026 286 165 24 43 908 358 199 232 0 385 21 753 144 26 11 9 640 635 20 414 25 1 2 39 24 47 2 23
40511 597 38 34 2 112 418 226 62 36 5 8 195 78 43 47 0 80 5 162 32 5 2 2 141 136 4 87 5 0 0 8 5 10 0 4
40513 612 20 37 3 128 465 244 69 40 6 11 226 85 48 55 0 89 4 176 35 5 2 1 157 151 3 92 6 0 0 9 7 11 0 5
40544 525 30 32 3 109 396 222 61 35 6 8 191 76 41 45 0 79 5 161 31 5 2 2 138 129 3 88 4 0 0 7 4 9 0 3
40545 500 49 37 2 121 452 240 67 38 5 10 215 84 49 51 0 89 3 174 34 6 2 2 155 148 3 94 7 0 0 9 5 13 0 5
40549 500 49 66 4 213 792 430 116 69 12 16 357 148 81 95 0 154 9 313 62 11 5 4 273 253 6 175 10 0 0 16 9 20 1 8
40551 502 49 35 3 121 425 230 73 36 5 9 210 80 46 54 0 89 3 165 29 6 2 1 145 142 3 92 5 0 0 8 4 9 0 6
40553 500 49 60 5 209 776 415 121 68 11 16 374 144 83 97 0 158 9 312 56 10 5 4 264 258 6 169 9 0 1 15 9 18 1 8
40554 500 49 35 2 112 436 231 65 37 5 10 207 78 46 52 0 85 4 167 32 6 2 3 147 143 4 93 5 0 0 8 5 10 0 4
40560 501 49 104 8 349 1301 669 199 104 14 29 619 236 137 157 0 253 13 501 93 18 6 7 434 424 13 271 18 0 1 25 18 34 1 15
40563 503 49 33 3 119 431 235 69 37 5 9 206 78 45 48 0 85 5 166 34 5 2 3 152 142 3 92 4 0 0 7 5 10 0 4
40566 503 49 35 2 105 407 215 59 36 5 8 178 78 42 40 0 79 4 158 32 6 2 1 142 129 2 89 5 0 0 8 4 12 0 4
40567 502 49 100 6 331 1207 646 183 100 15 27 583 227 129 154 0 242 11 478 87 18 6 6 406 395 12 266 17 1 1 25 15 29 1 15
40584 504 49 112 11 404 1447 825 218 127 18 31 688 282 149 190 0 294 20 599 112 19 9 11 502 477 15 337 17 1 1 29 18 38 2 14
40597 597 54 36 2 121 452 229 67 41 6 9 205 81 48 52 0 87 3 175 34 7 2 2 154 146 4 94 6 0 0 9 4 12 0 6
40605 598 54 34 3 115 420 227 61 37 5 8 202 82 43 61 0 84 5 175 33 6 2 2 143 134 4 96 5 0 0 9 4 10 0 4
40606 598 54 101 6 336 1232 657 190 103 14 27 582 227 128 157 0 245 13 475 90 18 6 8 406 407 11 266 19 0 1 25 15 30 2 15
40610 603 53 37 2 128 471 252 70 40 6 10 220 88 48 57 0 94 5 185 37 6 3 2 159 155 5 99 6 0 0 9 5 11 0 6
40635 602 53 34 2 119 425 235 65 36 5 9 211 77 43 53 0 88 5 172 32 6 2 2 144 144 3 93 5 0 0 8 6 11 0 5
40645 581 57 75 6 240 892 471 134 71 10 22 429 165 91 110 0 178 9 353 64 12 4 5 295 296 8 187 12 0 1 17 12 22 1 10
40646 574 46 35 3 119 435 231 66 36 6 10 211 79 45 56 0 87 3 173 29 6 2 2 142 146 3 92 6 0 0 8 5 10 0 5
40647 573 45 100 7 341 1260 677 194 106 16 27 609 237 135 153 0 253 12 494 94 19 8 7 432 408 12 277 16 1 1 24 17 32 1 15
40648 572 50 61 6 203 757 421 107 67 10 15 347 145 78 94 0 152 9 313 59 10 4 5 260 249 7 177 9 0 0 16 9 21 0 7
40650 563 44 65 5 232 818 471 124 65 9 18 388 154 85 107 0 166 8 342 61 10 4 5 273 276 6 193 10 0 1 15 12 20 1 8
40658 564 44 28 2 91 352 215 43 30 5 7 160 64 35 33 0 70 5 149 28 4 3 2 120 119 2 83 4 0 0 7 4 9 0 2
40663 507 27 146 14 512 1848 1047 277 161 23 40 880 355 189 235 0 373 25 759 142 24 11 13 636 615 18 425 22 1 2 37 24 47 2 18
40672 519 26 73 5 234 889 458 132 76 10 19 427 160 93 105 0 172 8 334 67 12 5 5 303 291 8 178 12 0 1 18 10 22 1 10
40713 520 19 31 2 101 389 207 58 34 5 8 186 74 41 45 0 80 4 155 28 5 2 1 132 124 3 84 5 0 0 7 4 9 0 4
40717 522 18 38 2 130 458 244 73 37 4 11 227 84 48 60 0 90 3 180 32 6 1 3 151 148 4 102 7 0 0 8 6 10 0 6
40719 527 20 63 5 210 791 422 114 67 9 18 371 148 84 97 0 155 9 313 60 11 5 5 267 255 7 177 11 0 0 15 10 20 1 8
40729 528 20 135 11 470 1687 919 265 141 20 40 818 318 173 212 0 339 18 674 128 22 8 10 566 568 18 367 22 1 2 30 22 41 2 19
40744 528 23 66 5 224 839 451 126 69 9 18 393 159 86 105 0 165 10 335 64 10 4 5 281 274 8 184 10 0 1 15 10 22 1 8
40758 526 21 37 2 115 443 222 66 38 5 10 204 80 46 48 0 84 4 162 33 6 2 2 151 138 3 88 6 0 0 8 5 11 0 5
40767 519 13 33 2 108 405 213 61 36 6 9 191 79 43 47 0 80 5 160 29 5 3 2 140 128 4 89 5 0 0 7 4 10 0 4
40768 518 13 33 2 113 408 223 62 33 5 9 196 74 42 53 0 82 4 167 27 5 2 2 136 137 3 89 5 0 0 7 5 10 0 5
40823 525 32 34 2 124 430 239 66 35 4 9 210 79 43 60 0 88 3 173 31 5 2 2 140 143 3 100 6 0 0 8 5 9 0 6
40825 522 31 37 2 122 445 249 66 35 5 8 216 83 46 57 0 87 3 179 33 6 2 3 149 147 4 103 6 0 0 8 5 10 0 4
40865 578 23 36 2 117 440 243 62 37 6 10 202 82 45 42 0 85 5 170 34 5 3 3 157 143 4 94 5 0 0 10 6 12 0 3
40915 579 21 63 5 215 786 428 118 64 9 18 371 148 83 94 0 153 8 310 58 12 3 4 268 253 7 179 11 0 1 15 9 20 1 9
40948 571 26 27 2 102 353 228 47 32 5 5 162 68 34 30 0 68 5 152 27 4 3 2 129 124 2 85 3 0 0 9 4 9 0 2
40950 569 22 37 4 120 458 243 67 37 6 11 222 86 45 48 0 89 5 177 34 5 2 2 157 151 3 92 5 0 0 8 6 12 0 3
40951 568 22 35 3 124 441 249 68 36 5 10 222 87 46 58 0 90 4 182 32 6 2 3 148 148 5 100 5 0 0 8 6 11 0 4
40981 535 31 40 3 126 463 249 73 36 4 10 217 85 48 54 0 93 3 179 32 6 2 2 150 156 4 98 7 0 0 10 7 12 0 5
40994 425 33 39 2 119 461 236 66 37 5 11 212 82 45 55 0 89 3 171 32 6 2 2 149 148 3 92 7 0 0 8 6 11 0 6
40996 427 31 36 3 129 443 252 69 37 5 9 215 87 46 64 0 91 4 184 33 6 2 2 147 150 3 108 5 0 0 8 6 10 0 4
40997 425 31 35 2 115 433 221 67 35 5 10 207 79 46 50 0 83 4 159 31 6 2 2 145 136 4 91 6 0 0 8 5 10 0 6
40999 424 31 72 5 236 869 455 129 71 8 20 410 158 92 102 0 175 7 331 62 12 3 5 289 288 7 184 13 0 1 17 12 21 1 12
41007 426 31 36 2 114 452 234 60 40 5 9 204 82 43 56 0 85 6 178 36 6 3 2 152 144 4 95 4 0 0 9 6 10 0 3
41009 459 33 35 3 116 426 226 67 35 5 10 205 78 46 49 0 83 4 162 31 6 2 2 144 139 4 93 5 0 0 8 6 10 0 4
41010 440 23 36 2 120 436 232 64 35 4 10 204 78 46 53 0 87 3 169 32 6 2 2 142 141 2 98 6 0 1 8 6 10 0 6
41012 440 23 38 2 129 477 243 75 41 5 11 219 82 49 55 0 92 3 179 35 6 2 2 154 158 4 97 7 0 0 9 6 11 1 6
41013 440 23 35 2 112 431 226 62 36 6 9 193 78 46 48 0 85 4 168 30 6 2 2 142 144 3 90 6 0 0 8 6 10 0 5
41014 441 23 75 4 245 911 475 139 76 10 21 412 169 96 97 0 179 7 343 70 12 4 4 298 301 9 187 12 0 1 18 14 23 1 11
41016 441 23 35 3 110 439 224 61 37 5 10 202 78 42 53 0 83 5 169 30 6 2 2 151 141 4 87 5 0 0 8 6 11 0 4
41027 444 23 129 11 443 1616 877 240 138 21 38 781 311 167 218 0 331 17 650 119 21 9 10 540 533 17 358 21 1 2 31 20 40 2 17
41030 441 23 34 3 118 438 236 63 39 6 10 196 82 44 49 0 89 4 173 32 5 2 2 146 144 3 96 6 0 0 8 6 13 0 4
41031 454 20 38 2 125 469 249 70 38 5 11 217 85 49 55 0 90 4 178 32 7 2 2 155 154 4 100 7 0 0 9 7 12 0 6
41032 454 20 37 2 120 441 237 65 39 5 9 200 82 44 49 0 84 4 169 32 5 2 3 148 140 4 98 6 0 0 9 5 11 0 5
41034 449 15 29 3 104 378 222 55 34 5 8 181 72 36 49 0 79 5 161 29 5 2 3 130 127 4 90 3 0 0 8 4 8 0 4
41060 483 24 68 5 234 852 450 131 73 9 19 401 155 90 99 0 171 9 332 63 11 5 4 281 287 7 183 11 0 1 16 11 20 1 10
41062 484 24 55 5 211 714 428 114 60 10 15 360 140 75 105 0 154 8 311 52 9 5 6 246 248 6 178 8 0 1 13 9 17 1 7
41063 505 24 69 5 241 879 473 134 72 10 20 420 163 91 121 0 184 7 363 64 12 4 5 284 295 8 195 11 0 1 16 12 20 1 10
41070 505 24 35 3 123 445 237 67 36 5 10 206 81 49 53 0 85 4 170 30 6 2 2 147 142 4 98 6 0 0 8 6 12 0 5
41074 504 17 100 8 343 1251 666 193 108 16 28 571 232 130 135 0 244 12 479 97 18 7 8 416 415 11 268 17 0 2 25 15 33 1 15
41128 479 11 30 3 106 379 235 55 33 5 7 172 76 39 41 0 78 4 168 29 4 3 2 130 134 3 95 3 0 0 8 4 9 0 2
41139 480 11 36 2 117 428 240 65 37 6 9 201 80 43 50 0 84 4 171 33 6 3 2 139 143 4 97 5 0 0 8 5 11 0 4
41143 479 11 30 2 109 406 221 57 37 5 9 188 76 41 49 0 80 5 165 33 5 3 2 140 134 4 91 4 0 0 7 4 11 0 3
41154 512 22 34 2 108 406 213 58 36 5 10 185 75 42 48 0 78 4 154 31 5 2 2 139 129 3 88 5 0 0 8 5 9 0 4
41160 515 21 41 2 129 495 259 72 42 6 12 227 89 50 55 0 97 5 191 37 7 2 3 162 168 4 102 6 0 0 9 7 13 0 5
41161 515 21 44 2 137 520 260 77 41 4 12 244 91 54 61 0 98 3 185 36 7 2 3 167 167 4 104 9 0 1 10 6 13 0 8
41163 515 21 68 5 227 812 440 125 69 10 17 391 155 87 103 0 159 7 318 62 11 4 5 271 262 7 181 11 0 1 16 10 19 1 9
41164 514 21 34 2 116 420 224 63 36 4 10 201 80 44 53 0 84 4 167 29 5 2 2 143 138 4 94 5 0 0 8 4 9 0 5
41184 501 23 66 6 223 833 450 124 70 11 18 379 152 85 101 0 162 10 331 58 11 4 5 281 280 8 178 12 0 1 17 11 23 1 8
41208 451 16 36 1 121 459 243 66 36 4 10 216 82 47 50 0 87 4 171 33 7 2 2 149 152 4 94 6 0 0 9 5 11 0 6
41347 460 18 106 7 341 1294 662 196 108 15 30 614 238 136 148 0 250 11 482 97 18 6 7 432 418 11 267 17 0 2 24 17 33 1 16
41349 467 19 93 7 327 1191 644 183 99 14 27 568 218 125 142 0 235 13 461 86 16 5 6 395 398 10 255 16 0 2 25 15 31 1 15
41351 457 11 36 2 125 443 244 65 39 5 10 213 83 44 53 0 86 4 176 32 5 2 3 151 148 4 97 6 0 0 9 5 11 0 5
41360 457 11 32 2 111 400 220 61 33 5 8 192 76 43 52 0 79 4 161 28 6 2 2 134 134 3 88 5 0 0 8 5 9 0 5
41362 457 11 36 2 119 441 234 65 36 5 11 211 81 46 53 0 84 3 170 31 6 2 2 146 147 4 93 6 0 0 9 5 10 0 6
41368 456 11 69 5 232 877 462 129 70 9 21 404 159 88 103 0 177 9 344 62 12 4 5 289 296 7 180 11 0 1 17 11 21 1 11
41370 454 11 35 2 120 432 240 67 33 5 9 206 81 45 62 0 89 3 175 28 6 2 2 142 148 3 95 6 0 0 8 5 10 0 6
41380 479 15 30 2 114 385 228 58 35 5 7 183 77 42 48 0 76 5 163 31 5 2 3 130 129 3 93 4 0 0 8 4 9 0 3
41382 485 14 68 4 222 817 439 123 71 10 17 371 152 83 96 0 157 8 317 65 12 4 5 268 267 7 178 11 0 1 15 10 20 1 10
41383 483 14 35 2 117 418 238 62 37 6 7 189 81 44 42 0 80 5 168 32 5 3 2 138 141 2 95 5 0 0 9 5 12 0 4
41403 419 12 34 2 105 397 211 58 36 5 9 178 74 42 44 0 75 4 157 30 6 2 2 134 125 3 85 5 0 0 8 4 10 0 3
41406 422 12 41 2 136 494 246 81 40 4 12 232 91 54 57 0 97 3 179 35 7 1 2 161 158 4 101 8 0 1 9 6 11 0 7
41407 424 12 132 10 464 1661 893 265 136 19 39 799 309 181 204 0 333 16 658 119 24 9 11 547 552 15 363 22 1 3 33 25 41 2 20
41410 423 12 33 3 116 407 224 68 34 4 8 204 77 42 53 0 83 3 161 29 5 2 3 136 142 3 90 5 0 0 7 5 10 0 5
41419 423 12 37 2 132 473 248 74 39 5 12 231 86 51 59 0 90 3 180 33 6 2 2 159 158 3 100 7 0 1 9 6 11 0 6
41429 435 12 37 2 118 451 235 63 38 5 10 210 81 47 54 0 86 4 175 33 6 2 2 147 146 4 95 6 0 0 9 5 11 0 6
41430 426 12 26 3 92 351 202 47 32 5 8 153 65 35 39 0 70 6 148 28 5 4 2 124 114 3 81 3 0 0 6 3 10 0 2
41431 425 17 35 2 122 445 235 65 37 5 10 213 82 47 57 0 85 4 175 32 6 2 2 148 145 4 95 6 0 0 9 5 10 0 5
41438 425 17 36 2 120 442 239 68 38 5 9 212 84 46 47 0 85 4 163 34 6 2 2 153 145 4 95 6 0 0 8 5 12 0 4
41445 425 17 37 2 121 452 236 67 37 4 11 211 82 46 56 0 85 4 175 33 6 2 2 145 149 4 96 6 0 0 8 5 10 0 6
41449 423 13 66 4 222 824 434 123 68 9 19 384 151 87 89 0 159 7 311 60 11 4 4 279 267 8 173 10 0 1 16 11 20 1 10
41461 423 12 64 5 203 805 422 115 71 12 19 358 147 82 85 0 153 9 303 63 10 6 4 277 254 6 164 9 0 0 16 10 21 1 8
41494 511 26 34 2 116 448 231 61 38 5 11 211 79 46 60 0 89 4 182 33 5 2 2 148 150 4 94 5 0 0 8 5 10 0 4
41500 513 25 35 2 119 446 233 69 37 5 11 212 81 49 56 0 90 4 175 30 6 2 3 147 148 3 96 6 0 0 8 6 11 0 6
41566 460 23 32 2 108 393 227 54 35 6 8 186 76 40 44 0 77 5 164 30 5 3 2 132 130 3 87 4 0 0 9 4 8 0 3
41570 434 73 95 7 332 1201 658 184 104 15 28 573 230 125 151 0 236 13 477 89 15 7 6 416 395 11 269 15 1 1 23 15 33 1 12
41580 434 73 38 2 128 468 236 74 37 5 11 234 84 50 62 0 93 2 177 30 6 2 2 154 153 3 95 7 0 1 9 6 11 0 7
41583 473 70 66 5 233 837 462 131 73 10 18 408 159 89 105 0 164 9 337 65 11 4 4 287 278 8 185 10 0 1 16 10 19 1 8
41585 472 70 35 2 122 454 243 66 39 5 11 217 86 46 55 0 89 5 178 34 6 2 2 154 152 5 99 6 0 0 9 5 10 0 5
41590 431 65 101 7 324 1237 635 184 103 14 29 583 222 128 144 0 251 13 471 88 17 7 7 413 402 12 263 17 0 1 24 16 34 2 15
41591 442 66 59 6 222 798 456 121 67 11 16 379 156 86 86 0 158 11 327 61 10 5 5 281 266 8 181 8 0 0 16 11 21 1 5
41599 436 65 64 4 211 793 402 123 65 9 19 367 147 85 92 0 153 7 293 57 11 5 3 264 254 6 157 10 0 1 16 11 20 1 10
41601 438 65 34 2 122 439 239 66 35 4 9 213 82 46 55 0 87 4 174 31 5 2 2 148 148 3 94 6 0 0 8 5 10 0 6
41603 438 65 66 5 230 841 455 122 71 10 19 408 157 85 104 0 161 9 331 64 11 5 4 282 276 8 180 10 0 1 17 10 20 1 9
41608 441 65 60 4 204 769 424 111 69 10 16 349 145 80 91 0 155 10 310 62 11 6 6 265 249 8 175 8 0 0 15 8 20 1 6
41613 442 65 38 2 120 455 242 64 40 5 10 204 85 47 50 0 86 5 175 33 6 2 2 148 148 3 95 5 0 0 8 7 12 0 5
41623 445 66 38 2 130 478 240 75 40 5 10 228 88 50 60 0 91 4 182 35 7 2 2 160 154 5 96 7 0 0 9 5 12 0 6
41625 433 65 35 2 114 429 223 64 33 4 9 198 78 43 47 0 81 4 158 31 6 2 1 143 139 3 87 6 0 0 7 5 10 0 5
41626 485 65 195 16 626 2344 1221 355 195 28 52 1108 438 242 291 0 469 27 911 172 33 13 14 777 767 22 493 32 1 3 46 30 59 3 28
41629 484 65 38 2 130 477 237 76 38 4 11 235 87 50 62 0 92 3 177 34 7 2 1 155 155 4 95 7 0 0 10 5 11 0 7
41633 433 50 38 2 125 470 230 74 37 4 12 225 84 51 60 0 91 2 171 34 6 1 1 153 150 4 91 7 0 1 9 5 10 0 7
41637 433 50 71 4 232 879 445 128 74 9 19 408 158 91 101 0 173 9 330 65 12 4 5 295 284 7 184 12 0 1 17 11 23 1 11
41643 446 52 29 3 104 377 227 52 32 5 8 167 73 36 48 0 77 5 159 30 4 3 3 125 127 3 92 5 0 0 7 5 10 0 2
41644 448 51 70 4 225 837 426 125 70 9 20 394 154 89 102 0 166 8 327 58 11 4 3 276 271 7 170 11 0 1 16 11 21 1 10
41650 432 42 39 2 124 463 238 71 39 5 9 212 86 48 57 0 90 4 175 34 6 2 2 148 148 4 99 7 0 0 9 5 11 0 6
41653 430 42 36 2 118 440 232 63 40 6 9 203 83 46 53 0 85 4 169 34 5 3 2 146 135 4 95 5 0 0 8 6 11 0 4
41654 429 42 70 4 240 868 468 135 68 9 19 418 159 93 109 0 174 7 345 61 12 3 4 281 294 8 188 12 0 1 17 12 19 1 12
41657 429 42 35 3 115 447 227 62 38 5 10 212 85 46 57 0 87 4 171 33 6 2 2 151 141 5 97 6 0 0 8 5 12 0 4
41664 430 42 31 3 110 403 230 59 36 5 9 190 75 41 43 0 82 4 161 32 5 2 2 137 138 3 87 5 0 0 7 5 10 0 4
41667 433 42 34 2 117 422 233 67 35 5 9 206 78 45 59 0 86 3 172 31 6 2 2 141 141 4 98 6 0 0 9 5 10 0 5
41668 458 42 35 2 117 436 234 70 36 5 10 206 83 47 51 0 86 5 169 32 6 3 2 150 139 4 96 5 0 0 8 5 12 0 4
41669 512 42 101 6 334 1258 666 180 107 16 27 585 232 128 154 0 249 12 499 96 17 7 6 415 417 11 271 16 1 1 26 17 32 1 14
41671 509 42 68 5 220 822 437 114 70 10 18 376 148 84 95 0 162 8 320 63 11 4 4 277 269 5 178 11 0 1 15 9 21 1 10
41672 483 44 96 8 315 1196 643 184 103 16 26 566 224 125 136 0 234 14 469 93 14 7 6 397 399 11 255 14 1 1 22 17 31 1 11
41677 431 21 35 2 114 434 226 63 39 5 9 203 80 45 49 0 82 4 161 34 7 3 2 153 134 4 94 6 0 0 8 4 11 0 5
41679 434 21 36 2 120 440 237 69 37 5 9 204 79 47 53 0 90 3 174 30 6 2 2 142 148 3 93 5 0 0 9 5 10 0 6
41682 447 21 35 2 119 424 245 63 39 6 9 200 83 44 49 0 83 6 174 34 5 3 3 145 141 3 97 4 0 0 7 6 9 0 3
41688 447 21 38 2 132 479 251 72 36 4 11 228 89 49 56 0 99 3 183 33 5 2 2 154 159 3 99 7 0 0 10 7 11 0 6
41690 429 21 71 3 240 865 446 137 72 9 19 406 157 92 101 0 170 7 325 64 12 4 3 284 287 6 177 13 0 1 17 10 20 1 12
41702 451 11 58 5 205 799 434 114 66 10 18 372 152 81 89 0 157 11 315 64 10 4 6 276 264 8 178 7 0 0 14 11 21 0 6
41710 452 11 38 2 127 453 241 70 39 5 10 217 84 46 54 0 90 3 174 35 6 2 2 149 152 4 97 6 0 0 10 5 10 0 6
41712 451 11 70 4 226 840 427 132 73 9 20 401 157 92 106 0 169 8 321 64 11 4 3 276 269 8 177 12 0 1 16 11 20 1 10
41719 501 34 73 5 241 877 463 132 75 9 19 416 159 89 112 0 173 7 339 65 12 3 5 286 289 8 183 13 0 1 17 12 21 1 11
41725 492 25 36 2 122 442 223 71 36 4 11 212 81 49 50 0 84 3 162 33 6 2 1 149 141 4 88 6 0 0 8 5 11 0 6
41742 509 43 67 4 229 825 438 131 68 9 19 401 155 91 99 0 166 8 314 59 11 4 4 280 266 7 178 13 0 1 14 10 20 1 10
41749 510 43 34 3 117 422 242 63 39 6 8 198 81 44 50 0 89 5 180 32 5 3 3 147 142 3 101 4 0 0 8 4 11 0 3
41751 503 37 130 7 427 1593 829 238 132 18 35 748 294 170 187 0 310 17 609 118 23 8 9 534 516 14 340 22 0 2 33 19 41 2 22
41752 503 37 35 3 115 447 243 63 39 5 10 203 80 44 45 0 90 4 175 34 6 3 3 152 148 3 96 5 0 0 7 5 12 0 4
41757 534 42 37 2 118 460 242 66 36 5 11 215 82 47 50 0 91 5 173 33 6 2 2 157 150 3 95 6 0 0 10 6 12 0 5
41765 534 42 166 14 559 2034 1096 313 176 26 46 948 382 211 233 0 404 22 793 154 29 11 13 686 674 19 447 27 1 3 39 25 54 2 23
41769 527 40 40 3 123 469 245 64 41 6 11 220 85 47 50 0 91 5 177 33 6 2 2 160 149 3 101 6 0 0 8 7 13 0 5
41770 528 40 34 3 111 419 221 57 38 6 8 197 83 42 55 0 86 5 170 31 6 2 2 145 134 4 92 4 0 0 9 5 9 0 4
41773 531 40 33 3 116 409 234 63 34 5 8 198 77 41 55 0 85 3 168 30 5 2 2 139 138 3 100 5 0 0 7 5 9 0 4
41774 540 43 36 3 117 442 232 61 40 5 10 208 83 43 58 0 91 5 181 35 6 2 3 149 142 4 102 6 0 0 8 4 11 0 4
41775 558 28 67 4 221 833 442 120 68 10 19 393 150 86 102 0 164 8 329 58 12 4 4 270 276 7 177 11 0 1 17 12 19 1 10
41776 560 14 64 6 220 811 452 113 68 10 18 381 152 81 97 0 159 9 323 59 10 5 4 277 271 7 177 11 0 0 17 12 22 1 7
41846 512 20 37 2 125 455 245 68 37 5 11 218 87 47 52 0 89 5 174 33 6 2 3 152 147 3 99 6 0 0 9 6 11 0 5
41854 512 20 70 3 228 882 456 126 69 9 21 393 155 90 96 0 171 8 337 63 12 4 4 294 291 7 176 12 0 1 17 11 24 1 10
41945 543 51 32 2 114 403 226 62 34 5 8 198 76 43 51 0 79 5 164 30 5 2 3 136 135 3 87 5 0 0 7 5 10 0 4
41950 543 51 32 2 109 390 223 62 36 6 8 190 78 41 47 0 77 6 163 31 5 3 2 136 130 3 89 4 0 0 6 4 9 0 3
41951 543 50 30 3 121 399 234 66 34 6 9 201 79 44 61 0 84 4 177 27 6 2 3 139 134 3 97 5 0 0 8 4 8 0 4
41953 546 50 37 1 126 456 238 75 36 5 9 218 84 50 58 0 87 4 175 30 7 2 2 149 151 3 97 7 0 0 8 5 11 1 7
41962 546 50 165 11 562 2057 1074 325 166 22 47 991 382 222 264 0 415 17 795 147 30 9 13 673 676 20 440 29 1 3 42 27 50 3 28
41966 527 19 33 2 112 427 235 61 36 6 8 195 78 43 48 0 83 5 172 32 6 3 2 143 143 4 93 4 0 0 9 5 11 0 4
41967 518 21 35 2 114 419 230 64 36 5 7 185 78 45 44 0 79 4 160 31 6 3 3 147 132 3 97 5 0 0 8 4 11 0 4
41972 518 20 33 2 112 421 225 61 34 5 11 199 73 42 50 0 82 4 168 30 5 2 3 141 143 3 91 5 0 0 7 5 9 0 5
41981 516 19 72 4 237 874 459 136 74 10 19 416 162 94 98 0 167 9 325 66 13 5 5 298 284 9 184 12 0 1 16 10 22 1 11
42065 538 30 38 1 124 469 245 67 38 5 10 212 83 47 54 0 88 4 183 34 7 2 2 154 153 4 99 7 0 0 9 5 10 0 6
42076 540 30 65 5 218 834 439 123 70 10 18 395 154 86 102 0 165 10 324 62 12 4 5 282 274 8 176 10 0 1 16 10 20 1 8
42082 539 30 30 3 115 402 235 60 35 6 8 196 78 41 51 0 84 4 166 30 6 3 2 143 136 3 97 5 0 0 8 4 11 0 4
42090 540 30 27 2 101 364 208 52 30 5 7 176 69 39 48 0 76 5 150 26 5 3 3 129 122 2 85 4 0 0 7 5 9 0 3
42094 538 30 34 2 123 426 233 64 37 6 8 206 85 46 53 0 83 5 169 30 5 3 2 147 142 3 94 6 0 0 8 5 11 0 5
42097 538 30 92 7 315 1149 634 171 97 14 25 550 217 121 134 0 231 13 454 87 16 7 6 393 381 9 255 14 0 1 22 16 28 1 13
42117 564 17 30 2 106 385 208 59 33 5 9 181 69 39 44 0 76 4 149 27 6 2 2 133 127 3 81 5 0 0 7 4 10 0 4
42135 516 17 61 5 204 777 426 114 66 10 16 359 146 79 92 0 155 9 308 61 10 5 5 270 254 7 176 9 0 1 15 10 21 1 7
42136 515 15 65 4 226 828 447 124 72 10 20 392 156 85 99 0 164 8 327 65 11 4 5 272 278 7 177 11 0 1 15 11 19 1 10
42156 514 18 36 3 123 444 248 67 38 6 9 218 84 45 55 0 90 5 184 32 6 2 3 150 149 4 103 5 0 0 8 6 12 0 4
42164 514 18 33 3 118 434 231 68 38 5 10 212 82 45 50 0 85 5 168 34 6 2 3 149 143 5 94 5 0 0 8 5 12 0 3
42185 662 84 68 5 237 843 462 134 70 10 18 402 158 91 102 0 169 8 332 61 11 4 5 284 284 6 180 11 0 1 17 12 20 1 10
42188 662 84 35 2 127 458 249 71 40 6 10 219 90 51 59 0 93 4 182 33 7 3 3 153 154 4 100 6 0 0 8 5 12 0 5
42191 663 84 34 2 118 437 235 70 38 6 9 210 80 49 55 0 84 4 176 32 7 3 2 151 143 4 90 5 0 0 9 4 11 0 5
42196 665 84 33 2 106 401 226 58 36 7 7 180 78 41 44 0 75 5 162 32 5 3 2 136 131 3 87 3 0 0 8 5 11 0 3
42205 666 84 76 5 241 908 473 136 76 11 21 427 167 95 109 0 179 9 351 68 13 5 5 301 300 9 189 12 0 1 17 12 23 1 10
42210 666 84 68 5 224 831 448 125 71 10 17 386 156 86 99 0 161 10 322 64 11 5 5 282 272 8 184 11 0 1 16 11 20 1 8
42211 662 84 37 2 118 450 239 68 37 6 9 208 82 48 54 0 87 4 177 31 6 2 2 149 148 4 95 6 0 0 8 5 12 0 5
42222 674 83 36 2 111 433 216 65 36 5 9 202 79 47 49 0 82 4 161 32 6 2 2 147 136 4 87 6 0 0 8 6 12 0 4
42228 673 83 70 5 231 868 455 129 75 10 19 405 158 91 103 0 167 10 340 66 12 4 5 288 282 7 184 11 0 1 18 11 22 1 9
42229 673 83 35 2 116 420 226 64 33 5 8 193 78 45 56 0 83 4 169 29 6 2 3 137 138 3 91 6 0 0 8 5 11 0 5
42230 684 73 67 5 222 828 433 122 71 10 19 387 149 86 98 0 165 8 319 60 12 5 5 278 272 7 175 11 0 1 15 10 22 1 10
42233 685 71 92 7 305 1124 607 172 94 13 23 522 212 122 128 0 219 12 438 81 17 7 7 379 367 9 244 15 0 1 23 15 28 1 14
