42238 683 68 94 6 330 1182 664 180 98 13 25 563 226 125 145 0 238 14 483 86 16 6 7 396 392 10 268 16 0 1 23 14 29 1 12
42242 681 67 108 7 338 1298 665 192 107 14 29 606 231 135 155 0 261 11 506 92 19 6 7 420 430 11 265 18 0 1 27 18 33 2 16
42253 678 67 61 3 210 788 421 122 64 11 17 367 148 86 92 0 156 10 313 58 11 5 5 270 261 6 166 9 0 1 15 10 21 1 8
42256 679 67 70 4 234 871 449 131 74 10 19 404 158 93 99 0 168 8 327 65 12 4 5 293 280 7 181 12 0 1 17 11 23 1 11
42258 673 78 38 2 121 464 240 69 40 5 11 221 82 48 54 0 87 4 170 35 6 2 2 155 150 3 94 7 0 0 8 5 12 0 6
42269 505 32 36 2 115 433 231 63 36 5 9 198 78 44 47 0 81 3 165 32 6 2 2 145 139 3 90 6 0 0 8 5 12 0 5
42273 511 32 34 3 109 421 223 61 36 5 10 196 77 44 41 0 79 5 157 34 5 3 3 147 134 3 91 5 0 0 7 6 12 0 4
42280 508 32 35 2 128 451 242 71 36 5 9 221 86 48 60 0 90 3 180 32 6 2 2 148 148 3 99 6 0 0 8 6 10 0 5
42290 509 18 93 8 321 1145 622 177 101 15 24 522 217 125 129 0 228 12 456 87 17 6 8 386 375 10 261 15 1 1 26 12 27 1 13
42297 514 18 133 8 441 1591 877 245 133 18 32 728 291 168 194 0 317 16 634 119 22 8 12 520 529 14 354 22 1 2 32 21 41 2 18
42298 514 18 60 4 208 762 440 105 66 9 16 349 144 75 88 0 147 11 315 59 10 5 5 261 252 7 177 8 0 0 15 9 20 0 6
42314 508 17 31 3 121 398 226 63 37 6 8 194 79 41 54 0 78 5 166 32 6 3 3 135 137 4 92 5 0 0 8 4 10 0 3
42330 527 15 31 2 112 406 235 54 36 6 8 179 78 40 45 0 79 5 169 32 5 3 3 141 138 3 96 4 0 0 8 4 11 0 3
42332 526 15 33 2 120 437 245 61 39 6 9 206 81 44 51 0 84 5 177 33 6 3 2 149 149 4 96 5 0 0 9 5 12 0 4
42336 526 15 188 13 620 2312 1221 347 195 28 55 1080 427 246 269 0 459 24 882 175 31 14 13 781 749 19 496 32 1 3 47 30 60 3 26
42338 526 15 68 4 216 850 446 124 69 10 19 394 156 88 96 0 164 9 325 60 12 5 4 285 276 8 178 11 0 1 17 11 22 1 10
42339 487 14 70 4 242 874 465 140 71 11 20 423 162 93 103 0 170 8 333 62 12 5 4 295 287 7 183 12 0 1 17 11 21 1 11
42341 487 14 67 5 226 831 441 121 68 10 18 395 154 86 101 0 168 8 324 61 11 4 5 277 272 7 181 11 0 1 17 10 20 1 10
42342 501 14 61 5 217 800 449 107 71 12 16 375 153 82 88 0 153 10 322 64 10 6 6 272 271 6 177 10 0 0 16 8 21 0 6
42352 494 14 61 4 218 774 434 116 65 9 18 362 145 80 98 0 155 8 311 57 10 4 6 252 258 5 175 10 0 1 15 10 17 1 9
42404 516 24 37 2 123 461 253 68 36 6 11 214 85 49 54 0 91 5 176 33 6 3 4 155 148 3 95 5 0 0 8 6 11 0 5
42407 530 22 66 4 223 798 440 124 66 9 17 386 150 83 105 0 161 7 311 59 12 4 5 263 265 7 180 12 0 1 16 9 20 1 11
42415 516 22 74 4 233 890 452 133 74 10 20 410 164 94 109 0 173 8 337 63 12 4 4 290 290 8 180 12 0 1 17 11 23 1 11
42422 555 45 36 3 121 443 237 69 38 5 10 212 80 45 50 0 89 4 171 35 6 2 3 150 144 4 100 6 0 0 8 5 11 0 5
42423 561 37 34 2 115 427 241 61 40 6 8 196 85 43 55 0 85 5 176 33 5 3 3 145 141 4 97 4 0 0 9 5 11 0 3
42427 554 31 120 9 424 1535 846 235 127 19 35 715 284 158 183 0 308 18 610 113 20 9 11 509 517 11 334 19 0 2 29 20 36 2 18
42433 554 31 62 6 221 791 449 112 65 10 17 377 152 80 101 0 153 9 324 59 9 5 6 269 262 8 184 9 0 0 17 10 20 1 7
42436 560 29 66 6 222 833 455 118 69 10 20 388 150 84 105 0 167 9 344 58 10 5 6 273 279 7 183 11 0 0 17 12 20 1 8
42440 558 29 64 5 220 786 447 119 68 11 18 376 150 80 95 0 159 8 321 60 10 5 5 265 266 6 181 10 0 0 16 11 20 1 8
42446 535 12 67 5 220 820 452 115 73 9 17 364 151 82 94 0 159 8 322 66 10 5 5 274 270 7 185 10 0 1 17 11 22 1 8
42449 536 12 103 8 353 1315 697 199 107 14 29 612 240 140 158 0 261 13 513 95 19 7 8 428 437 11 280 19 0 2 24 18 32 2 16
42451 536 12 37 2 130 465 254 72 38 5 10 221 87 48 55 0 92 4 179 34 6 2 3 151 155 5 101 6 0 0 8 5 12 0 5
42457 535 12 36 2 123 451 245 64 36 6 9 218 78 45 56 0 90 4 181 31 6 2 2 149 152 2 93 5 0 0 8 6 10 0 5
42476 443 13 36 2 121 446 242 64 37 5 9 201 79 45 49 0 87 3 178 31 6 2 3 145 148 3 96 6 0 0 10 6 11 0 5
42608 492 17 245 22 832 3066 1660 454 259 39 65 1423 578 323 369 0 614 37 1235 230 42 19 20 1020 1010 28 674 38 2 4 62 42 79 4 30
42630 440 20 31 2 106 411 232 57 36 6 10 184 73 42 41 0 80 6 167 34 4 3 3 140 141 3 92 4 0 0 7 5 10 0 3
42674 468 30 157 12 532 1953 1047 288 167 27 43 915 369 207 233 0 388 25 782 142 26 12 10 653 641 15 424 27 1 2 39 28 48 3 21
42678 476 31 36 2 125 444 231 72 38 4 10 221 86 46 57 0 89 4 170 32 6 2 2 148 145 4 95 6 0 0 9 5 10 0 6
42685 470 30 63 5 209 781 423 119 65 10 17 372 146 83 100 0 156 9 315 58 11 5 6 261 257 7 174 10 0 1 17 8 20 1 8
42687 470 30 61 5 209 767 415 116 69 11 16 359 152 80 92 0 146 10 302 60 11 5 4 261 241 9 168 9 1 0 16 9 19 0 6
42692 470 30 35 2 119 446 245 68 36 5 10 206 83 48 50 0 88 5 173 32 6 3 4 149 145 4 102 5 0 0 8 5 12 0 4
42696 469 30 32 3 117 433 232 67 35 5 8 209 85 46 50 0 83 6 175 33 6 2 3 145 141 4 94 5 0 0 8 6 11 0 4
42699 468 12 66 5 215 814 419 118 70 10 19 377 150 84 91 0 161 9 320 60 11 4 4 276 258 7 170 10 0 0 14 10 22 1 9
42711 493 24 66 5 231 854 441 128 69 8 21 414 159 90 112 0 174 7 326 61 12 3 5 286 278 8 182 12 0 1 16 9 21 1 11
42765 486 14 40 2 136 493 256 75 41 5 11 229 87 51 62 0 99 4 193 36 6 2 3 157 162 4 103 7 0 0 10 7 11 0 6
42766 486 14 38 2 117 455 232 68 37 5 10 216 81 48 58 0 87 4 173 34 6 2 3 154 144 4 95 7 0 0 9 6 12 0 5
42769 503 11 35 2 116 435 234 62 37 6 9 194 77 43 46 0 82 5 169 32 6 2 3 146 142 4 95 5 0 0 8 4 11 0 5
42850 438 12 120 9 415 1506 832 221 129 19 32 694 286 159 173 0 302 18 598 111 21 11 9 506 499 13 331 20 1 1 33 20 39 2 17
43103 446 22 169 11 554 2014 1095 308 169 24 41 918 367 215 242 0 398 20 792 150 29 10 14 658 667 17 440 29 1 3 42 26 52 3 25
43110 446 22 37 2 119 465 241 67 37 5 11 209 86 48 49 0 91 5 175 35 6 3 2 156 150 3 93 6 0 0 9 5 12 0 5
43111 453 21 92 8 317 1132 628 177 96 14 26 536 217 123 146 0 228 12 455 82 17 6 6 382 372 8 252 16 0 1 22 14 27 2 14
43114 453 21 37 2 132 468 249 72 39 5 11 226 86 51 62 0 92 4 185 33 6 2 2 153 152 4 101 7 0 0 9 6 12 0 6
43115 452 21 63 5 225 808 437 129 64 9 18 396 146 86 116 0 168 7 329 55 12 4 5 264 274 6 175 12 0 1 16 10 18 1 11
43116 451 21 33 2 111 417 227 56 35 5 10 193 77 42 55 0 84 4 172 31 6 2 3 138 137 4 92 5 0 0 7 5 9 0 4
43124 465 19 29 4 118 391 246 62 35 6 7 197 79 42 48 0 83 5 172 31 5 3 3 140 138 3 96 4 0 0 7 5 10 0 2
43206 523 56 68 5 231 837 456 132 70 10 19 405 157 90 107 0 165 7 327 64 12 4 6 282 267 8 185 12 0 1 18 10 21 1 10
43207 523 56 36 2 119 439 246 65 36 5 9 200 82 46 52 0 86 4 176 32 6 2 2 142 147 3 96 6 0 0 9 6 10 0 5
43209 507 41 70 5 239 878 463 136 71 9 20 419 162 94 106 0 176 7 344 64 12 4 6 290 286 8 191 11 0 1 16 11 21 1 11
43216 531 32 37 2 120 453 229 70 39 5 10 211 84 49 55 0 90 4 170 34 6 2 2 150 142 4 94 6 0 0 8 6 11 0 6
43220 515 26 31 3 111 404 225 58 35 5 8 189 81 42 54 0 81 6 164 29 5 2 3 140 127 4 95 4 0 0 8 5 10 0 3
43231 511 29 96 7 329 1191 641 181 101 14 26 562 223 128 145 0 240 12 463 87 17 7 7 399 392 9 254 17 0 1 23 17 31 1 15
43233 505 26 69 5 235 852 452 133 66 8 19 403 155 90 104 0 168 8 326 60 12 3 5 281 281 7 184 12 0 1 15 11 21 1 12
43234 491 23 101 7 339 1257 668 183 108 15 28 583 231 129 150 0 244 14 489 97 19 8 7 420 416 12 262 19 0 1 26 14 33 1 14
43237 490 23 37 3 127 462 245 71 40 5 9 220 91 49 55 0 91 5 178 35 6 2 3 155 148 5 102 6 0 0 8 6 12 0 4
43243 490 23 71 4 234 880 459 129 74 11 19 403 161 91 103 0 175 8 346 65 12 4 4 289 294 8 181 11 0 1 18 11 21 1 11
43244 491 23 105 8 340 1271 665 190 107 15 29 587 232 132 150 0 245 14 490 89 18 7 7 430 416 11 268 18 0 1 25 15 35 1 15
43246 490 22 34 1 103 396 218 55 36 6 8 173 74 41 42 0 76 4 161 30 5 3 2 129 128 3 84 4 0 0 8 5 10 0 4
43264 436 29 59 6 225 790 465 116 70 11 16 382 154 80 96 0 162 10 328 62 11 6 6 276 269 7 191 9 0 0 16 10 20 0 6
43277 438 29 66 5 238 840 449 134 72 11 19 404 161 91 102 0 167 8 322 63 12 4 4 281 274 8 178 11 0 1 16 10 20 1 10
43282 437 29 60 4 206 765 433 107 67 11 17 363 141 78 84 0 150 10 304 60 10 5 5 267 256 6 167 8 0 0 15 9 19 0 7
43286 514 48 70 4 234 859 447 129 72 11 19 403 159 91 106 0 170 9 334 62 12 5 5 282 275 9 181 12 0 1 18 11 20 1 10
43288 514 48 39 2 123 472 244 67 41 5 11 218 83 48 53 0 91 4 176 33 7 2 2 155 153 4 98 6 0 0 9 7 12 0 5
43308 513 48 32 2 108 409 228 60 33 5 8 187 72 45 44 0 83 4 162 29 6 3 3 140 132 3 93 5 0 0 7 5 10 0 5
43313 480 22 37 2 109 434 223 62 40 5 8 196 79 46 50 0 82 4 171 32 7 2 2 142 142 4 88 5 0 0 9 5 11 0 4
43322 458 19 65 6 224 821 456 120 70 9 18 388 152 83 90 0 157 10 319 67 10 4 7 288 268 8 182 9 0 0 17 10 21 1 7
43323 457 19 35 2 125 442 242 71 39 5 10 218 85 48 56 0 89 5 174 34 6 2 2 150 146 5 98 6 0 0 8 4 10 0 5
43333 457 19 159 12 540 1988 1073 299 171 26 43 925 372 214 231 0 395 23 782 152 29 12 14 670 647 18 445 25 1 2 40 24 51 2 21
43337 463 25 38 2 128 480 245 73 38 5 11 226 89 51 52 0 94 5 186 34 6 2 3 160 156 4 100 6 0 0 9 7 13 0 5
43341 463 23 39 2 125 453 237 68 39 5 10 213 85 48 56 0 89 3 174 32 6 2 2 149 149 4 95 6 0 0 10 5 10 0 6
43348 477 21 104 7 342 1261 670 186 105 15 29 606 232 130 152 0 248 13 485 94 17 7 7 420 409 11 273 18 0 1 26 15 31 2 14
43351 461 21 39 3 128 487 258 69 41 4 12 229 88 48 56 0 98 4 187 36 6 2 3 159 160 4 104 7 0 0 9 6 12 0 5
43352 417 36 96 7 327 1191 660 176 98 15 26 561 219 121 142 0 239 13 467 88 15 8 8 396 394 11 261 16 0 1 26 16 29 1 13
43354 418 34 33 2 115 416 220 65 34 5 10 197 76 46 52 0 84 4 162 30 6 2 3 139 133 3 88 6 0 0 8 5 11 0 5
43355 418 34 33 2 116 419 234 63 35 6 8 197 76 44 53 0 82 5 178 30 5 3 2 141 141 3 89 5 0 0 8 5 9 0 4
43378 428 34 64 5 225 826 443 125 67 9 20 402 152 86 110 0 167 8 332 60 11 4 5 274 275 8 181 11 0 1 17 9 21 1 11
43380 427 34 39 2 125 477 258 62 41 6 9 204 85 46 56 0 91 4 195 37 6 3 3 153 157 4 103 6 0 0 10 7 11 0 4
43382 441 34 65 6 222 801 453 119 66 9 18 375 149 83 98 0 159 8 325 58 10 4 6 268 272 7 180 10 0 1 18 11 19 1 8
43384 417 34 128 11 439 1596 854 245 131 18 35 763 300 168 203 0 324 16 640 116 22 8 8 534 522 14 344 21 0 2 33 22 39 2 19
43385 467 27 130 10 447 1617 894 246 139 20 33 763 305 168 205 0 325 17 655 127 21 9 10 539 541 15 362 21 0 2 32 21 41 2 18
43386 468 27 38 2 128 462 234 73 41 5 10 221 87 49 59 0 93 4 174 32 6 2 2 152 151 6 94 7 0 0 9 5 11 0 6
43387 469 26 29 3 110 360 225 55 33 5 7 173 77 36 54 0 75 5 169 28 5 2 3 123 117 3 95 3 0 0 8 4 8 0 2
43388 473 29 36 2 124 450 238 68 37 5 10 212 81 47 53 0 91 4 172 34 6 2 2 151 151 4 92 6 0 0 8 5 10 0 6
43410 473 18 38 2 128 462 241 73 38 5 10 222 84 53 63 0 94 3 178 32 7 2 3 153 150 3 99 6 0 0 9 5 10 0 7
43411 473 18 36 2 123 457 232 70 37 5 11 216 81 48 54 0 88 4 168 32 6 2 2 152 149 3 90 7 0 0 8 5 9 0 7
43420 473 18 65 6 231 818 443 126 70 10 17 392 160 86 97 0 161 8 324 62 9 4 4 277 269 5 178 11 0 1 15 12 20 1 8
43425 472 18 36 2 121 460 237 68 38 5 10 214 79 47 53 0 92 3 174 32 6 2 2 151 152 4 93 6 0 0 8 4 10 0 6
43426 474 18 65 5 223 815 430 118 72 10 18 392 156 83 97 0 159 10 314 64 11 5 5 288 261 8 175 11 0 1 16 9 22 0 8
43526 444 21 36 2 116 453 232 64 38 4 10 212 79 47 53 0 83 3 168 32 7 2 3 151 146 4 95 6 0 0 10 6 12 0 5
43527 447 21 33 2 115 418 234 66 34 5 9 197 81 44 48 0 82 5 167 32 5 2 3 142 141 4 94 6 0 0 7 6 11 0 3
43532 446 19 101 8 345 1244 660 193 102 13 28 603 230 131 154 0 242 11 482 89 19 5 6 411 412 12 261 18 0 1 26 15 30 2 17
43538 503 85 99 7 316 1185 611 176 105 16 27 555 220 121 141 0 230 14 452 91 17 7 6 404 376 11 251 16 1 1 23 13 30 1 13
43560 502 84 40 2 122 477 238 66 40 5 11 213 85 49 51 0 92 4 174 34 6 3 2 157 156 4 95 6 0 0 10 7 13 0 7
43563 503 84 161 12 522 1969 1017 289 168 22 42 911 359 204 251 0 390 20 770 148 27 9 12 649 635 19 414 26 1 2 41 25 49 2 22
43569 503 84 35 2 114 418 228 59 36 5 9 191 78 39 53 0 83 5 168 31 5 2 2 141 137 2 93 4 0 0 8 6 10 0 4
43573 502 84 63 4 205 778 426 107 67 10 16 330 141 79 92 0 154 9 319 56 11 5 5 254 257 6 173 9 0 1 17 8 19 1 9
43574 502 84 66 5 223 825 451 127 71 11 18 392 154 84 103 0 163 9 333 61 11 5 4 278 279 7 178 9 0 1 16 10 20 1 9
43575 502 84 33 2 120 433 246 63 38 6 8 197 83 44 50 0 86 4 177 33 6 3 3 143 146 4 100 5 0 0 8 6 11 0 3
43578 504 85 37 2 125 482 240 72 38 4 12 233 84 48 62 0 96 4 181 35 6 2 2 159 158 4 96 6 0 0 9 5 11 0 7
43581 507 21 66 4 217 825 436 116 70 10 18 384 143 86 93 0 164 8 322 59 11 5 4 279 269 6 171 11 0 1 16 9 21 1 10
43587 511 21 36 2 124 446 241 71 38 5 10 221 87 47 60 0 88 4 178 32 6 2 2 150 146 6 102 5 0 0 9 4 11 0 4
43597 508 21 32 2 111 402 222 59 36 5 8 192 78 41 56 0 79 5 160 31 5 3 2 141 125 4 91 5 0 0 7 4 10 0 4
43599 509 21 34 2 121 444 234 68 38 5 10 204 82 45 54 0 87 5 169 33 6 2 2 148 145 4 96 6 0 0 7 3 11 0 5
43604 508 21 37 2 125 464 241 69 39 5 10 217 86 47 56 0 88 6 172 33 6 2 3 159 146 5 98 6 0 0 9 6 11 0 5
43606 508 21 130 11 449 1627 873 250 140 19 35 764 304 172 192 0 323 17 645 120 21 9 9 543 534 15 349 22 1 2 34 21 44 2 18
43611 526 12 36 2 124 456 241 74 37 5 10 211 86 49 52 0 89 4 175 34 6 2 3 154 149 3 99 6 0 0 8 5 11 0 5
43613 526 12 32 2 105 394 219 58 34 6 7 179 76 41 43 0 78 5 159 29 5 3 2 136 125 2 91 5 0 0 7 4 10 0 4
43656 522 16 33 2 110 405 222 64 34 5 9 189 74 42 53 0 80 5 164 30 6 3 2 137 132 3 91 5 0 0 7 4 10 0 4
43702 471 33 37 2 127 447 243 69 38 5 9 208 81 46 63 0 91 4 180 31 6 2 2 141 152 3 96 7 0 0 9 5 10 0 6
43708 475 34 35 2 119 455 238 64 38 5 9 209 82 48 53 0 92 4 178 34 6 2 2 153 147 4 96 6 0 0 8 6 12 0 5
43863 453 19 33 3 115 411 232 64 33 5 8 197 77 43 52 0 84 4 168 28 5 2 2 139 137 2 94 5 0 0 8 5 10 0 4
43876 455 19 86 8 289 1102 626 153 102 15 22 492 213 112 118 0 222 17 460 91 16 9 8 375 365 10 256 11 1 0 22 15 30 1 8
43877 454 19 36 2 122 439 243 65 36 5 10 207 83 44 56 0 89 4 179 31 5 2 2 146 147 3 98 5 0 0 8 6 11 0 4
44058 451 23 35 2 118 445 228 63 38 5 9 206 84 44 58 0 88 5 173 33 6 2 3 147 145 5 95 6 0 0 9 4 11 0 4
44082 436 12 99 6 347 1227 665 195 102 13 27 590 234 132 170 0 254 10 500 86 18 6 7 403 414 10 270 17 0 2 25 17 29 2 16
44149 529 38 34 2 112 438 221 66 36 5 10 196 77 45 46 0 82 5 166 33 6 3 2 144 142 3 86 6 0 0 8 5 10 0 5
44151 528 37 38 3 123 468 242 68 39 5 10 216 87 49 54 0 89 6 177 33 5 2 3 156 147 4 98 6 0 0 9 7 11 0 4
44154 526 35 98 7 329 1226 647 187 106 15 26 574 224 132 139 0 244 13 480 90 18 7 6 410 407 9 256 17 0 1 24 14 30 1 15
44245 461 18 34 2 117 425 242 62 35 5 9 202 78 44 47 0 83 4 170 32 6 2 3 143 142 3 95 5 0 0 9 6 11 0 4
44248 452 11 35 2 115 439 229 63 35 4 10 201 80 47 53 0 83 4 170 32 6 2 2 143 142 4 93 6 0 0 8 5 10 0 6
44252 468 11 98 9 323 1204 660 178 98 14 26 568 224 126 153 0 240 13 483 90 17 7 8 401 403 12 268 16 0 1 26 16 31 1 13
44295 473 11 62 5 210 781 413 120 65 9 17 365 144 83 98 0 155 9 307 57 11 4 4 259 253 7 166 10 0 1 16 9 19 1 9
44312 430 39 31 3 109 429 229 59 36 5 9 186 76 42 43 0 82 6 166 36 6 3 3 149 139 3 91 4 0 0 6 6 12 0 2
44319 466 30 30 3 103 378 218 51 37 6 7 180 77 37 55 0 77 6 171 31 5 3 3 130 122 4 90 4 0 0 9 5 10 0 1
44321 473 15 63 4 220 787 424 123 69 9 17 369 150 84 101 0 153 8 310 58 12 4 4 264 251 8 179 11 0 1 17 9 21 1 8
44322 455 18 64 5 226 818 452 117 68 10 17 387 154 85 93 0 163 8 325 62 11 4 4 271 271 7 177 10 0 1 16 11 20 1 10
44473 390 24 39 2 134 482 253 75 37 5 11 225 86 50 57 0 92 4 181 34 6 2 2 155 157 4 100 7 0 1 9 6 11 0 7
44479 390 24 31 3 117 408 229 63 32 4 10 202 79 42 61 0 86 4 170 31 4 2 3 132 138 3 95 5 0 0 7 6 9 0 4
44483 450 42 69 4 225 832 448 125 69 10 17 380 155 84 95 0 162 8 322 61 11 4 4 272 272 7 183 11 0 1 17 12 19 1 9
44491 449 42 243 20 817 2969 1655 436 261 39 61 1382 566 307 359 0 598 38 1210 232 39 18 19 997 985 27 680 34 2 3 61 41 76 4 28
44494 429 29 32 2 116 407 221 65 34 5 8 197 78 45 55 0 83 3 166 29 6 2 2 134 133 3 92 6 0 0 7 5 9 0 5
44502 429 29 66 5 215 800 436 119 69 10 17 376 150 81 95 0 157 10 327 58 11 4 5 270 267 8 177 9 1 0 16 9 21 1 8
44506 440 35 34 3 123 439 252 65 36 5 9 197 84 45 52 0 87 5 184 33 6 2 3 143 149 3 102 6 0 0 9 6 11 0 4
44517 410 15 35 3 122 464 242 69 37 5 10 216 82 48 58 0 93 4 184 33 7 2 2 153 155 4 97 6 0 0 8 5 11 0 6
44521 408 12 65 4 217 804 425 118 65 9 18 375 147 85 102 0 161 8 318 58 11 3 4 260 267 7 173 11 0 1 17 9 19 1 10
44722 363 11 133 9 436 1629 852 244 139 20 37 774 303 174 202 0 322 15 626 121 22 8 8 541 527 16 343 23 1 2 33 19 41 2 20
44723 363 11 67 4 217 809 443 120 71 10 18 365 152 85 97 0 156 8 320 61 11 5 4 262 262 7 173 11 0 1 16 10 20 1 9
44739 459 16 35 2 121 434 237 68 34 5 9 209 82 44 60 0 89 3 175 30 6 3 2 144 144 4 96 6 0 0 8 7 10 0 5
44771 460 13 34 2 112 415 224 61 36 5 9 200 77 43 51 0 82 4 162 31 5 2 2 142 136 3 92 5 0 0 7 7 9 0 4
44835 427 14 71 5 229 876 455 131 72 10 20 414 160 95 99 0 169 7 331 62 12 4 4 291 283 9 186 13 0 1 18 12 23 1 11
44878 640 42 36 2 118 437 226 68 35 5 10 214 82 46 54 0 88 4 172 30 6 2 2 149 146 3 85 6 0 0 7 5 11 0 6
44882 688 41 88 8 301 1059 600 164 94 14 22 514 208 111 136 0 217 12 430 79 14 7 5 356 353 9 244 11 0 1 22 15 25 1 10
44883 678 35 66 5 221 815 441 114 70 10 18 376 151 80 105 0 164 10 332 61 11 5 5 275 272 6 180 10 0 0 15 10 22 1 8
44916 553 27 37 2 123 451 248 63 38 6 9 203 79 45 54 0 89 4 180 33 5 2 2 148 152 2 99 6 0 0 8 6 10 0 5
44917 553 27 36 2 120 451 244 60 41 6 9 205 82 45 57 0 88 4 184 35 6 2 2 148 147 4 96 5 0 0 9 6 11 0 4
44927 550 26 35 2 122 455 247 66 40 5 10 213 85 48 59 0 89 5 188 34 6 3 2 150 154 4 99 5 0 0 8 6 12 0 4
44929 552 27 36 3 121 454 240 66 37 5 10 215 84 47 56 0 91 4 176 32 6 2 3 154 149 4 97 5 0 0 8 5 11 0 5
44930 562 28 36 2 119 458 239 65 37 4 11 210 81 45 53 0 89 4 175 36 6 2 3 153 153 4 93 7 0 0 7 6 13 0 5
44935 563 26 56 4 200 719 393 107 64 10 16 333 138 77 84 0 143 8 286 56 10 5 4 244 231 5 160 8 0 0 14 9 17 0 7
44939 576 23 35 3 127 483 250 68 38 4 11 231 85 50 66 0 96 4 194 34 6 2 3 160 160 4 105 6 0 0 10 6 12 0 5
44943 579 15 70 4 235 878 453 128 70 10 20 415 160 93 108 0 172 7 345 63 12 4 4 291 286 7 179 11 0 1 17 12 21 1 10
44950 586 25 31 2 115 396 229 58 33 5 7 186 78 41 54 0 79 5 171 29 5 2 3 132 133 3 95 4 0 0 9 4 10 0 4
44952 585 25 66 5 245 855 470 130 70 10 18 412 163 91 109 0 170 9 345 61 10 4 4 285 290 6 181 11 0 1 16 11 21 1 9
44958 585 25 35 2 123 438 231 73 33 4 10 213 84 47 57 0 90 3 171 30 5 2 2 143 145 3 96 6 0 0 7 6 11 0 6
44960 585 25 36 2 125 447 242 68 36 5 10 218 85 48 56 0 87 4 179 33 6 2 2 148 148 4 99 6 0 0 8 5 12 0 5
44963 592 30 67 5 219 821 438 123 68 9 18 390 152 87 96 0 163 8 321 58 12 3 4 276 269 8 179 11 0 1 16 10 21 1 10
44965 585 25 35 2 125 445 241 66 37 5 10 215 83 47 57 0 91 3 177 32 6 2 2 145 150 3 97 6 0 0 8 5 10 0 6
