49212 519 12 64 5 213 787 433 117 70 10 15 370 159 84 96 0 159 12 320 61 11 5 6 270 254 7 181 9 0 0 17 11 21 1 7
49221 518 12 101 7 355 1279 691 192 107 14 28 608 238 134 166 0 263 13 517 94 18 7 9 432 427 12 287 18 0 1 25 16 33 2 15
49247 475 51 93 9 320 1166 621 174 100 13 26 558 223 122 151 0 235 13 467 89 17 6 7 393 380 12 257 16 0 1 23 13 29 1 14
49261 448 24 34 2 120 424 231 64 36 5 9 203 81 43 59 0 86 4 173 31 6 2 3 141 144 4 92 5 0 0 9 5 11 0 5
49280 449 11 36 3 127 445 248 69 35 4 10 217 81 45 60 0 91 3 178 32 6 1 3 143 155 4 98 6 0 0 8 6 10 0 5
49322 460 14 37 2 122 456 241 68 37 5 9 208 82 48 59 0 90 4 179 32 6 2 2 150 154 3 95 6 0 0 10 6 12 1 6
49332 457 19 98 6 334 1235 653 183 99 13 29 578 227 130 150 0 252 11 485 91 16 5 7 404 414 9 260 16 0 2 24 15 29 2 15
49353 466 21 37 3 126 467 256 62 37 4 11 218 88 45 59 0 94 4 186 34 6 1 3 153 161 4 99 6 0 0 9 6 13 0 5
49362 481 13 31 2 107 388 210 60 32 4 8 192 74 43 59 0 77 4 160 28 6 2 2 128 129 4 89 5 0 0 9 4 9 0 5
49363 481 13 68 4 231 845 446 128 70 9 19 402 154 89 111 0 166 7 342 61 12 4 4 281 281 7 183 10 0 1 16 11 21 1 11
49445 428 13 37 2 122 451 240 69 34 4 9 217 83 49 60 0 90 3 174 31 6 1 2 143 152 4 97 7 0 0 10 7 11 0 6
49475 493 15 32 3 120 422 244 70 33 6 9 204 81 47 64 0 92 4 183 28 6 3 2 133 146 3 99 6 0 0 8 6 10 1 5
49483 493 15 70 5 242 861 457 132 71 9 19 416 160 92 116 0 173 6 336 63 12 4 5 282 286 7 186 12 0 1 16 10 20 1 13
49484 500 13 129 11 454 1582 899 253 131 19 35 764 303 170 213 0 319 15 650 117 22 8 11 527 530 13 367 21 0 2 31 21 39 3 18
49492 491 13 63 5 218 809 430 127 67 9 18 392 154 87 105 0 165 8 313 60 11 4 5 267 268 7 173 11 0 1 15 10 19 1 10
49494 492 13 31 2 110 393 216 59 33 5 8 196 75 41 56 0 79 4 158 28 5 3 1 137 128 4 88 4 0 0 8 4 8 0 4
49522 575 43 39 2 128 455 240 73 37 4 10 219 85 50 63 0 93 3 176 32 6 1 2 145 153 3 99 7 0 0 8 6 10 1 7
49524 575 43 65 5 227 823 446 127 67 10 18 389 155 91 99 0 169 8 332 58 12 4 6 277 278 6 183 10 0 1 16 11 21 1 9
49527 578 43 137 10 454 1664 878 258 137 17 37 802 306 172 216 0 335 16 648 124 23 7 10 551 554 13 356 24 0 2 32 22 41 2 22
49530 578 43 39 2 136 484 254 78 37 4 11 231 89 51 64 0 98 3 190 32 6 1 2 154 163 4 104 8 0 0 10 8 13 1 7
49532 578 43 88 8 320 1129 639 168 94 13 22 533 214 116 145 0 232 13 464 89 16 5 8 379 379 9 265 15 0 1 23 14 28 1 13
49536 594 42 100 7 329 1221 632 186 101 13 27 575 226 126 160 0 236 11 476 92 18 5 6 402 394 12 264 16 0 1 26 14 30 1 15
49585 526 17 94 7 314 1149 636 172 97 15 24 536 218 120 147 0 230 12 463 83 16 7 8 382 381 9 262 16 0 1 24 15 28 2 13
49603 540 15 36 2 121 456 248 65 35 4 11 215 80 46 62 0 93 4 191 32 6 1 2 148 159 3 97 6 0 0 9 8 10 0 5
49627 517 20 104 8 353 1289 676 202 108 15 30 620 244 139 158 0 248 12 488 96 18 6 7 436 421 12 274 18 0 1 24 16 34 1 15
49629 519 20 315 25 1060 3843 2089 575 324 45 84 1838 728 405 498 0 775 41 1541 282 56 21 26 1272 1274 36 851 52 2 5 79 52 95 5 43
49636 522 20 36 2 122 444 233 66 38 5 10 213 82 46 62 0 91 3 180 33 5 1 2 146 148 3 93 6 0 0 9 5 10 0 6
49643 517 15 32 3 117 416 234 68 38 5 7 189 81 47 47 0 82 4 166 35 6 3 2 143 138 3 97 5 0 0 10 5 11 0 4
49644 515 15 39 2 130 477 257 70 38 5 10 224 87 50 62 0 99 4 190 35 7 1 3 151 164 3 103 6 0 0 9 6 12 1 6
49746 518 16 66 5 210 804 424 114 73 10 17 374 148 82 105 0 159 10 321 62 11 4 4 270 258 9 174 11 0 0 17 9 20 1 8
49753 514 16 64 4 222 818 435 123 68 10 18 393 151 89 104 0 160 9 320 61 12 4 5 276 271 7 173 11 0 1 16 9 22 1 9
49759 516 16 96 8 331 1220 669 186 101 15 27 586 227 125 156 0 249 13 484 92 16 7 7 398 413 11 268 17 0 1 24 16 29 1 13
49770 515 16 93 8 326 1169 648 174 99 14 25 566 218 125 147 0 236 12 474 89 16 6 7 388 392 10 262 16 0 1 23 16 28 1 14
49771 517 16 35 2 114 435 236 60 36 4 9 202 80 43 55 0 87 5 178 34 5 1 2 140 147 3 93 5 0 0 7 7 10 0 5
49778 521 16 197 14 688 2485 1324 388 205 28 57 1201 458 272 309 0 494 23 975 181 36 12 16 814 828 22 532 35 1 4 50 36 61 3 32
49783 520 16 36 2 124 456 241 68 39 5 10 224 88 50 64 0 88 4 181 35 7 2 3 156 148 5 101 6 0 0 9 5 12 0 5
49786 520 16 96 7 319 1196 619 175 102 14 25 572 218 128 146 0 236 12 465 91 18 6 7 406 394 11 254 14 0 1 25 13 30 1 15
49787 520 13 96 8 322 1200 639 178 100 13 28 567 222 123 151 0 239 13 482 91 16 6 7 402 398 10 256 16 0 1 23 16 32 1 13
49796 496 15 95 8 315 1161 628 177 100 13 27 551 223 127 149 0 233 14 466 88 15 6 8 380 381 12 258 15 0 1 24 16 30 1 13
49797 494 15 185 14 642 2287 1248 350 194 26 52 1105 434 241 300 0 469 22 912 170 32 11 13 754 761 21 515 31 0 3 46 26 56 3 30
49818 508 12 64 5 208 792 417 117 70 10 17 359 150 84 92 0 160 9 312 61 11 5 4 269 259 6 168 9 0 0 15 9 20 1 9
49848 516 29 32 3 112 408 220 62 35 4 9 197 80 44 55 0 81 5 166 31 5 2 3 140 129 4 93 5 0 0 8 5 11 0 4
49851 520 29 70 6 237 846 459 126 75 9 17 392 161 90 100 0 168 9 341 64 13 4 6 278 284 7 188 11 0 1 17 12 22 1 9
49852 516 22 59 4 208 750 432 105 65 10 15 342 139 78 87 0 147 10 306 57 11 5 5 256 249 6 170 9 0 0 16 10 19 1 7
49853 514 21 36 2 113 434 228 64 34 4 9 197 77 46 56 0 86 4 174 32 5 1 2 139 147 4 92 6 0 0 9 5 11 0 5
49856 512 21 34 2 120 425 233 66 35 5 9 198 80 46 55 0 86 4 177 31 6 2 2 141 144 3 95 5 0 0 9 5 11 0 4
49859 519 29 33 2 109 399 224 57 36 4 8 179 75 42 50 0 78 4 163 33 5 2 2 131 133 3 91 5 0 0 8 5 9 0 4
49862 517 28 36 2 121 440 240 68 36 4 10 205 79 48 53 0 90 4 170 31 6 1 2 143 148 3 96 7 0 0 9 6 11 0 5
49869 518 27 37 2 122 430 223 70 36 4 9 206 83 48 59 0 87 3 169 32 6 1 2 140 139 3 93 6 0 0 9 5 10 0 6
49877 515 23 30 3 109 393 216 58 31 4 8 197 76 41 59 0 81 5 162 30 5 2 2 126 130 4 88 6 0 0 7 6 10 0 4
49898 520 11 61 6 204 749 427 109 66 10 15 351 140 77 97 0 149 10 316 58 10 4 6 251 249 6 174 9 0 0 14 10 19 1 7
49948 505 19 64 5 226 815 461 121 68 10 17 388 155 86 103 0 164 8 336 63 11 5 4 271 276 8 186 10 0 1 17 9 21 1 9
49951 498 12 36 3 127 451 247 70 36 4 10 221 85 48 69 0 95 4 185 33 6 1 4 145 150 4 103 6 0 0 9 6 10 0 5
49975 492 11 70 5 239 847 457 129 69 9 18 408 161 89 113 0 172 8 332 61 12 3 5 274 276 8 191 12 0 1 18 11 20 1 10
49976 532 24 66 6 227 817 453 125 68 9 18 384 151 86 103 0 162 9 334 60 11 4 6 274 275 7 182 10 0 1 18 11 21 1 8
49977 533 23 38 2 133 477 248 73 36 4 12 233 86 51 66 0 99 3 183 33 6 1 2 152 161 3 98 8 0 0 9 6 11 1 7
49985 533 23 38 2 131 459 259 73 36 4 10 226 85 50 62 0 93 3 183 34 6 2 2 149 159 4 103 7 0 0 9 7 10 0 6
49990 535 21 65 5 236 827 459 127 69 9 16 404 154 85 115 0 173 8 338 61 11 4 5 273 284 7 186 11 0 1 16 10 20 1 10
49991 535 21 64 6 234 816 467 123 64 8 17 397 156 85 119 0 168 7 344 61 11 3 6 266 274 7 193 11 0 1 18 12 18 1 9
50001 554 20 64 5 226 797 435 117 67 9 17 385 152 84 114 0 161 9 328 58 11 4 6 265 260 6 180 11 0 1 16 11 18 1 9
50002 554 20 37 2 135 453 254 75 38 4 10 227 87 48 64 0 93 4 181 33 6 2 2 150 152 4 104 7 0 0 9 5 10 0 6
50004 575 13 34 3 120 412 249 61 36 5 8 192 81 40 54 0 86 5 178 30 5 2 3 137 140 4 102 5 0 0 9 5 10 0 3
50008 573 11 101 7 339 1226 670 196 101 14 25 578 234 131 152 0 242 11 487 90 17 5 8 406 405 11 274 17 0 1 25 16 32 2 15
50025 445 22 65 6 216 775 417 118 68 9 16 374 148 82 101 0 154 8 306 60 12 3 5 264 254 6 176 10 0 1 15 9 19 1 10
50036 457 22 31 2 111 392 221 60 33 4 8 195 76 43 50 0 78 5 156 31 5 2 2 135 126 3 90 5 0 0 8 5 9 0 4
50042 444 18 39 2 138 489 253 80 38 4 11 245 92 54 69 0 99 2 186 32 6 1 2 158 165 4 102 8 0 0 9 7 12 0 7
50049 469 20 66 5 231 842 447 126 68 8 21 404 156 89 115 0 170 8 328 62 12 3 5 281 274 7 184 12 0 1 16 10 20 1 10
50050 463 16 221 18 736 2684 1440 410 230 32 59 1277 508 282 338 0 539 30 1059 200 38 14 16 889 890 26 598 38 1 3 54 36 70 3 29
50056 462 16 37 2 119 450 238 68 37 5 10 212 87 45 54 0 86 4 174 34 6 2 3 154 149 3 99 6 0 0 9 5 11 0 5
50071 460 13 99 7 325 1240 652 185 103 14 28 576 228 129 157 0 249 14 492 93 18 6 8 406 406 12 263 16 0 1 26 16 33 1 14
50126 562 21 31 3 114 396 231 59 33 4 8 187 75 42 53 0 80 4 166 30 6 2 3 137 129 4 94 5 0 0 8 4 9 0 4
50127 550 15 62 5 214 779 433 111 65 10 17 374 148 83 103 0 157 8 325 54 11 3 5 262 259 5 173 10 0 1 16 10 20 1 9
50128 550 15 63 5 207 783 425 114 68 9 17 369 148 81 101 0 154 9 319 60 11 4 6 270 254 8 173 9 0 0 15 10 21 1 7
50137 531 12 69 5 230 843 451 128 68 9 18 397 155 87 103 0 172 8 341 57 11 4 5 275 282 7 184 11 0 1 17 11 20 1 11
50177 486 17 101 7 333 1239 642 186 103 14 29 596 224 133 161 0 249 10 482 89 17 5 6 412 407 10 257 17 0 1 24 16 31 2 16
50180 473 26 35 3 123 439 239 68 36 4 10 208 82 45 63 0 90 4 178 33 6 1 3 143 148 4 100 6 0 0 9 6 10 0 6
50186 473 26 66 7 233 837 488 124 71 9 17 395 162 86 111 0 171 9 356 63 11 4 8 275 288 8 199 9 1 1 18 13 21 1 6
50198 497 31 101 8 345 1263 681 189 107 16 28 598 237 136 160 0 253 14 496 93 17 6 9 424 417 11 279 18 0 2 23 16 33 1 14
50221 509 30 31 3 118 418 249 60 34 5 8 200 79 41 64 0 88 4 187 33 5 2 4 135 148 4 99 5 0 0 9 5 10 0 4
50223 508 30 38 2 126 472 246 71 38 5 10 222 86 50 67 0 96 3 186 32 6 2 3 148 155 4 101 8 0 0 8 6 11 0 6
50225 508 30 33 2 115 419 227 66 33 4 9 205 79 43 61 0 84 3 169 29 6 2 2 138 140 4 97 6 0 0 8 4 10 0 5
50233 517 30 40 2 139 482 254 79 37 4 11 236 89 51 67 0 98 3 184 34 7 1 2 156 158 4 106 8 0 0 9 6 12 0 7
50236 517 30 65 6 223 805 439 119 67 9 18 392 151 84 107 0 164 8 329 57 10 4 5 266 273 6 177 10 0 1 15 10 18 1 8
50249 519 32 37 3 129 452 245 70 35 4 10 222 85 47 66 0 92 3 184 30 5 2 2 144 152 4 98 6 0 0 9 6 10 0 6
50251 514 30 35 4 121 437 231 70 33 4 10 221 82 47 60 0 90 4 172 31 5 1 3 145 147 4 94 6 0 0 8 5 10 0 6
50274 441 28 37 3 124 462 240 66 36 4 11 224 82 47 65 0 95 4 187 32 6 1 2 153 156 4 97 6 0 0 8 7 10 0 6
50276 517 83 40 3 128 472 242 71 38 4 11 225 85 49 58 0 92 3 181 35 5 1 2 153 157 3 93 7 0 0 9 7 12 1 6
50277 517 83 104 7 340 1265 659 188 109 14 28 602 233 133 155 0 249 12 482 93 18 5 8 423 415 12 268 18 0 1 24 16 33 1 15
50280 560 83 67 7 243 849 473 134 74 9 17 406 168 93 105 0 172 9 344 65 12 4 6 282 282 8 196 12 0 1 15 12 23 1 8
50282 561 84 64 5 223 790 445 119 67 9 18 374 144 81 105 0 160 7 316 60 11 4 4 258 271 6 174 11 0 1 15 11 19 1 9
50283 562 83 37 2 130 464 244 73 38 4 10 227 85 49 64 0 94 3 180 35 7 1 3 152 155 4 100 7 0 0 9 5 11 0 7
50285 565 83 64 4 230 802 462 122 70 9 17 386 152 81 115 0 168 7 339 57 10 4 6 256 277 7 184 11 0 1 16 11 17 1 10
50289 568 83 32 2 109 396 223 61 35 5 8 183 77 43 51 0 79 4 164 30 6 2 3 135 132 4 90 5 0 0 9 5 10 0 4
50290 562 80 38 2 124 467 236 69 37 4 11 225 83 48 62 0 92 3 183 35 6 1 2 154 153 4 97 7 0 0 7 6 12 0 6
50291 562 80 64 5 221 792 434 118 68 9 18 387 154 85 108 0 162 9 318 62 10 4 4 269 257 7 183 10 0 1 16 10 19 1 9
50292 575 82 67 3 225 825 436 129 67 8 18 387 151 88 111 0 165 6 323 61 13 3 5 269 272 7 180 12 0 1 17 9 21 1 12
50294 586 73 38 3 125 467 237 72 38 4 11 217 85 49 59 0 95 4 179 34 5 2 2 152 151 3 96 7 0 0 9 6 11 1 6
50296 552 73 33 2 120 427 237 62 38 5 8 202 84 47 59 0 87 4 177 31 7 1 3 139 142 4 100 6 0 0 9 4 11 0 5
50305 552 73 39 2 132 480 254 72 39 4 11 232 87 50 64 0 96 4 184 35 6 1 3 156 157 4 106 8 0 0 9 6 12 0 6
50307 590 97 38 3 123 446 239 69 38 5 9 216 83 46 63 0 90 4 180 32 6 2 3 146 148 4 98 6 0 0 9 6 10 0 5
50308 589 96 132 10 446 1599 840 248 133 18 36 779 304 175 213 0 323 15 626 115 22 7 10 535 523 15 345 23 0 2 32 20 39 2 22
50310 589 94 38 2 127 468 256 65 38 4 10 219 87 48 63 0 91 4 184 34 5 2 3 146 152 4 104 7 0 0 11 6 11 0 5
50311 564 78 41 2 128 489 246 70 40 4 11 226 86 52 60 0 96 2 190 36 7 2 2 161 160 4 100 7 0 0 9 6 12 0 6
50312 568 85 39 3 127 478 243 73 38 4 10 230 88 51 61 0 98 3 185 34 5 2 2 155 156 3 101 6 0 0 9 7 12 0 5
50314 624 77 36 3 136 447 272 73 34 4 10 227 89 49 73 0 99 2 202 29 5 1 3 141 162 3 111 7 0 0 9 7 10 1 5
50315 603 73 66 5 220 809 447 114 68 9 17 378 152 82 101 0 166 8 329 58 11 4 5 270 270 6 182 10 0 0 16 11 21 0 9
50318 590 73 31 3 117 409 241 61 37 5 8 193 82 42 50 0 84 4 176 31 5 2 3 141 139 3 101 4 0 0 9 4 12 0 3
50319 580 73 35 2 123 440 239 71 35 4 9 209 80 49 61 0 92 3 177 31 6 1 3 141 145 4 97 7 0 0 8 5 11 1 6
50328 582 73 95 9 340 1205 681 182 100 14 27 590 228 123 162 0 247 14 504 92 16 6 8 402 413 11 273 14 0 1 23 16 29 1 12
50329 688 77 37 3 126 461 257 69 40 5 10 223 90 47 58 0 94 4 193 35 6 2 3 158 159 4 109 5 0 0 10 5 12 0 5
50331 669 24 35 3 134 463 261 71 37 5 10 222 86 50 64 0 97 3 197 31 6 2 3 150 163 3 102 6 0 0 9 6 11 1 6
50332 628 29 39 2 133 493 255 75 38 4 11 240 89 55 65 0 99 3 186 34 7 1 2 161 164 5 104 8 0 0 10 6 12 0 7
50337 630 26 95 8 316 1184 645 173 99 14 26 568 223 124 148 0 234 12 478 86 17 6 7 403 393 12 259 16 0 1 23 15 29 1 12
50339 631 26 33 3 115 424 226 64 34 4 9 208 78 43 59 0 85 4 173 30 5 1 3 142 144 3 92 5 0 0 8 5 10 0 5
50340 637 28 35 2 125 460 258 67 35 4 9 222 85 49 64 0 89 4 189 33 6 2 3 148 156 4 102 6 0 0 9 7 11 0 5
50341 632 26 34 2 126 450 257 65 36 5 9 214 83 47 65 0 94 3 193 31 6 2 2 144 158 4 100 6 0 0 9 5 11 0 5
50343 630 26 36 3 121 444 236 66 35 4 10 214 82 47 59 0 86 4 176 34 6 1 2 148 144 4 100 6 0 0 8 5 11 0 5
50344 641 26 229 18 781 2857 1531 428 237 32 65 1356 531 301 379 0 582 29 1138 204 38 14 20 942 952 26 623 39 1 4 57 38 71 4 32
50371 609 11 164 12 551 2048 1095 294 168 22 46 963 369 207 259 0 415 24 822 154 26 11 13 676 689 20 431 26 1 2 41 30 50 3 23
50375 582 11 131 7 450 1634 865 258 131 17 37 780 299 178 220 0 334 13 645 114 25 7 9 537 546 13 352 25 0 2 33 20 41 3 24
50389 586 17 71 5 241 867 457 137 68 8 19 413 159 91 116 0 176 8 342 61 12 3 5 282 290 7 184 13 0 1 17 10 21 1 12
50390 587 17 286 22 952 3514 1886 534 295 43 79 1658 646 374 436 0 707 35 1382 257 49 17 19 1152 1174 29 753 49 1 5 75 48 88 5 44
50391 592 18 64 5 213 796 438 116 64 9 17 367 147 80 101 0 156 9 327 61 10 4 5 267 264 6 180 10 0 0 15 10 19 1 8
50407 627 23 35 2 122 446 239 69 36 4 9 209 84 48 63 0 89 4 181 34 6 1 4 145 145 4 100 6 0 0 9 5 11 0 5
50421 657 82 38 4 120 455 260 59 39 5 10 203 82 42 58 0 93 5 197 35 5 2 4 148 162 3 102 4 0 0 9 7 11 0 4
50424 657 80 36 3 125 441 250 65 35 4 10 218 85 48 64 0 90 3 185 31 6 2 3 147 152 3 100 6 0 0 9 4 10 0 5
50428 655 80 71 5 236 878 465 133 71 9 20 427 163 92 115 0 173 8 341 62 12 4 5 290 291 8 187 14 0 1 17 11 22 1 11
50431 606 35 40 2 136 488 267 76 36 4 11 233 91 53 66 0 97 3 195 32 6 1 3 152 167 4 106 7 0 0 9 7 12 0 6
50432 606 15 35 3 125 457 253 69 39 5 9 218 85 50 63 0 94 4 187 33 6 2 3 153 151 5 106 6 0 0 10 6 12 0 4
50433 607 15 98 7 345 1219 687 187 101 15 25 575 234 131 152 0 249 10 496 85 15 7 7 393 414 10 276 17 0 1 25 16 31 2 14
50438 607 31 30 2 109 379 223 56 32 5 7 180 72 40 46 0 78 5 163 28 5 2 3 129 133 2 87 5 0 0 8 4 9 0 4
50441 645 43 35 2 122 433 240 68 36 5 8 202 84 47 57 0 86 4 180 32 6 2 2 143 145 4 99 6 0 0 9 4 12 0 5
50456 591 11 37 2 123 454 237 71 36 4 9 217 84 48 60 0 91 3 177 33 6 2 2 147 150 3 97 6 0 0 9 5 11 0 6
50463 731 65 39 3 123 469 250 67 39 5 10 218 86 48 58 0 97 4 188 34 6 2 3 152 159 5 96 6 0 0 10 7 12 0 6
50466 674 21 36 2 130 474 268 66 39 5 10 218 87 48 60 0 98 4 196 34 5 2 3 156 165 3 105 6 0 0 9 7 12 0 5
50468 643 24 98 8 339 1217 681 192 103 16 24 569 235 133 146 0 243 12 488 90 18 7 7 394 410 11 273 17 1 1 26 18 30 2 13
50469 642 24 65 5 223 822 452 119 67 9 19 382 152 86 94 0 165 8 331 60 11 4 6 275 278 6 178 10 0 1 16 10 21 1 8
50476 643 24 109 7 364 1313 682 204 105 13 30 629 238 138 171 0 266 9 506 92 19 4 7 427 430 11 279 20 0 2 27 16 31 2 20
50478 643 24 63 6 228 797 457 128 65 9 18 392 154 84 108 0 164 9 334 59 10 4 6 270 270 7 188 11 0 1 15 12 19 1 7
50493 601 14 97 7 318 1210 649 172 102 14 26 566 221 125 148 0 242 13 488 92 19 7 8 406 404 12 259 15 0 1 25 16 31 1 13
50518 621 13 34 2 114 416 235 57 34 5 8 202 74 45 55 0 83 4 175 30 5 2 2 139 140 3 93 6 0 0 9 5 10 0 4
50520 618 11 67 4 220 811 434 124 64 9 18 382 151 86 102 0 162 8 321 56 12 3 4 268 269 6 172 12 0 1 16 10 20 1 11
50535 609 15 71 4 235 868 466 129 72 9 20 404 158 89 104 0 168 7 338 61 13 4 6 283 288 9 187 12 0 1 18 10 22 1 11
50564 585 11 36 2 126 439 237 73 34 4 9 219 81 50 65 0 89 3 173 30 6 1 3 140 146 4 99 8 0 0 9 5 11 1 6
50574 578 14 195 14 651 2370 1268 358 196 26 54 1140 444 247 305 0 480 21 932 170 34 12 13 784 787 21 514 32 1 3 52 31 61 4 31
50577 579 14 37 3 135 458 267 67 40 6 9 225 91 47 64 0 96 4 195 36 5 2 3 150 157 3 111 5 0 0 8 6 12 0 4
50630 564 45 93 8 320 1147 635 175 100 15 26 549 220 121 137 0 228 14 456 89 16 7 8 389 377 9 255 16 0 1 24 15 30 1 12
50637 565 44 37 2 123 440 247 63 38 4 9 202 81 45 55 0 90 3 182 36 5 2 3 143 151 4 97 6 0 0 9 5 11 0 4
50638 573 44 34 3 123 429 231 69 36 4 9 219 83 46 64 0 86 4 171 29 6 2 2 145 141 4 94 6 0 0 8 4 9 0 6
50639 564 43 66 5 226 824 440 127 70 9 18 397 162 89 106 0 163 8 329 62 11 4 4 279 268 6 184 11 0 1 16 12 20 1 8
50641 621 41 58 6 216 780 436 115 68 10 17 377 150 82 109 0 157 10 327 61 10 5 6 266 260 8 177 9 0 1 14 10 20 1 6
50643 621 41 35 3 126 444 251 70 37 6 9 215 89 49 57 0 87 5 183 33 6 3 3 151 148 4 104 5 0 0 9 5 11 0 4
50644 618 41 98 7 330 1231 637 187 105 13 27 585 226 131 152 0 244 12 474 96 17 6 8 413 400 11 264 16 0 2 23 16 32 1 15
50645 618 41 38 2 134 477 257 75 37 4 10 231 87 51 63 0 97 3 186 35 7 1 3 156 160 4 102 7 0 0 9 6 11 0 7
50646 602 41 129 9 436 1602 869 234 136 19 36 748 295 166 192 0 322 16 629 119 23 8 8 529 530 13 346 23 0 2 34 20 41 2 18
50648 600 41 66 5 218 807 426 120 67 8 18 375 144 86 100 0 160 8 314 58 11 3 5 267 264 6 174 11 0 1 17 10 20 1 10
50650 599 41 62 5 218 790 435 118 66 9 17 379 151 85 102 0 159 8 321 60 12 4 5 272 260 7 176 10 0 1 16 9 21 1 8
50651 584 41 93 8 327 1163 659 182 97 14 24 570 230 126 159 0 241 12 480 88 16 6 8 385 393 13 270 15 1 1 24 16 28 1 11
50659 590 42 106 7 346 1302 678 195 110 15 28 619 237 137 155 0 255 12 495 96 18 7 8 444 429 11 268 18 0 1 25 15 33 1 15
50660 569 33 37 2 122 450 238 67 36 4 10 213 84 46 60 0 90 3 181 31 6 1 3 149 149 3 96 7 0 0 8 6 11 0 6
50665 605 27 67 5 234 821 437 134 66 9 17 405 157 90 118 0 168 7 331 57 11 4 4 271 276 5 179 11 0 1 16 10 20 1 11
50667 612 32 40 3 137 486 240 80 37 4 12 242 89 53 68 0 96 3 183 33 6 1 2 159 156 4 96 8 0 0 9 5 12 0 7
50676 610 32 37 3 132 456 249 73 35 4 10 223 85 48 64 0 94 4 183 32 6 1 2 152 158 3 103 6 0 0 8 5 11 0 6
50717 611 32 71 5 244 879 491 134 73 10 18 407 166 93 102 0 175 8 349 66 13 5 5 287 296 9 195 13 0 1 17 13 21 1 10
50719 623 33 73 5 239 901 461 135 72 9 22 423 160 93 115 0 179 7 342 62 12 3 6 296 299 8 184 12 0 1 18 12 24 1 13
50720 614 33 32 3 116 420 241 61 36 5 8 191 80 45 55 0 85 5 181 31 6 2 3 146 139 3 103 5 0 0 8 5 12 0 4
50721 590 18 37 3 126 461 242 74 35 4 10 234 83 51 67 0 93 3 182 31 6 2 2 158 155 4 95 7 0 1 8 6 11 1 7
50727 590 18 30 3 118 409 247 58 36 5 9 194 81 41 61 0 86 5 188 33 4 2 3 139 138 4 102 4 0 0 8 6 10 0 3
50729 587 18 33 2 116 408 222 64 35 4 9 201 76 45 59 0 83 3 170 31 6 1 3 138 137 4 92 6 0 0 8 4 10 0 5
50730 594 18 105 7 347 1256 667 195 105 15 27 597 240 135 158 0 247 12 495 90 18 7 7 428 409 12 269 17 0 1 25 16 31 1 15
50735 628 27 72 5 247 924 471 138 76 10 19 432 167 98 117 0 183 6 365 66 13 4 5 305 306 9 193 13 0 1 18 11 24 1 12
