55022 548 16 71 5 237 879 464 125 70 8 20 416 157 90 110 0 171 8 345 65 12 3 5 291 288 8 191 13 0 1 17 12 23 1 11
55033 586 16 39 2 131 469 247 75 37 4 11 230 85 49 62 0 94 2 179 31 7 1 3 153 156 4 103 7 0 0 9 5 12 0 7
55041 565 16 65 5 229 837 446 127 72 10 20 398 150 90 102 0 165 9 324 62 12 4 5 276 275 8 181 12 0 1 16 9 20 1 10
55042 569 17 42 2 132 498 263 76 40 5 11 240 91 52 66 0 97 4 196 34 7 1 3 162 167 5 104 7 0 0 9 7 12 0 6
55047 569 17 33 3 120 423 246 64 35 5 8 195 82 45 53 0 84 4 179 31 6 2 3 141 142 4 102 5 0 0 9 6 11 0 3
55048 569 16 37 2 115 457 225 61 38 4 10 206 81 46 54 0 88 4 175 33 6 2 2 151 144 3 93 6 0 0 10 6 13 0 5
55050 585 16 31 4 107 392 225 51 36 5 7 186 74 38 47 0 80 5 166 32 4 2 3 140 127 3 94 3 0 0 8 6 11 0 2
55052 664 67 39 3 126 462 242 72 36 4 10 224 84 47 56 0 92 3 182 33 6 2 3 154 153 4 97 6 0 0 8 6 11 0 6
55053 668 66 40 2 129 467 256 69 37 4 10 214 86 48 59 0 93 3 188 32 6 1 3 145 163 4 102 6 0 0 10 7 10 0 6
55095 607 16 136 10 458 1680 886 254 140 18 40 809 313 176 213 0 332 17 658 120 21 7 9 554 554 16 365 25 0 2 34 23 44 2 19
55097 606 15 33 2 108 392 224 53 32 4 8 188 75 39 57 0 78 5 166 28 4 2 3 134 128 4 94 4 0 0 8 5 9 0 4
55100 607 15 73 6 243 894 482 132 74 10 20 427 168 95 123 0 183 7 358 65 12 4 6 288 298 8 197 13 0 1 17 13 22 1 11
55128 612 20 100 7 338 1237 650 186 108 14 28 590 229 130 158 0 244 14 484 92 17 6 8 409 404 13 264 18 0 1 24 16 32 2 14
55129 629 19 33 3 111 409 219 63 32 4 9 197 76 43 49 0 78 5 159 32 5 1 3 142 132 3 89 5 0 0 7 6 10 0 4
55135 630 15 34 3 122 427 250 62 36 6 9 205 82 43 48 0 88 6 179 32 5 2 3 146 144 2 103 5 0 0 8 5 11 0 3
55136 630 15 34 3 121 453 242 64 37 5 8 210 84 44 58 0 93 5 184 35 6 2 2 153 152 4 99 5 0 0 10 5 13 0 5
55137 629 15 64 4 216 806 436 119 67 10 17 386 152 84 94 0 162 8 319 59 11 4 4 270 265 8 177 11 0 1 16 9 20 1 9
55139 630 15 37 2 125 489 253 68 40 6 11 229 85 50 61 0 98 4 196 35 6 2 3 160 165 4 99 6 0 0 9 7 12 0 5
55143 627 15 34 2 111 416 229 61 35 4 9 197 79 43 55 0 81 4 170 31 6 1 2 139 139 4 93 5 0 0 9 5 10 0 5
55148 628 15 37 3 124 446 239 68 40 4 9 217 85 45 60 0 88 4 177 35 5 2 2 146 147 5 96 6 0 0 8 5 11 0 5
55150 619 15 69 5 236 879 456 132 69 10 21 426 162 91 112 0 177 7 346 63 10 4 5 292 290 8 183 11 0 1 17 12 22 1 10
55153 618 15 102 7 338 1250 654 196 105 15 31 604 233 133 157 0 248 12 480 92 19 6 7 424 407 12 264 18 0 1 23 15 32 2 16
55158 616 15 32 3 114 408 241 61 34 5 8 187 80 44 51 0 83 5 174 30 6 2 3 141 135 3 99 4 0 0 8 5 11 0 3
55178 658 17 69 5 237 858 455 133 70 8 19 423 161 93 122 0 173 9 346 65 13 3 6 285 282 9 190 11 0 1 16 11 20 1 11
55214 655 11 62 5 224 818 456 118 69 10 17 381 154 82 101 0 166 9 338 62 11 4 5 270 274 7 185 11 0 1 16 11 20 1 8
55216 655 11 61 5 221 774 436 119 65 9 17 385 146 79 103 0 158 7 318 59 11 3 5 258 265 7 179 9 0 1 14 10 19 1 9
55241 623 28 225 18 781 2766 1542 420 231 33 60 1329 521 288 351 0 559 26 1125 199 40 13 17 921 944 27 614 36 1 3 60 37 68 4 33
55249 647 26 76 5 253 925 473 141 74 8 21 438 169 98 107 0 181 7 342 66 13 3 4 304 305 8 184 14 0 1 19 12 22 1 13
55250 654 17 68 5 235 822 452 129 67 9 19 395 160 85 97 0 167 9 318 59 11 4 5 281 273 7 182 11 0 1 16 10 20 1 9
55252 661 17 296 22 1000 3651 1918 566 305 42 84 1754 689 393 471 0 732 34 1420 269 53 19 21 1220 1189 35 777 53 2 5 72 46 93 5 46
55263 628 15 105 6 347 1279 662 197 101 13 31 611 237 137 166 0 259 11 507 85 18 4 7 417 424 12 265 19 0 2 26 19 31 2 18
55297 592 21 100 8 312 1194 655 162 104 17 27 537 215 119 145 0 239 15 495 91 16 8 9 403 398 11 270 13 0 1 25 18 29 1 10
55298 593 21 61 7 210 766 446 111 70 12 15 369 149 82 97 0 154 11 331 60 11 6 6 262 256 7 180 8 0 0 16 11 19 1 5
55300 597 21 97 7 333 1231 656 182 100 15 28 579 225 128 149 0 240 12 492 90 16 6 7 413 404 10 258 15 1 1 24 17 30 1 13
55302 597 21 131 10 446 1643 881 242 137 18 38 770 301 170 228 0 337 16 662 119 23 8 11 531 550 15 359 24 0 2 32 22 40 2 19
55304 565 79 37 2 126 452 240 71 37 5 9 212 85 48 53 0 89 3 176 34 6 2 2 155 150 3 96 6 0 0 10 6 12 0 6
55310 573 81 98 9 326 1212 645 180 102 15 28 565 229 124 138 0 239 12 482 88 16 7 8 413 391 10 263 16 0 1 23 16 33 1 14
55317 579 80 31 4 117 435 243 64 37 5 9 200 78 43 48 0 86 5 175 32 6 3 4 152 145 4 97 5 0 0 9 5 12 0 3
55321 578 80 228 18 779 2826 1540 424 233 33 63 1350 533 297 376 0 578 29 1143 202 40 13 18 932 947 27 629 41 1 4 58 39 71 4 35
55323 579 80 94 8 317 1157 626 174 99 13 26 544 215 119 147 0 232 13 461 86 17 6 7 374 382 12 256 16 0 1 25 14 27 1 13
55326 585 79 89 8 313 1134 632 168 97 15 24 545 218 114 142 0 230 14 460 85 15 6 8 375 379 12 256 14 0 1 24 13 27 1 12
55328 572 83 68 6 225 858 445 129 69 9 19 410 157 89 105 0 176 9 338 63 11 4 5 284 283 8 183 11 0 0 17 11 23 1 9
55329 572 83 70 5 239 874 468 131 72 10 21 428 158 91 110 0 171 7 338 64 10 3 5 293 287 7 186 12 0 1 18 13 21 1 11
55330 572 83 36 2 125 453 251 68 37 5 10 217 86 48 57 0 92 4 181 32 6 2 3 149 149 4 107 6 0 0 9 6 12 0 5
55346 572 83 37 3 133 494 263 72 40 4 10 231 88 51 54 0 98 4 196 37 6 2 4 161 168 3 104 7 0 0 10 8 13 0 5
55350 573 83 67 5 228 815 462 121 70 10 17 378 158 83 98 0 156 9 335 62 11 4 5 272 269 7 187 11 0 1 17 11 20 1 9
55359 562 73 34 3 116 424 247 60 35 4 9 199 80 42 49 0 85 5 177 33 6 2 4 145 140 4 100 5 0 0 8 6 11 0 3
55364 562 73 94 8 312 1148 617 174 97 13 25 544 213 119 147 0 231 12 455 84 17 6 7 374 379 12 252 16 0 1 24 14 27 1 14
55366 563 73 110 13 421 1414 873 221 121 19 26 686 288 149 196 0 297 19 635 107 18 10 11 474 490 12 362 16 1 1 30 20 35 2 11
55367 563 73 68 6 239 857 456 136 71 9 19 430 165 93 118 0 170 8 343 61 12 4 6 285 277 9 190 12 0 1 17 11 21 1 11
55368 562 73 64 5 224 802 452 119 64 8 17 380 148 80 110 0 163 7 336 58 10 3 6 257 278 6 184 10 0 1 17 11 17 1 10
55371 584 73 39 2 130 482 251 71 40 4 12 229 88 50 62 0 95 3 187 35 6 1 3 158 157 4 102 7 0 0 10 7 12 0 5
55379 575 73 159 13 562 2041 1112 310 173 24 44 974 387 211 250 0 405 22 818 154 27 10 14 682 676 19 454 26 1 2 42 29 52 2 21
55382 560 39 68 4 242 854 467 133 69 9 18 412 158 92 110 0 169 8 349 62 11 3 4 278 287 8 193 11 0 1 19 11 20 1 11
55387 555 32 36 2 123 443 239 69 37 5 9 208 84 44 58 0 90 4 181 31 6 2 3 149 148 4 100 6 0 0 8 5 11 0 5
55391 562 32 67 5 249 858 492 131 72 10 19 413 162 91 111 0 175 8 360 61 11 3 6 282 299 6 200 11 0 1 16 10 20 1 10
55392 560 32 149 14 527 1911 1071 279 159 23 41 930 363 191 262 0 394 22 789 142 26 10 14 629 648 19 435 25 1 2 38 24 46 2 21
55397 564 32 34 3 128 435 246 70 38 5 9 211 85 47 60 0 88 3 183 31 6 2 2 149 144 3 103 5 0 0 9 6 10 0 4
55434 544 18 58 6 216 750 444 108 64 9 15 358 143 76 99 0 163 9 331 55 9 4 5 251 263 6 180 8 0 0 15 9 17 1 7
55435 537 14 66 6 239 843 467 128 72 11 18 399 164 87 113 0 171 9 347 61 12 4 5 283 278 8 193 11 0 1 16 10 20 1 9
55436 537 14 33 3 118 404 230 59 36 5 7 194 79 42 49 0 78 5 167 31 4 2 3 140 135 3 94 5 0 0 8 5 10 0 4
55439 531 15 74 4 237 887 447 138 71 8 21 418 163 93 114 0 175 7 334 64 12 3 4 287 283 7 185 14 0 1 19 12 22 1 13
55514 583 48 34 2 117 424 223 67 35 5 10 201 80 46 52 0 84 3 165 31 6 1 2 144 137 3 94 5 0 0 7 4 11 0 5
55515 584 48 37 3 122 432 229 70 37 4 10 214 84 45 59 0 89 5 174 32 5 1 3 143 137 4 98 6 0 0 9 5 10 0 5
55516 585 48 35 2 119 438 238 66 37 5 10 206 81 46 56 0 90 4 179 31 5 2 3 143 147 3 97 5 0 0 8 6 9 0 5
55519 597 48 31 2 119 411 239 59 34 5 9 197 79 43 51 0 84 5 172 31 5 2 3 137 142 3 93 4 0 0 9 4 9 0 4
55525 597 48 93 7 325 1143 639 181 98 15 26 554 219 123 154 0 230 14 464 83 17 6 8 379 384 10 257 15 0 1 24 15 28 2 14
55526 597 48 36 3 133 470 248 75 37 4 11 234 86 51 59 0 96 4 189 34 6 2 3 153 155 4 100 6 0 0 9 6 11 0 6
55531 595 49 96 9 327 1219 637 191 102 14 29 584 227 129 143 0 244 13 462 88 17 6 7 409 403 11 252 15 0 1 23 14 29 2 14
55533 601 48 120 10 419 1487 815 226 134 18 31 706 286 157 186 0 298 17 602 118 21 8 10 508 484 14 341 18 1 1 31 17 39 2 15
55539 597 48 58 6 210 777 445 110 66 11 16 353 145 78 97 0 156 10 330 61 10 5 5 266 261 7 181 7 0 0 16 10 19 0 6
55545 596 48 38 2 129 461 242 71 40 5 10 213 84 46 60 0 90 4 183 34 6 1 3 147 150 4 98 7 0 0 8 5 10 0 6
55550 593 48 66 5 221 813 439 120 69 9 18 390 148 87 100 0 160 9 319 59 10 3 4 269 268 6 178 11 0 1 17 10 19 1 10
55556 593 48 34 2 117 425 227 61 38 5 9 195 77 42 52 0 85 4 170 33 5 2 2 139 143 3 92 5 0 0 8 5 10 0 5
55559 595 48 35 3 120 441 233 66 38 5 11 201 79 46 53 0 87 4 176 33 6 2 4 144 144 4 98 5 0 0 9 5 10 0 5
55561 602 48 102 8 338 1240 666 191 103 15 28 587 231 130 149 0 246 13 484 95 18 7 8 420 405 11 267 17 0 1 24 14 32 2 15
55562 594 48 102 6 347 1242 688 189 102 13 27 593 232 129 167 0 247 12 511 89 16 5 8 409 426 11 276 16 0 2 24 17 29 2 14
55563 599 48 40 2 127 487 247 75 38 4 11 224 88 52 59 0 95 3 185 34 6 1 3 153 159 4 99 7 0 0 9 7 13 0 6
55569 588 48 37 3 122 447 230 70 37 4 11 224 81 47 63 0 88 3 175 32 6 1 2 149 143 5 93 7 0 0 9 5 11 0 6
55571 600 47 106 7 355 1317 687 202 106 16 31 630 244 145 160 0 258 11 502 95 18 6 7 431 433 11 272 18 0 2 26 17 35 2 17
55572 598 47 34 2 124 434 248 67 37 6 10 206 83 46 58 0 89 5 180 31 5 3 3 147 145 3 101 5 0 0 7 6 11 0 4
55577 590 47 37 2 119 434 240 64 38 5 9 204 77 44 52 0 88 4 170 30 5 2 3 139 146 3 94 6 0 0 8 5 10 0 5
55580 600 47 38 3 123 456 247 70 37 4 10 219 83 47 55 0 91 5 179 35 5 2 3 150 152 4 101 6 0 0 9 6 12 0 5
55582 596 47 68 4 216 828 453 118 69 9 19 379 146 86 100 0 161 9 340 63 12 4 5 271 279 8 183 10 0 0 17 11 21 1 8
55584 596 47 100 8 353 1230 683 199 106 15 27 591 234 132 170 0 253 13 497 89 16 6 8 398 417 11 274 18 0 2 24 16 30 2 14
55585 603 48 107 7 357 1289 696 202 103 12 30 616 238 138 163 0 257 10 506 95 17 5 8 416 436 11 277 18 0 1 25 19 32 2 17
55588 594 47 101 7 347 1256 665 200 100 13 28 598 240 140 151 0 250 12 489 89 17 5 8 417 412 10 268 17 0 2 24 18 32 2 15
55590 630 46 32 2 116 414 233 62 36 4 9 197 77 43 54 0 83 4 166 31 5 2 2 136 137 4 94 5 0 0 8 5 11 0 5
55592 619 46 40 2 138 479 246 80 38 4 11 241 88 53 68 0 96 2 186 31 6 1 2 154 156 3 101 7 0 0 9 7 10 0 7
55594 600 47 72 5 242 891 466 137 70 8 20 418 162 95 105 0 177 8 341 63 12 3 5 292 296 7 185 13 0 1 18 12 23 1 11
55601 597 46 39 3 132 482 247 75 41 5 11 232 90 53 65 0 97 4 186 34 6 2 2 156 158 5 104 7 0 0 10 6 11 0 6
55603 602 36 63 5 222 818 440 122 69 9 18 390 152 86 98 0 165 8 321 61 11 4 5 278 267 8 177 10 0 1 16 9 20 1 9
55737 426 27 35 2 115 423 225 67 33 4 9 203 80 47 52 0 84 4 167 30 6 2 2 140 141 3 93 5 0 0 8 6 11 1 5
55742 444 27 35 2 121 437 243 63 37 5 9 196 80 44 56 0 88 4 180 31 6 2 3 143 147 4 97 6 0 0 9 5 11 0 5
55744 444 27 63 5 217 800 435 118 70 10 18 368 144 84 90 0 158 10 324 63 10 5 6 268 267 7 175 9 0 1 15 10 21 1 7
55746 426 27 33 3 116 412 218 65 35 4 9 205 81 44 63 0 85 3 169 28 5 1 3 135 132 5 91 6 0 0 8 6 9 0 5
55750 496 57 136 9 476 1706 920 260 141 18 37 813 317 180 221 0 348 16 687 124 24 8 12 571 570 15 382 25 0 2 34 22 43 2 21
55753 482 41 34 2 113 420 229 62 36 4 10 191 76 44 47 0 82 4 164 32 6 2 2 139 138 4 92 6 0 0 8 5 11 0 5
55759 478 40 37 2 132 480 253 72 40 5 11 233 91 52 71 0 99 3 194 34 6 1 3 152 159 5 108 6 0 0 9 6 11 0 6
55766 478 40 65 5 226 843 457 117 71 10 16 403 157 88 113 0 171 9 345 61 11 4 6 279 279 8 188 11 0 0 16 12 21 1 8
55767 478 40 94 8 317 1183 637 178 97 14 24 560 222 123 148 0 236 13 471 84 16 6 7 393 396 12 257 15 0 1 25 14 29 2 13
55777 481 40 33 3 113 417 220 62 35 4 9 202 77 43 59 0 85 3 169 30 5 2 3 136 139 3 93 6 0 0 8 5 9 0 5
55778 457 27 31 3 118 395 245 57 35 5 7 195 81 42 47 0 83 5 173 30 5 2 3 138 138 2 97 4 0 0 7 4 10 0 3
55780 459 31 72 4 226 854 438 131 70 9 20 405 155 92 100 0 169 7 320 60 12 4 5 284 274 8 176 12 0 1 18 12 21 1 12
55783 459 31 94 8 312 1154 637 170 97 16 26 540 215 119 145 0 229 12 466 81 16 8 7 383 383 9 255 16 0 1 24 15 29 2 14
55784 443 27 32 3 111 402 222 61 34 4 9 196 77 42 49 0 80 5 166 30 5 1 3 135 133 3 92 5 0 0 7 6 10 0 4
55788 443 27 32 2 115 410 231 63 32 4 9 202 78 42 56 0 83 4 171 29 5 2 2 136 137 3 96 5 0 0 8 5 10 0 5
55790 487 34 187 14 628 2324 1261 341 197 29 52 1083 438 240 288 0 461 27 932 169 33 13 15 776 766 20 510 31 1 3 47 32 61 3 26
55794 477 39 30 3 106 382 210 60 36 4 7 188 75 41 52 0 75 6 159 31 6 2 3 131 121 4 92 4 0 0 7 4 10 0 3
55797 476 38 37 2 128 460 239 71 37 4 11 224 84 49 65 0 91 3 180 32 6 1 3 150 151 4 103 6 0 0 9 5 11 0 7
55802 476 44 40 2 127 479 249 70 40 4 11 221 87 52 59 0 92 3 186 35 7 2 3 157 157 4 101 7 0 0 10 6 12 0 6
55803 477 33 31 3 114 413 233 59 33 4 8 204 77 41 61 0 83 4 179 29 6 2 2 135 139 4 97 5 0 0 8 5 9 0 4
55804 456 28 35 2 121 442 237 70 38 5 9 214 84 49 55 0 85 4 173 34 7 2 2 144 143 4 98 6 0 0 8 5 11 0 5
55805 448 17 200 13 664 2451 1293 373 205 29 56 1156 453 260 301 0 485 24 950 178 35 11 13 802 808 22 519 35 1 3 48 32 61 3 32
55807 459 17 160 13 546 1972 1046 301 168 22 44 951 375 209 251 0 395 19 784 147 26 10 11 668 642 18 432 26 1 2 40 27 49 2 23
55809 482 32 94 8 329 1193 656 184 98 14 28 560 220 123 145 0 242 14 479 88 14 6 8 403 404 10 264 14 0 1 22 16 28 1 13
55810 486 32 37 3 122 433 237 65 36 5 9 216 81 47 57 0 84 4 173 32 6 2 2 150 143 4 97 5 0 0 9 5 10 0 5
55811 569 32 66 5 232 838 463 132 71 9 17 390 159 89 97 0 168 8 341 61 11 4 6 274 281 7 189 11 0 1 17 13 21 1 9
55812 570 31 36 3 131 453 249 71 39 5 9 217 83 49 56 0 92 4 183 32 5 1 3 150 148 3 103 7 0 0 9 5 11 0 5
55813 525 32 159 14 550 2004 1084 304 170 25 43 958 376 211 247 0 400 21 789 148 27 11 13 678 655 18 448 26 1 2 39 27 51 2 21
55817 503 22 32 2 113 413 223 63 34 4 9 191 76 43 54 0 83 4 171 29 5 2 2 136 137 3 91 5 0 0 8 5 9 0 4
55820 521 63 36 2 124 442 238 70 35 4 10 209 81 48 53 0 86 3 173 32 5 1 2 144 147 3 93 7 0 0 9 6 10 0 6
55824 521 63 34 3 123 430 236 68 35 4 10 212 81 46 53 0 87 4 170 31 5 2 3 148 140 2 94 6 0 0 8 7 10 0 5
55825 522 63 66 5 219 803 428 122 67 9 17 382 151 83 105 0 157 8 317 62 11 3 5 272 258 8 177 11 0 1 15 11 20 1 9
55827 515 24 35 3 125 447 238 70 37 4 10 219 84 47 64 0 91 3 181 32 6 1 2 145 145 4 101 6 0 0 9 6 10 0 6
55834 510 24 34 2 116 416 235 62 36 5 8 197 80 42 51 0 83 5 171 31 5 2 2 145 139 3 96 4 0 0 8 6 11 0 4
55836 511 24 71 5 240 871 451 135 73 9 20 426 165 96 121 0 172 8 340 64 11 4 6 292 282 8 189 11 0 1 17 11 22 1 10
55838 511 24 34 3 118 435 233 66 36 4 9 198 80 47 53 0 87 3 171 33 6 2 3 144 146 3 94 6 0 0 9 5 11 0 6
55841 511 24 61 6 228 779 455 126 64 8 16 384 158 81 111 0 158 9 331 57 9 4 5 264 268 6 185 10 0 0 15 11 19 1 7
55842 511 24 68 5 236 831 446 131 66 8 20 414 157 91 122 0 169 6 331 57 11 3 5 270 274 7 181 13 0 1 17 11 19 1 12
55843 523 30 103 8 345 1263 661 198 106 14 28 590 235 130 150 0 250 13 486 93 17 5 6 415 421 11 269 17 0 1 27 16 31 2 16
55851 523 30 99 8 343 1214 652 198 100 12 27 583 228 133 156 0 244 11 481 89 17 5 7 401 404 12 265 18 0 2 25 16 29 2 16
55857 528 29 225 17 753 2746 1455 413 233 33 60 1309 506 287 350 0 544 26 1081 203 39 16 15 915 893 27 598 37 2 3 56 35 69 4 32
55858 528 29 140 10 476 1712 917 270 139 17 40 820 316 183 218 0 345 15 682 122 24 7 10 563 570 14 374 25 0 2 34 23 43 3 23
55860 526 29 36 3 129 457 241 70 38 4 9 221 84 47 57 0 89 4 180 34 6 1 2 148 155 4 95 6 0 0 11 5 12 0 6
55863 501 27 32 3 115 401 224 62 35 5 8 198 79 41 53 0 80 6 164 31 5 2 3 139 129 4 96 5 0 0 7 5 9 0 4
55869 505 27 36 2 119 427 227 68 36 5 9 203 80 48 55 0 85 3 171 31 6 1 2 143 137 3 93 6 0 0 9 6 10 0 5
55870 492 28 229 17 761 2800 1477 424 233 31 65 1346 519 298 364 0 564 27 1108 204 39 12 16 927 931 26 598 40 1 4 56 37 69 4 37
55872 492 28 36 2 123 452 240 68 34 4 10 210 81 46 63 0 92 3 185 33 6 2 3 145 152 3 94 6 0 0 8 6 10 0 6
55873 497 23 64 5 237 824 472 125 68 10 18 397 161 88 107 0 169 9 346 60 10 4 6 272 283 7 189 10 0 1 17 11 19 1 8
55876 507 23 34 3 126 421 249 66 37 5 8 197 83 46 55 0 86 4 182 32 5 2 3 143 141 3 106 6 0 0 9 5 11 0 4
55884 502 25 67 6 235 839 454 127 70 9 19 408 156 88 111 0 171 8 340 61 11 4 6 282 280 8 185 10 0 1 17 11 20 1 10
55887 515 28 63 5 220 789 437 120 67 8 18 374 148 84 97 0 158 8 311 61 11 3 5 261 261 6 178 11 0 1 15 11 19 1 10
55888 514 23 69 6 240 870 475 133 71 10 17 410 158 92 116 0 174 8 359 65 12 5 5 293 292 8 191 12 0 1 18 12 21 1 10
55894 510 23 100 8 342 1235 663 195 105 15 28 598 240 132 152 0 245 13 476 93 16 7 7 414 403 11 269 18 0 1 23 17 31 1 14
55898 509 23 63 5 225 798 440 124 66 10 17 389 151 87 109 0 164 8 324 57 11 4 5 264 263 8 181 12 0 1 16 11 20 1 9
55901 527 26 39 3 133 486 248 74 39 4 11 235 86 51 64 0 99 2 187 33 7 1 3 157 162 3 102 7 0 0 9 6 12 0 7
55904 519 23 135 8 459 1643 872 259 138 18 37 788 301 175 200 0 326 14 633 123 24 7 8 541 547 14 348 24 0 2 33 19 38 2 23
55908 520 23 30 2 124 402 239 63 34 4 8 206 80 42 59 0 86 3 170 27 5 2 3 133 137 4 101 5 0 0 8 5 9 0 5
55911 512 23 39 3 131 490 255 74 38 5 11 227 88 49 63 0 97 4 198 36 6 2 3 159 168 3 100 6 0 0 9 7 11 0 5
55912 494 22 39 2 128 459 244 71 37 4 10 220 85 49 59 0 91 3 174 30 6 1 2 149 148 4 101 8 0 0 9 6 11 0 6
55917 490 20 32 2 109 402 221 59 35 5 8 181 77 41 48 0 77 4 164 30 5 3 3 138 129 3 90 5 0 0 9 5 10 0 4
55920 559 49 37 2 124 455 244 67 37 5 10 219 83 48 61 0 90 4 180 30 6 1 3 150 151 4 99 7 0 0 9 6 11 0 6
55922 559 49 64 4 226 794 440 126 68 9 17 382 153 84 105 0 159 8 318 58 12 4 4 263 264 7 179 10 0 1 16 11 19 1 10
55923 560 49 38 2 135 481 257 76 36 5 11 230 87 52 67 0 99 3 191 31 7 1 2 152 163 3 102 8 0 0 8 6 12 0 7
55930 559 49 66 5 213 825 437 117 72 10 18 375 149 85 93 0 161 8 320 64 12 5 5 282 267 7 181 10 0 1 16 9 23 1 9
55931 560 49 71 4 232 858 449 130 70 10 20 397 154 88 106 0 166 7 335 63 12 4 4 283 284 6 176 13 0 1 17 11 21 1 11
55932 660 37 74 4 235 893 455 128 73 9 21 414 156 93 108 0 176 7 339 65 12 3 4 287 293 7 180 14 0 1 17 13 22 1 11
55934 657 35 36 2 117 441 241 67 35 4 9 202 85 45 49 0 83 6 172 33 6 2 3 148 143 4 95 6 0 0 8 6 12 0 4
55935 660 34 222 18 775 2785 1526 414 238 32 63 1337 528 290 377 0 568 31 1130 205 38 14 19 931 929 25 622 37 1 3 60 39 68 4 33
55938 610 11 37 2 128 461 242 72 37 4 10 223 83 48 60 0 91 3 176 34 6 1 3 150 152 3 99 7 0 0 8 5 10 1 7
55939 610 11 139 10 469 1701 900 258 143 19 39 819 318 182 239 0 345 14 680 121 23 8 11 552 562 16 367 25 0 2 34 23 40 2 22
55941 615 11 69 4 235 872 469 128 71 10 21 411 164 90 114 0 175 9 348 63 12 4 4 282 291 7 192 13 0 1 17 12 22 1 11
55962 580 26 63 5 214 791 432 114 70 10 16 370 149 81 97 0 156 10 319 61 10 5 5 271 258 7 175 9 0 1 15 9 21 1 7
55963 578 24 30 3 107 380 229 53 31 5 8 181 71 37 50 0 76 4 167 29 5 2 2 125 134 2 87 4 0 0 8 5 9 0 4
55969 578 24 97 7 332 1208 641 188 100 14 28 575 224 130 150 0 241 11 480 88 17 6 7 407 395 11 263 17 0 1 24 16 31 2 15
55972 576 19 68 6 228 836 432 123 69 10 18 387 154 91 98 0 164 8 325 60 12 4 4 283 271 5 180 11 0 1 16 10 21 1 11
55991 592 15 33 2 122 412 241 65 33 5 8 206 80 43 58 0 85 3 170 28 5 1 2 135 141 3 98 6 0 0 8 5 9 0 5
56089 562 12 106 7 358 1324 695 194 106 13 30 612 237 135 160 0 264 11 509 93 19 6 7 431 436 12 280 19 0 1 28 17 34 2 18
56119 559 20 91 9 319 1163 640 171 99 13 26 555 222 121 166 0 236 12 487 83 17 6 8 389 383 11 265 14 0 1 23 15 27 1 12
56136 541 25 36 2 120 431 240 62 35 5 9 202 80 44 59 0 86 4 180 30 5 2 2 140 145 3 94 5 0 0 10 6 10 0 5
56137 540 24 32 2 107 404 221 59 35 4 7 181 71 41 45 0 80 3 159 30 6 2 3 133 132 3 88 5 0 0 8 4 11 0 5
56143 541 24 36 2 120 439 236 67 35 4 10 207 83 46 58 0 88 3 175 31 6 1 2 144 145 3 96 6 0 0 9 5 12 0 5
56148 529 15 33 1 115 427 247 57 35 5 9 184 79 43 45 0 80 4 173 32 5 2 3 136 143 3 93 5 0 0 9 6 11 0 4
56212 499 18 33 3 115 441 241 59 37 5 9 197 79 44 51 0 89 5 185 34 5 2 4 146 149 3 97 5 0 0 9 5 11 0 4
56219 504 12 34 3 116 435 224 67 36 4 9 204 82 48 54 0 84 4 169 32 6 2 2 147 137 4 94 5 0 0 9 4 12 0 5
56222 503 12 111 6 352 1313 691 195 106 14 30 623 244 139 163 0 257 13 506 90 18 5 7 433 431 11 273 19 0 2 25 19 33 2 17
56223 494 12 73 6 238 903 474 130 73 9 20 423 166 91 114 0 182 8 363 64 11 3 6 292 309 7 192 11 0 1 18 13 24 1 10
56232 499 12 71 5 245 876 462 140 74 9 19 426 168 93 120 0 179 7 347 64 11 4 4 287 293 9 187 11 0 1 18 12 22 1 10
56239 498 12 69 5 228 824 438 126 68 9 18 387 153 86 97 0 167 8 321 60 11 3 5 273 271 6 181 11 0 1 16 10 21 1 10
56240 509 13 38 2 128 466 238 73 38 4 11 229 84 50 64 0 93 3 180 33 6 1 3 155 151 5 100 7 0 0 8 5 11 0 7
56244 509 13 66 4 219 803 437 116 69 9 18 374 149 83 101 0 159 8 323 59 11 4 5 272 259 7 180 11 0 1 16 10 21 1 10
56275 539 15 34 3 115 430 240 59 37 5 8 184 79 43 44 0 83 5 178 33 5 2 3 144 144 3 97 4 0 0 9 6 11 0 4
56277 542 16 87 8 320 1087 655 167 92 12 22 535 213 111 152 0 227 12 467 80 15 7 8 368 373 9 261 14 0 1 21 15 26 2 11
56278 542 16 61 5 214 805 447 114 69 10 17 371 151 81 96 0 152 11 333 62 10 5 6 281 266 8 180 8 0 0 15 9 22 0 7
56284 541 17 35 3 119 435 235 63 38 4 10 208 84 43 58 0 90 5 173 31 6 1 3 146 144 4 100 5 0 0 7 5 11 0 5
56339 488 12 107 8 344 1284 661 193 107 13 29 610 239 131 167 0 249 11 497 94 17 5 7 422 416 14 273 19 0 1 27 17 34 2 16
56340 488 12 68 4 226 825 447 127 68 10 19 385 152 88 99 0 162 7 325 58 12 4 5 275 273 6 173 12 0 1 17 11 20 1 11
56345 519 21 64 5 225 822 452 120 67 9 18 389 152 85 100 0 168 8 318 58 11 4 5 271 277 5 178 12 0 1 16 11 20 1 11
56347 523 21 130 11 417 1584 866 225 140 21 32 724 299 162 197 0 313 20 643 117 23 10 13 523 521 14 352 20 1 1 31 21 43 2 14
56349 523 21 37 3 132 478 254 71 38 5 11 227 85 48 62 0 96 4 194 34 6 1 2 156 164 4 100 6 0 0 9 6 12 0 6
56351 524 18 105 8 348 1305 696 192 106 13 29 616 241 133 169 0 263 11 525 92 17 5 9 425 443 11 281 17 0 2 26 19 36 2 15
56359 528 11 65 5 231 825 445 125 68 9 19 398 154 87 103 0 166 7 325 59 11 4 5 277 273 6 183 11 0 1 16 10 20 1 10
56381 524 16 119 9 426 1512 843 233 127 18 33 734 289 161 190 0 301 16 609 114 21 8 9 512 502 12 342 19 0 2 30 19 37 2 18
56382 524 16 61 5 206 747 421 109 64 10 14 357 145 78 89 0 147 10 302 59 11 5 5 258 243 6 173 9 0 0 15 8 20 1 7
56387 524 16 71 5 240 870 451 138 73 9 19 419 164 94 114 0 174 8 335 63 12 3 5 288 282 9 188 12 0 1 16 10 23 1 11
56390 538 16 102 6 332 1238 640 188 102 13 29 587 223 132 159 0 244 11 473 90 18 6 7 400 400 11 263 20 0 2 23 16 32 2 17
56391 529 16 232 17 775 2911 1560 422 242 36 64 1374 534 303 362 0 578 30 1163 214 39 16 19 974 963 28 634 40 2 3 58 38 75 4 33
56465 550 12 163 13 545 1981 1069 300 168 24 45 945 374 206 254 0 398 19 783 148 28 11 13 667 647 19 447 27 1 3 40 26 50 2 25
56511 506 12 60 6 225 791 462 119 68 10 16 382 155 83 109 0 165 10 337 61 11 5 6 274 267 8 190 9 0 0 16 10 21 1 6
56541 647 52 67 5 245 865 474 138 73 11 17 427 165 93 112 0 173 9 343 65 12 5 5 295 283 10 192 11 0 1 15 10 22 1 9
56542 641 37 35 2 122 441 247 64 37 5 10 206 80 44 59 0 85 5 184 32 5 2 3 143 149 4 96 6 0 0 9 6 9 0 4
56545 641 39 71 5 233 874 458 127 72 10 19 405 157 90 104 0 172 8 334 61 12 5 6 293 285 7 184 12 0 1 16 11 24 1 11
56549 461 27 35 3 115 416 221 61 37 5 9 199 85 44 57 0 83 5 171 29 5 1 2 142 135 3 93 5 0 0 7 4 11 0 4
56553 469 27 39 2 131 473 241 74 37 4 11 222 85 50 62 0 93 2 181 33 6 1 2 150 156 3 99 7 0 0 9 7 10 1 7
56554 469 27 66 5 232 864 471 124 69 9 20 401 152 87 110 0 176 9 358 63 11 3 5 281 299 6 187 11 0 1 16 14 21 1 10
56555 467 27 31 2 119 407 245 59 32 4 9 200 79 42 53 0 82 4 173 29 5 2 3 136 143 3 96 5 0 0 8 5 9 0 4
56562 476 30 37 2 130 450 240 75 35 4 10 216 85 49 59 0 91 3 178 30 6 1 2 144 150 4 95 7 0 0 8 6 11 1 7
56563 485 28 61 5 204 768 429 107 62 9 17 354 140 75 106 0 157 9 323 57 11 5 5 255 260 6 173 9 0 0 16 10 19 1 7
56564 481 28 37 2 132 466 259 73 39 4 10 224 84 48 59 0 95 3 184 34 7 1 3 151 160 5 101 6 0 0 9 5 10 0 7
56569 485 27 38 2 129 473 248 75 41 4 11 231 90 50 63 0 92 5 182 34 6 2 3 157 151 5 104 7 0 0 8 6 12 0 5
56570 502 44 108 6 354 1313 683 194 111 14 31 617 243 138 153 0 256 12 499 96 18 6 8 436 429 11 278 18 0 1 28 18 33 1 16
56575 536 38 33 2 117 434 240 60 36 5 10 204 78 44 52 0 86 4 176 31 5 2 2 146 146 2 95 5 0 0 9 6 11 0 4
56582 536 38 101 7 344 1233 691 184 102 13 26 571 233 130 156 0 249 12 503 91 17 6 9 405 415 10 281 17 0 1 24 16 31 2 15
56589 538 38 33 3 117 433 229 63 38 5 10 209 81 44 61 0 87 5 171 32 6 2 2 148 137 4 94 6 0 0 8 5 10 0 4
56597 545 35 67 5 241 876 474 129 74 10 17 408 162 89 108 0 171 8 350 63 11 5 6 288 291 8 192 11 0 1 16 12 22 1 8
56601 546 35 101 6 345 1257 663 188 104 14 29 593 232 133 152 0 248 11 489 91 17 6 7 417 415 10 268 17 0 1 26 17 30 2 16
