61944 824 42 32 2 99 387 223 51 36 6 6 174 74 40 44 0 74 5 165 33 5 3 2 131 129 4 85 3 0 0 9 5 10 0 2
61949 827 42 99 7 333 1248 679 180 105 15 28 574 232 132 148 0 250 14 506 92 17 7 7 405 424 10 268 16 1 1 26 17 31 1 12
61951 828 42 133 11 431 1609 877 229 135 20 35 747 292 167 190 0 324 17 653 119 22 8 9 532 543 14 350 20 1 2 34 23 40 2 18
61952 820 32 62 5 215 785 437 115 68 10 16 372 146 81 93 0 155 10 320 59 11 5 4 259 266 8 172 10 0 0 17 9 21 1 8
61956 843 27 90 8 310 1118 651 163 95 14 22 515 219 119 133 0 227 14 477 86 14 8 8 380 376 9 263 14 1 1 24 15 31 1 10
61957 804 28 198 13 678 2487 1325 381 204 28 54 1194 455 267 314 0 491 22 979 183 38 12 16 823 820 25 540 36 1 4 52 33 60 3 33
61964 807 27 194 16 663 2428 1313 377 195 27 54 1170 448 262 305 0 495 23 972 174 35 12 16 806 823 22 528 34 1 3 50 34 65 3 29
61974 807 17 206 16 691 2515 1310 397 209 26 58 1202 468 268 313 0 490 20 958 184 37 11 14 840 814 24 539 36 1 4 53 32 63 4 34
61977 808 17 39 2 128 475 251 70 39 5 10 225 85 51 62 0 93 3 188 33 7 1 2 152 157 5 101 7 0 0 9 5 11 0 6
61979 836 11 38 3 124 450 244 67 42 5 9 212 87 47 53 0 89 4 182 37 7 2 3 153 145 4 104 5 0 0 9 4 12 0 4
61985 835 11 71 5 230 835 462 120 69 9 17 392 158 86 109 0 165 8 341 60 11 3 5 272 284 7 187 11 0 0 20 10 20 1 9
61987 841 12 42 2 130 503 251 72 40 5 12 230 89 53 58 0 98 3 183 35 7 2 2 163 160 5 102 8 0 0 11 6 12 1 7
61991 803 12 165 13 567 2070 1118 306 171 23 46 977 377 218 260 0 418 19 824 149 29 10 11 682 692 17 448 29 1 3 41 27 48 3 26
61992 804 13 40 2 134 481 246 72 40 4 11 232 89 53 59 0 95 3 181 35 7 1 1 158 157 5 98 7 0 0 9 5 11 0 7
61993 803 12 76 5 252 928 488 140 76 9 23 444 171 98 119 0 186 8 366 67 12 4 5 305 306 9 202 12 0 1 18 12 23 1 11
61998 841 39 34 2 112 433 233 58 38 4 9 202 77 44 47 0 84 4 171 34 6 2 2 148 141 4 92 5 0 0 9 5 12 0 4
62024 990 72 195 14 651 2384 1277 364 199 28 53 1132 443 252 301 0 480 26 939 175 34 13 14 790 804 22 520 33 1 3 45 31 60 3 27
62034 990 72 73 6 229 903 479 117 80 11 22 412 160 88 98 0 179 10 356 68 11 5 6 311 300 7 195 10 0 1 16 13 24 0 8
62036 981 65 69 5 220 845 451 117 71 10 19 381 153 83 100 0 171 8 341 64 12 4 4 271 288 7 178 10 0 1 17 12 19 1 9
62040 989 65 223 20 778 2748 1531 428 233 34 59 1327 521 297 363 0 560 27 1122 208 38 15 20 913 911 24 627 38 1 4 57 38 69 4 31
62043 994 53 43 3 134 500 257 76 44 5 10 228 93 54 56 0 95 4 188 37 6 2 2 163 164 5 105 7 0 0 11 6 14 0 5
62044 986 51 130 10 439 1603 862 246 137 19 34 767 306 172 209 0 327 16 656 123 23 8 9 529 532 15 356 21 1 2 33 20 41 2 17
62047 987 50 72 4 241 877 467 131 73 8 21 419 164 92 109 0 172 8 342 66 11 3 4 283 297 7 183 12 0 1 18 10 20 1 11
62050 970 38 100 7 337 1211 675 186 102 13 26 570 230 127 142 0 241 13 486 93 17 6 8 394 407 11 277 17 0 1 26 17 31 1 14
62052 961 36 42 2 137 516 261 76 40 4 12 239 93 55 58 0 100 2 193 37 6 1 1 162 169 4 103 9 0 0 10 7 12 0 7
62053 948 32 35 2 108 423 224 60 38 5 9 190 75 45 43 0 80 4 161 33 6 2 2 144 135 3 89 6 0 0 9 4 11 0 4
62056 949 32 37 3 128 466 249 67 40 4 10 223 88 48 59 0 91 4 188 35 6 2 2 151 153 5 102 6 0 0 10 5 11 0 4
62059 969 34 68 6 226 851 456 124 72 9 19 392 153 86 89 0 170 9 336 66 12 4 4 288 295 8 183 10 0 1 17 10 21 0 10
62064 970 34 43 3 139 530 266 84 42 5 12 249 93 55 61 0 102 4 202 39 8 3 3 174 174 5 105 8 0 0 9 7 13 0 7
62066 970 34 65 4 223 849 457 120 70 10 18 400 153 89 107 0 170 8 354 63 11 5 5 280 289 7 180 11 0 1 18 11 21 1 10
62067 971 34 71 5 233 854 461 127 71 9 18 404 160 90 107 0 176 7 344 62 12 4 5 279 288 7 188 12 0 1 17 11 23 1 10
62068 964 24 72 5 242 870 477 140 69 10 19 410 162 97 115 0 183 7 355 60 12 4 4 272 301 6 191 13 0 1 18 12 20 1 11
62069 964 24 191 15 633 2336 1270 347 203 30 49 1078 451 247 288 0 462 27 942 173 33 14 14 780 762 21 516 30 2 2 51 31 60 3 23
62070 968 24 41 2 137 503 272 76 42 5 10 237 92 53 61 0 99 4 206 36 6 2 2 159 170 5 110 6 0 0 10 6 12 0 6
62075 960 24 35 2 113 444 234 63 39 5 9 199 81 47 50 0 85 4 173 36 6 2 2 144 147 4 95 5 0 0 9 5 11 0 4
62084 959 24 37 3 118 448 237 65 39 5 10 211 81 48 52 0 88 4 178 33 6 2 2 148 150 4 94 5 0 0 10 6 11 0 5
62090 832 31 72 5 236 865 456 133 70 9 20 418 165 92 109 0 172 10 340 61 11 3 4 288 280 8 186 12 0 1 17 12 23 1 10
62093 846 30 101 7 341 1282 676 188 108 16 30 600 233 136 163 0 258 12 515 92 17 6 7 419 430 11 272 16 1 2 24 17 30 1 14
62097 841 32 133 10 445 1644 870 251 136 18 36 772 307 174 193 0 325 17 640 124 24 8 10 549 537 16 356 22 1 2 34 21 43 2 19
62108 839 31 77 4 237 875 463 125 74 10 20 400 158 90 108 0 173 7 347 61 13 4 4 281 289 8 192 13 0 1 17 12 22 1 11
62115 835 30 104 7 337 1295 673 186 106 14 29 604 234 133 159 0 259 11 503 95 18 5 8 425 429 12 273 18 0 1 26 15 33 2 15
62117 835 30 100 8 336 1264 671 186 111 15 27 588 238 131 158 0 246 13 497 96 17 6 7 421 407 13 281 16 1 1 25 15 34 1 13
62124 838 30 105 9 346 1280 673 194 107 13 28 611 234 135 153 0 249 11 499 93 18 6 6 423 421 13 268 17 0 1 27 15 32 2 16
62126 835 30 60 5 200 736 402 112 62 8 15 347 138 79 83 0 144 7 291 56 11 4 4 245 248 7 165 9 0 1 16 9 18 1 10
62127 880 26 157 13 528 1921 1062 291 166 25 43 923 364 200 237 0 389 21 770 151 27 10 11 644 645 20 428 23 1 2 40 26 47 2 19
62131 886 25 68 6 221 827 462 114 74 10 17 358 155 81 88 0 164 9 342 65 11 4 5 276 280 8 186 10 0 0 16 12 21 1 7
62142 886 25 166 14 546 2041 1091 304 176 27 43 937 376 212 247 0 401 23 813 148 29 12 12 678 678 20 439 28 1 2 41 26 55 3 22
62144 886 25 38 3 124 474 255 68 39 5 11 217 87 49 49 0 92 4 186 33 7 2 3 162 155 4 103 6 0 0 9 7 13 0 5
62195 795 11 40 2 124 489 244 67 39 4 12 223 83 48 60 0 93 4 189 37 6 2 3 158 158 5 97 7 0 0 8 6 11 0 6
62242 782 18 41 2 134 499 251 73 40 4 12 234 89 53 61 0 96 3 187 35 7 1 2 162 161 4 103 8 0 0 10 6 12 0 7
62317 811 17 133 10 445 1653 883 241 139 19 36 779 307 171 214 0 329 16 662 123 24 8 11 543 544 17 354 23 1 2 33 23 41 2 19
62319 814 18 39 2 124 471 243 70 38 5 11 224 83 50 60 0 92 3 181 32 6 2 2 155 155 5 100 7 0 0 9 6 12 0 6
62320 812 17 75 4 241 895 477 131 73 10 20 424 157 92 105 0 179 7 346 64 12 4 5 288 301 9 189 13 0 1 19 13 23 1 11
62324 833 13 351 27 1168 4284 2309 642 363 51 95 2040 805 450 542 0 853 46 1707 316 62 23 27 1424 1417 40 933 57 3 5 87 57 106 6 48
62388 821 24 40 3 132 475 256 73 39 5 10 226 85 50 61 0 96 4 189 34 6 2 3 152 160 4 103 7 0 0 10 6 12 0 6
62390 821 24 104 8 349 1272 677 193 105 15 28 602 235 134 159 0 253 11 493 92 19 6 7 420 421 11 276 18 0 2 26 16 33 2 16
62399 821 24 74 5 244 882 472 136 73 10 21 416 164 99 107 0 176 7 349 65 13 4 6 291 290 7 193 13 0 1 17 11 22 1 12
62400 810 14 174 14 574 2133 1140 313 177 24 48 1026 384 220 270 0 423 20 841 154 29 10 13 713 712 19 457 30 1 3 43 30 52 3 26
62402 806 13 70 6 233 856 450 129 73 9 18 420 160 94 102 0 169 8 338 65 12 4 5 292 281 7 188 12 0 1 17 9 23 1 10
62406 807 13 35 2 120 448 256 61 39 5 9 201 81 44 55 0 89 4 190 35 6 2 3 146 154 4 104 5 0 0 9 5 10 0 4
62409 976 56 38 2 121 473 238 66 39 4 11 218 84 47 58 0 89 4 187 35 6 2 2 154 149 5 96 6 0 0 9 7 10 0 5
62414 961 40 98 7 330 1242 662 177 102 14 27 598 227 129 158 0 245 11 498 90 17 6 7 410 419 11 262 15 0 1 25 17 29 1 13
62426 981 14 40 2 127 474 251 68 41 6 11 228 84 49 57 0 94 4 184 35 5 2 2 155 157 4 98 7 0 0 9 7 11 0 5
62429 976 14 108 7 355 1346 703 189 114 16 30 630 244 140 161 0 266 12 532 102 17 7 8 448 442 12 282 17 0 1 30 19 35 1 14
62430 975 14 36 3 123 466 243 67 41 5 11 233 82 47 58 0 92 4 184 35 5 2 2 159 156 4 93 5 0 0 10 6 11 0 5
62432 975 14 38 2 122 474 257 59 39 5 11 211 82 47 49 0 90 4 187 35 6 2 2 151 163 3 98 6 0 0 9 5 11 0 5
62438 974 14 185 14 631 2306 1242 352 197 28 52 1095 433 246 310 0 463 24 919 169 32 12 16 762 766 23 509 31 1 3 48 28 58 3 27
62439 975 14 227 18 749 2791 1463 409 236 33 65 1312 510 292 333 0 560 30 1084 204 38 14 14 923 922 27 593 39 1 3 56 36 70 3 35
62440 977 14 168 12 569 2115 1124 318 174 25 50 997 387 225 255 0 423 20 819 154 28 11 13 702 700 17 450 28 1 3 42 28 53 2 25
62445 974 14 38 2 127 458 239 72 40 5 11 226 84 51 58 0 90 3 179 32 5 1 2 150 152 3 93 6 0 0 9 6 10 0 6
62467 854 32 94 7 325 1173 653 171 102 15 25 552 220 120 140 0 233 13 472 90 15 7 7 395 388 11 259 15 1 1 24 15 30 1 12
62469 855 32 171 13 565 2110 1065 321 178 22 49 994 384 225 258 0 409 17 791 153 30 10 12 710 672 19 442 30 0 3 43 27 55 3 28
62471 854 32 169 12 555 2023 1061 308 170 23 45 976 381 218 264 0 406 19 797 148 28 9 12 672 665 19 433 28 1 3 41 26 49 3 27
62474 854 32 38 2 116 457 230 61 40 5 9 204 79 48 49 0 88 4 175 35 6 2 1 148 149 3 91 6 0 0 10 6 11 0 5
62475 860 31 41 2 128 491 248 71 42 5 10 227 92 49 64 0 97 4 195 36 6 2 2 160 163 5 104 6 0 0 10 6 12 0 5
62481 866 31 40 2 125 474 255 64 39 6 10 215 88 50 58 0 92 4 191 35 6 2 2 149 160 4 99 6 0 0 10 7 11 0 5
62489 867 31 40 2 122 472 243 68 39 5 12 216 83 49 55 0 93 4 181 33 7 1 3 152 156 5 101 7 0 0 9 5 11 0 6
62492 866 31 39 2 122 463 242 66 42 5 11 209 84 49 57 0 92 4 187 34 6 2 2 153 153 4 101 5 0 0 10 7 11 0 5
62495 865 31 37 2 123 459 242 65 39 5 10 214 81 46 54 0 91 3 177 33 6 2 3 151 152 4 96 6 0 0 10 5 10 0 6
62499 865 31 68 6 226 839 453 125 72 9 19 403 152 86 107 0 175 10 341 65 11 4 4 279 280 8 188 11 0 1 17 11 20 1 8
62506 865 31 99 6 330 1222 669 176 106 14 26 562 225 126 149 0 242 12 493 95 16 6 7 413 398 12 273 15 1 1 23 16 32 1 14
62515 873 31 43 2 130 489 251 73 39 5 11 219 90 52 56 0 98 4 190 33 6 1 1 155 161 4 99 7 0 0 9 7 12 0 6
62518 873 31 38 2 121 453 237 69 40 4 10 218 82 48 63 0 89 4 182 34 6 2 2 151 149 5 97 6 0 0 9 5 11 0 5
62522 873 35 41 2 128 484 245 72 42 5 11 230 87 51 61 0 91 4 183 35 6 1 2 161 155 5 102 7 0 0 10 6 12 0 5
62529 889 31 130 11 452 1608 869 255 135 19 35 775 299 172 199 0 321 17 642 118 22 7 9 522 543 14 347 21 1 2 32 21 39 2 18
62530 893 31 38 3 127 483 250 72 40 6 10 225 86 51 54 0 93 4 185 36 6 2 2 162 161 4 101 7 0 0 9 6 13 0 6
62532 900 34 196 14 659 2423 1297 356 207 29 54 1166 448 253 311 0 485 23 958 180 34 12 15 808 800 23 529 32 1 3 48 29 62 3 31
62533 896 32 134 9 445 1643 863 245 140 20 36 772 305 177 208 0 325 15 650 122 23 8 9 542 533 15 350 23 1 2 33 21 44 2 20
62534 893 32 137 11 458 1683 885 245 143 19 37 785 313 178 211 0 331 15 667 125 24 8 9 552 551 16 362 21 1 2 35 20 42 2 20
62536 895 32 69 4 228 836 450 121 71 9 19 387 149 88 98 0 164 8 332 63 12 3 4 276 283 7 179 11 0 1 16 10 21 1 10
62538 896 31 69 5 215 824 435 124 70 10 16 384 150 89 94 0 164 8 329 62 11 4 4 270 273 7 176 10 0 1 17 12 24 1 9
62540 893 31 98 7 323 1234 661 180 105 15 27 586 228 126 152 0 242 13 497 92 17 7 7 421 407 12 272 15 0 1 24 14 32 1 12
62541 893 31 39 2 128 478 247 73 41 4 11 224 85 49 60 0 94 3 184 36 7 1 2 154 159 4 98 6 0 0 9 6 12 0 6
62544 892 31 38 2 122 457 247 63 39 5 10 213 87 46 56 0 93 5 181 35 6 2 2 151 148 5 102 5 0 0 9 6 12 0 4
62546 898 31 70 5 240 881 465 131 71 9 20 421 157 90 110 0 177 7 344 66 12 3 5 285 299 8 187 12 0 1 18 11 21 1 11
62547 890 42 74 4 233 873 452 132 73 9 19 400 158 93 110 0 174 6 336 65 12 4 4 282 283 7 187 13 0 1 17 11 22 1 11
62552 890 42 40 2 129 481 248 69 41 5 11 226 87 49 61 0 98 3 189 32 6 1 2 151 160 4 98 7 0 0 9 6 10 0 6
62558 721 51 221 18 748 2746 1478 408 227 32 61 1312 508 287 360 0 550 28 1113 202 37 14 15 911 914 25 600 37 1 3 56 35 67 4 33
62563 748 51 103 8 344 1270 681 195 109 15 27 597 241 135 164 0 254 12 506 96 17 7 8 418 420 11 279 17 0 1 26 16 32 1 14
62564 740 51 229 17 778 2790 1533 428 234 34 59 1320 531 298 360 0 567 28 1127 208 38 15 16 908 935 27 628 38 2 4 60 38 67 4 33
62565 738 51 37 2 118 446 244 67 38 5 9 206 87 47 56 0 87 4 179 34 6 2 3 142 148 4 99 6 0 0 9 6 11 0 4
62568 737 51 73 5 232 864 464 125 73 9 19 392 155 90 98 0 167 8 335 65 13 3 6 278 286 8 187 11 0 1 19 11 21 1 9
62569 741 51 97 6 352 1233 705 182 101 15 26 578 233 130 156 0 244 11 512 90 18 6 8 402 426 10 277 16 0 1 26 15 29 2 15
62571 736 52 192 16 640 2305 1285 339 196 29 48 1091 431 239 312 0 474 22 957 167 33 12 16 741 773 21 525 31 1 3 50 30 55 3 26
62573 733 51 40 2 133 497 255 75 39 5 11 242 90 54 58 0 96 3 193 36 6 2 3 161 163 5 104 7 0 0 10 8 12 0 6
62575 763 51 101 8 344 1231 684 187 107 16 26 588 241 130 165 0 249 12 504 91 16 7 7 406 409 12 278 15 1 1 26 16 30 1 12
62578 778 24 37 3 120 453 233 69 36 4 10 216 82 48 52 0 89 3 172 34 6 2 3 149 149 4 94 6 0 0 9 6 11 0 5
62596 767 18 168 11 557 2050 1084 314 170 21 47 977 374 217 259 0 407 19 799 153 30 9 13 677 675 20 442 29 1 3 41 26 49 3 27
62599 766 18 139 9 457 1676 890 259 139 20 36 794 312 181 210 0 335 14 659 127 24 9 9 551 548 16 358 23 1 2 33 22 39 2 21
62609 747 11 94 8 327 1186 659 178 99 14 25 565 227 128 145 0 234 12 479 91 17 6 8 405 389 11 266 15 1 1 26 15 31 2 12
62630 749 24 37 2 137 475 259 78 38 5 11 229 89 51 64 0 99 4 194 35 6 1 3 152 161 4 106 6 0 0 10 6 11 0 6
62631 750 24 101 8 338 1242 660 197 107 16 28 589 235 131 138 0 243 12 477 94 18 8 7 429 403 11 261 16 0 2 24 15 33 1 14
62633 764 22 39 2 131 474 251 69 39 5 9 223 85 51 55 0 93 3 184 34 7 1 2 152 155 4 102 7 0 0 11 6 12 0 6
62649 698 11 63 5 206 763 425 111 68 10 15 348 148 79 93 0 149 8 317 57 10 5 4 251 250 7 174 9 0 0 17 9 19 1 6
62698 722 11 193 14 632 2371 1252 348 194 28 55 1123 435 245 295 0 468 25 937 173 34 13 14 792 782 20 513 31 1 3 47 31 60 3 28
62711 730 14 37 3 122 467 245 66 40 5 9 209 82 48 52 0 89 5 189 36 7 2 3 154 156 5 98 6 0 0 10 6 11 0 4
62734 704 11 38 2 122 453 239 67 39 5 9 212 89 49 58 0 85 4 176 34 7 2 2 154 142 5 102 6 0 0 11 5 11 0 5
62741 724 17 96 9 339 1193 675 190 105 16 26 573 233 130 155 0 244 14 503 90 17 7 8 394 398 11 283 15 1 1 23 14 30 1 13
62760 804 30 71 5 225 853 441 129 74 10 16 397 156 91 100 0 169 7 326 62 13 4 4 282 278 7 182 12 0 1 18 11 24 1 10
62772 759 20 75 4 239 891 472 139 73 10 19 412 169 99 101 0 168 8 337 67 13 4 6 293 288 9 191 13 0 1 18 12 24 1 10
62773 766 15 67 5 221 810 440 120 70 11 17 377 152 86 100 0 158 7 326 59 11 4 5 268 267 7 177 11 0 1 17 10 20 1 9
62777 768 16 76 4 243 897 467 136 76 10 20 421 166 98 108 0 175 7 340 66 13 3 5 286 292 9 190 13 0 1 18 11 23 1 12
62840 757 14 70 5 226 837 436 127 71 9 18 407 154 89 102 0 164 7 320 60 11 3 5 277 271 8 178 12 0 1 17 11 20 1 10
62850 759 14 166 12 557 2015 1070 316 170 23 45 971 380 211 266 0 396 19 797 147 30 9 12 663 663 20 437 27 1 3 43 27 50 3 25
62851 759 14 65 5 218 795 434 115 72 10 16 373 153 86 98 0 157 9 318 63 11 4 6 265 260 9 181 9 0 0 18 10 20 1 8
62852 758 14 69 5 228 823 446 129 73 9 16 394 162 87 103 0 161 9 335 63 11 3 4 270 270 8 185 10 0 0 17 11 21 1 8
62855 765 11 262 21 883 3226 1758 488 274 39 69 1543 601 341 396 0 646 31 1274 244 45 18 21 1080 1081 27 704 42 1 4 66 42 82 4 37
62983 777 23 107 7 361 1325 697 210 107 14 29 643 249 145 167 0 265 12 519 97 20 6 8 435 435 14 295 18 1 2 26 17 34 2 16
62985 777 23 72 4 228 865 450 129 70 10 17 395 158 92 100 0 173 7 328 66 11 4 5 286 283 8 182 11 0 1 18 13 20 1 10
62988 779 18 212 18 714 2636 1425 400 223 32 57 1234 501 285 316 0 523 31 1049 198 37 15 18 887 866 26 588 33 1 3 55 35 69 4 27
62989 780 20 109 8 367 1353 706 202 113 15 32 638 249 141 165 0 270 13 532 102 17 6 7 449 444 13 290 17 1 1 26 18 34 1 15
62991 792 18 34 3 129 450 250 73 36 4 9 213 88 48 52 0 89 4 180 35 6 2 2 149 153 4 101 5 0 0 9 5 11 0 4
62993 782 18 37 2 133 468 256 72 41 5 10 226 89 50 59 0 93 4 191 36 6 2 3 154 157 5 105 5 0 0 8 7 11 0 5
62999 782 18 109 7 365 1329 696 203 112 14 29 636 249 142 167 0 262 11 511 100 19 5 7 440 435 14 290 20 1 1 28 17 36 1 16
63000 781 18 174 13 578 2093 1112 321 171 24 49 1005 393 218 262 0 416 19 817 150 29 9 13 686 699 19 446 30 1 3 42 28 53 3 28
63001 782 18 186 14 661 2380 1330 351 197 28 52 1126 456 245 313 0 485 28 991 175 31 13 14 780 813 22 535 30 1 2 50 32 59 3 25
63002 781 18 36 2 125 448 254 69 37 5 9 200 85 48 51 0 88 4 186 33 6 2 3 148 152 4 102 5 0 0 9 6 11 0 4
63003 782 18 67 5 234 843 455 131 68 9 17 403 159 88 108 0 174 9 338 61 11 4 5 283 281 8 190 10 0 1 17 10 22 1 9
63008 781 18 235 16 788 2897 1536 428 240 34 64 1364 530 301 337 0 570 27 1114 214 40 15 18 960 946 26 621 40 1 3 57 38 74 4 34
63014 782 18 37 2 119 457 236 67 37 5 10 221 83 49 55 0 86 4 175 33 6 2 3 152 151 4 96 6 0 0 10 6 12 0 6
63018 782 18 100 7 354 1279 695 191 106 16 28 611 239 135 156 0 255 14 509 92 16 6 7 423 429 10 273 16 0 1 25 17 32 2 14
63019 783 18 141 11 474 1713 903 263 142 18 38 809 316 180 212 0 345 16 671 123 23 7 10 560 568 17 371 26 1 2 33 24 45 2 22
63027 744 11 34 3 119 454 242 68 38 5 9 204 84 46 51 0 89 5 180 34 6 2 3 150 155 4 96 5 0 0 10 5 12 0 4
63038 744 11 38 2 122 445 243 66 39 5 9 209 86 47 60 0 87 4 182 33 6 2 2 145 148 4 98 5 0 0 10 6 9 0 5
63039 743 11 95 9 330 1207 657 177 104 15 27 553 226 125 147 0 238 15 490 95 18 7 8 408 404 12 268 14 1 1 24 15 32 1 11
63048 752 13 203 14 689 2502 1336 380 204 28 59 1195 466 267 314 0 493 23 966 181 35 11 15 824 821 21 542 36 1 4 51 33 63 4 33
63106 440 99 150 12 519 1881 1043 284 162 24 39 900 357 199 233 0 373 23 761 141 27 12 10 630 633 19 416 24 1 2 39 22 48 3 20
63113 525 93 131 8 442 1594 866 245 132 19 34 766 299 168 199 0 319 15 637 114 22 8 8 530 528 15 353 21 1 2 35 21 38 2 19
63115 545 100 66 4 223 811 437 124 64 8 18 388 149 86 104 0 162 7 317 57 11 3 4 259 273 6 175 12 0 1 16 11 19 1 11
63119 547 99 102 8 345 1258 676 188 109 14 28 588 239 132 163 0 249 13 507 93 17 7 7 416 419 12 270 17 1 2 25 17 31 1 14
63133 545 99 93 7 315 1170 629 179 101 14 25 547 212 126 139 0 225 13 455 85 17 6 7 387 381 9 252 17 0 2 23 14 33 1 14
63139 542 93 72 5 248 896 459 145 74 9 21 437 167 96 107 0 174 6 329 63 13 3 4 297 291 9 185 13 0 1 17 11 22 1 13
63144 536 90 69 6 228 839 458 124 73 10 18 397 157 86 98 0 170 8 331 62 11 4 5 280 277 7 186 10 0 1 17 10 21 1 9
63146 539 94 35 2 118 436 233 63 35 4 9 209 79 43 52 0 88 4 167 31 5 2 2 150 143 3 92 6 0 0 8 5 12 0 5
63149 541 90 98 8 326 1215 660 179 109 15 25 573 231 129 145 0 238 14 478 96 16 7 7 420 392 12 273 14 0 1 24 15 34 1 10
63150 537 90 164 11 558 2067 1079 315 166 24 47 988 385 220 266 0 417 20 808 143 28 11 12 682 686 20 439 29 1 3 42 27 51 3 26
63152 537 91 98 8 338 1235 675 186 106 15 26 590 237 126 157 0 247 15 499 94 15 7 8 415 405 12 277 14 1 1 24 16 32 1 11
63154 535 90 125 10 443 1597 882 242 130 18 35 774 297 167 212 0 323 14 643 115 22 9 11 538 539 14 364 22 0 2 32 20 39 2 20
63157 510 90 165 13 546 2036 1081 303 173 25 45 943 378 210 230 0 404 19 804 153 28 11 12 684 667 16 441 26 0 3 40 26 53 3 24
63160 509 90 32 2 113 415 237 61 36 5 9 203 78 44 45 0 82 5 161 31 6 2 3 145 138 4 96 5 0 0 7 5 11 0 4
63161 543 99 216 17 734 2700 1469 392 230 35 60 1247 503 278 308 0 530 30 1057 204 38 15 18 905 895 24 594 35 2 3 52 36 68 3 30
63162 538 92 124 9 440 1573 869 234 130 17 32 741 293 164 198 0 318 16 629 119 21 7 11 523 524 13 357 22 0 2 32 21 40 2 19
63163 519 96 39 3 131 471 252 72 41 5 9 230 92 50 60 0 91 5 180 35 6 2 2 156 153 5 104 6 0 0 11 6 12 0 4
63170 522 90 67 5 230 849 456 125 74 12 18 406 155 93 103 0 168 7 334 64 11 6 5 291 277 6 182 11 0 1 18 11 23 1 9
63173 534 90 74 4 242 920 475 136 71 9 21 434 164 96 106 0 179 8 353 66 13 4 5 299 300 8 187 13 0 1 17 14 22 1 12
63175 529 90 36 3 126 457 248 72 37 4 9 221 87 46 52 0 92 4 176 34 6 2 2 157 152 3 101 6 0 0 9 5 12 0 5
63184 524 90 100 9 344 1253 666 189 107 14 27 594 231 132 146 0 247 13 480 93 18 7 8 431 401 11 272 18 0 1 24 15 33 1 15
63185 518 90 221 16 759 2725 1476 431 223 32 62 1314 513 292 352 0 552 30 1074 194 39 14 17 911 912 25 604 39 1 4 52 34 68 4 33
63186 519 90 35 2 114 433 226 64 36 5 9 202 78 46 50 0 86 3 165 29 6 2 2 147 142 3 90 6 0 0 8 5 11 0 5
63196 549 101 132 8 448 1609 872 241 134 18 35 770 295 168 191 0 323 13 631 117 23 7 7 525 547 12 342 22 0 2 32 21 37 2 21
63198 550 101 126 11 447 1582 885 236 137 20 34 764 304 166 199 0 325 20 663 117 21 9 11 539 529 14 367 21 1 1 31 21 42 2 15
63200 549 101 35 3 114 429 233 61 36 5 8 205 80 43 48 0 85 5 167 30 5 2 2 144 141 3 92 5 0 0 8 5 11 0 5
63206 533 92 65 6 232 846 474 122 70 10 18 403 157 88 100 0 175 9 343 63 11 4 5 286 289 6 186 11 0 0 17 11 22 1 8
63208 533 92 39 3 135 483 253 79 39 5 10 248 87 52 63 0 99 3 189 32 6 2 2 158 167 4 98 6 0 0 9 5 12 0 6
63210 539 90 63 5 225 833 448 125 68 9 20 392 152 86 92 0 165 9 317 60 12 3 6 282 278 7 177 11 0 1 16 10 22 1 9
63211 527 90 104 6 343 1262 662 187 108 15 28 589 232 131 154 0 253 12 488 94 17 6 7 413 409 12 270 17 0 1 24 16 31 1 14
63213 545 95 70 5 236 853 445 129 70 9 18 418 156 90 109 0 169 7 329 63 12 4 4 286 274 8 184 13 0 1 16 10 22 1 11
63218 541 90 99 7 335 1244 649 189 103 13 29 598 228 132 152 0 248 12 469 88 19 5 7 408 412 11 262 19 0 2 24 15 30 2 16
63227 533 106 35 2 120 427 227 69 35 4 9 212 78 45 55 0 83 5 168 30 6 2 1 142 143 4 92 6 0 0 8 5 11 0 5
63236 515 110 34 2 117 427 234 61 36 5 9 204 82 43 57 0 89 3 174 32 6 2 1 141 147 3 90 5 0 0 9 5 10 0 5
63240 534 91 165 13 551 1995 1116 292 170 24 42 935 382 211 242 0 401 22 817 151 27 12 13 668 667 16 450 27 1 2 41 27 51 2 21
63245 549 90 68 5 219 833 429 121 70 9 19 396 153 87 92 0 166 9 318 61 12 4 4 279 276 7 170 12 0 1 16 10 22 1 10
63253 542 90 38 2 127 462 237 70 38 4 11 228 87 50 65 0 96 3 181 32 6 2 2 153 151 4 102 7 0 0 9 5 12 0 6
63258 537 90 129 9 434 1595 863 243 133 19 33 755 298 172 198 0 323 14 628 118 23 9 10 524 529 15 346 21 1 2 33 21 39 2 19
63264 524 90 184 17 637 2292 1277 349 192 27 51 1090 437 245 304 0 469 25 950 171 32 13 16 766 766 21 516 29 1 3 48 31 58 3 24
63267 523 90 101 9 347 1271 668 197 110 14 29 596 227 131 155 0 259 10 501 92 17 6 7 411 432 12 266 18 0 2 26 16 31 1 15
63269 529 90 36 3 126 463 251 68 38 5 11 222 82 47 54 0 89 3 179 33 6 2 2 158 155 3 97 5 0 0 9 6 11 0 5
63270 528 90 67 5 233 837 457 130 68 10 18 413 154 88 107 0 169 7 325 62 11 4 6 278 279 7 183 12 0 1 16 12 21 1 10
63273 527 90 32 2 117 417 229 63 36 5 8 191 75 42 42 0 82 5 158 32 6 2 3 144 134 3 91 5 0 0 9 5 11 0 4
63275 519 101 62 5 221 762 444 113 69 10 15 361 153 79 102 0 155 10 326 60 10 4 6 261 245 7 187 8 0 0 16 9 19 1 6
63279 519 98 37 3 129 453 251 68 39 6 9 213 85 46 53 0 88 4 179 33 7 3 3 152 152 3 102 5 0 0 9 5 12 0 5
63280 525 90 193 14 682 2443 1319 384 196 26 53 1172 455 263 303 0 489 22 965 179 34 11 15 803 810 22 535 34 1 4 50 31 60 4 32
63284 526 90 264 18 879 3202 1742 486 267 37 67 1477 589 341 377 0 631 32 1255 237 45 17 21 1055 1066 28 692 45 1 4 64 41 83 5 40
63289 527 114 35 3 114 438 233 64 36 5 9 206 80 44 45 0 87 5 171 32 6 3 2 149 148 3 91 5 0 0 9 5 13 0 4
63290 527 112 69 5 228 868 462 133 71 9 19 413 163 91 103 0 171 9 330 62 12 4 5 285 287 9 185 11 0 1 17 11 22 1 9
63293 500 90 202 16 681 2491 1328 383 209 28 55 1187 463 264 316 0 492 23 990 186 34 12 16 827 816 23 540 35 1 3 50 33 62 4 30
63296 507 90 36 2 117 434 229 64 38 5 8 200 79 46 52 0 84 3 168 31 6 2 2 143 140 3 91 5 0 0 10 5 10 0 5
63300 502 90 34 2 110 415 236 58 36 6 8 197 79 43 50 0 83 5 171 31 5 3 3 141 138 4 94 4 0 0 9 6 11 0 3
63303 500 90 32 3 114 397 225 60 36 6 8 191 77 41 46 0 79 5 162 30 5 2 2 140 131 3 94 4 0 0 9 4 11 0 3
63306 506 92 41 2 129 495 254 71 41 6 11 228 85 53 54 0 94 3 181 35 6 3 2 163 161 4 100 7 0 0 11 6 13 0 6
63308 506 92 304 24 1020 3718 1995 567 308 42 84 1788 683 388 453 0 745 33 1467 272 52 17 21 1236 1237 32 797 51 1 5 79 48 92 5 48
63314 501 90 38 1 128 461 247 67 37 4 11 220 83 48 54 0 91 3 178 31 6 1 2 148 154 3 94 7 0 0 10 6 11 0 7
63316 503 93 133 10 435 1640 872 236 137 18 37 771 301 170 186 0 321 19 636 123 23 9 9 544 539 13 347 24 0 2 30 23 44 2 19
63320 501 90 294 23 987 3628 1965 547 309 44 76 1723 672 381 437 0 723 35 1426 274 51 20 23 1216 1212 30 786 48 1 4 75 47 93 5 43
63324 513 90 133 10 465 1670 906 259 140 20 37 793 313 179 205 0 337 17 657 121 23 8 11 559 557 14 363 23 0 2 32 21 42 2 19
63325 512 90 116 10 415 1513 850 220 129 21 33 723 278 155 178 0 306 17 606 114 20 10 10 512 509 11 333 18 1 1 29 21 38 1 15
63334 512 90 123 7 412 1511 839 227 132 18 33 723 284 153 182 0 300 17 594 114 20 9 9 505 497 15 340 21 0 1 31 21 37 1 17
63335 513 91 39 2 125 473 245 69 40 5 12 216 85 49 48 0 91 3 176 35 7 2 2 162 157 4 93 7 0 0 9 6 13 0 5
63340 490 93 37 2 127 463 240 66 39 5 10 226 89 48 61 0 90 4 176 33 6 2 2 156 147 5 99 7 0 0 9 5 11 0 5
63342 489 93 34 2 111 406 224 60 36 5 8 193 78 41 49 0 75 5 162 30 6 2 2 138 133 4 87 5 0 0 9 5 11 0 4
63350 491 93 96 7 329 1214 678 176 102 14 26 565 225 124 150 0 239 12 493 90 16 6 7 405 409 10 267 16 0 2 25 17 30 1 13
63351 508 90 88 8 321 1142 668 159 103 17 23 534 221 114 138 0 239 15 487 89 15 7 7 391 386 8 269 13 0 1 25 15 29 1 9
63352 470 100 40 2 133 500 257 69 39 4 12 233 83 50 59 0 98 3 193 35 6 1 2 161 169 3 99 7 0 0 8 7 11 0 6
63356 555 91 198 16 655 2406 1298 362 205 31 51 1116 447 252 291 0 472 27 957 172 35 13 14 804 803 22 519 35 1 3 50 31 62 3 27
63357 549 87 62 5 212 760 438 106 68 11 14 352 146 78 84 0 152 9 310 57 11 5 5 257 256 6 176 8 0 0 17 10 19 1 6
63358 543 87 33 2 124 435 248 67 38 5 9 208 85 48 57 0 90 4 184 32 5 3 3 143 148 4 99 6 0 0 8 6 11 0 3
63360 562 104 96 7 334 1220 650 188 101 15 28 592 222 132 151 0 238 12 478 89 18 6 8 409 410 12 261 16 0 1 24 15 29 1 15
63364 495 87 92 8 319 1154 657 167 98 15 23 543 216 116 151 0 238 12 482 85 16 8 8 386 388 9 269 13 0 1 25 16 29 1 12
63366 498 87 133 10 436 1609 870 233 135 18 37 778 300 170 201 0 320 17 637 116 23 7 10 542 534 14 350 23 1 2 33 21 41 2 19
63370 494 87 70 4 234 852 444 133 72 9 18 398 155 90 99 0 166 7 325 61 13 3 5 280 275 8 179 12 0 1 18 10 20 1 12
63371 494 87 101 7 324 1255 653 176 106 15 29 579 225 132 143 0 243 12 482 91 17 6 7 416 412 12 258 17 0 1 26 16 33 1 14
63374 496 87 34 2 123 433 250 63 37 5 8 210 81 43 50 0 91 4 178 31 6 2 3 146 154 4 99 5 0 0 8 5 11 0 4
63375 517 106 38 2 133 470 244 75 37 4 10 236 84 50 63 0 95 2 179 31 6 1 2 151 161 3 94 7 0 1 9 6 9 0 8
63379 522 87 96 6 321 1215 639 174 99 15 25 551 222 124 145 0 243 13 482 89 18 7 6 404 405 9 256 15 0 1 26 15 29 2 14
63384 527 87 70 5 242 861 459 137 75 9 18 418 166 93 117 0 175 8 347 63 12 3 4 280 283 8 193 12 0 1 17 9 21 1 11
63386 524 87 88 7 313 1130 636 171 94 14 23 534 212 115 140 0 223 14 466 84 16 7 8 378 379 10 259 14 0 1 24 14 29 1 12
63387 509 88 33 2 118 432 233 64 38 5 9 207 81 44 52 0 86 4 169 33 5 2 3 149 138 4 97 5 0 0 8 5 11 0 4
63388 514 87 67 5 224 849 440 123 73 9 20 403 157 87 104 0 165 8 329 66 11 3 5 289 271 9 179 10 0 1 18 10 22 1 9
63393 512 103 95 7 324 1195 654 174 103 14 26 565 223 126 150 0 232 14 483 89 17 7 8 399 395 11 266 16 0 1 26 14 31 1 13
63406 512 103 65 4 220 804 430 124 67 9 17 383 150 86 103 0 158 7 319 58 12 4 5 269 264 8 181 11 0 1 17 8 20 1 11
63411 473 87 32 3 119 416 234 66 35 5 9 210 79 44 49 0 82 4 165 30 6 2 2 143 140 4 95 5 0 0 8 4 10 0 4
63415 482 87 33 4 118 437 232 63 38 5 10 202 81 44 49 0 85 5 166 33 7 2 3 147 145 5 94 5 0 0 9 5 11 0 4
63416 482 87 156 11 535 1938 1105 278 166 24 43 905 364 200 245 0 386 23 806 142 27 12 13 643 661 16 430 24 1 2 41 27 47 3 20
63420 471 87 70 4 238 851 465 132 70 9 18 419 162 94 100 0 169 9 331 62 12 4 4 288 279 8 187 12 0 1 16 11 22 1 10
63422 486 87 35 3 132 434 252 74 35 4 8 213 85 48 54 0 91 3 181 29 6 2 2 146 152 2 104 5 0 0 8 5 10 0 5
63428 486 87 97 8 330 1193 645 181 104 14 25 575 226 129 146 0 235 12 467 89 17 6 8 402 392 12 265 15 0 1 24 14 32 1 13
63431 486 87 253 18 849 3135 1734 458 264 39 69 1468 589 323 368 0 615 35 1258 234 46 17 19 1040 1051 28 685 40 2 3 67 45 78 4 34
63436 476 87 31 2 113 393 230 56 35 4 8 194 75 41 44 0 78 4 164 31 6 2 2 139 129 3 89 5 0 0 8 4 10 0 4
63441 485 87 95 9 314 1184 646 164 98 14 27 544 215 115 138 0 231 14 479 91 16 6 8 400 399 10 258 13 1 1 22 16 32 1 11
63442 517 87 33 2 106 404 221 55 34 5 8 181 78 40 45 0 83 5 168 30 5 2 2 141 133 3 87 4 0 0 9 6 11 0 3
63444 509 92 32 2 109 408 212 62 35 5 8 196 75 43 49 0 81 4 158 32 6 2 2 141 130 4 85 4 0 0 8 4 10 0 5
63446 561 105 36 2 114 455 239 56 38 5 11 200 78 44 48 0 87 4 178 34 6 2 2 152 149 3 95 5 0 0 8 6 12 0 4
63447 505 94 36 3 121 451 236 67 41 6 9 209 88 46 54 0 90 5 179 33 6 2 3 152 145 5 100 6 0 0 10 5 12 0 4
63448 555 89 34 2 122 428 231 69 34 4 10 216 82 46 52 0 86 4 166 31 5 1 2 141 138 3 94 6 0 0 9 6 10 0 6
63449 504 87 96 7 321 1199 637 189 103 15 24 559 222 129 128 0 238 10 451 89 17 8 6 402 395 9 254 16 0 1 24 14 30 1 15
63457 526 180 35 3 112 415 224 60 40 5 8 195 80 40 51 0 83 4 165 34 6 2 2 146 132 4 92 5 0 0 8 5 11 0 3
63464 531 180 62 6 216 783 440 115 69 9 15 369 146 79 94 0 155 10 318 61 11 4 4 265 265 7 172 9 0 0 16 9 18 0 7
63465 543 180 73 5 244 880 458 141 73 10 19 426 167 94 108 0 174 7 333 62 12 3 4 293 281 9 189 13 0 1 17 11 21 1 12
63468 539 180 94 6 328 1163 647 184 96 13 27 555 222 131 145 0 236 10 464 84 17 6 7 383 381 9 266 17 0 1 25 16 28 2 15
63469 547 180 250 20 836 3071 1645 468 263 38 67 1451 578 322 379 0 618 35 1205 229 43 17 18 1025 1018 29 683 43 1 4 62 40 81 4 34
63473 548 180 38 2 123 454 238 72 38 4 9 218 85 49 54 0 86 4 170 33 7 2 2 151 147 5 95 6 0 0 9 5 11 0 6
63474 549 180 266 20 896 3286 1733 507 277 37 76 1562 606 351 401 0 651 30 1259 244 47 18 18 1095 1076 28 689 49 1 4 64 43 80 5 43
63475 553 180 210 17 734 2621 1459 391 224 32 56 1237 495 272 300 0 526 29 1041 201 36 14 16 875 879 22 593 32 1 3 55 34 64 3 28
63478 553 180 70 5 238 831 444 130 71 9 18 402 160 88 106 0 167 7 333 58 10 3 3 273 277 6 179 10 0 1 16 11 20 1 10
63480 646 195 35 2 117 438 236 68 38 5 9 212 83 46 51 0 87 5 171 33 6 2 2 147 144 4 94 6 0 0 8 6 12 0 4
63483 647 192 67 4 230 842 444 129 72 9 18 391 159 90 102 0 164 7 322 62 12 4 5 287 274 9 184 12 0 1 16 10 22 1 10
63484 637 180 33 2 118 419 230 69 37 5 8 205 83 45 52 0 82 5 165 32 6 2 2 142 136 5 94 5 0 0 7 5 11 0 4
63487 638 180 34 2 127 433 246 64 36 5 8 209 84 45 53 0 86 4 177 33 5 2 2 143 145 4 96 5 0 0 10 6 10 0 4
63493 637 180 128 11 443 1615 870 242 136 19 36 743 299 170 198 0 318 18 646 123 24 9 10 541 537 15 354 20 1 2 33 20 42 2 17
63494 662 175 38 2 123 456 238 70 39 5 8 210 87 51 49 0 89 4 173 32 7 2 2 153 148 3 97 7 0 0 8 5 12 0 6
63499 646 175 36 3 121 447 240 67 38 5 9 223 84 48 50 0 83 6 173 34 5 2 2 156 145 4 95 6 0 0 8 7 12 0 4
63505 631 175 68 4 219 820 435 120 68 10 17 380 150 86 101 0 156 7 322 56 12 3 4 269 264 7 177 11 0 1 16 12 20 1 10
63507 634 175 37 2 139 465 261 76 39 5 10 229 89 52 63 0 96 3 188 31 6 2 2 157 151 4 110 7 0 0 8 6 10 0 6
63508 641 182 70 4 242 858 457 137 68 9 18 413 161 90 105 0 170 7 334 63 11 3 4 284 284 7 183 12 0 1 18 11 21 1 11
63511 429 45 191 16 638 2332 1287 347 200 31 47 1092 443 245 290 0 468 26 946 171 32 14 16 778 769 20 526 32 1 2 48 30 60 4 25
63512 452 46 95 7 323 1165 643 182 98 13 26 564 225 123 153 0 239 11 466 84 16 6 8 387 388 12 267 17 0 1 25 14 28 1 13
63518 438 45 222 16 745 2736 1488 425 233 35 59 1307 520 288 321 0 540 30 1083 206 35 16 15 907 915 24 590 34 2 3 53 40 70 3 28
63519 456 46 68 4 231 859 455 133 72 9 19 414 158 92 110 0 167 7 332 62 13 4 5 289 280 9 188 12 0 1 17 10 23 1 11
63522 456 46 200 15 670 2440 1282 374 205 27 56 1164 456 255 300 0 485 23 937 176 32 12 14 800 801 23 520 35 1 3 48 34 60 3 28
63523 526 85 70 5 229 840 440 130 71 9 18 397 154 90 100 0 163 7 318 63 11 3 4 280 272 6 174 13 0 1 17 11 22 1 11
63526 497 49 34 2 118 437 228 67 36 5 10 213 82 47 53 0 86 5 168 31 5 2 2 154 141 4 96 5 0 0 8 5 11 0 5
63528 506 51 126 10 448 1588 881 239 135 18 33 770 305 166 211 0 324 18 647 118 22 8 10 539 525 16 361 20 1 1 32 21 40 2 16
63532 480 43 65 6 235 824 438 133 70 9 18 405 158 89 102 0 161 10 326 61 12 4 5 277 267 9 182 10 0 1 17 10 21 1 9
63535 439 52 36 3 124 478 249 70 37 4 11 224 83 49 52 0 93 4 181 33 6 2 3 159 158 4 97 7 0 0 10 7 11 0 5
63538 440 52 37 2 130 454 241 73 39 4 10 226 84 48 56 0 91 2 175 32 6 2 2 151 151 4 96 6 0 0 9 6 10 0 6
63539 440 52 40 1 134 485 247 78 39 4 10 228 87 50 59 0 93 3 181 35 7 1 2 157 156 4 99 7 0 0 9 5 12 0 7
63540 484 42 31 2 107 403 226 56 35 5 8 186 74 39 41 0 79 6 158 30 5 2 2 133 139 3 90 4 0 0 8 5 11 0 3
63542 465 42 67 5 225 830 440 128 69 9 18 394 150 88 94 0 163 6 315 61 12 4 4 280 275 7 173 11 0 1 17 11 20 1 11
63545 459 42 105 7 352 1288 684 193 107 13 28 610 235 139 152 0 259 11 497 92 18 6 8 426 432 11 279 18 0 2 27 17 33 1 16
63550 459 42 129 9 440 1578 853 240 137 20 34 756 296 169 206 0 314 14 630 117 22 8 10 526 517 15 348 21 1 2 33 20 39 2 18
63551 468 42 130 9 452 1611 884 243 134 19 35 787 307 172 217 0 324 16 651 115 22 7 8 532 542 15 352 23 1 2 34 21 39 2 19
63552 459 42 99 7 326 1233 642 179 104 14 26 579 225 131 144 0 242 10 468 92 18 6 6 415 399 11 256 18 0 1 25 13 32 1 16
63558 465 42 64 5 206 776 430 106 68 10 16 354 142 78 90 0 155 9 308 57 10 4 6 258 256 6 174 9 0 0 17 10 19 1 8
63561 465 42 62 5 217 761 428 119 65 10 15 377 146 83 93 0 152 7 305 57 11 3 4 259 253 6 168 10 0 1 15 10 18 1 9
63562 454 42 31 2 113 425 227 61 35 5 9 203 78 44 49 0 82 5 168 32 6 2 3 150 136 4 93 5 0 0 8 5 11 0 4
63563 454 42 71 5 245 877 474 139 74 10 19 426 169 95 115 0 177 9 349 63 13 5 5 287 296 8 190 12 0 1 16 12 21 1 10
63569 469 42 36 3 127 453 244 69 40 5 9 226 85 47 61 0 88 4 181 34 7 2 2 153 146 5 100 5 0 0 10 6 11 0 4
63575 467 42 40 2 130 480 243 73 40 4 11 230 87 51 58 0 91 3 176 33 7 1 1 156 155 4 97 7 0 0 10 6 11 0 7
63581 468 42 64 5 222 807 425 125 70 10 17 390 152 81 106 0 162 8 320 61 11 4 5 274 260 8 178 10 0 1 16 11 20 0 10
63585 456 42 37 2 119 461 231 64 38 4 10 209 80 49 47 0 85 4 163 34 6 2 2 152 145 3 93 7 0 0 10 6 13 0 6
63587 456 42 133 9 434 1630 856 241 138 19 35 763 302 173 192 0 314 15 620 121 24 9 8 549 527 15 343 23 1 2 34 18 43 2 20
63590 456 42 65 5 225 808 436 129 67 10 18 405 155 87 95 0 158 8 309 58 12 4 4 277 264 8 176 11 0 1 15 11 20 1 9
63591 456 42 61 5 205 775 415 104 71 10 16 361 146 79 94 0 150 10 309 60 11 5 5 264 247 7 175 9 0 0 17 9 22 0 7
63592 458 42 69 5 237 861 454 130 73 9 19 404 156 88 99 0 166 8 327 64 12 4 5 283 282 8 182 12 0 1 17 12 20 1 10
63599 459 42 71 4 238 873 456 129 73 9 19 415 158 92 124 0 175 7 344 63 12 3 4 284 286 8 186 14 0 1 18 10 20 1 11
63603 509 42 103 8 349 1275 658 202 102 13 29 620 236 135 156 0 249 10 478 91 18 5 7 426 408 12 273 18 0 1 25 17 32 2 17
63605 495 42 34 2 122 421 233 71 33 5 9 210 81 48 54 0 83 3 170 30 5 2 1 142 139 3 94 5 0 0 9 6 10 0 5
63609 468 52 93 7 333 1159 653 181 97 13 25 568 226 126 154 0 235 12 483 86 17 6 6 396 384 10 265 16 0 1 25 15 28 2 14
63612 486 42 100 7 337 1227 652 187 105 14 26 580 230 130 142 0 239 12 471 93 18 7 6 421 396 11 264 17 0 1 25 13 32 1 15
63614 453 45 36 2 118 432 230 66 36 4 9 208 81 46 50 0 86 4 164 31 6 2 2 147 139 3 91 6 0 0 8 6 11 0 5
63615 452 45 36 2 122 448 239 70 37 4 10 214 82 46 53 0 88 3 169 33 7 2 2 151 146 4 95 6 0 0 8 5 12 0 5
63617 450 42 34 3 116 433 238 63 36 5 9 197 79 43 53 0 87 4 173 32 6 2 3 145 144 4 91 5 0 0 9 5 10 0 4
63624 451 42 32 2 112 405 221 61 36 4 8 196 77 44 51 0 80 3 164 30 6 2 2 140 130 4 91 5 0 0 8 4 10 0 4
63628 449 42 62 5 220 822 438 121 68 10 20 394 151 85 94 0 164 10 318 60 10 5 4 275 275 6 170 11 0 1 15 10 20 1 9
63630 463 42 38 2 131 478 247 71 38 4 10 229 86 49 57 0 98 4 188 32 5 2 2 157 159 3 96 5 0 0 9 7 10 0 5
63634 457 45 40 2 129 475 245 75 37 4 11 229 86 52 61 0 95 3 179 32 7 1 2 153 155 4 98 8 0 0 9 7 12 0 7
63639 466 42 190 15 661 2359 1314 353 197 30 50 1088 440 245 295 0 480 28 979 176 33 14 14 779 798 21 522 29 1 2 52 33 61 3 24
63641 456 52 100 8 350 1271 686 197 107 16 28 619 233 135 155 0 251 13 504 95 17 6 6 435 424 12 275 16 0 2 24 16 31 1 14
63642 466 42 35 3 111 418 221 61 38 5 8 198 79 45 48 0 84 4 165 32 7 2 2 141 135 4 89 5 0 0 8 4 11 0 5
63644 458 44 38 2 126 446 238 70 36 4 9 213 83 47 53 0 89 4 174 30 7 1 2 144 146 4 95 6 0 0 9 6 11 0 6
63646 455 42 37 2 124 441 252 64 36 5 9 208 85 45 51 0 86 4 180 31 6 2 2 145 152 3 96 6 0 0 10 6 11 0 4
63647 456 42 193 15 654 2379 1287 352 203 28 52 1130 450 249 306 0 482 25 949 174 34 11 15 791 790 23 528 34 1 3 51 32 61 3 27
63648 455 42 126 10 421 1533 837 226 132 20 31 721 284 159 177 0 303 20 604 119 22 9 8 527 504 12 335 20 0 1 32 20 42 1 15
63652 451 42 61 5 215 783 434 117 69 11 16 360 150 79 87 0 155 11 310 60 11 5 4 267 258 8 176 10 0 0 15 9 19 0 7
63659 456 42 37 2 126 475 245 74 36 4 12 228 83 49 55 0 95 4 179 33 7 1 2 157 158 4 97 7 0 0 8 6 12 0 6
63661 457 42 66 5 236 830 445 131 70 9 19 412 156 87 110 0 167 8 331 62 11 4 4 278 275 7 179 11 0 1 18 10 18 1 9
63666 470 42 163 12 552 2022 1078 308 169 22 43 963 377 212 253 0 405 20 794 148 30 11 13 678 656 20 445 28 1 2 40 25 54 2 24
