63669 471 42 34 2 120 437 232 66 36 5 9 215 79 44 48 0 83 4 174 30 6 1 2 150 147 3 89 5 0 0 8 5 11 0 4
63670 485 42 102 7 347 1235 674 184 103 14 26 591 235 130 159 0 247 12 497 88 17 6 6 413 406 10 269 16 0 1 25 18 31 1 14
63671 485 42 65 6 224 812 436 124 72 10 17 384 151 82 93 0 157 10 308 64 12 4 6 275 267 7 177 11 0 0 16 11 21 0 8
63672 486 42 66 5 220 779 433 123 63 8 16 366 147 83 95 0 157 8 315 54 11 4 4 261 261 5 172 10 0 1 17 11 18 1 9
63675 484 42 41 1 131 480 239 75 39 4 11 233 83 52 57 0 92 3 176 34 8 1 2 158 156 4 95 8 0 0 10 5 12 0 8
63680 551 69 123 10 447 1566 860 254 129 18 33 773 298 169 203 0 314 15 620 115 22 7 8 520 533 13 346 21 0 2 31 21 37 2 20
63681 564 68 64 5 227 807 444 134 64 8 17 397 151 89 99 0 162 8 319 56 12 3 4 271 269 7 174 11 0 1 16 10 21 1 10
63685 572 32 93 8 315 1184 656 162 101 17 23 525 214 118 119 0 225 14 480 94 17 8 8 395 400 11 259 13 1 1 27 16 32 1 9
63686 544 32 180 16 659 2308 1279 360 195 28 49 1105 442 244 288 0 472 25 925 177 32 12 15 776 771 21 522 31 1 3 47 28 57 3 27
63687 532 32 37 2 125 464 237 73 40 5 9 219 85 53 54 0 91 3 174 35 6 2 2 153 151 3 94 7 0 0 9 5 13 0 6
63689 531 32 70 6 247 864 465 144 69 9 21 416 163 92 105 0 172 7 328 63 11 3 4 289 284 6 185 12 0 1 16 12 19 1 11
63691 533 31 71 4 231 852 429 132 71 9 18 425 156 92 115 0 167 6 326 60 14 3 4 283 273 10 179 12 0 1 17 9 20 1 11
63692 559 31 40 2 131 481 248 75 38 4 11 233 86 52 55 0 93 3 171 32 7 1 2 157 157 4 97 8 0 0 9 7 12 0 7
63693 551 32 42 2 136 501 261 80 40 5 12 253 95 55 64 0 99 4 191 34 7 1 2 164 165 5 104 8 0 0 9 7 12 0 6
63694 550 31 141 9 477 1701 913 271 140 17 39 833 318 185 224 0 335 14 662 119 25 7 11 563 563 16 373 25 0 2 34 23 42 3 23
63698 531 34 71 4 232 845 435 134 69 8 19 410 158 93 103 0 171 7 319 62 12 3 3 282 274 7 178 13 0 1 16 10 20 1 12
63701 565 40 39 2 138 485 251 78 41 4 10 231 90 52 55 0 94 4 183 37 7 2 2 159 161 5 101 6 0 0 9 6 12 0 5
63702 564 39 66 5 225 835 467 113 70 9 18 385 152 83 102 0 166 8 334 62 10 4 6 272 279 7 190 11 0 0 17 13 22 1 8
63703 608 41 156 14 518 1923 1066 274 168 26 40 901 359 197 238 0 388 23 796 147 27 12 13 645 629 18 433 23 1 2 39 25 49 2 20
63707 694 70 71 5 242 864 467 137 75 11 18 401 160 91 96 0 169 9 339 65 13 4 5 286 290 9 185 12 0 1 17 10 24 1 9
63711 691 64 69 5 230 830 451 130 72 10 18 395 156 86 93 0 162 8 324 61 12 4 5 280 276 8 182 11 0 1 17 10 22 1 10
63714 675 48 36 3 121 454 238 67 40 6 9 212 84 49 50 0 86 4 175 33 6 2 2 157 147 3 97 5 0 0 8 5 12 0 5
63717 667 44 88 10 308 1119 640 168 101 15 22 514 221 114 131 0 227 14 467 88 15 8 9 382 368 9 257 12 1 1 23 14 29 1 9
63718 666 43 33 3 112 429 226 63 36 5 10 205 76 46 48 0 87 4 166 32 6 2 3 147 145 4 91 5 0 0 8 4 11 0 5
63719 735 29 163 13 547 2009 1090 300 173 24 43 958 379 213 249 0 406 22 819 156 28 10 11 668 670 18 445 25 1 2 42 26 52 3 21
63720 588 34 39 3 127 473 241 71 41 5 11 230 91 49 63 0 93 4 182 34 6 1 2 156 148 5 100 7 0 0 8 5 12 0 5
63724 601 29 68 4 223 825 446 122 69 9 19 383 151 85 94 0 161 9 327 61 11 4 5 283 274 7 181 11 0 1 16 11 21 1 9
63726 595 29 67 4 228 842 455 123 70 10 18 392 150 88 100 0 165 9 335 59 11 5 5 279 281 7 178 11 0 1 17 10 20 1 10
63732 595 29 103 8 337 1266 659 184 107 15 29 615 229 129 153 0 250 12 491 91 16 6 7 422 416 12 265 17 0 1 26 17 31 1 15
63733 623 64 98 8 332 1215 666 180 100 15 26 582 224 131 159 0 254 12 495 86 17 7 8 404 401 9 276 16 0 1 26 17 30 2 14
63736 626 62 97 7 334 1197 647 191 102 14 25 582 228 129 154 0 239 12 471 89 16 6 7 397 396 12 267 17 0 1 24 13 30 1 15
63744 626 62 124 10 416 1539 837 224 132 20 31 709 289 165 184 0 297 16 621 113 22 9 9 517 504 13 342 19 1 1 33 17 39 2 16
63746 622 62 73 4 243 896 472 134 72 9 20 413 159 94 111 0 181 6 351 60 12 3 6 284 301 7 188 13 0 1 17 13 21 1 11
63748 622 62 173 12 581 2096 1130 313 175 23 47 994 395 224 271 0 424 19 838 151 29 10 12 693 694 18 454 28 1 3 41 29 52 3 25
63750 624 62 36 2 122 427 236 63 38 5 8 207 81 46 51 0 85 4 169 31 6 2 2 147 143 3 92 5 0 0 9 6 9 0 5
63752 618 35 134 12 478 1689 941 248 139 18 36 815 317 176 205 0 347 15 680 122 22 8 10 558 581 13 376 22 0 2 34 24 41 2 18
63753 614 36 36 2 122 435 234 67 38 4 9 215 81 46 58 0 88 3 175 32 5 1 2 143 145 3 93 6 0 0 9 6 9 0 6
63754 608 35 66 5 217 827 439 122 72 10 18 382 155 87 99 0 170 8 326 64 11 5 4 281 271 7 179 10 0 0 16 10 22 1 9
63756 607 35 205 14 675 2471 1327 374 204 29 57 1174 453 258 298 0 489 24 960 178 37 13 15 828 821 22 527 35 1 3 50 32 63 3 31
63760 606 35 68 5 222 833 437 126 71 9 18 408 153 88 98 0 163 8 320 63 12 4 4 284 271 8 181 10 0 1 15 10 23 0 9
63763 607 35 66 6 221 832 454 117 73 10 18 395 155 82 95 0 163 8 340 67 12 5 4 285 282 10 173 10 0 0 16 10 21 0 6
63770 618 55 34 3 124 437 245 68 36 5 9 211 80 48 49 0 89 4 176 32 6 3 2 148 149 3 94 5 0 0 9 5 10 0 5
63778 628 53 37 4 128 456 248 72 38 5 8 230 89 47 61 0 96 4 186 32 6 2 2 152 154 4 100 6 0 0 9 5 12 0 5
63779 598 66 61 5 211 769 427 120 66 10 16 360 143 81 86 0 152 10 302 61 10 4 5 264 255 6 168 9 0 1 15 10 18 1 7
63785 634 48 38 2 125 452 243 68 39 5 9 213 85 47 51 0 89 3 173 33 6 2 2 154 151 3 96 6 0 0 9 5 12 0 6
63786 604 35 68 5 226 841 452 130 69 10 19 402 155 90 105 0 166 8 330 60 12 5 4 277 283 7 175 12 0 1 16 10 21 1 10
63787 637 58 96 7 330 1210 647 176 105 14 27 583 223 125 160 0 236 12 483 92 17 6 8 403 396 12 262 16 0 1 26 15 29 1 14
63788 638 58 42 2 135 493 257 76 41 5 11 228 89 53 57 0 98 3 189 33 6 2 2 159 162 3 103 7 0 0 9 7 11 0 6
63789 634 57 67 5 220 815 428 123 69 9 18 394 152 84 106 0 160 8 324 62 10 4 5 274 266 8 174 10 0 1 16 10 20 1 9
63793 636 36 67 6 244 857 467 136 69 9 19 430 159 90 108 0 175 9 342 61 12 4 5 284 289 8 192 11 0 1 17 11 20 1 10
63794 633 34 97 7 345 1234 678 188 101 14 28 598 233 128 155 0 254 12 493 89 16 6 7 412 415 10 269 16 0 2 25 17 30 1 16
63796 598 44 99 8 339 1261 673 187 106 15 30 597 236 133 149 0 249 13 487 97 16 7 9 428 413 12 277 15 0 1 25 17 34 1 12
63803 599 44 38 2 122 448 240 64 37 4 9 206 81 46 50 0 89 3 172 31 6 2 2 148 148 3 97 6 0 0 8 5 10 0 6
63804 598 44 175 14 582 2109 1136 312 178 25 46 997 401 222 276 0 422 21 845 152 28 11 11 696 696 19 454 29 1 2 43 29 54 3 24
63805 583 33 36 2 118 442 229 67 37 5 10 207 81 48 53 0 89 4 174 32 6 2 2 146 145 3 93 5 0 0 9 5 10 0 5
63811 584 33 65 4 226 824 444 120 69 9 18 381 154 85 99 0 165 9 325 64 11 4 5 275 269 7 181 11 0 1 16 10 19 1 9
63813 588 33 33 3 126 421 242 67 37 5 9 210 83 46 54 0 87 4 171 32 5 2 2 146 138 4 99 4 0 0 8 4 9 0 4
63819 584 29 98 7 339 1202 653 192 102 12 26 585 225 131 161 0 241 11 477 90 17 5 9 397 394 11 265 17 0 1 24 15 29 1 15
63827 586 29 35 2 118 422 225 68 35 4 9 204 79 47 47 0 81 4 153 31 6 2 2 146 133 2 91 5 0 0 8 5 10 0 5
63829 588 29 37 2 127 469 237 69 40 5 10 223 85 52 51 0 86 4 168 36 6 3 3 159 149 3 95 6 0 0 10 6 13 0 6
63831 589 29 32 3 108 407 227 60 33 4 7 190 75 41 47 0 83 4 166 30 4 2 2 135 139 3 88 4 0 0 9 6 11 0 3
63834 604 35 103 7 342 1267 667 190 104 14 29 607 227 134 153 0 251 11 489 91 18 5 6 424 421 12 264 18 0 1 27 17 32 1 16
63839 602 33 261 19 878 3172 1700 488 268 37 72 1520 595 331 392 0 631 31 1233 230 43 17 18 1049 1047 30 688 44 2 4 63 44 80 4 37
63844 601 33 73 5 239 890 458 137 75 10 19 418 164 97 101 0 170 8 333 66 12 4 6 296 287 8 185 13 0 1 18 12 23 1 11
63845 601 33 101 8 348 1274 678 187 107 15 28 612 232 132 163 0 258 12 511 91 18 6 8 421 424 11 281 17 0 1 24 15 32 1 15
63852 600 33 133 11 454 1632 874 249 140 18 35 777 308 172 200 0 315 15 634 120 23 9 10 546 536 17 356 22 0 2 34 19 40 2 19
63854 601 37 105 7 351 1290 669 197 106 13 30 621 232 137 165 0 254 11 508 93 19 6 7 429 425 11 273 17 0 2 25 16 32 2 17
63855 601 37 104 6 346 1254 681 185 103 13 28 584 230 129 147 0 247 11 486 89 17 5 6 408 418 10 273 18 0 1 27 17 30 2 17
63857 601 37 43 1 141 514 258 81 41 4 11 243 91 54 63 0 105 2 191 35 6 1 2 163 168 3 103 8 0 0 10 7 11 0 8
63861 601 37 100 7 333 1234 665 185 104 15 28 580 222 127 142 0 239 12 475 93 18 6 7 406 408 13 257 18 0 1 24 16 30 1 15
63870 601 37 64 5 232 848 450 127 69 9 18 406 156 90 91 0 161 9 318 64 11 4 4 290 275 6 176 11 0 1 17 11 20 1 10
63871 590 29 39 2 125 464 234 70 40 5 8 222 87 50 58 0 92 3 178 32 6 2 2 151 149 4 96 6 0 0 9 6 11 0 6
63875 602 31 34 3 122 426 240 68 36 5 8 216 83 46 56 0 85 4 179 31 5 2 2 143 141 4 96 6 0 0 8 6 11 0 4
63877 612 29 132 10 455 1656 892 257 140 20 38 802 313 176 200 0 330 15 644 121 23 9 10 571 542 14 358 22 0 2 32 21 44 2 20
63878 602 37 34 3 130 443 241 75 36 4 10 222 83 49 56 0 89 4 172 30 6 1 2 150 149 3 95 6 0 1 8 6 10 0 5
63879 580 30 185 16 645 2319 1276 343 203 30 51 1115 447 242 288 0 472 26 936 178 32 13 15 779 769 23 519 29 1 2 48 29 57 3 24
63886 606 29 66 5 228 828 462 126 72 11 15 386 163 88 96 0 160 9 332 63 12 6 5 278 272 9 191 11 0 1 17 11 21 0 7
63887 623 40 88 9 330 1143 660 175 97 14 25 558 225 122 170 0 237 13 494 84 16 7 9 382 387 10 276 15 0 1 23 14 29 2 11
63888 582 33 66 6 216 824 414 119 69 8 18 392 147 84 98 0 165 7 316 61 11 4 4 278 263 8 176 10 0 0 16 10 20 0 10
63890 581 32 105 7 356 1283 677 198 105 14 30 620 237 135 161 0 260 12 501 91 17 6 7 423 423 11 278 18 0 1 27 16 32 2 16
63891 585 32 145 10 481 1781 940 263 145 19 38 824 322 186 199 0 344 16 668 134 25 9 10 590 586 16 376 26 0 3 36 22 46 2 22
63892 660 41 268 22 887 3282 1745 498 277 37 74 1563 604 351 397 0 648 34 1274 242 47 16 22 1093 1081 33 710 47 2 4 66 44 85 4 39
63893 617 34 71 4 237 872 459 131 71 9 18 411 158 90 104 0 168 7 341 63 11 4 4 287 281 8 186 12 0 1 18 12 20 1 10
63894 619 34 264 26 927 3332 1906 493 292 46 68 1571 643 350 406 0 680 42 1380 256 46 22 24 1153 1118 27 769 40 2 3 67 42 87 4 31
63898 625 34 41 2 139 495 256 80 39 4 11 243 92 54 61 0 99 3 186 34 7 1 2 159 166 4 104 7 0 1 10 6 12 0 7
63899 596 34 68 5 239 832 481 129 70 9 16 399 160 86 101 0 168 8 338 61 11 4 6 278 285 8 195 11 0 0 17 10 20 1 9
63901 599 29 131 8 448 1627 863 253 132 18 37 780 303 177 208 0 324 15 633 118 23 7 9 541 534 14 354 23 0 2 33 21 39 2 21
63902 597 29 36 2 128 455 263 69 37 5 9 215 87 51 57 0 93 4 189 32 6 2 3 151 153 4 105 6 0 0 9 6 11 0 4
63905 542 45 39 2 133 479 244 77 38 4 11 237 87 51 62 0 96 3 179 33 7 1 3 156 155 5 100 8 0 1 8 5 11 0 8
63908 602 54 93 7 329 1167 640 176 103 16 23 566 217 124 144 0 232 12 464 86 17 6 6 394 394 10 263 15 0 1 24 14 30 1 13
63916 597 35 68 5 230 854 461 128 70 10 19 397 156 88 100 0 171 8 338 62 12 4 5 278 289 6 182 10 0 1 16 11 22 1 9
63917 621 29 107 6 348 1281 682 187 107 15 29 604 225 134 158 0 259 10 501 88 17 6 7 420 429 9 272 19 0 2 25 19 30 2 17
63919 618 29 65 5 234 807 458 127 68 10 17 396 154 87 95 0 164 9 319 59 11 4 5 274 278 6 184 10 0 1 17 10 18 1 9
63921 533 29 65 5 224 846 451 121 69 10 18 395 151 88 99 0 167 9 337 62 11 5 5 282 279 7 178 11 0 1 16 11 22 1 9
63927 536 29 71 4 238 866 455 128 71 9 18 401 162 95 99 0 171 7 330 64 12 4 5 285 277 7 185 13 0 1 19 12 22 1 11
63934 556 31 38 2 130 465 252 71 41 6 10 218 88 48 50 0 91 3 177 37 6 2 2 159 152 4 105 6 0 0 9 5 12 0 5
63935 543 31 33 2 112 413 219 60 36 5 8 193 77 42 44 0 76 4 151 32 6 2 2 149 127 3 87 5 0 0 8 5 9 0 5
63936 577 29 36 3 127 449 242 72 38 5 8 219 85 48 54 0 91 4 175 35 6 2 2 153 151 3 97 5 0 0 8 5 11 0 5
63938 557 39 108 6 362 1328 697 199 109 15 30 624 238 141 159 0 263 10 508 93 19 6 7 432 443 11 278 20 0 1 26 17 32 2 18
63939 547 29 73 6 251 917 489 137 75 10 20 438 171 95 108 0 184 7 354 69 12 4 5 307 299 8 203 12 0 1 19 12 24 1 10
63942 547 29 315 25 1061 3874 2074 589 328 46 87 1854 725 410 504 0 776 40 1531 284 55 20 25 1291 1283 39 849 52 2 5 81 47 98 6 47
63945 536 29 32 3 116 416 240 61 34 5 8 199 80 44 46 0 82 4 174 31 6 2 2 139 143 3 93 4 0 0 9 5 11 0 4
63946 535 29 35 2 123 447 242 66 35 5 9 207 83 48 49 0 90 3 176 30 5 2 2 149 151 2 93 6 0 0 10 6 11 0 5
63947 534 30 94 8 325 1179 646 175 100 15 26 576 221 121 146 0 238 12 471 87 17 6 6 395 400 11 255 15 0 1 24 13 27 1 13
63950 529 29 97 7 331 1200 641 186 104 14 27 547 223 131 132 0 237 13 468 93 16 7 7 407 389 11 265 15 0 1 25 17 30 1 12
63952 538 29 36 2 124 451 235 69 36 5 9 213 83 47 49 0 88 3 167 34 6 3 2 157 144 3 93 6 0 0 8 6 11 0 6
63957 546 29 156 12 521 1943 1025 292 164 23 44 924 358 201 242 0 387 20 763 141 28 11 12 654 638 19 418 26 1 2 39 22 48 3 24
63959 553 29 159 12 534 1964 1054 300 165 24 45 940 364 212 247 0 395 19 781 145 28 10 11 657 646 17 428 27 1 2 39 25 52 3 23
63961 538 29 39 2 124 459 233 69 39 5 9 209 82 48 50 0 86 3 169 33 6 2 2 154 146 3 92 7 0 0 9 6 11 0 6
63963 535 29 66 5 227 822 456 117 71 10 17 393 154 84 97 0 163 8 332 63 11 4 4 278 278 7 189 10 0 1 17 10 22 0 8
63965 546 31 35 2 132 466 256 73 38 5 10 230 85 49 60 0 96 3 187 34 6 2 3 157 158 3 104 6 0 0 8 5 11 0 6
63969 546 31 38 2 122 469 231 68 38 5 9 218 85 49 52 0 92 3 175 34 6 2 1 160 150 3 96 6 0 0 9 6 12 0 5
63974 546 31 68 4 231 852 457 130 71 8 19 415 154 91 100 0 167 8 325 62 12 4 5 289 282 9 183 12 0 1 15 11 21 1 11
63977 547 43 36 2 124 468 242 68 38 4 11 226 83 50 59 0 94 4 180 35 7 2 2 159 152 4 99 6 0 0 9 5 12 0 6
63980 547 43 104 6 330 1246 656 175 102 14 28 562 224 127 135 0 242 11 478 88 16 6 7 414 403 8 259 18 0 1 24 18 33 2 15
63983 545 42 100 7 348 1251 679 196 103 13 27 600 227 131 148 0 253 10 477 91 18 6 7 422 422 11 274 17 0 2 24 15 30 1 17
64000 528 29 162 13 557 2011 1095 306 172 23 45 947 374 208 241 0 399 20 797 149 29 10 13 671 666 19 445 28 1 2 41 26 52 3 24
64002 545 29 71 5 225 815 436 128 69 9 16 388 153 87 100 0 162 8 317 61 12 3 5 275 266 6 177 12 0 1 17 10 20 1 11
64011 536 30 93 8 327 1200 680 175 98 15 25 561 224 123 133 0 239 13 482 90 16 7 8 409 409 10 265 15 0 1 26 15 31 1 13
64013 534 29 37 1 129 446 241 70 38 4 9 216 83 47 58 0 86 4 171 32 6 1 2 147 145 3 98 6 0 0 9 5 10 0 6
64015 555 29 76 5 267 929 472 154 72 8 22 459 172 102 125 0 187 5 354 64 12 3 4 301 306 7 188 14 0 1 18 12 21 1 14
64016 544 29 31 3 113 408 238 56 38 6 7 197 79 42 47 0 84 5 171 32 6 3 3 147 136 4 97 4 0 0 8 4 10 0 3
64018 556 34 39 3 136 490 256 73 39 4 11 234 87 50 60 0 99 3 190 33 6 2 2 158 164 4 103 7 0 0 9 6 11 0 6
64026 556 34 41 2 135 492 252 76 40 4 11 232 89 54 59 0 99 3 182 33 7 1 2 161 158 4 101 8 0 0 10 7 13 0 7
64027 557 34 196 15 676 2390 1357 356 201 30 51 1139 446 247 311 0 484 24 977 174 33 12 17 782 816 21 552 34 1 2 51 32 58 3 27
64029 560 34 64 5 221 814 417 129 66 8 17 394 150 87 98 0 162 7 306 58 11 4 4 275 262 7 166 11 0 1 16 10 20 1 10
64031 542 29 158 13 554 2011 1108 304 166 24 42 951 374 210 240 0 404 22 797 146 29 10 14 665 685 18 444 27 0 2 39 26 51 3 23
64036 540 29 103 9 347 1272 684 192 104 15 26 590 237 136 154 0 255 11 505 93 18 7 8 417 422 10 270 17 0 2 25 17 32 2 16
64037 534 29 73 5 241 895 469 132 72 8 21 428 161 93 116 0 182 8 346 64 12 3 5 293 296 8 194 13 0 1 18 11 22 1 12
64038 536 29 98 8 330 1208 663 178 104 15 26 578 225 127 147 0 239 14 484 88 16 6 7 408 403 10 269 15 0 1 26 16 29 1 13
64040 579 57 168 14 563 2097 1090 317 176 23 47 997 382 222 259 0 413 19 808 158 29 10 13 698 687 20 449 29 0 3 40 28 55 3 25
64048 597 50 39 2 128 463 255 71 39 5 9 215 86 46 57 0 92 4 180 34 6 2 2 150 156 4 105 7 0 0 9 6 12 0 6
64050 591 30 35 1 110 429 219 62 35 5 9 200 75 45 46 0 83 4 156 31 7 2 1 149 138 3 86 6 0 0 8 5 10 0 6
64057 585 29 186 16 619 2276 1229 350 192 26 52 1078 430 247 278 0 454 25 902 172 33 12 15 752 756 23 503 30 1 3 47 30 58 3 28
64060 585 29 33 3 113 406 226 57 36 5 7 186 76 42 43 0 76 4 162 31 5 3 2 143 131 3 93 4 0 0 10 5 11 0 3
64064 586 29 32 3 113 412 232 59 37 6 8 196 82 43 46 0 83 5 171 31 6 2 2 149 134 3 98 4 0 0 9 5 12 0 3
64072 560 31 107 8 356 1319 677 197 108 13 30 628 236 139 167 0 260 9 511 97 18 5 7 433 433 12 275 19 0 1 24 16 33 2 18
64076 564 31 35 3 121 441 233 66 38 5 10 212 81 47 54 0 89 5 173 33 6 2 2 149 144 4 94 6 0 0 8 5 11 0 5
64077 560 31 61 4 217 777 433 118 67 10 16 377 150 84 96 0 158 8 313 59 11 5 4 259 258 7 176 10 0 1 15 9 19 1 9
64080 560 31 165 13 560 2027 1100 311 174 24 45 968 380 212 237 0 401 23 796 150 30 10 12 681 675 19 441 26 1 2 40 25 53 2 22
64081 563 29 251 21 861 3109 1708 470 260 36 69 1493 592 327 404 0 637 34 1259 229 44 15 22 1032 1048 29 699 42 2 4 62 43 79 4 36
64084 559 31 38 3 133 477 264 75 40 5 9 227 94 51 55 0 95 4 190 35 6 2 2 161 162 4 101 6 0 0 9 7 12 0 4
64085 564 31 39 2 127 475 244 72 38 5 10 229 83 51 56 0 93 3 176 33 6 2 2 154 157 4 100 6 0 0 9 5 11 0 7
64089 570 31 60 6 220 786 463 112 69 10 16 376 153 83 104 0 161 10 341 62 10 5 5 267 264 8 188 8 0 1 15 11 21 1 6
64091 570 31 162 12 550 2029 1093 295 171 24 44 963 378 211 261 0 402 21 813 151 30 11 13 673 667 22 440 27 1 2 41 28 51 2 23
64093 612 62 38 2 134 498 259 72 39 5 11 236 89 50 59 0 101 3 193 35 6 1 2 159 167 3 100 7 0 1 10 8 11 0 6
64094 615 64 127 11 440 1576 887 229 134 20 34 752 304 162 196 0 321 17 639 118 21 9 11 530 532 15 363 20 1 1 31 21 40 2 16
64097 607 61 35 2 122 450 238 66 37 5 9 214 83 47 54 0 91 3 173 31 6 2 2 151 148 3 95 6 0 0 8 5 10 0 6
64100 607 61 179 12 581 2144 1108 330 175 21 49 1014 390 227 260 0 421 18 816 155 29 8 12 700 708 20 443 32 0 3 45 30 54 3 29
64102 608 61 100 6 352 1293 684 198 108 14 31 626 240 137 158 0 256 12 497 96 17 6 7 426 429 11 271 19 0 2 24 18 31 1 16
64103 607 61 67 5 234 837 456 135 70 11 18 415 154 92 102 0 167 8 333 58 12 4 5 286 279 6 182 12 0 1 16 9 21 1 11
64105 607 61 33 2 119 437 244 64 36 5 9 213 85 47 56 0 89 5 179 31 6 2 3 150 145 4 100 5 0 0 8 4 11 0 4
64106 609 61 103 7 359 1276 693 193 107 14 28 608 234 133 157 0 254 11 498 94 16 6 6 422 425 11 274 17 0 2 25 17 30 2 16
64107 622 62 266 18 913 3286 1754 517 266 37 75 1576 605 357 429 0 664 27 1290 236 49 15 20 1089 1082 28 712 50 1 5 68 43 83 5 46
64110 607 57 34 3 116 435 237 62 41 6 9 199 83 44 51 0 87 5 183 34 5 3 3 149 146 4 98 4 0 0 9 5 12 0 3
64111 634 30 160 12 542 1984 1037 305 167 23 44 949 369 211 243 0 393 20 765 150 28 10 10 663 649 17 418 28 1 2 40 25 49 3 26
64114 598 33 100 7 329 1244 653 182 104 14 27 590 225 129 142 0 241 13 482 89 17 6 6 415 406 11 263 17 0 1 24 17 32 1 16
64116 605 42 143 10 473 1736 916 259 147 18 39 809 317 184 207 0 338 17 675 131 25 8 11 576 577 15 368 24 1 2 34 24 45 2 22
64117 605 42 35 3 121 433 245 67 39 5 8 201 83 47 49 0 86 5 178 33 7 3 2 147 146 5 98 5 0 0 9 5 12 0 4
64120 566 113 64 4 212 769 422 114 66 10 16 367 139 83 86 0 151 8 301 55 12 4 3 255 255 7 167 10 0 0 17 9 20 1 9
64122 508 29 131 10 442 1642 850 253 137 17 37 780 301 176 193 0 319 16 620 120 23 8 8 550 528 16 341 23 1 2 34 21 44 2 20
64127 508 29 39 3 131 478 242 75 37 4 10 232 85 52 61 0 95 3 176 33 7 1 2 158 152 4 101 7 0 0 9 5 11 0 7
64129 507 29 64 6 222 802 440 128 65 9 18 380 146 84 100 0 158 8 316 56 12 4 5 262 267 7 177 13 0 1 17 12 21 1 10
64133 511 29 154 13 555 1956 1107 288 171 25 40 931 375 207 239 0 398 24 818 145 26 12 14 672 652 17 462 25 1 1 39 25 54 2 19
64134 512 29 102 7 338 1247 642 187 105 14 27 598 226 132 145 0 241 12 469 93 18 7 7 420 402 11 264 18 0 1 24 15 32 1 15
64135 501 29 98 7 338 1216 685 177 97 13 26 580 228 125 160 0 251 12 505 87 16 6 7 406 413 10 277 15 0 1 25 17 28 1 13
64138 535 29 38 2 131 476 253 70 37 4 10 229 85 50 60 0 97 3 187 33 6 1 2 154 158 3 100 6 0 0 10 7 11 0 6
64147 535 29 102 8 334 1239 665 179 103 13 26 574 226 128 149 0 242 12 486 91 17 5 8 406 412 11 274 16 0 1 28 16 31 2 15
64148 506 35 106 7 358 1299 670 208 104 13 31 636 243 140 166 0 259 11 504 88 19 4 6 431 427 12 273 19 0 2 26 18 33 2 18
64150 508 35 33 3 118 419 234 64 36 5 8 206 82 45 53 0 81 4 167 32 5 2 2 145 136 4 96 5 0 0 9 5 10 0 5
64151 508 35 36 2 123 447 241 65 36 4 10 216 82 48 51 0 85 4 171 32 6 2 2 151 145 4 94 6 0 0 10 5 11 0 5
64152 517 29 37 3 130 471 251 73 37 4 11 229 82 46 53 0 91 4 178 36 6 1 2 156 159 4 95 7 0 0 9 5 10 0 6
64155 513 29 38 3 128 485 255 71 43 6 11 230 87 52 57 0 100 4 191 35 7 2 3 160 163 4 103 6 0 0 9 6 12 0 5
64156 514 29 211 20 716 2619 1463 370 234 34 55 1229 497 269 327 0 533 33 1091 201 36 17 18 887 861 24 600 30 2 3 54 34 68 3 24
64157 519 35 76 4 242 902 463 134 72 9 20 412 168 97 104 0 180 8 352 62 12 3 3 294 292 8 186 13 0 1 18 13 23 1 11
64159 520 35 156 12 532 1911 1053 290 169 24 40 910 366 201 233 0 379 22 756 149 28 12 11 662 622 19 427 26 1 2 39 21 50 2 21
64164 594 88 100 8 331 1243 653 183 102 13 28 588 229 128 144 0 242 12 480 92 16 6 7 415 412 10 260 16 0 1 26 17 32 1 14
64165 610 86 40 2 133 498 252 78 39 4 12 237 86 54 61 0 98 3 183 34 7 1 2 164 163 5 103 8 0 0 9 6 12 0 8
64167 610 86 228 17 766 2818 1502 431 238 35 63 1326 516 295 324 0 549 27 1088 208 39 15 17 949 926 26 600 36 1 4 56 36 70 4 34
64172 583 61 96 7 335 1212 663 180 100 14 27 582 221 125 160 0 247 12 478 88 17 6 7 398 403 10 265 17 0 1 23 16 27 1 15
64174 580 55 123 10 414 1537 812 230 130 18 33 730 287 163 188 0 306 16 605 115 22 9 7 521 504 13 325 19 0 2 30 20 39 2 18
64175 559 29 100 8 333 1228 658 183 100 14 26 574 225 128 152 0 245 14 487 89 16 7 8 411 407 10 263 16 0 1 23 16 33 1 14
64176 564 29 167 13 546 2012 1062 301 168 22 45 949 376 209 245 0 406 19 789 147 28 9 10 663 660 16 437 27 1 3 40 28 49 3 25
64177 543 30 97 7 326 1208 639 181 100 15 27 579 227 132 149 0 242 13 467 88 17 7 8 408 393 11 264 16 0 1 24 15 33 1 15
64178 543 30 66 5 227 822 446 130 69 9 17 398 154 89 104 0 166 9 322 60 11 4 4 276 274 7 180 11 0 1 15 11 22 1 9
64191 543 30 74 5 242 915 451 146 71 8 21 441 162 98 108 0 181 8 340 65 12 3 4 302 297 8 182 14 0 1 18 11 23 1 13
64193 583 77 60 4 218 779 442 119 64 10 15 372 146 81 97 0 154 9 316 55 10 5 5 269 259 6 175 9 0 1 16 10 18 1 8
64194 589 73 33 3 127 438 250 67 38 5 10 214 83 44 51 0 88 5 176 33 6 2 2 151 147 4 101 5 0 0 8 5 10 0 4
64201 589 73 92 6 319 1166 647 167 101 14 25 542 213 121 139 0 229 15 467 88 17 7 7 396 385 11 259 14 0 1 24 16 30 1 12
64202 589 73 39 2 130 484 250 71 37 4 11 231 84 49 60 0 96 3 187 33 6 1 1 156 163 4 101 6 0 0 8 6 11 0 6
64204 587 80 73 4 236 889 451 134 71 8 21 419 156 91 99 0 170 8 323 62 13 3 4 300 290 7 176 13 0 1 16 12 21 1 12
64206 576 42 38 2 124 460 240 66 39 4 9 215 84 48 55 0 89 4 180 36 6 1 2 154 148 3 99 5 0 0 9 6 12 0 5
64207 509 75 62 5 229 832 472 118 69 10 17 401 156 86 111 0 176 9 354 58 11 4 6 280 283 8 196 10 0 0 17 11 21 1 7
64208 465 29 164 11 539 2030 1071 300 174 24 44 952 378 217 251 0 401 19 793 152 29 12 12 691 656 19 436 28 1 2 41 25 52 3 24
64210 465 29 102 7 339 1231 676 190 103 13 26 589 237 131 152 0 241 13 480 94 18 5 7 407 401 12 272 18 0 1 24 16 31 1 15
64216 488 29 69 5 233 847 456 129 71 8 18 413 160 92 110 0 172 8 339 63 12 3 4 280 281 7 184 12 0 1 17 11 21 1 10
64217 479 32 69 4 222 843 440 122 70 9 20 394 150 88 97 0 165 7 323 59 13 4 4 283 278 6 175 12 0 1 16 11 21 1 11
64218 479 31 38 2 130 478 246 77 38 4 10 231 86 50 60 0 95 3 185 32 7 2 1 158 164 3 97 7 0 0 9 5 12 0 7
64219 478 31 102 8 338 1271 679 187 109 15 27 604 230 129 143 0 249 13 490 97 18 7 8 437 423 12 263 15 0 1 25 15 33 1 14
64223 492 29 33 3 120 434 240 66 39 5 9 209 85 45 53 0 89 5 173 34 6 2 3 149 146 4 96 5 0 0 8 5 11 0 3
64225 491 29 129 10 443 1575 866 248 132 17 36 758 303 166 209 0 320 15 632 115 23 7 9 524 521 15 356 23 0 2 33 21 40 2 19
64229 485 31 128 10 440 1611 890 241 140 20 32 755 303 167 179 0 320 17 642 124 23 9 10 545 542 13 352 20 1 2 32 22 42 2 17
64231 483 29 158 11 532 1936 1058 294 163 24 42 923 363 205 249 0 384 21 773 138 27 11 12 641 642 17 426 26 1 2 39 26 49 3 23
64232 488 29 35 2 124 436 230 71 36 5 9 214 80 46 56 0 87 3 169 30 6 2 2 148 142 3 96 6 0 0 9 5 10 0 6
64240 516 44 66 6 232 836 473 127 71 10 17 399 160 83 93 0 168 9 335 64 12 5 5 283 283 7 195 10 0 0 16 10 21 1 8
64245 518 44 124 10 434 1558 855 237 126 17 35 745 295 164 208 0 315 14 637 112 22 7 10 510 521 16 352 22 1 2 32 20 37 2 18
64246 517 43 194 15 676 2415 1313 374 199 27 55 1176 454 258 331 0 488 22 971 175 35 11 17 796 805 24 547 35 1 3 49 29 59 4 31
64250 516 43 139 10 458 1730 911 242 148 20 38 813 317 180 204 0 339 16 680 131 23 9 9 579 565 15 369 23 1 2 38 24 46 2 18
64252 516 43 92 7 320 1159 641 174 97 15 24 551 219 124 149 0 232 14 463 84 15 7 8 397 387 9 258 16 0 1 23 16 30 2 13
64255 516 43 36 1 123 458 235 68 37 4 9 207 79 48 52 0 87 3 174 31 7 2 2 149 149 4 95 7 0 0 10 5 12 0 6
64256 523 37 102 6 344 1268 669 192 108 15 29 603 238 136 159 0 249 13 494 95 18 6 7 428 412 12 272 17 1 1 26 15 33 2 15
64257 538 37 67 4 236 840 454 130 71 10 18 413 155 90 108 0 173 8 336 61 12 4 5 277 281 7 190 12 0 1 16 9 21 1 11
64258 537 37 95 9 314 1194 633 165 102 15 23 563 223 119 148 0 235 13 482 88 17 7 7 413 392 11 261 14 1 1 25 15 33 1 11
64261 530 37 72 4 231 852 450 132 70 9 18 406 161 90 100 0 168 7 323 64 13 4 5 283 280 9 183 12 0 1 17 10 20 1 10
64264 517 38 66 4 225 823 438 117 71 9 18 390 153 86 97 0 166 9 323 62 10 4 4 277 271 6 182 11 0 1 16 10 20 1 10
64267 516 37 120 11 427 1522 857 230 131 20 31 721 293 158 208 0 311 19 640 112 21 10 11 510 506 15 358 18 1 1 31 18 40 2 14
64268 518 37 202 15 689 2525 1333 383 214 27 57 1203 467 266 315 0 499 22 987 184 35 12 14 836 830 24 545 35 1 4 51 33 63 3 32
64269 528 39 104 6 341 1265 656 185 109 13 29 592 230 134 154 0 251 11 487 97 18 6 7 421 416 13 270 18 0 1 26 15 30 1 16
64273 526 38 62 4 217 779 421 121 67 10 16 371 148 83 99 0 155 8 308 57 10 4 3 263 251 7 176 10 0 0 17 10 19 1 9
64275 525 38 33 1 111 412 214 61 34 4 8 191 76 44 49 0 80 4 161 28 6 2 2 137 131 4 88 6 0 0 8 4 9 0 5
64276 519 38 33 2 116 419 233 62 35 5 9 206 79 45 53 0 83 5 168 31 5 2 2 146 137 4 96 4 0 0 8 4 11 0 4
64277 525 38 228 17 761 2795 1484 427 233 33 63 1329 516 297 351 0 560 29 1089 205 40 15 16 929 936 26 606 39 1 3 54 36 71 4 33
64278 520 38 107 8 363 1353 697 205 110 14 32 644 240 141 162 0 263 12 522 99 19 6 7 456 445 13 281 18 0 2 27 17 33 2 18
64280 503 31 66 4 216 808 420 124 65 8 19 384 147 86 96 0 158 8 307 60 11 4 3 272 262 7 169 12 0 1 15 10 19 1 11
64282 507 36 72 5 229 843 445 126 76 9 19 403 155 87 99 0 164 9 329 64 12 4 4 287 272 7 185 11 0 1 17 11 23 0 9
64283 508 36 69 5 229 856 460 123 71 9 18 397 155 89 98 0 167 9 341 62 12 4 5 285 280 8 189 11 0 1 18 12 21 1 9
64289 531 29 35 3 115 443 232 64 38 5 10 200 81 44 46 0 90 4 172 34 6 2 3 148 147 3 94 5 0 0 7 5 11 0 4
64292 509 29 71 5 247 883 485 137 75 10 19 423 163 97 113 0 181 7 356 65 12 4 4 285 299 7 194 13 0 1 17 12 21 1 10
64297 509 29 218 18 750 2704 1473 413 233 33 58 1307 516 286 352 0 547 31 1089 202 37 16 17 918 890 28 602 36 2 3 55 33 69 3 30
64298 511 29 102 7 347 1257 662 196 103 13 31 609 233 137 160 0 253 11 484 90 18 5 6 411 413 12 274 19 0 1 26 17 30 1 16
64299 506 31 71 6 252 902 500 138 75 10 20 430 167 95 107 0 181 9 370 68 13 5 6 301 307 8 200 12 0 1 16 12 23 1 9
64300 506 31 293 23 1002 3613 1971 553 301 44 78 1712 681 383 462 0 730 35 1453 267 50 19 21 1186 1210 35 804 49 2 5 75 48 88 5 43
64301 508 29 135 9 451 1640 868 248 135 18 37 785 302 172 217 0 328 15 647 119 23 7 9 540 541 14 351 23 1 2 34 21 39 2 21
64302 487 30 140 10 473 1722 887 273 139 17 41 833 315 185 218 0 338 13 655 122 25 6 9 567 558 15 365 26 0 2 35 21 41 3 25
64305 486 29 130 10 441 1630 880 239 140 19 36 769 301 169 208 0 322 17 652 124 23 8 10 546 539 16 360 21 1 2 35 21 40 2 18
64309 491 29 37 2 136 476 253 77 36 5 11 237 85 51 60 0 98 3 181 32 6 1 2 155 163 3 100 7 0 0 8 5 11 0 7
64310 491 29 30 3 114 410 253 58 36 6 7 189 80 42 40 0 83 7 177 34 5 3 2 144 142 3 98 4 0 0 8 5 11 0 2
64311 489 29 37 2 133 460 245 73 37 5 10 227 85 51 55 0 95 3 176 33 6 2 1 153 153 3 100 6 0 0 8 5 10 0 6
64312 479 29 133 9 450 1672 889 252 138 19 38 793 309 173 204 0 332 16 661 124 22 9 9 565 552 15 365 21 0 2 33 20 42 2 19
64313 479 29 195 13 651 2361 1299 355 205 29 51 1119 446 248 296 0 470 26 950 182 33 12 14 791 775 24 527 31 2 3 47 31 59 3 27
64314 487 29 227 19 762 2764 1496 427 240 33 58 1296 524 296 337 0 548 28 1090 212 39 15 17 918 907 26 608 37 2 3 61 36 67 4 32
64316 504 29 34 3 117 436 226 64 36 5 9 204 79 46 48 0 82 4 168 33 6 2 2 145 139 4 90 5 0 0 10 5 10 0 5
64318 504 29 64 5 212 811 432 115 71 11 18 371 150 83 85 0 155 11 312 63 12 5 5 285 261 7 177 9 0 0 16 9 22 0 7
64320 493 29 68 7 246 882 486 132 73 9 17 412 161 92 92 0 174 9 353 68 12 4 6 290 300 7 190 11 0 1 19 13 23 1 9
64321 491 29 66 4 231 842 456 134 68 10 17 394 157 92 95 0 166 8 324 61 13 4 5 278 279 7 182 11 0 1 16 9 20 1 10
64325 491 29 70 4 232 862 460 131 71 10 19 404 159 89 100 0 170 9 336 60 11 4 4 290 289 7 182 12 0 1 17 11 21 1 10
64326 495 29 38 3 119 463 234 66 38 5 9 226 81 48 55 0 89 4 176 33 6 2 1 156 151 4 92 5 0 0 9 5 12 0 5
64329 568 29 183 15 669 2375 1326 354 195 27 51 1157 451 246 321 0 486 27 986 173 32 12 15 776 810 23 539 31 1 2 49 29 57 3 27
64330 557 29 345 26 1183 4268 2315 653 361 51 91 2045 810 456 543 0 858 46 1705 317 61 23 27 1437 1406 43 943 59 3 5 89 51 111 6 49
64333 556 29 35 1 121 445 242 69 37 5 10 214 81 50 54 0 88 4 172 32 6 2 3 147 149 4 98 5 0 0 8 4 11 0 5
64335 559 31 101 7 337 1263 659 187 106 14 30 596 230 131 148 0 248 13 486 93 16 6 7 426 414 12 273 16 0 1 23 15 34 1 14
64339 535 29 133 10 451 1664 879 254 141 19 35 786 305 172 223 0 335 14 658 120 24 8 10 549 548 16 355 24 1 2 33 21 43 2 20
64340 519 29 34 2 118 441 238 65 38 5 9 210 77 45 51 0 90 4 175 34 6 2 2 146 148 4 94 5 0 0 8 5 10 0 5
64342 519 29 40 2 130 499 253 72 43 4 11 236 91 53 58 0 99 3 191 36 7 2 3 163 163 4 105 7 0 0 10 5 14 0 6
64345 519 29 38 2 125 475 248 69 38 4 11 222 84 48 54 0 92 4 182 35 7 2 2 152 156 4 98 7 0 0 9 5 12 0 6
64346 520 29 160 13 557 2016 1101 306 165 24 43 953 366 212 252 0 406 21 806 146 28 11 14 679 678 17 441 26 1 2 38 26 52 3 23
64349 522 29 37 3 121 458 237 70 38 5 10 223 82 48 56 0 90 4 176 34 7 2 2 154 150 4 95 6 0 0 9 6 12 0 6
64354 516 29 134 11 445 1669 870 249 145 20 37 788 305 174 219 0 334 16 664 122 23 8 9 547 556 18 354 22 1 2 34 21 42 2 19
64355 514 32 175 14 600 2171 1151 338 176 24 49 1040 399 231 269 0 434 18 846 157 31 11 13 715 725 19 469 31 0 3 43 28 56 3 28
64356 511 29 298 24 995 3650 1993 534 306 43 80 1722 684 380 472 0 741 37 1482 266 51 17 24 1205 1226 35 813 52 2 5 76 51 94 5 43
64357 505 42 166 12 556 2080 1111 312 172 24 47 991 386 224 254 0 408 21 806 154 29 11 13 695 687 21 450 28 1 3 40 25 53 2 24
64358 505 42 37 3 130 489 256 73 37 5 10 234 84 50 53 0 100 4 188 33 7 2 3 160 166 4 102 6 0 0 8 6 13 0 6
64361 493 29 161 14 563 1994 1092 318 167 24 42 972 383 213 252 0 401 20 794 144 28 10 12 667 665 19 440 27 1 2 40 27 51 3 22
64362 502 36 69 5 224 845 450 120 73 10 18 398 156 85 98 0 165 9 331 66 12 4 4 285 279 8 184 11 0 1 15 10 22 1 9
64365 501 36 66 6 239 854 476 126 71 10 19 405 160 87 95 0 173 10 341 63 11 4 6 290 286 7 193 11 0 1 16 11 22 1 8
64366 502 36 293 22 1005 3616 1985 552 301 45 78 1718 680 386 469 0 736 35 1461 266 50 19 22 1178 1218 34 807 49 2 5 75 49 87 5 43
64369 497 30 186 14 641 2356 1321 340 204 31 49 1085 437 242 293 0 471 26 967 179 31 15 17 774 793 22 540 29 1 3 49 31 60 3 23
64370 497 30 40 1 137 493 251 78 37 4 12 239 88 53 62 0 100 2 184 33 7 1 1 159 160 3 101 7 0 1 9 6 11 0 8
64374 498 30 37 2 127 449 238 72 37 4 9 218 83 48 58 0 91 3 176 32 6 1 1 147 150 3 97 6 0 0 9 5 9 0 6
64376 496 30 67 4 222 819 426 128 68 9 18 384 150 90 106 0 161 7 318 57 12 3 5 273 261 7 182 12 0 1 17 11 22 1 10
64381 484 32 297 25 991 3672 1975 548 307 41 82 1760 671 382 438 0 729 35 1448 274 53 19 23 1223 1239 34 791 47 1 5 75 49 89 5 44
64392 483 31 35 2 121 452 244 66 40 5 9 210 84 48 48 0 88 5 170 37 6 2 2 158 147 5 96 5 0 0 8 5 12 0 4
64393 499 29 64 5 227 845 453 123 65 8 19 395 150 88 97 0 170 8 337 62 11 4 5 281 287 7 181 11 0 1 16 10 21 1 9
64396 505 29 128 10 461 1597 895 251 135 19 34 772 303 168 195 0 316 17 641 119 21 8 10 537 536 15 357 21 0 2 32 21 41 2 18
64404 502 29 168 13 576 2089 1117 324 176 24 48 1014 394 225 260 0 418 19 814 152 30 11 12 712 684 19 452 29 1 2 40 27 55 3 26
64412 503 29 35 3 124 463 244 68 39 5 10 220 80 46 52 0 93 5 181 33 6 2 3 156 153 4 99 6 0 0 9 6 12 0 5
64417 501 34 131 10 445 1620 873 251 135 18 36 772 305 167 209 0 323 19 643 121 22 8 11 541 532 16 357 21 1 2 33 21 42 2 18
64420 490 29 188 16 650 2355 1301 356 199 28 51 1132 449 243 300 0 473 27 943 174 33 14 14 789 788 21 528 31 1 3 49 30 58 3 24
64423 514 29 40 2 135 488 249 75 39 4 11 237 89 51 61 0 96 3 181 34 6 1 2 158 159 4 101 8 0 1 10 6 11 0 8
64425 503 29 72 4 234 872 464 126 70 10 20 409 154 89 104 0 180 8 345 57 12 4 4 282 296 7 188 12 0 1 17 12 20 1 11
64426 494 29 35 2 122 435 240 64 37 5 9 210 79 44 51 0 88 4 176 32 6 2 2 149 148 3 96 5 0 0 8 5 11 0 5
64427 498 29 33 2 118 456 246 62 37 4 9 204 81 44 46 0 88 5 176 37 6 3 2 157 152 4 100 5 0 0 9 5 13 0 3
64429 501 29 73 4 237 895 459 137 71 8 20 426 161 94 107 0 177 6 335 63 14 3 4 297 294 9 189 14 0 1 18 11 23 1 13
64431 500 34 132 10 439 1638 866 242 141 20 36 761 299 176 183 0 327 17 638 123 23 10 10 549 547 14 348 21 0 2 32 21 42 2 18
64432 500 35 97 7 339 1207 675 181 102 16 28 563 226 124 142 0 245 13 486 90 17 6 6 400 411 10 265 16 0 2 24 17 30 1 14
64434 500 35 70 5 232 876 463 128 73 9 20 409 162 90 99 0 172 8 338 60 13 4 5 287 284 8 186 13 0 1 17 10 23 1 10
64435 486 29 35 2 118 431 227 66 34 4 9 209 75 46 50 0 86 3 161 30 6 2 1 141 144 3 89 6 0 0 8 4 10 0 6
64437 503 29 35 2 120 432 227 67 35 4 9 213 79 46 51 0 86 3 162 30 5 1 1 142 143 4 91 6 0 0 9 6 10 0 6
64439 503 29 143 11 472 1730 910 263 146 18 38 814 319 180 218 0 342 13 677 127 24 7 10 573 567 15 369 25 1 2 33 24 44 2 20
64441 528 62 40 2 129 484 251 74 39 4 11 228 86 51 58 0 96 4 186 35 7 2 2 161 156 4 101 6 0 0 8 7 11 0 5
64444 529 62 39 2 132 475 244 72 40 5 10 232 84 49 59 0 94 3 181 34 7 1 2 158 158 4 96 7 0 0 10 6 11 0 6
64445 546 61 63 4 233 840 465 120 69 10 19 401 155 88 106 0 173 8 345 60 11 4 5 284 282 7 191 10 0 1 17 10 22 1 8
64446 532 61 34 3 116 417 220 63 35 4 10 207 79 43 53 0 82 4 164 31 5 2 1 143 131 4 92 5 0 0 8 5 10 0 4
64451 530 44 96 7 328 1209 645 180 101 14 27 575 219 126 144 0 236 11 467 91 18 6 7 411 402 10 259 16 0 1 26 14 32 1 15
64458 522 44 65 6 223 797 448 120 70 10 16 382 153 80 98 0 164 8 324 60 11 5 5 270 270 8 177 9 0 1 17 10 19 0 8
64466 521 44 38 2 141 480 262 80 37 4 10 238 93 54 64 0 100 3 191 32 7 1 3 157 161 4 108 7 0 0 9 6 11 0 7
64467 521 44 124 10 413 1515 853 217 128 19 33 702 288 155 186 0 311 17 622 110 21 9 9 511 512 13 345 20 0 2 31 21 38 2 16
64468 521 44 161 12 550 2023 1059 308 167 24 44 977 376 213 259 0 408 22 791 149 29 10 10 673 670 19 428 27 1 2 41 26 49 2 26
64470 520 44 134 9 452 1656 864 244 138 19 37 784 304 175 198 0 325 14 640 122 22 8 9 551 547 13 347 22 0 2 34 23 41 2 21
64475 511 47 97 8 335 1207 662 191 104 14 24 561 231 132 141 0 239 11 475 93 18 7 7 410 396 11 271 16 0 1 26 16 33 1 13
64477 509 45 99 6 330 1205 653 179 101 13 25 557 219 125 146 0 239 10 483 87 16 6 7 391 401 9 265 16 0 1 26 17 27 2 14
64481 508 45 153 13 528 1916 1043 296 167 24 41 916 360 200 243 0 381 22 763 146 28 10 12 648 635 21 424 25 1 2 40 24 49 2 21
64487 528 43 131 10 443 1649 869 242 140 21 37 767 305 171 191 0 318 17 631 124 23 10 9 560 537 15 344 21 0 2 34 20 41 2 19
64488 530 36 36 3 130 456 248 73 38 5 9 227 84 48 60 0 94 4 182 32 5 2 2 150 150 4 102 6 0 0 9 4 11 0 5
64492 527 33 110 8 354 1314 688 194 109 13 28 629 241 137 164 0 260 11 507 96 19 5 5 429 431 13 277 19 0 1 28 17 33 2 17
64493 524 29 34 2 110 410 217 59 37 5 8 196 76 42 49 0 80 4 159 31 6 2 2 145 131 4 88 5 0 0 8 4 11 0 5
64494 516 29 36 2 118 438 229 67 36 4 9 206 79 48 50 0 85 4 165 31 6 2 1 152 140 3 92 6 0 0 9 5 11 0 5
64495 533 29 156 12 554 1962 1069 314 162 23 42 961 371 209 250 0 390 20 771 144 27 10 10 653 662 17 431 26 1 3 39 26 48 3 24
64496 529 29 104 8 336 1256 666 187 107 14 27 588 232 132 155 0 243 13 489 92 17 6 7 423 407 11 271 17 0 1 26 18 31 1 15
64499 528 29 40 2 125 479 241 66 40 5 9 225 82 49 56 0 96 3 179 34 6 2 2 155 160 4 96 7 0 0 10 7 12 0 7
64500 498 29 130 8 446 1614 883 246 133 17 35 760 299 174 206 0 324 16 636 121 24 8 11 532 539 12 352 24 0 2 33 21 40 3 21
64501 505 29 72 5 245 891 456 140 71 9 21 434 160 98 116 0 176 6 338 63 12 3 4 289 296 7 184 13 0 1 17 12 21 1 13
64507 521 29 133 10 455 1657 897 251 142 19 33 774 308 173 197 0 335 17 668 123 23 8 10 555 551 16 361 21 1 2 36 22 40 2 17
64508 504 31 61 5 213 803 441 111 68 10 18 367 145 78 92 0 155 10 327 66 11 5 6 267 268 7 175 9 0 0 15 12 20 0 6
64509 504 30 64 4 224 802 452 118 69 10 16 363 151 82 89 0 159 8 326 58 12 4 4 263 275 7 176 10 0 0 17 9 20 1 8
64511 506 29 103 7 338 1272 668 185 106 13 28 587 234 135 152 0 254 12 502 96 19 6 6 416 418 12 273 17 0 1 27 16 33 1 15
64512 507 29 36 3 129 447 244 73 38 4 9 221 85 47 54 0 90 4 180 33 6 1 2 150 150 3 98 5 0 0 9 6 12 0 5
64515 503 29 74 6 240 890 475 136 74 9 19 431 163 92 107 0 177 8 350 63 12 4 5 294 301 9 190 12 0 1 17 12 22 1 10
64518 506 29 100 6 317 1189 616 177 101 14 27 557 224 126 139 0 233 12 454 85 17 6 6 407 381 10 256 16 0 1 24 16 32 1 14
64519 503 29 35 2 120 445 242 63 38 6 8 206 78 46 50 0 90 4 176 32 6 2 2 144 153 3 94 5 0 0 9 6 11 0 4
64526 508 29 38 2 131 477 249 74 38 4 11 234 88 48 59 0 96 3 181 34 6 2 2 157 161 4 99 6 0 0 9 6 11 0 6
64529 503 31 106 7 354 1286 674 198 106 13 28 617 232 135 159 0 255 10 494 94 18 5 6 420 428 12 267 19 0 1 27 15 31 2 18
64536 514 31 57 5 196 725 403 103 65 10 15 342 138 78 96 0 141 10 302 56 10 5 5 245 231 7 166 10 0 0 16 9 18 1 6
64540 502 29 97 8 334 1206 648 187 101 15 27 569 226 128 139 0 239 12 470 91 17 6 8 411 392 11 267 15 1 1 24 15 31 1 12
64541 500 29 69 4 236 885 470 126 72 9 19 400 158 89 92 0 176 9 344 68 11 4 5 292 293 8 187 12 0 1 16 12 22 1 10
64542 504 29 132 9 446 1649 876 251 137 19 37 793 305 172 211 0 328 17 656 117 23 8 9 550 548 14 354 21 1 2 33 20 40 2 21
64547 503 29 266 22 888 3277 1741 490 274 36 73 1549 602 332 422 0 653 35 1300 247 44 15 18 1090 1083 31 710 44 2 4 64 43 80 4 37
64548 558 35 99 8 320 1191 647 180 103 14 25 559 221 122 138 0 235 13 468 90 16 7 7 390 396 10 264 15 0 1 25 16 30 2 13
64550 549 29 129 10 444 1586 864 245 139 19 34 756 298 168 205 0 323 15 629 118 22 8 9 525 527 15 349 20 1 2 32 21 38 2 19
64553 557 29 153 11 549 1974 1104 291 167 24 42 943 365 209 235 0 396 22 795 147 28 11 13 664 656 18 448 26 1 2 43 27 50 3 21
64555 555 29 98 7 335 1214 656 187 103 14 27 583 226 130 154 0 243 11 474 88 16 6 6 398 404 10 264 17 0 1 23 15 29 2 15
64556 554 29 72 5 242 889 469 131 79 9 20 420 165 90 111 0 178 9 347 69 12 4 5 291 292 9 190 12 0 1 18 11 22 1 10
64558 547 29 70 5 241 873 472 135 76 10 18 413 166 93 107 0 174 8 345 65 12 5 5 291 286 9 194 11 0 1 17 11 22 0 9
64563 541 29 39 2 129 479 249 69 38 5 11 221 84 49 52 0 91 4 185 34 6 2 2 160 156 3 101 7 0 0 9 6 12 0 5
64564 548 29 39 2 130 466 236 77 37 4 10 226 84 51 58 0 91 3 172 33 7 1 1 152 150 4 97 7 0 0 9 5 10 0 8
64568 533 29 36 2 118 430 232 69 36 5 9 200 79 47 50 0 86 3 168 31 6 2 2 142 144 3 92 6 0 0 9 6 10 0 4
64569 475 29 98 7 340 1219 681 182 103 15 25 578 231 125 154 0 250 12 496 91 16 6 7 393 421 11 272 16 0 1 26 16 28 1 12
64574 486 29 163 13 552 2053 1095 301 174 23 47 965 376 210 263 0 408 24 820 153 29 10 12 677 692 21 444 28 1 3 40 26 52 2 23
64575 493 35 103 7 342 1258 659 191 101 13 30 608 232 136 156 0 246 12 480 90 18 6 7 422 410 11 262 18 0 1 25 17 30 2 16
64576 498 33 38 2 121 463 240 66 40 5 9 218 83 48 54 0 90 4 174 35 7 2 2 160 149 4 98 6 0 0 9 5 12 0 6
64580 493 29 37 2 125 452 234 70 37 4 10 219 86 47 61 0 92 3 178 31 6 1 2 148 150 4 95 6 0 0 9 5 11 0 6
64584 493 29 168 12 554 2047 1075 302 172 23 47 974 372 217 250 0 409 19 792 153 28 10 11 689 678 19 438 28 0 2 42 27 51 3 25
64589 504 33 254 19 852 3137 1691 475 264 36 71 1470 583 333 378 0 628 34 1239 239 45 16 20 1062 1029 30 697 41 1 4 65 39 80 5 36
64590 504 33 74 5 240 892 455 133 77 9 19 419 163 95 106 0 176 8 341 67 12 3 4 295 289 9 189 12 0 1 18 12 24 1 11
64593 508 29 71 5 247 874 471 140 74 10 19 417 166 97 104 0 173 8 340 63 13 4 4 296 291 7 188 12 0 1 17 11 23 1 11
64595 509 29 34 2 121 432 228 69 35 4 9 213 82 49 53 0 84 4 165 32 6 2 2 150 136 4 96 6 0 0 9 5 11 0 5
64597 505 29 199 16 664 2431 1306 366 209 29 53 1148 451 257 281 0 481 26 963 179 34 13 14 819 808 22 528 31 1 3 50 31 61 3 26
64604 508 29 72 3 239 907 460 139 73 9 22 424 160 99 106 0 177 7 336 63 13 4 6 304 290 7 190 13 0 1 17 12 24 1 12
64606 506 29 34 2 113 425 230 61 36 5 8 201 77 45 50 0 82 3 168 30 6 2 2 149 139 4 91 5 0 0 9 5 10 0 5
64607 500 29 128 9 458 1634 913 242 137 20 34 756 307 171 201 0 326 15 675 119 21 9 9 526 559 13 366 20 1 2 35 23 38 2 18
64609 511 29 38 2 129 481 246 71 37 5 11 225 85 50 59 0 98 3 188 33 6 2 2 157 160 4 100 6 0 0 10 7 11 0 6
64611 505 29 37 2 123 450 230 68 38 5 10 209 79 48 52 0 92 3 170 33 6 2 2 145 148 3 91 7 0 0 9 5 10 0 7
64613 508 39 75 5 249 899 462 139 75 9 21 434 169 96 112 0 182 7 338 64 12 3 4 299 288 8 190 14 0 1 17 11 23 1 11
64614 510 31 185 14 630 2327 1242 343 202 28 51 1103 428 242 299 0 471 25 931 173 32 13 14 776 760 23 509 30 1 2 48 31 57 3 26
64618 513 29 65 4 220 800 445 118 70 11 17 386 149 81 103 0 164 10 324 59 11 4 5 269 264 7 183 10 0 0 16 10 19 1 8
64620 503 29 64 5 218 812 430 122 69 10 18 390 149 87 103 0 158 8 323 59 11 4 4 274 265 8 172 11 0 1 16 11 19 1 10
64621 514 42 98 6 322 1192 628 179 100 13 25 552 220 126 137 0 233 12 451 88 17 6 7 397 383 10 256 17 0 1 26 14 28 2 16
64626 452 34 74 4 242 906 465 131 73 9 20 421 155 93 106 0 178 7 347 64 12 4 4 297 300 6 183 12 0 1 17 12 22 1 12
64627 461 36 66 4 223 820 446 120 70 11 19 386 154 86 101 0 165 9 327 62 10 5 5 276 275 7 174 9 0 1 16 10 20 1 8
64628 490 38 101 7 334 1260 634 191 103 13 28 601 234 134 158 0 250 11 483 90 17 6 6 424 400 13 266 18 1 1 25 15 33 1 15
64629 467 34 94 8 328 1152 635 177 98 13 24 559 221 122 157 0 233 10 468 88 16 6 6 387 375 10 262 15 0 1 24 14 26 1 13
64631 465 37 37 2 119 442 235 65 39 4 10 202 83 47 51 0 84 5 170 33 6 2 3 149 142 4 96 6 0 0 8 6 11 0 5
64636 462 32 199 16 668 2453 1302 361 208 29 57 1144 455 255 297 0 480 26 966 183 35 13 15 817 809 24 529 32 1 3 49 32 65 2 27
64638 464 32 101 8 338 1229 676 191 105 15 25 589 233 135 154 0 247 12 497 92 19 7 7 406 411 11 275 17 0 1 25 15 31 2 14
64640 460 29 64 4 217 807 431 115 67 10 16 387 147 84 103 0 165 9 319 61 12 4 5 269 266 7 175 10 0 0 16 9 20 1 9
64641 459 29 65 5 226 817 453 121 70 10 17 397 157 85 102 0 161 10 328 63 12 5 4 275 272 9 184 10 0 0 16 9 22 0 9
64644 459 29 132 9 444 1626 853 250 135 18 36 785 295 172 206 0 327 13 629 120 25 7 9 546 533 15 345 22 0 2 34 19 40 2 22
64646 459 29 102 7 334 1248 668 184 104 15 29 591 228 129 156 0 251 13 497 90 15 6 6 409 417 10 267 16 0 1 23 16 30 2 14
64648 508 32 72 5 235 880 456 130 74 10 19 412 161 92 106 0 170 9 337 63 11 3 4 292 282 7 185 12 0 1 17 12 22 1 10
64649 475 30 191 13 655 2359 1283 354 199 29 52 1125 450 250 299 0 478 26 945 171 33 13 16 784 783 22 528 32 1 3 48 31 58 3 28
64656 476 30 220 18 767 2721 1511 422 235 35 57 1310 525 289 332 0 547 30 1097 201 37 15 17 918 909 25 611 35 2 3 57 36 70 4 29
64657 510 49 38 2 123 454 231 70 38 4 10 216 80 48 53 0 90 3 168 34 7 2 2 148 149 3 92 7 0 0 8 5 11 0 6
64659 511 50 162 13 544 1992 1065 302 167 23 45 944 361 211 258 0 413 19 794 144 28 10 12 662 664 16 439 28 1 2 39 25 47 3 24
64663 506 40 68 4 238 857 455 128 71 10 20 412 156 91 102 0 168 8 330 62 11 4 3 285 285 7 177 12 0 1 17 10 19 1 11
64665 524 44 195 15 671 2432 1303 366 199 26 54 1152 454 253 333 0 498 25 991 180 32 11 15 804 804 22 537 33 1 3 47 32 59 4 27
64670 523 43 40 2 127 477 246 70 40 5 11 225 90 49 56 0 93 5 176 35 6 2 2 163 150 5 100 6 0 0 10 6 12 0 5
64676 527 43 72 4 247 898 471 138 71 9 20 428 163 96 117 0 179 7 349 64 12 3 6 292 293 8 192 13 0 1 17 11 22 1 12
64677 527 43 260 22 864 3209 1715 484 268 36 74 1542 596 327 400 0 637 34 1251 237 44 16 16 1053 1073 31 691 46 1 4 66 42 77 4 38
64682 522 43 71 5 234 879 453 134 71 9 19 403 156 94 104 0 175 8 343 64 11 4 5 286 287 6 182 12 0 1 18 12 21 1 11
64684 504 31 250 21 881 3131 1722 487 261 36 68 1518 592 333 407 0 630 29 1245 229 45 16 20 1044 1044 28 699 43 1 5 66 42 78 5 38
64685 490 30 157 13 545 1944 1060 293 165 25 43 918 361 201 229 0 389 22 781 144 26 11 12 651 655 15 421 24 1 2 39 26 49 2 20
64687 487 31 32 3 119 444 234 63 38 4 10 206 80 44 52 0 90 4 175 35 5 2 2 151 147 4 95 5 0 0 8 6 10 0 4
64693 487 29 70 4 244 876 467 137 70 8 20 418 162 92 103 0 174 8 337 64 12 3 5 289 294 7 186 12 0 1 17 12 22 1 11
64701 487 29 61 6 218 764 445 109 68 10 15 368 151 78 101 0 155 10 323 60 11 5 5 266 251 7 182 9 0 0 15 9 19 1 7
64702 487 29 36 2 113 429 226 61 38 5 9 204 80 46 51 0 83 4 167 32 7 2 2 150 140 4 91 5 0 0 10 4 11 0 5
64703 509 42 64 5 220 797 433 123 67 10 17 380 151 84 102 0 162 8 319 59 12 4 5 269 266 8 176 11 0 1 16 9 20 1 9
64706 509 42 157 13 536 1958 1038 300 163 22 43 934 368 209 240 0 398 21 771 146 28 10 12 656 641 18 426 28 1 3 40 26 52 2 23
64707 509 42 68 6 226 856 440 122 70 9 19 393 162 90 95 0 171 8 330 66 12 5 4 292 274 7 182 10 0 1 17 11 23 1 9
64708 485 33 129 10 452 1631 879 255 133 19 36 798 303 177 206 0 329 15 639 117 23 8 10 547 542 15 351 23 0 2 31 21 41 2 21
64709 491 33 85 10 326 1110 686 164 96 16 21 550 218 112 174 0 239 14 508 84 14 7 10 378 392 11 288 11 1 1 23 14 30 1 7
64711 487 33 37 3 121 445 237 66 38 5 10 216 83 46 48 0 87 4 173 32 6 2 2 152 146 4 95 6 0 0 9 6 12 0 5
64723 503 33 164 12 532 2018 1059 286 166 23 49 947 369 204 241 0 396 22 787 149 27 10 11 678 660 18 423 25 1 2 40 29 53 2 22
64727 492 33 96 7 327 1191 628 185 103 14 26 571 223 127 150 0 237 11 468 90 17 6 5 401 382 11 255 16 0 1 24 14 30 2 15
64729 548 40 102 7 330 1222 654 186 103 14 26 578 227 127 147 0 245 13 489 91 16 6 7 415 407 10 271 15 0 1 24 15 32 1 13
64731 540 33 131 10 460 1638 906 252 135 19 35 785 307 175 207 0 330 16 655 119 23 9 11 543 548 12 366 23 0 2 34 22 41 2 20
64732 527 29 98 8 342 1242 680 187 101 13 27 582 227 127 153 0 245 12 498 96 17 6 7 414 416 11 269 16 0 1 24 15 29 2 15
64734 530 29 129 10 428 1585 840 230 135 18 35 734 292 167 178 0 309 15 619 118 21 8 8 530 516 13 336 21 0 2 34 19 40 2 19
64735 532 29 39 2 129 482 237 78 36 4 12 231 86 52 56 0 97 2 177 32 6 1 1 159 155 3 96 6 0 0 9 6 11 0 7
64737 529 29 36 2 128 456 251 65 39 5 10 221 87 46 55 0 92 4 179 32 6 2 3 155 151 4 102 6 0 0 9 6 13 0 5
64742 535 29 182 16 633 2277 1272 333 193 28 50 1058 438 232 296 0 459 27 943 171 30 13 15 767 764 21 522 29 1 2 46 30 58 3 23
64744 536 29 70 4 240 856 446 142 70 8 19 418 156 94 111 0 167 6 324 62 13 3 4 285 280 7 180 13 0 1 16 10 22 1 13
64745 539 30 35 3 127 441 245 70 36 4 9 212 85 46 52 0 87 4 174 32 5 2 2 147 147 3 96 5 0 0 9 6 10 0 5
64747 538 29 36 2 126 460 245 67 39 5 10 222 83 48 54 0 89 3 178 32 6 2 3 156 151 4 100 6 0 0 9 6 12 0 5
64749 538 29 100 7 335 1226 633 188 103 13 26 576 222 129 157 0 246 12 473 92 16 5 7 399 404 10 260 16 0 2 24 15 30 2 16
64750 536 29 187 14 646 2324 1288 353 198 28 49 1099 442 247 296 0 466 25 948 174 33 13 14 760 773 22 530 30 2 3 49 31 56 4 26
64751 523 36 189 15 639 2356 1274 352 206 31 49 1096 442 253 271 0 469 27 933 184 34 15 17 796 767 21 531 29 2 2 47 28 62 3 24
64752 618 46 37 2 121 463 246 62 39 5 9 220 85 47 62 0 92 4 187 32 6 2 2 151 154 4 98 6 0 0 10 5 12 0 5
64758 622 49 97 8 323 1199 659 175 99 13 26 562 217 124 144 0 239 13 482 91 17 6 8 401 407 11 272 17 0 1 24 15 31 1 14
64765 607 29 131 9 449 1620 876 242 135 19 35 767 302 170 207 0 328 14 650 116 22 7 8 529 540 13 351 22 0 2 31 22 38 2 20
64768 595 29 37 3 127 476 254 69 40 6 10 222 91 48 58 0 92 5 184 35 6 3 2 160 156 4 104 6 0 0 10 5 12 0 5
64769 565 35 36 3 122 467 241 67 39 5 10 229 86 46 58 0 92 5 183 36 6 2 3 162 150 4 100 5 0 0 10 6 11 0 4
64772 569 31 39 2 124 453 236 70 40 5 10 217 82 50 54 0 89 4 175 34 7 2 2 151 143 3 98 6 0 0 9 7 12 0 5
64777 565 31 69 4 225 890 470 115 74 10 20 399 152 84 102 0 171 10 360 70 12 4 5 292 298 7 182 10 0 1 17 11 21 1 9
64792 572 29 134 10 457 1693 889 257 139 18 39 801 312 182 195 0 336 16 651 128 24 9 11 569 553 15 364 21 0 2 32 22 44 2 21
64793 566 29 141 9 467 1737 888 266 142 18 39 811 314 185 194 0 338 15 652 129 25 8 10 584 564 15 362 25 0 2 34 24 44 2 21
64801 546 34 102 6 334 1229 653 184 103 13 27 574 228 130 151 0 248 10 476 92 17 5 7 400 402 10 263 18 0 1 24 15 32 2 17
64807 548 29 351 27 1215 4366 2392 658 362 49 99 2081 816 460 565 0 878 43 1749 322 61 21 28 1447 1451 37 972 60 2 6 90 56 108 7 56
64809 546 29 98 7 333 1221 664 172 103 14 26 575 229 127 140 0 241 12 484 91 18 6 8 407 402 11 263 16 0 1 23 17 32 1 14
64811 537 29 68 5 229 866 448 128 69 9 20 404 156 90 101 0 167 8 326 64 14 4 5 295 280 7 179 12 0 1 18 10 21 1 11
64813 568 51 64 5 221 805 439 122 68 9 17 392 154 84 94 0 157 10 314 62 11 4 5 274 265 8 178 10 0 1 16 9 21 1 8
64817 575 51 352 28 1192 4361 2359 655 360 49 98 2085 817 458 549 0 882 46 1738 320 62 21 29 1449 1462 39 961 60 2 5 86 60 112 6 51
64819 607 46 66 5 235 830 453 133 72 11 17 400 159 90 117 0 175 7 341 61 12 4 4 271 283 8 185 11 0 1 17 8 20 1 10
64822 606 46 293 23 983 3603 1925 545 302 40 82 1711 671 378 481 0 723 36 1431 265 52 18 24 1184 1192 35 784 51 2 4 72 47 88 5 43
64823 614 46 453 35 1537 5626 3017 859 464 64 130 2678 1051 593 704 0 1133 54 2217 411 79 28 37 1860 1860 51 1216 77 2 8 115 77 140 8 71
64825 612 46 35 2 114 437 223 67 35 4 10 202 77 46 48 0 86 4 164 32 6 2 2 146 139 3 89 7 0 0 8 6 11 0 6
64827 607 44 71 5 227 850 444 122 71 9 19 403 156 89 95 0 161 8 319 63 12 4 4 284 276 7 181 12 0 1 17 10 23 1 10
64829 585 39 64 4 207 786 427 107 70 9 16 350 143 76 86 0 148 9 316 60 11 5 5 266 256 6 178 9 0 0 17 9 20 1 8
64830 583 40 35 2 120 453 237 67 37 5 10 207 81 47 49 0 88 4 171 32 6 2 2 153 148 3 95 6 0 0 9 5 11 0 4
64834 589 39 301 22 1020 3707 1964 581 306 42 83 1755 693 402 439 0 733 36 1440 273 53 18 23 1237 1222 33 785 51 2 5 73 50 98 5 46
64841 583 39 41 3 124 478 233 69 40 4 10 231 86 49 56 0 97 5 183 33 7 1 2 160 156 4 97 6 0 0 9 6 13 0 6
64842 582 39 293 23 988 3581 1931 556 301 43 79 1715 671 381 455 0 722 38 1414 266 51 18 22 1195 1179 35 783 50 2 4 72 45 90 5 43
64843 582 39 65 4 213 804 416 117 68 9 17 385 149 85 109 0 155 8 320 59 12 4 5 271 260 9 172 10 0 1 18 9 20 1 9
64844 587 39 129 10 445 1641 888 245 138 20 36 775 302 167 196 0 331 18 651 124 23 8 10 547 545 15 362 23 0 2 33 21 41 2 18
64846 580 29 70 4 236 871 460 126 72 10 20 415 158 90 106 0 168 9 347 65 12 3 4 288 291 8 179 11 0 0 17 11 21 1 9
64850 579 29 36 2 119 440 235 67 38 5 10 201 82 48 47 0 86 4 171 33 6 2 2 146 146 4 92 6 0 0 8 5 10 0 4
64851 565 31 33 3 114 415 236 65 37 5 9 195 80 42 49 0 82 6 167 31 6 2 3 142 137 5 96 4 0 0 9 5 10 0 3
64855 566 31 37 2 121 445 236 69 36 4 9 211 81 47 51 0 86 3 173 31 6 1 2 147 149 3 93 6 0 0 9 6 10 0 6
64856 565 31 165 13 562 2033 1086 306 174 23 42 958 381 213 256 0 404 22 811 150 31 11 12 683 666 20 444 27 1 2 44 27 51 3 23
64857 567 29 39 2 128 471 242 73 37 4 10 228 85 49 61 0 93 3 182 30 6 1 2 154 154 4 96 7 0 0 9 6 11 0 7
64859 572 33 69 4 233 843 462 121 69 9 18 379 149 87 98 0 167 8 336 59 12 4 5 275 282 6 183 11 0 1 18 11 20 1 10
64863 567 29 177 12 586 2144 1132 321 182 23 47 1010 394 229 259 0 418 21 832 161 30 9 12 714 708 19 455 30 1 3 42 29 54 3 27
64864 566 29 72 6 237 898 458 129 74 9 22 428 158 91 109 0 179 8 345 61 11 4 5 305 291 7 186 11 0 1 17 12 24 1 11
64866 567 29 105 7 351 1272 683 194 106 14 29 599 236 139 150 0 253 13 500 94 18 7 8 424 418 11 280 18 0 1 26 14 33 2 16
64872 562 29 35 2 115 424 229 64 35 5 9 203 80 46 50 0 84 5 166 29 6 2 2 150 137 3 95 5 0 0 8 5 10 0 4
64875 575 29 64 4 218 802 431 118 72 10 16 378 157 83 93 0 156 9 319 62 11 4 5 280 256 8 179 9 0 1 16 9 21 0 8
64876 574 29 36 2 127 444 238 71 36 5 9 216 84 49 55 0 90 3 175 31 5 2 2 148 148 3 93 6 0 0 9 5 10 0 5
64877 575 29 107 8 350 1303 686 197 107 14 29 614 237 136 158 0 255 13 498 94 17 5 8 434 427 11 277 18 0 2 26 19 33 2 16
64879 577 29 35 2 122 436 248 65 38 5 8 205 83 47 51 0 89 6 183 32 7 2 3 147 148 3 101 4 0 0 8 5 11 0 3
64889 582 30 127 9 439 1587 872 247 127 19 33 748 301 169 192 0 320 17 631 112 22 8 8 518 537 13 345 22 1 2 34 22 38 2 20
64890 563 40 38 2 135 471 254 74 37 4 10 222 86 49 53 0 92 3 179 33 6 1 2 153 158 4 98 7 0 0 9 6 11 0 6
64891 585 32 130 9 434 1586 868 236 128 16 35 758 298 163 193 0 315 15 620 115 23 7 9 531 524 15 350 22 0 2 34 21 40 2 18
64896 577 31 35 3 116 431 229 63 37 5 10 205 78 44 46 0 86 5 167 33 5 2 2 149 142 3 92 5 0 0 9 5 12 0 4
64899 578 31 64 6 232 799 468 125 72 11 16 380 157 83 97 0 159 9 331 60 11 5 5 271 271 7 193 9 0 0 16 9 21 1 6
64904 578 31 104 7 342 1277 675 186 106 14 30 594 234 130 143 0 249 12 499 91 19 6 7 430 417 11 272 18 0 1 27 17 33 1 15
64906 580 31 40 2 134 486 252 75 39 5 10 230 88 53 59 0 97 2 182 34 7 1 2 158 157 4 103 8 0 0 10 6 12 0 7
64910 503 31 33 2 119 436 232 69 36 6 8 210 80 48 51 0 85 5 169 33 6 2 1 149 143 4 93 6 0 0 9 5 11 0 4
64915 503 31 36 2 113 448 222 61 37 5 10 206 80 46 46 0 83 5 163 33 7 2 2 152 141 3 88 7 0 0 10 6 12 0 5
64917 502 29 104 7 348 1287 682 190 109 16 28 601 233 134 151 0 254 13 508 93 20 6 7 426 424 12 267 18 1 1 27 16 34 2 15
64918 542 29 102 7 336 1262 670 186 111 15 27 583 234 130 142 0 244 13 497 97 19 7 8 419 419 12 265 16 1 1 25 16 32 1 14
64921 540 29 101 7 348 1274 664 191 101 13 28 620 236 136 159 0 255 11 499 95 18 6 6 424 419 12 266 18 0 1 25 17 29 2 17
64922 540 29 42 2 134 487 252 73 42 5 10 227 88 50 54 0 95 4 179 34 7 2 3 158 159 4 101 7 0 0 9 6 13 0 6
64923 528 29 228 16 779 2837 1509 437 238 33 64 1370 522 301 356 0 566 27 1108 207 41 13 16 936 949 25 604 40 1 4 56 37 69 4 35
64929 517 29 38 3 128 461 235 71 36 4 10 234 84 50 61 0 91 4 174 32 7 1 1 153 150 5 95 7 0 0 9 5 12 0 7
64930 510 29 73 5 244 891 468 138 72 8 20 422 162 94 109 0 179 7 346 62 12 3 4 288 298 7 187 13 0 1 17 13 23 1 12
64931 509 29 158 13 530 1980 1069 283 162 22 44 934 363 199 246 0 392 23 791 151 27 9 13 660 658 18 434 25 1 2 38 27 53 2 22
64932 582 29 134 10 455 1652 897 243 140 21 36 781 310 177 205 0 329 17 654 122 22 8 10 554 544 14 366 24 1 2 31 22 43 2 19
64933 558 29 523 39 1776 6496 3471 991 534 73 149 3096 1206 685 815 0 1307 60 2556 472 91 32 41 2142 2155 57 1390 89 3 9 131 90 159 10 83
64938 560 29 102 7 338 1270 667 182 106 15 29 598 232 128 159 0 251 13 503 94 17 6 7 429 416 13 272 17 0 1 25 16 32 1 15
64939 584 41 71 6 241 882 475 132 71 9 20 417 160 91 100 0 176 8 348 64 12 4 4 292 298 8 182 12 0 1 17 12 22 1 11
64940 592 42 38 3 128 471 241 70 40 5 11 223 89 47 56 0 91 5 175 34 7 2 2 162 150 4 99 6 0 0 9 5 11 0 5
64945 590 41 32 3 113 397 222 62 36 5 7 183 76 41 47 0 77 4 163 28 6 2 2 136 132 4 86 4 0 0 8 4 9 0 4
64948 591 41 98 8 329 1202 669 176 103 16 25 546 223 122 130 0 232 13 477 95 17 7 6 406 399 9 261 15 0 1 24 16 31 1 12
64949 597 44 32 2 119 435 236 64 35 4 9 199 79 43 45 0 85 5 161 33 6 1 3 148 143 4 95 6 0 0 7 5 12 0 5
64958 588 41 102 8 349 1226 679 194 98 12 26 592 231 130 152 0 249 11 489 85 17 5 8 404 412 10 270 17 0 1 26 16 28 2 16
64959 591 41 70 4 246 878 471 139 73 10 20 426 168 97 115 0 177 7 350 61 13 4 4 293 287 8 192 12 0 1 15 10 22 1 11
64961 591 41 70 6 234 867 471 128 70 10 20 412 154 88 97 0 171 10 331 64 11 5 6 289 290 8 190 11 0 1 17 11 22 1 9
64962 612 36 36 2 125 448 241 73 35 4 9 217 85 50 53 0 88 4 171 31 6 1 2 149 144 3 98 7 0 0 8 6 11 0 6
64963 608 32 67 5 244 842 457 132 70 9 18 420 159 90 117 0 172 6 341 58 11 3 4 281 276 8 187 12 0 1 17 10 20 1 11
64964 602 31 166 13 554 2039 1096 300 170 23 45 969 374 214 237 0 402 20 802 155 28 12 12 690 672 20 446 27 1 2 40 26 52 2 23
64966 595 31 100 8 337 1269 657 186 104 13 27 577 230 131 145 0 248 12 487 96 17 6 6 425 414 11 271 16 0 1 26 17 33 1 15
64968 595 31 36 2 121 457 234 67 40 5 9 211 84 48 56 0 86 4 174 36 6 2 2 154 143 4 96 6 0 0 9 5 12 0 5
64969 567 34 34 2 117 443 234 61 37 4 9 206 80 42 53 0 86 5 176 34 7 2 2 153 145 4 98 5 0 0 8 5 11 0 4
64971 561 35 138 10 457 1676 883 260 139 20 38 806 314 178 207 0 332 16 653 120 24 9 9 569 550 15 354 23 0 2 32 21 43 2 20
64972 565 34 101 8 358 1289 691 197 106 14 29 620 235 132 154 0 254 12 503 95 17 6 7 422 427 14 277 18 0 1 25 17 33 1 15
64973 559 34 59 4 209 760 413 117 65 10 17 359 141 81 92 0 152 9 303 56 11 5 4 259 247 5 165 9 0 1 14 9 20 1 8
64976 561 34 255 21 873 3194 1725 479 269 37 71 1531 600 332 399 0 636 32 1261 236 45 15 18 1064 1064 30 692 44 1 4 66 41 83 4 38
64987 552 30 95 7 320 1172 626 173 99 14 25 562 230 125 163 0 238 12 471 85 17 6 6 391 383 12 261 16 0 1 25 13 28 1 14
64990 550 30 109 7 353 1289 689 192 109 14 29 610 233 133 154 0 254 11 498 92 18 6 8 428 434 11 272 19 0 2 26 17 33 1 17
64992 584 37 124 10 429 1587 857 232 133 19 34 758 289 165 191 0 313 17 616 117 22 9 10 533 520 13 344 21 1 2 31 21 39 2 18
64996 574 29 229 16 773 2799 1488 436 235 30 61 1350 517 301 345 0 551 25 1079 207 41 12 16 928 924 27 600 40 1 4 59 36 70 4 37
64997 564 30 191 15 658 2415 1336 363 203 30 51 1133 453 252 280 0 473 29 973 184 33 13 15 810 812 22 540 29 1 2 49 32 64 3 24
64998 558 29 99 7 339 1229 651 186 110 14 25 596 233 130 165 0 242 13 486 93 19 5 7 424 395 14 269 16 0 1 25 14 30 1 15
65000 554 29 70 5 237 879 465 131 72 10 19 416 160 90 103 0 174 8 333 61 12 4 4 295 287 7 187 12 0 1 17 11 22 1 10
65002 554 29 37 1 122 455 239 67 36 5 10 210 79 47 53 0 86 3 171 32 7 1 2 149 150 3 94 7 0 0 9 6 11 0 6
65004 549 29 190 15 658 2423 1308 360 198 26 53 1124 443 251 298 0 485 26 973 181 33 13 14 807 808 21 533 30 1 3 48 32 63 3 28
65005 551 29 135 10 459 1670 900 253 136 18 39 797 307 175 206 0 332 17 665 125 23 8 9 550 561 15 354 23 0 2 33 23 42 2 20
65009 549 29 70 6 242 882 477 131 74 10 19 417 162 92 110 0 176 8 348 66 11 5 5 297 292 8 194 11 0 1 18 12 23 0 9
65010 549 29 71 5 231 851 439 128 72 10 19 409 156 89 107 0 170 7 333 58 12 3 3 284 278 7 178 11 0 1 17 10 21 1 11
65011 506 37 200 16 668 2458 1322 378 202 27 53 1188 455 264 315 0 493 25 980 180 34 12 15 811 824 24 538 34 1 3 49 35 65 3 28
65013 471 38 73 4 236 886 458 133 70 9 20 422 158 94 110 0 172 7 335 59 13 3 5 289 293 7 183 15 0 1 17 12 23 1 13
