65014 472 38 530 44 1800 6567 3587 989 564 81 142 3128 1251 690 817 0 1306 75 2642 495 94 37 44 2203 2182 64 1457 83 5 8 132 87 167 8 68
65016 478 38 34 3 115 436 233 61 37 5 9 200 79 44 51 0 85 4 175 32 6 2 3 145 145 4 95 5 0 0 9 5 11 0 5
65019 475 38 65 5 221 807 436 121 68 9 17 382 153 87 103 0 161 8 319 60 12 5 5 265 261 8 182 11 0 0 18 11 21 1 8
65024 474 38 67 5 234 859 451 131 77 10 19 405 165 89 107 0 166 9 330 66 12 5 5 294 274 9 188 11 0 1 16 8 21 1 9
65025 479 39 41 2 131 480 247 75 39 5 11 231 88 51 60 0 95 3 180 32 7 2 2 158 157 4 98 7 0 0 9 6 12 0 7
65027 488 38 71 5 244 892 469 137 72 9 20 429 162 99 109 0 175 7 340 63 14 3 5 295 296 8 190 14 0 1 18 11 22 1 12
65033 489 38 34 2 115 426 231 61 35 5 9 200 78 44 51 0 86 4 172 29 6 2 2 142 138 4 93 5 0 0 8 5 10 0 4
65035 586 64 40 2 134 484 255 73 41 4 11 230 89 49 55 0 95 4 180 35 7 1 2 161 158 5 98 7 0 0 9 5 12 0 6
65036 587 64 34 2 124 431 240 67 38 5 9 212 85 45 56 0 86 4 174 32 6 2 2 147 144 4 96 5 0 0 9 5 10 0 5
65037 556 47 35 2 116 451 241 61 38 5 9 207 80 46 52 0 88 4 180 32 5 2 2 147 150 3 91 5 0 0 9 6 10 0 5
65038 550 44 66 5 241 852 476 129 72 11 18 408 157 90 110 0 171 8 345 59 12 4 5 285 285 7 189 12 0 1 17 10 21 1 10
65040 555 44 67 5 231 848 454 133 71 9 20 407 158 89 98 0 168 7 323 64 12 4 5 286 281 8 182 11 0 1 17 11 21 1 10
65041 546 36 31 3 104 390 222 55 35 5 7 183 73 40 48 0 76 5 166 30 6 3 3 135 130 2 89 4 0 0 8 4 9 0 3
65049 546 36 128 9 420 1559 840 229 135 19 33 727 297 160 186 0 310 17 615 116 22 9 9 525 514 15 347 19 1 2 33 19 38 2 17
65052 549 32 37 3 124 469 246 70 41 5 10 229 88 48 60 0 93 4 187 34 7 2 2 156 154 5 101 6 0 0 9 5 12 0 5
65060 549 32 183 16 645 2329 1273 360 197 27 52 1126 440 248 291 0 466 23 917 173 32 12 16 779 779 22 516 31 1 3 48 32 59 3 26
65066 560 32 190 14 637 2325 1248 357 200 28 51 1105 438 247 278 0 462 25 904 173 33 13 15 784 757 22 517 31 1 2 46 29 59 3 27
65068 556 32 127 11 443 1623 866 246 133 19 37 771 299 170 199 0 321 17 630 119 22 9 10 545 539 14 352 21 0 2 33 20 42 2 19
65070 555 32 36 2 120 469 252 68 38 5 10 219 84 49 51 0 91 5 181 33 6 2 3 156 160 5 97 6 0 0 9 6 12 0 5
65072 555 32 158 13 539 1973 1088 285 173 25 42 923 370 200 238 0 390 23 806 156 29 11 14 658 658 21 438 24 1 2 40 26 51 2 21
65074 534 31 99 7 341 1242 660 188 102 13 26 590 232 134 164 0 249 12 497 92 18 6 8 410 406 11 275 17 0 1 25 16 31 2 15
65076 535 31 34 2 114 429 238 62 36 5 9 197 82 43 48 0 86 5 170 29 6 2 2 145 141 3 98 5 0 0 8 5 11 0 5
65078 536 29 68 3 225 849 444 129 70 11 19 398 156 90 94 0 160 8 320 62 14 5 4 293 274 7 181 12 0 1 16 10 22 1 11
65081 557 30 76 5 242 932 463 139 76 9 21 441 168 97 110 0 183 8 343 65 12 3 4 309 303 9 188 13 0 1 17 12 25 1 11
65083 553 29 36 2 118 462 232 65 37 5 11 211 80 47 51 0 86 5 173 34 6 2 1 162 149 3 92 6 0 0 9 5 12 0 6
65084 552 29 70 5 242 884 468 134 74 11 19 423 161 96 109 0 173 8 338 62 12 4 6 296 287 8 188 12 0 1 18 11 24 1 10
65085 512 33 256 19 872 3154 1730 475 270 40 70 1509 593 325 395 0 635 34 1248 236 43 20 18 1064 1045 30 691 44 2 3 66 42 81 4 35
65089 509 29 132 9 437 1634 852 243 136 17 37 761 299 174 188 0 322 15 615 118 23 7 10 542 530 14 346 24 0 2 34 20 41 2 22
65093 507 29 103 7 347 1272 679 184 106 14 27 609 235 132 157 0 253 12 505 92 17 6 6 420 423 13 273 18 1 1 27 17 32 1 15
65096 508 29 35 2 113 441 230 58 37 4 10 201 77 44 44 0 87 5 171 33 6 2 2 150 144 3 88 5 0 0 9 5 11 0 5
65097 525 29 65 4 220 790 424 122 66 9 18 370 149 84 96 0 154 9 307 57 12 3 4 264 258 6 173 11 0 1 16 9 19 1 9
65101 521 29 99 7 333 1225 641 180 102 14 27 587 222 129 147 0 241 12 477 92 18 5 6 410 408 11 260 15 0 1 24 14 30 1 17
65104 515 29 29 2 109 385 219 57 36 6 8 189 80 40 50 0 76 6 160 31 5 3 2 138 124 4 92 3 0 0 8 4 9 0 3
65119 519 29 66 5 228 821 461 123 65 8 19 391 151 86 108 0 163 7 336 58 12 3 5 262 282 7 188 12 0 1 17 11 20 1 11
65121 563 49 239 22 855 3059 1685 469 259 35 67 1482 579 327 384 0 613 32 1205 225 42 16 20 1021 1017 29 683 41 2 4 65 42 76 4 34
65122 567 52 64 5 225 808 441 126 67 8 16 386 151 85 111 0 169 7 329 61 12 3 5 264 269 7 181 11 0 1 17 10 19 1 10
65126 541 31 71 6 240 888 461 131 75 9 20 433 161 91 107 0 175 9 341 65 12 4 5 299 289 8 182 12 0 1 17 11 23 1 10
65129 545 31 191 16 658 2352 1319 363 198 30 52 1131 446 252 316 0 482 25 973 170 33 14 14 779 789 21 542 32 1 3 47 31 59 4 26
65139 544 31 39 1 127 489 246 74 39 5 12 229 87 53 57 0 96 3 181 35 7 2 2 166 158 3 100 7 0 0 9 6 12 0 7
65144 544 29 96 7 332 1190 647 178 103 14 26 560 226 126 146 0 233 12 479 89 18 5 6 400 389 11 263 16 0 1 25 14 30 1 13
65147 534 29 106 7 352 1295 672 198 110 14 29 613 239 138 155 0 252 11 491 97 18 6 7 433 416 11 273 19 0 1 26 18 33 1 15
65149 509 29 127 12 453 1635 930 240 135 18 35 772 308 168 216 0 332 17 681 119 22 9 13 537 561 14 375 20 1 2 34 24 39 2 16
65150 506 29 36 2 112 455 233 61 38 5 11 210 81 43 55 0 86 5 178 35 6 2 2 158 149 5 93 5 0 0 8 5 12 0 4
65153 507 29 35 3 120 444 229 69 37 4 10 221 82 48 61 0 90 4 174 33 6 1 1 147 148 4 92 6 0 0 9 4 9 0 6
65156 558 35 74 4 250 912 475 141 74 9 21 434 165 100 108 0 182 6 339 66 13 3 4 298 301 7 188 14 0 1 18 11 23 1 12
65159 555 41 62 6 224 779 452 116 69 10 15 368 151 81 96 0 160 9 326 61 10 5 5 264 259 7 185 9 0 0 16 9 19 1 7
65164 550 29 211 17 740 2633 1476 404 222 33 57 1251 504 280 324 0 535 30 1069 199 36 15 18 887 876 19 604 35 1 3 53 35 67 4 28
65165 547 29 134 11 438 1618 872 232 138 18 36 755 295 162 193 0 321 17 647 124 21 8 9 535 545 15 349 22 0 1 31 22 41 2 18
65170 547 29 35 3 122 443 241 65 39 6 9 198 82 49 50 0 85 4 176 34 6 2 2 145 146 3 97 6 0 0 10 6 10 0 6
65174 546 29 347 27 1159 4248 2296 632 358 50 93 2020 793 450 531 0 852 47 1695 309 62 24 28 1416 1408 40 933 57 3 5 87 56 107 6 48
65175 545 29 309 25 1073 3894 2135 588 327 48 89 1862 731 410 484 0 782 44 1560 293 54 22 27 1304 1304 36 857 52 2 5 77 50 97 5 43
65177 524 29 68 5 242 882 473 133 74 9 20 422 164 92 103 0 171 8 341 65 11 4 5 298 291 8 194 12 0 1 17 12 22 1 9
65189 504 40 160 13 565 2008 1085 316 166 23 44 974 378 217 255 0 405 19 790 148 28 10 13 672 658 17 449 29 0 3 38 27 51 3 25
65194 506 40 35 2 116 427 224 62 38 4 10 203 78 46 48 0 82 4 160 31 5 2 2 146 138 3 94 5 0 0 8 5 10 0 5
65197 496 29 97 7 337 1245 672 180 106 15 25 592 236 132 161 0 249 13 500 92 17 7 9 414 409 12 277 16 0 1 25 18 32 1 13
65200 496 29 31 2 113 410 228 61 35 4 8 195 79 45 52 0 86 5 172 32 5 2 2 139 135 4 97 5 0 0 7 4 10 0 4
65204 529 38 142 10 479 1766 917 271 143 18 41 847 317 186 210 0 346 15 681 129 25 8 10 593 580 16 372 24 0 2 35 23 44 2 25
65210 532 38 67 5 230 834 454 126 72 10 17 407 157 88 111 0 168 9 336 62 12 4 4 286 270 7 189 11 0 1 16 10 21 1 9
65213 527 36 33 3 115 413 225 61 36 4 8 198 80 44 50 0 80 4 165 33 5 2 2 142 133 3 93 5 0 0 8 4 11 0 4
65217 527 36 74 5 250 887 477 140 74 8 20 438 166 92 111 0 178 7 348 64 13 3 4 292 299 8 190 12 0 1 19 11 20 1 12
65218 528 33 191 15 656 2351 1298 347 204 28 51 1113 443 248 292 0 472 25 943 176 33 13 13 785 773 20 525 32 1 3 50 31 61 3 26
65219 512 29 74 5 244 896 470 140 71 9 20 433 164 94 116 0 179 7 346 62 13 3 5 293 296 9 192 14 0 1 17 12 23 1 12
65222 530 38 35 2 118 453 240 67 35 4 10 214 80 46 54 0 90 5 179 31 6 2 2 150 150 4 94 5 0 0 9 6 10 0 5
65223 502 32 68 3 227 850 445 129 68 9 19 404 150 93 102 0 169 7 327 61 12 3 5 277 280 7 176 13 0 1 17 10 20 1 12
65226 515 29 38 2 129 472 243 73 39 4 10 227 85 50 56 0 93 3 177 35 7 1 2 158 154 5 96 7 0 0 8 5 11 0 7
65227 501 31 106 7 354 1271 670 198 105 13 28 609 234 133 152 0 247 11 481 93 18 5 6 418 424 10 267 19 0 2 27 15 32 2 18
65231 502 29 270 19 913 3330 1742 509 280 39 79 1586 621 355 392 0 659 31 1267 250 46 17 18 1100 1089 28 700 50 2 5 67 45 81 4 42
65235 504 29 38 2 121 458 237 69 37 5 10 213 84 48 56 0 92 5 174 31 7 2 2 153 147 4 97 7 0 0 9 6 13 0 5
65241 498 29 37 2 127 454 233 73 38 5 10 225 83 50 58 0 91 3 171 32 7 1 1 152 149 3 95 6 0 0 8 5 10 0 7
65249 496 29 83 9 313 1073 621 166 93 12 22 533 213 119 162 0 229 12 459 79 15 6 9 361 358 10 263 13 0 1 22 13 28 1 10
65254 518 30 95 6 321 1171 632 171 100 15 25 559 213 124 137 0 232 12 460 85 18 6 6 390 386 11 253 16 0 1 25 14 29 1 14
65257 518 30 92 8 327 1203 637 179 102 13 27 574 226 127 143 0 239 14 464 89 17 6 8 407 397 13 259 15 0 1 25 15 31 1 14
65258 514 29 325 25 1113 4020 2179 618 334 49 87 1909 756 428 508 0 810 38 1601 297 56 21 23 1321 1339 38 888 55 2 6 82 54 98 6 50
65259 516 29 160 12 544 1985 1083 300 169 24 43 941 373 207 238 0 400 20 798 151 27 11 12 667 661 19 441 26 1 2 40 27 51 2 22
65267 520 29 37 3 127 458 240 72 37 4 9 225 87 47 58 0 92 4 178 33 7 1 1 152 151 4 96 6 0 0 9 6 10 0 6
65271 521 30 163 14 560 2037 1115 316 168 23 46 994 375 213 250 0 405 22 805 151 28 10 14 677 684 18 447 28 1 2 40 28 52 3 24
65276 528 38 35 3 118 446 243 64 37 5 8 204 77 45 43 0 86 5 173 34 6 2 3 150 148 4 98 5 0 0 8 6 11 0 4
65278 523 32 120 10 426 1566 855 242 125 19 37 749 295 164 189 0 310 19 616 119 21 9 9 534 517 12 343 20 0 2 30 22 39 2 17
65280 522 32 160 11 537 1947 1051 292 165 23 43 933 357 206 239 0 393 20 763 143 30 10 10 642 648 18 424 27 1 2 42 24 49 2 24
65290 526 32 35 2 122 465 247 64 38 5 10 214 80 46 54 0 89 5 183 36 6 2 3 156 150 4 99 6 0 0 9 7 12 0 4
65293 529 32 37 2 129 471 250 78 38 5 10 229 83 52 57 0 97 3 185 32 7 2 2 154 161 3 101 6 0 0 9 5 11 0 7
65296 534 32 67 5 235 837 451 133 73 11 17 401 159 91 98 0 159 8 325 61 13 4 5 284 277 8 177 11 0 1 18 10 22 1 10
65297 536 32 131 10 447 1660 871 246 135 19 37 783 312 176 204 0 322 17 646 120 23 9 10 554 543 16 350 22 1 2 32 22 42 2 19
65300 526 32 32 3 116 415 232 60 38 5 9 208 82 42 54 0 81 6 171 34 6 2 3 143 137 5 94 4 0 0 9 5 11 0 3
65301 508 29 199 14 667 2434 1340 364 201 26 54 1137 449 257 306 0 486 25 989 179 34 12 16 798 819 22 541 33 1 3 49 32 63 3 28
65304 513 32 72 4 242 879 460 134 73 9 20 430 163 93 116 0 176 7 340 62 13 3 5 291 288 9 188 14 0 1 16 10 22 1 13
65306 514 32 166 11 572 2069 1089 320 171 22 45 998 386 217 262 0 407 18 809 150 31 9 10 689 679 21 442 28 1 2 41 26 51 3 27
65307 546 56 124 11 420 1520 815 237 126 17 33 719 283 163 193 0 307 14 605 112 23 7 9 499 507 14 333 22 0 2 31 19 38 2 19
65311 526 36 254 21 887 3182 1738 494 262 36 70 1530 596 332 402 0 648 33 1273 235 45 16 20 1049 1074 29 695 42 1 4 67 44 77 4 38
65312 526 36 99 8 338 1221 666 189 97 13 26 597 231 129 164 0 252 11 500 88 16 5 7 403 415 11 265 16 0 2 25 17 29 2 15
65315 525 36 199 15 667 2460 1365 367 208 30 54 1152 471 255 304 0 493 28 1010 183 33 14 17 820 820 23 554 31 2 2 48 35 63 3 24
65316 528 37 37 2 113 445 230 58 37 4 10 203 81 41 48 0 84 5 173 34 6 2 2 154 144 4 91 5 0 0 9 5 11 0 4
65319 527 36 64 5 220 815 439 117 68 9 17 389 148 83 108 0 168 7 326 60 11 4 5 274 277 7 181 10 0 1 16 10 20 1 9
65320 526 36 34 3 122 452 239 66 41 6 8 201 79 42 42 0 86 5 172 36 6 2 2 158 151 4 95 5 0 0 8 4 14 0 3
65321 513 29 37 3 130 465 242 73 40 5 8 228 84 49 57 0 92 4 183 32 7 1 1 153 153 4 98 7 0 0 9 6 12 0 6
65324 519 35 94 8 328 1196 666 173 101 15 25 555 218 124 165 0 250 13 507 84 17 6 8 390 409 10 271 15 0 1 24 15 30 2 13
65328 518 29 42 2 137 509 259 78 39 4 12 243 91 54 56 0 99 3 180 35 7 1 2 168 165 5 104 8 0 0 9 6 13 0 7
65332 544 42 30 3 108 380 226 56 35 6 6 184 79 38 44 0 74 6 159 31 4 2 2 134 126 4 98 3 0 0 8 4 10 0 1
65333 543 42 37 3 121 448 230 66 39 5 9 215 83 47 55 0 91 4 174 33 6 2 2 147 146 4 93 6 0 0 9 6 10 0 5
65335 543 42 72 4 237 889 445 138 73 9 20 419 160 97 102 0 176 6 331 64 14 4 4 294 286 7 180 11 0 1 17 12 22 1 12
65337 572 92 96 7 317 1168 622 177 101 14 26 544 221 125 144 0 230 12 454 90 18 6 7 388 379 10 255 15 0 1 23 15 31 1 14
65339 592 95 38 2 130 472 248 75 37 4 10 225 88 49 56 0 92 4 183 33 6 1 2 155 156 4 99 6 0 0 9 6 11 0 6
65342 592 95 193 16 675 2405 1335 367 207 29 54 1150 455 250 296 0 479 26 951 187 34 12 15 802 799 23 536 33 1 3 46 31 61 3 27
65343 563 18 161 14 547 1996 1068 303 164 23 43 956 374 210 246 0 400 21 795 146 28 10 10 666 654 18 430 26 1 2 41 27 50 3 23
65350 566 18 104 6 334 1234 651 185 104 15 28 572 226 127 139 0 243 13 469 86 16 6 7 408 412 10 264 17 0 1 24 17 30 2 14
65354 560 24 38 3 127 479 252 70 39 5 11 229 88 50 55 0 90 4 184 36 7 3 2 163 157 4 100 6 0 0 10 6 13 0 5
65362 560 24 103 7 346 1263 679 191 109 14 26 585 234 129 139 0 249 12 494 93 16 7 5 415 420 11 269 16 0 1 27 17 32 2 14
65363 557 22 174 12 579 2168 1105 331 174 22 50 1040 388 230 260 0 425 19 817 157 30 9 11 712 712 19 448 31 1 3 44 28 53 3 29
65364 557 22 64 4 215 800 424 120 67 9 19 376 151 85 98 0 156 9 310 59 11 4 4 267 256 8 171 11 0 1 16 10 20 1 9
65365 561 22 63 5 207 768 413 115 67 10 16 373 144 81 94 0 151 9 300 57 11 4 4 267 246 8 170 9 0 0 16 9 19 1 7
65366 561 22 68 4 222 819 428 127 68 10 18 378 153 86 90 0 155 8 309 59 12 5 5 276 258 8 174 11 0 1 16 10 20 1 10
65374 557 22 98 7 342 1221 673 187 103 15 28 596 236 130 165 0 251 13 498 90 16 7 7 401 410 10 274 16 1 1 23 16 31 1 14
65375 557 22 38 2 121 461 222 73 38 4 10 223 85 50 54 0 85 3 160 33 6 2 1 154 142 4 91 7 0 0 9 5 11 0 6
65381 560 23 39 2 129 479 239 75 40 5 11 229 88 51 59 0 93 4 174 34 7 2 2 156 152 5 98 7 0 0 9 5 11 0 7
65396 568 16 103 8 348 1267 658 198 107 12 29 600 236 134 156 0 245 11 485 95 18 5 7 419 417 12 265 18 0 1 26 16 32 2 16
65423 510 11 32 3 107 393 213 63 33 4 8 193 74 43 41 0 74 4 155 28 5 2 2 135 126 4 85 5 0 0 9 5 10 0 4
65430 521 12 98 9 332 1184 651 188 99 14 26 585 228 130 175 0 246 12 498 85 17 6 9 394 400 12 269 15 0 1 24 18 29 2 13
65460 597 17 62 5 217 798 437 116 68 10 17 379 154 83 92 0 162 9 318 61 10 4 4 270 263 6 177 9 0 0 17 11 19 1 8
65470 506 15 35 3 129 443 243 74 35 4 10 224 86 49 53 0 90 4 171 33 6 1 2 148 148 4 98 6 0 0 8 6 11 0 5
65471 533 14 98 7 334 1206 631 193 102 13 27 585 227 129 155 0 243 11 469 88 17 5 5 404 389 11 255 17 0 1 24 15 30 2 16
65478 551 23 36 2 118 447 223 65 36 4 11 207 79 46 47 0 86 4 165 34 6 1 1 146 141 3 90 6 0 0 9 6 11 0 6
65479 530 14 99 8 336 1214 651 193 101 15 26 577 231 131 156 0 242 14 491 83 17 6 7 405 402 12 265 16 0 1 23 16 32 2 14
65481 515 19 32 3 109 387 235 52 37 6 8 170 78 36 35 0 73 6 162 32 5 3 2 131 130 4 95 3 0 0 8 5 10 0 2
65482 515 19 40 3 128 475 248 72 38 4 11 222 88 48 56 0 94 4 179 33 5 1 1 151 156 4 99 7 0 0 9 6 11 0 6
65484 515 19 68 5 228 855 443 131 70 10 18 401 154 90 105 0 168 8 337 59 11 4 4 280 284 6 179 12 0 1 17 10 21 1 10
65485 528 22 36 3 118 450 239 70 38 5 10 215 84 47 51 0 89 5 171 34 6 2 3 151 147 5 98 6 0 0 8 6 12 0 4
65486 519 18 34 2 117 430 233 65 37 5 9 207 78 43 51 0 83 6 167 33 5 2 2 147 138 4 94 5 0 0 8 6 10 0 3
65488 523 18 34 3 113 435 226 59 37 5 10 208 82 43 58 0 82 5 174 34 5 2 1 144 139 5 91 5 0 0 7 5 10 0 3
65493 542 25 105 8 334 1289 652 180 107 14 30 619 237 135 165 0 246 12 496 97 18 6 7 441 415 13 266 17 0 1 26 16 34 1 15
65494 525 21 34 2 123 442 245 63 39 5 9 202 81 43 41 0 84 5 168 35 6 2 3 147 150 4 93 5 0 0 8 5 12 0 4
65495 531 18 262 20 900 3255 1742 494 269 36 72 1546 610 348 433 0 661 32 1298 227 44 16 21 1077 1073 29 709 46 2 4 66 43 81 5 38
65496 533 16 121 10 416 1511 820 233 134 20 33 725 295 160 188 0 300 17 598 118 22 9 9 511 485 14 335 20 1 2 29 18 39 2 16
65505 533 16 72 4 243 894 473 136 71 8 21 434 161 94 108 0 174 7 337 66 12 3 5 292 295 8 190 14 0 1 17 12 21 1 12
65507 533 16 39 2 132 497 259 79 39 5 11 237 92 55 62 0 98 4 188 35 7 2 3 158 165 4 102 8 0 0 8 7 12 0 6
65508 538 16 205 15 680 2491 1313 382 211 28 55 1198 465 264 327 0 497 23 973 183 34 11 14 824 816 25 544 35 1 3 49 31 63 3 31
65511 538 16 70 5 242 864 453 137 73 10 19 407 161 93 101 0 166 7 330 62 13 3 5 282 284 8 183 13 0 1 17 11 22 1 12
65512 570 23 142 10 469 1715 913 263 141 19 38 806 319 181 209 0 338 17 662 123 23 7 11 566 561 15 369 24 1 2 34 25 43 2 20
65514 561 19 33 3 115 411 241 62 35 5 9 192 81 41 48 0 88 5 175 31 5 2 3 135 142 4 100 4 0 0 9 6 10 0 3
65516 516 13 42 3 136 527 256 79 41 4 11 253 93 55 61 0 103 4 192 36 8 2 3 171 170 5 104 8 0 0 10 7 13 0 7
65522 516 12 29 3 114 408 241 59 35 5 8 203 82 42 50 0 82 6 173 32 5 2 3 140 140 4 96 4 0 0 9 5 10 0 2
65523 517 12 224 19 751 2784 1448 423 238 32 62 1309 515 295 332 0 547 27 1062 206 40 15 19 948 896 26 598 37 1 4 56 36 74 4 35
65566 541 27 99 7 334 1216 642 190 100 13 27 579 228 131 147 0 240 11 458 88 17 5 6 402 396 10 263 18 0 1 26 14 32 1 16
65567 541 27 31 3 108 391 218 57 37 6 7 185 79 39 38 0 77 5 150 32 6 3 2 146 125 3 90 4 0 0 8 4 11 0 2
65574 541 26 99 8 346 1228 672 200 102 13 26 607 233 133 151 0 246 12 485 89 18 5 7 410 408 12 263 18 0 1 24 16 31 2 15
65579 540 26 71 5 241 865 463 135 72 9 19 412 166 92 112 0 173 8 338 63 13 4 4 285 286 8 193 11 0 1 17 12 21 1 11
65580 541 23 36 2 128 462 245 75 36 4 10 226 85 50 55 0 90 4 173 32 8 2 2 152 151 4 100 6 0 0 10 6 12 0 6
65582 534 23 31 3 106 402 225 56 35 5 7 178 76 40 41 0 78 6 161 30 5 2 3 136 132 3 90 4 0 0 8 5 11 0 4
65583 557 21 33 2 112 412 227 60 39 6 7 188 83 42 48 0 78 4 167 33 6 2 2 143 132 4 91 4 0 0 10 5 10 0 3
65586 545 16 64 5 211 812 432 115 75 11 16 386 155 83 102 0 158 11 318 66 12 5 5 277 263 10 173 10 0 0 15 9 21 0 6
65587 543 23 129 11 432 1599 869 228 135 19 34 751 298 165 189 0 321 17 638 118 22 8 11 536 531 15 353 20 1 1 34 21 41 2 16
65593 554 23 126 11 418 1572 834 235 135 20 33 749 288 162 193 0 307 18 621 118 23 8 10 537 513 16 339 19 1 1 32 19 39 1 15
65601 550 22 162 13 551 2040 1092 296 174 23 47 955 376 208 266 0 407 24 826 152 29 9 12 669 685 21 444 28 1 2 40 26 51 2 21
65604 549 22 34 3 117 427 230 63 36 5 8 199 83 44 50 0 82 4 169 33 6 2 2 145 137 4 96 5 0 0 9 5 11 0 4
65605 545 22 36 3 117 445 230 67 39 5 10 214 81 46 53 0 86 3 169 32 7 2 2 151 142 4 88 6 0 0 9 5 11 0 5
65630 517 12 36 2 126 439 240 72 37 4 10 215 82 46 52 0 88 4 170 33 7 2 2 143 150 4 98 5 0 0 8 5 10 0 6
65659 525 15 72 4 247 909 463 142 74 9 21 450 171 97 117 0 181 8 344 66 13 4 5 302 293 9 187 13 0 1 17 12 22 1 12
65660 548 17 294 25 982 3649 1958 539 305 42 80 1741 669 379 433 0 726 36 1439 269 52 19 23 1212 1227 32 786 48 1 4 75 49 89 5 43
65715 554 14 247 21 861 3124 1709 468 262 38 69 1502 593 322 407 0 633 35 1255 232 43 16 19 1023 1048 31 688 43 1 4 63 40 75 4 37
65716 556 14 38 3 125 444 234 70 39 5 9 214 89 48 56 0 88 5 175 34 7 2 2 148 142 5 98 6 0 0 9 5 11 0 4
65718 556 14 36 3 127 460 252 69 38 5 11 215 88 48 57 0 91 5 191 34 7 2 2 152 151 4 101 6 0 0 9 6 11 0 4
65725 512 12 132 10 449 1622 867 249 140 19 35 787 306 176 200 0 321 15 631 120 22 8 9 544 530 16 355 22 1 2 33 20 43 2 19
65728 511 12 70 5 237 858 463 127 76 9 18 396 162 86 102 0 166 9 342 67 11 4 5 283 280 8 187 12 0 1 18 11 22 1 9
65730 512 12 66 4 237 831 454 132 70 9 18 398 161 90 102 0 164 7 329 62 11 3 4 276 278 8 183 11 0 1 16 9 21 1 10
65733 535 17 37 2 127 452 235 72 40 5 10 221 90 48 58 0 88 4 169 34 6 2 2 149 145 5 100 7 0 0 8 6 12 0 5
65746 594 25 106 8 353 1278 667 208 101 13 29 619 239 141 166 0 261 11 493 90 17 5 7 407 425 12 266 21 0 2 25 17 30 2 17
65772 570 11 102 6 333 1242 635 191 104 12 28 590 229 132 155 0 249 10 471 92 18 5 6 411 409 10 253 18 0 2 24 15 29 2 18
65792 560 17 35 3 122 447 236 72 34 4 9 219 83 49 53 0 87 4 169 32 6 2 2 144 147 4 91 6 0 0 9 6 12 0 6
65798 558 16 36 2 125 457 245 68 38 5 10 222 87 47 59 0 90 4 180 33 6 2 3 153 150 5 102 6 0 0 9 5 12 0 5
65801 559 16 169 12 552 2004 1087 311 168 23 44 935 376 213 234 0 392 20 784 148 29 10 14 663 652 18 443 27 1 2 42 25 48 3 25
65837 595 15 37 2 119 448 231 69 37 4 9 209 83 47 49 0 87 4 163 32 7 2 2 151 145 4 96 6 0 0 8 6 11 0 6
65842 601 13 139 8 447 1687 870 258 141 19 38 807 314 180 201 0 331 16 627 123 24 8 8 563 545 15 353 23 0 2 31 23 42 2 21
65849 554 16 38 3 122 450 236 68 39 5 9 214 88 46 47 0 88 5 170 33 5 1 3 151 145 4 98 6 0 0 7 5 12 0 4
65850 554 16 131 9 444 1629 855 248 138 18 36 774 304 172 193 0 323 16 622 122 22 7 10 544 531 15 350 22 0 2 32 21 41 2 20
65852 556 19 34 2 122 437 232 67 38 5 9 208 84 47 59 0 87 4 180 31 7 2 2 144 141 5 98 6 0 0 8 4 10 0 5
65856 551 21 173 12 581 2053 1091 332 171 22 45 987 392 222 255 0 406 18 802 150 28 8 10 675 670 17 446 27 0 2 40 28 51 3 25
65859 411 29 42 2 135 494 245 80 38 4 12 244 89 54 60 0 97 3 182 34 7 1 1 158 161 4 100 8 0 1 9 7 12 0 8
65862 420 29 155 13 528 1930 1048 289 163 24 42 914 369 204 245 0 385 22 769 143 26 10 13 645 638 18 425 26 1 2 39 24 51 2 21
65863 419 29 38 3 124 508 255 69 41 7 11 230 87 51 58 0 99 6 201 37 7 3 3 165 172 5 101 6 0 0 8 7 13 0 3
65864 414 29 295 22 998 3649 1933 561 307 43 81 1758 673 386 452 0 727 35 1424 265 53 18 20 1205 1217 33 773 52 2 5 74 49 89 5 46
65865 435 27 36 2 125 466 233 70 39 4 11 224 84 48 52 0 90 4 177 34 6 2 2 156 149 5 96 7 0 0 8 6 13 0 5
65868 442 26 330 24 1105 4064 2140 616 341 46 94 1936 749 437 502 0 802 37 1565 298 60 19 22 1350 1323 38 870 59 2 6 85 51 103 6 53
65869 440 26 129 11 436 1611 858 243 134 18 36 771 304 171 195 0 319 16 634 120 22 8 9 542 529 13 347 22 0 2 33 21 42 2 19
65874 458 26 130 10 430 1596 850 241 133 20 35 735 300 167 175 0 308 18 617 118 22 10 9 537 519 14 340 21 1 2 32 21 42 2 17
65875 463 25 138 10 456 1681 896 246 145 19 36 786 311 178 204 0 333 18 664 126 25 8 11 559 556 16 361 22 1 2 35 24 44 2 19
65876 452 25 69 4 225 834 449 123 69 9 18 384 157 87 93 0 160 9 331 61 11 3 3 274 270 8 180 12 0 1 17 12 21 1 9
65885 451 25 39 3 138 507 260 79 38 4 12 250 91 52 60 0 102 4 195 36 5 2 2 167 165 4 107 7 0 0 9 8 13 0 5
65886 451 25 36 3 123 454 239 73 36 5 11 224 87 50 54 0 92 4 177 31 6 2 2 153 152 4 96 6 0 0 8 5 12 0 5
65887 448 25 38 2 124 467 239 68 38 4 10 226 85 48 58 0 90 4 181 33 6 2 2 152 152 4 97 7 0 0 10 6 13 0 6
65889 451 25 37 3 116 465 238 64 39 5 10 217 82 47 50 0 86 6 174 38 6 2 2 154 151 4 97 6 0 0 9 6 13 0 4
65891 449 25 36 2 126 452 238 74 36 5 10 221 84 49 54 0 87 3 172 32 6 1 2 151 148 4 97 7 0 0 9 6 11 0 7
65892 449 25 98 8 327 1219 643 184 101 14 27 572 227 131 142 0 238 14 473 89 17 7 8 410 391 11 264 16 0 1 25 15 33 1 14
65904 446 30 35 2 117 425 229 64 36 5 11 207 81 44 50 0 81 5 165 33 5 1 2 143 134 4 95 6 0 0 8 5 11 0 4
65905 447 32 225 20 761 2799 1499 427 230 33 62 1324 519 297 342 0 563 32 1107 205 38 15 17 931 920 24 607 40 1 4 56 39 74 4 33
65906 455 26 69 5 229 872 462 131 76 11 20 416 160 91 102 0 171 9 341 67 12 5 5 290 290 8 186 11 0 1 16 11 22 1 9
65907 458 26 133 10 452 1630 889 254 135 19 34 792 310 177 221 0 327 14 658 117 24 8 10 539 540 15 361 24 0 2 33 22 42 3 20
65908 460 26 62 6 218 794 447 114 65 9 18 371 147 82 86 0 161 10 328 59 11 3 4 268 273 7 180 10 0 1 16 10 20 1 8
65911 459 26 192 14 677 2453 1327 375 207 29 53 1178 465 255 299 0 483 27 973 184 34 11 16 819 809 24 543 32 1 3 50 34 63 3 27
65913 457 26 136 9 463 1691 894 257 137 21 38 810 317 180 206 0 334 15 664 121 22 8 9 570 557 14 354 22 1 2 32 23 41 2 20
65914 456 26 199 16 676 2513 1323 376 211 29 57 1182 459 261 314 0 503 25 987 182 35 12 15 828 836 26 536 35 1 3 49 33 66 3 29
65919 459 26 172 12 572 2121 1112 315 178 24 48 1008 395 224 244 0 414 21 813 155 29 11 13 715 691 19 446 29 1 2 45 29 55 3 26
65920 455 26 65 5 244 839 478 131 69 10 18 413 157 87 110 0 173 9 343 61 11 4 5 276 285 5 191 11 0 1 15 10 20 1 10
65926 455 26 39 2 116 443 229 65 36 5 10 210 80 45 51 0 86 5 174 32 6 2 1 148 142 3 92 7 0 0 8 6 12 0 5
65994 493 34 61 5 222 781 461 117 67 10 14 365 148 80 80 0 152 11 318 62 10 5 5 261 266 8 183 10 0 0 17 13 19 0 6
65999 493 34 98 7 333 1218 656 188 101 16 26 582 225 130 145 0 240 14 477 87 17 7 7 405 405 10 265 16 0 1 24 17 32 1 14
66001 497 34 163 12 555 2023 1096 313 170 25 45 979 384 217 258 0 402 21 800 150 28 11 12 674 665 19 446 27 1 2 41 27 51 3 23
66002 506 37 62 4 218 790 429 119 63 9 18 386 146 85 97 0 153 8 311 56 12 3 5 262 264 6 178 11 0 1 16 11 19 1 10
66004 520 37 71 5 244 893 474 136 72 9 20 439 168 95 112 0 175 8 345 64 12 4 4 296 291 8 192 13 0 1 17 12 21 1 11
66005 514 34 64 5 215 811 431 115 70 9 18 390 154 86 108 0 156 10 321 60 11 4 3 275 255 9 179 11 0 1 18 9 20 1 8
66008 509 34 62 5 219 814 461 119 65 10 18 389 153 81 99 0 163 9 331 61 11 4 5 271 282 7 182 10 0 1 16 11 19 1 8
66010 505 33 37 2 121 492 255 65 38 5 12 223 84 48 55 0 94 6 191 37 6 2 3 165 163 4 99 6 0 0 7 7 13 0 4
66012 488 15 126 10 433 1565 860 242 130 18 36 756 294 164 201 0 318 15 623 113 22 8 10 521 522 16 352 22 0 2 33 20 38 2 18
66015 488 15 73 4 239 899 465 132 73 10 20 428 165 94 107 0 180 8 341 66 11 4 4 297 298 6 185 13 0 1 18 12 23 1 12
66019 550 22 32 3 111 423 221 58 38 6 9 203 80 44 49 0 80 6 167 34 6 2 2 149 131 4 90 4 0 0 8 4 12 0 3
66025 523 40 65 5 215 825 449 114 70 10 18 375 152 84 102 0 164 10 339 63 11 4 4 275 274 7 184 10 0 0 16 10 22 1 8
66028 530 39 161 12 534 1950 1036 295 170 26 44 920 364 203 236 0 385 21 759 149 29 11 11 658 631 18 424 27 1 2 39 23 50 2 23
66040 534 36 138 11 464 1764 915 262 143 20 41 828 316 186 202 0 346 19 679 130 25 8 10 585 580 17 375 25 1 2 34 25 46 2 18
66042 538 36 187 14 649 2362 1273 363 197 29 52 1112 439 246 289 0 471 26 927 176 32 13 15 778 788 20 507 32 1 3 47 29 57 3 29
66070 527 11 155 12 533 1932 1077 292 160 23 40 919 362 199 244 0 382 23 793 142 27 11 13 641 653 19 434 24 1 2 41 27 50 2 20
66164 478 13 33 2 115 419 232 62 35 5 9 196 81 45 49 0 85 5 170 31 5 2 2 139 137 4 95 5 0 0 8 5 10 0 4
66166 479 13 103 7 351 1265 666 196 104 13 29 610 232 136 166 0 254 10 494 93 18 6 7 412 419 10 269 18 0 2 23 16 29 2 19
66171 481 13 34 2 110 413 224 60 36 6 8 191 79 43 44 0 81 5 162 32 5 2 2 144 134 4 94 4 0 0 8 5 12 0 4
66178 475 19 37 2 122 458 237 66 37 6 10 219 84 47 54 0 89 6 183 34 7 2 2 153 148 5 98 6 0 0 9 6 12 0 5
66275 444 19 63 5 205 767 429 104 67 11 16 341 146 78 88 0 151 10 314 59 10 5 4 254 248 7 176 9 0 0 16 9 19 1 7
66276 446 17 336 27 1158 4207 2268 637 357 52 96 1992 780 444 513 0 834 47 1662 317 57 24 27 1415 1386 34 898 56 2 6 82 53 105 6 51
66278 452 17 71 5 237 871 460 132 70 9 20 419 159 92 101 0 171 8 336 63 12 3 4 285 290 8 181 12 0 1 18 12 22 1 11
66279 451 17 105 8 360 1298 699 197 106 14 30 628 245 134 163 0 260 12 514 97 17 6 8 428 433 12 286 17 0 2 25 18 31 1 15
66297 463 16 316 27 1081 3877 2135 581 332 49 81 1810 732 407 484 0 781 47 1587 293 54 24 23 1293 1293 35 865 48 2 4 83 52 101 5 41
66331 428 11 75 5 250 925 488 138 77 10 22 433 169 96 106 0 186 9 352 70 12 4 6 303 306 8 192 13 0 1 17 12 22 1 11
66393 477 36 67 4 226 833 444 127 68 9 18 403 155 88 103 0 164 8 326 60 13 4 4 281 274 7 181 12 0 1 17 11 21 1 11
66395 471 26 65 6 229 849 461 122 71 9 18 399 155 84 100 0 173 10 341 64 11 4 5 278 286 8 186 11 0 1 17 12 20 0 9
66397 474 26 127 10 442 1594 906 231 134 19 32 744 306 165 195 0 319 18 648 120 21 9 11 524 536 15 367 21 1 2 36 19 41 2 16
66398 469 19 110 6 357 1348 697 201 106 13 32 638 239 141 159 0 266 12 506 93 20 4 8 438 442 12 279 20 0 2 28 17 34 2 18
66411 551 17 35 3 124 470 250 65 38 4 11 223 83 46 54 0 91 4 189 36 6 2 2 156 158 3 97 6 0 0 9 6 12 0 5
66417 538 11 128 12 452 1628 889 246 140 20 37 801 311 169 208 0 324 17 660 125 22 9 9 545 535 17 358 23 1 2 32 23 39 2 16
