67998 488 40 107 7 372 1359 715 202 111 14 31 642 246 142 166 0 267 13 530 100 18 6 8 450 446 13 289 18 0 2 26 18 32 1 16
67999 490 40 105 8 342 1277 675 187 111 15 29 600 244 132 151 0 244 14 488 97 16 7 6 427 408 13 271 18 1 1 26 17 34 1 13
68069 471 15 33 3 121 426 243 67 36 5 8 210 81 46 56 0 87 5 178 31 6 2 2 146 144 4 98 5 0 0 8 5 11 0 4
68079 529 32 340 26 1171 4217 2282 643 354 48 97 2025 792 447 548 0 852 42 1679 314 60 21 25 1404 1396 39 940 59 1 6 85 51 105 6 54
68081 533 32 108 7 342 1331 662 192 110 15 31 619 231 139 149 0 257 12 498 98 19 6 6 435 430 12 261 19 0 2 26 18 35 2 17
68085 512 18 72 5 242 893 459 136 77 10 21 422 163 92 111 0 178 9 339 64 12 4 4 293 291 9 184 14 0 1 16 11 22 1 11
68087 513 18 131 9 457 1657 889 249 140 19 36 793 303 177 207 0 326 17 646 120 23 8 9 557 543 14 357 24 1 2 34 21 41 2 20
68089 519 11 103 7 343 1258 658 194 105 13 30 600 234 131 153 0 243 12 476 95 18 5 7 423 408 13 267 18 1 1 26 16 31 1 16
68150 461 18 36 2 127 461 245 73 38 5 10 222 87 50 55 0 89 4 173 35 6 1 2 151 151 3 99 6 0 0 8 7 11 0 5
68152 458 18 162 12 551 2059 1082 304 174 25 47 958 379 215 239 0 400 21 788 153 28 11 12 696 673 18 431 26 0 3 42 25 50 3 24
68170 497 24 129 10 443 1591 864 242 135 18 34 759 302 171 202 0 323 16 643 115 23 7 10 528 533 14 351 23 1 2 30 22 41 2 19
68176 501 15 29 2 108 392 212 59 35 5 9 189 74 41 49 0 79 5 158 31 5 2 2 136 127 3 87 4 0 0 8 4 9 0 3
68177 442 13 106 7 347 1267 693 183 104 13 27 586 238 128 158 0 251 12 513 91 17 5 7 411 426 10 282 17 0 1 28 17 30 2 15
68189 463 11 70 5 239 865 455 142 73 10 18 416 160 94 103 0 169 9 331 62 14 4 5 290 280 8 181 13 0 1 16 10 23 1 10
68192 463 11 303 23 1029 3697 1990 574 310 42 81 1777 701 393 472 0 738 34 1459 270 53 18 21 1226 1221 34 808 55 2 5 75 51 92 6 46
68194 464 30 229 19 794 2872 1535 443 245 33 65 1394 542 310 356 0 571 27 1117 212 41 16 17 978 936 25 626 38 1 4 57 36 75 4 35
68203 451 16 35 2 120 436 230 68 37 5 10 214 81 47 53 0 88 4 171 31 6 1 2 146 143 4 95 6 0 0 9 5 11 0 6
68205 453 16 106 8 364 1320 686 209 109 15 31 638 243 140 163 0 264 11 500 95 17 6 7 439 433 12 277 19 0 1 24 17 35 1 17
68206 452 16 94 7 319 1199 658 175 100 13 26 550 216 124 138 0 236 13 484 89 18 6 7 394 406 11 265 15 0 1 25 16 31 1 12
68208 465 13 101 7 340 1249 660 193 100 12 29 599 227 133 159 0 245 11 484 89 17 5 7 412 411 11 271 18 0 1 26 17 31 2 16
68209 465 13 88 7 289 1104 590 160 98 15 21 498 206 115 133 0 216 15 445 87 16 7 7 368 354 10 251 13 1 1 24 12 29 1 11
68264 447 14 73 5 243 897 471 130 76 10 20 415 167 95 102 0 177 9 342 65 11 4 5 290 290 6 190 13 0 1 17 12 22 1 10
68266 447 14 164 14 560 1992 1067 313 170 23 46 963 376 213 261 0 395 20 784 152 28 9 11 668 647 18 437 29 1 2 41 26 48 3 24
68269 449 14 261 21 888 3252 1766 480 278 39 73 1534 605 334 396 0 644 36 1304 252 46 17 21 1083 1081 34 713 42 2 4 65 43 83 4 37
68311 430 24 36 2 125 451 243 66 38 5 10 216 84 46 53 0 89 4 177 35 5 2 2 149 151 4 95 6 0 0 9 6 11 0 5
68314 414 17 161 14 536 1967 1072 293 167 24 42 929 366 205 257 0 398 20 809 144 27 11 13 651 657 18 443 25 1 2 39 26 51 3 22
68315 420 17 164 12 562 2011 1098 307 170 23 44 964 379 215 258 0 404 20 808 150 27 10 14 662 677 19 454 28 1 2 42 27 50 3 23
68325 420 17 252 21 838 3077 1670 449 265 37 65 1449 571 321 394 0 619 31 1246 228 44 16 20 1005 1016 28 682 41 2 4 66 40 76 5 36
68338 424 26 128 9 445 1621 873 242 136 18 34 769 302 171 206 0 327 17 651 121 22 8 10 539 534 14 359 22 1 2 33 20 40 2 18
68341 420 23 40 2 133 492 243 77 39 4 11 239 89 54 59 0 97 2 181 34 7 1 2 160 161 4 98 8 0 1 9 6 13 0 8
68342 420 23 39 2 123 477 239 71 39 4 11 219 85 50 50 0 92 4 177 35 6 2 3 154 154 3 98 7 0 0 9 6 12 0 6
68343 420 22 137 10 446 1691 870 248 140 18 37 802 306 175 209 0 334 17 648 123 22 8 9 565 553 16 358 23 0 2 32 22 44 2 20
68364 444 11 100 8 341 1272 679 192 105 14 27 603 233 132 151 0 255 13 506 93 17 6 7 415 432 11 270 16 0 1 25 17 33 1 13
68365 598 64 64 5 217 803 435 120 69 9 16 376 152 83 91 0 159 9 313 61 11 4 4 260 266 7 174 11 0 0 16 10 20 1 9
68369 600 64 125 9 420 1565 861 229 134 19 35 739 289 166 199 0 306 19 635 119 23 8 10 516 525 16 347 20 1 1 32 20 40 2 15
68374 600 64 32 3 110 412 222 62 37 5 8 190 73 44 40 0 78 6 159 33 6 2 3 137 136 4 88 5 0 0 8 5 11 0 4
68376 601 64 136 10 455 1703 892 263 143 20 38 811 317 181 207 0 335 18 650 126 24 8 10 570 556 18 360 24 1 2 34 22 43 2 19
68377 602 65 35 2 129 458 257 69 36 5 10 213 86 47 49 0 93 4 182 33 6 2 2 149 156 3 100 6 0 0 9 6 11 0 5
68378 604 64 72 4 247 897 476 142 75 10 20 430 172 94 111 0 177 8 342 64 12 4 4 298 294 8 191 13 0 1 18 13 23 1 10
68380 601 64 68 5 234 865 452 130 71 10 19 407 159 95 94 0 162 8 322 64 11 5 5 287 278 7 179 12 0 1 19 12 23 1 11
68381 596 60 327 24 1113 4048 2161 610 339 45 90 1943 750 430 507 0 801 39 1598 301 56 20 24 1337 1346 39 883 56 1 5 84 51 101 6 51
68383 596 60 140 10 462 1740 887 273 139 18 43 839 318 184 214 0 344 13 653 123 26 8 8 581 567 15 354 26 0 2 34 24 43 2 25
68388 603 65 157 15 546 1938 1083 302 168 24 41 960 381 209 278 0 399 23 810 144 27 11 14 659 642 22 453 24 1 2 39 29 49 2 18
68389 591 13 158 13 524 1935 1066 279 161 23 43 912 366 199 233 0 392 22 780 139 26 10 10 653 649 18 428 26 1 2 40 27 49 2 21
68405 455 12 61 5 222 802 424 124 69 10 18 391 152 87 105 0 159 8 313 61 12 4 4 276 259 7 176 11 0 1 16 9 20 1 9
68407 461 11 107 6 356 1311 668 201 106 13 33 619 244 139 155 0 260 11 484 95 17 4 6 430 422 11 270 20 0 2 28 18 32 2 18
68447 493 34 136 8 448 1662 854 258 138 17 38 788 305 177 207 0 334 14 633 121 24 7 9 545 547 13 343 25 0 2 33 21 40 2 25
68449 493 34 63 6 214 807 448 111 70 11 17 364 143 78 78 0 155 11 316 68 11 5 6 274 275 8 173 9 0 0 16 9 22 0 7
68450 484 11 97 8 332 1212 639 197 100 13 27 585 225 131 149 0 240 11 464 91 17 5 7 402 394 11 259 18 0 1 23 16 32 2 16
68464 479 11 171 11 582 2074 1133 330 170 23 45 990 386 223 249 0 409 19 821 151 30 9 12 673 694 18 459 30 1 2 44 28 51 3 27
68608 527 20 133 11 445 1641 870 245 140 19 37 782 304 173 189 0 323 15 646 124 23 8 9 555 542 17 346 22 1 1 33 22 41 2 17
68636 497 37 58 5 199 736 413 106 66 11 16 337 146 75 86 0 148 10 306 58 9 5 4 251 241 6 171 8 0 0 16 9 19 1 5
68664 537 86 35 2 115 443 232 65 36 4 10 204 79 46 49 0 86 5 172 35 6 2 2 143 147 4 94 6 0 0 9 5 11 0 5
68667 537 86 64 5 216 819 444 119 68 10 17 372 155 83 87 0 160 10 321 62 11 4 5 273 272 7 174 10 0 1 18 11 22 1 9
68670 552 86 36 2 117 445 230 65 36 5 10 210 77 47 53 0 86 4 169 31 6 1 2 148 147 3 90 6 0 0 9 5 10 1 6
68671 554 87 37 3 124 471 240 72 38 5 11 217 84 49 51 0 91 4 178 35 5 1 1 152 156 3 92 6 0 0 9 7 11 0 6
68681 599 54 138 9 458 1684 893 257 139 18 37 800 310 176 207 0 337 15 653 123 24 7 9 553 553 15 363 24 0 2 32 21 44 2 22
68682 599 54 63 6 212 783 439 111 69 11 16 374 152 82 103 0 152 9 328 59 11 4 4 263 258 9 182 8 0 0 16 9 20 0 6
68683 604 54 128 11 447 1592 878 243 135 20 35 776 311 170 223 0 323 16 652 118 22 9 9 533 526 16 363 21 1 1 30 21 39 2 18
68685 604 54 70 5 223 866 450 126 70 10 21 398 152 90 98 0 173 8 327 64 11 4 3 281 289 6 177 12 0 1 17 12 21 1 11
68686 623 54 121 12 420 1562 867 220 137 22 31 741 294 155 201 0 309 20 649 118 20 11 9 535 524 15 339 17 1 1 33 21 41 1 12
68688 615 54 65 5 234 837 463 129 69 9 18 413 162 94 116 0 169 10 344 62 12 4 5 282 280 9 191 11 0 1 18 10 20 1 10
68696 611 54 36 2 120 442 236 67 36 4 9 209 82 50 55 0 87 4 174 31 6 1 2 140 148 3 92 6 0 0 9 6 10 0 6
68697 612 54 35 2 114 447 233 60 37 5 10 204 78 44 55 0 87 5 181 34 6 2 2 146 146 4 92 6 0 0 9 5 11 0 4
68702 570 12 39 3 126 472 242 73 39 4 9 215 86 52 52 0 90 4 173 34 7 2 2 153 151 4 97 7 0 0 9 6 12 0 5
68711 399 18 137 9 454 1655 879 250 136 18 36 776 308 176 204 0 332 14 654 117 23 7 11 533 555 14 353 23 1 2 34 23 39 2 21
68714 400 18 38 1 127 450 242 73 37 5 9 209 86 50 52 0 85 3 171 32 6 1 2 146 145 3 98 7 0 0 10 6 10 0 6
68716 400 18 126 11 422 1529 837 239 133 20 32 730 296 161 195 0 304 18 615 114 22 8 10 511 504 15 333 19 1 1 33 20 39 2 16
68721 419 29 32 2 116 433 234 62 36 5 8 199 80 44 49 0 85 5 171 35 6 2 2 141 145 3 93 5 0 0 9 6 10 0 4
68722 431 33 65 5 215 799 416 120 67 8 17 376 148 85 102 0 160 8 311 59 11 4 4 265 259 7 170 11 0 1 16 11 20 1 10
68723 428 28 96 7 328 1229 635 187 103 15 28 581 222 133 146 0 245 14 477 92 18 7 8 418 396 11 263 15 0 1 23 15 31 1 14
68724 422 29 138 9 449 1688 903 242 142 20 37 782 306 173 203 0 327 17 671 128 23 8 10 553 557 17 365 24 1 2 33 23 42 2 19
68878 404 12 64 5 223 827 447 117 69 9 17 394 152 84 109 0 163 9 344 61 11 4 5 275 275 8 181 11 0 0 16 11 21 1 9
68887 401 12 32 2 108 406 223 55 34 4 9 188 77 42 40 0 77 6 159 33 5 2 2 139 134 2 86 4 0 0 7 5 11 0 4
68914 423 11 94 8 316 1194 654 165 101 16 24 557 216 120 138 0 237 14 486 90 16 8 6 402 401 11 255 13 0 1 25 15 31 1 11
68961 478 16 160 13 530 1979 1067 284 165 24 44 939 361 198 244 0 397 21 787 147 28 11 12 660 660 17 427 27 0 2 39 27 50 2 22
68962 478 16 65 5 223 803 450 117 71 9 17 389 158 82 103 0 165 9 332 62 10 4 5 265 265 7 188 10 0 1 17 12 19 1 7
68966 479 16 37 3 127 486 249 72 38 4 11 227 86 51 54 0 93 4 183 35 6 1 3 160 160 4 99 6 0 0 9 7 12 0 6
68973 456 11 63 4 210 789 412 116 65 9 17 378 144 84 95 0 156 8 303 59 12 4 5 272 256 7 170 11 0 1 15 9 22 1 11
68984 442 17 140 10 451 1696 863 255 141 18 39 811 314 177 220 0 329 15 651 124 24 7 8 563 545 18 355 25 1 2 35 23 45 2 22
68986 440 17 36 3 117 450 227 65 37 5 10 213 81 46 51 0 89 4 167 32 6 2 1 152 142 4 92 6 0 0 8 5 12 0 5
68987 442 18 61 6 213 793 423 115 70 10 18 382 149 85 94 0 150 10 311 62 11 4 5 267 256 7 170 10 0 1 16 10 21 1 9
68988 441 17 251 22 868 3138 1677 485 266 38 71 1506 597 333 390 0 618 36 1226 235 45 17 18 1062 1028 30 686 43 1 3 61 36 82 4 36
69002 469 21 36 2 115 448 230 64 38 4 9 211 80 48 49 0 84 5 166 33 6 2 3 152 146 3 90 6 0 0 8 7 13 0 5
69007 464 20 139 9 465 1697 904 264 142 18 37 796 315 183 198 0 330 16 655 128 25 8 9 564 552 17 368 25 1 2 36 22 42 2 21
69009 463 20 96 8 324 1226 653 177 101 15 27 575 222 125 156 0 246 15 505 89 16 7 7 408 410 11 257 15 0 1 25 16 32 1 13
69010 460 20 41 2 128 486 231 74 39 4 11 229 88 53 56 0 93 3 174 35 7 1 1 157 153 4 95 8 0 0 10 6 12 0 8
69011 460 20 38 1 117 451 233 66 39 5 9 204 85 47 49 0 88 5 172 36 6 2 1 157 146 3 93 6 0 0 8 6 12 0 5
69013 462 20 40 2 131 487 239 79 38 4 12 237 88 53 60 0 98 3 179 33 7 1 1 160 157 4 97 7 0 0 9 6 12 1 7
69015 462 20 69 4 227 842 438 126 72 10 19 405 153 86 107 0 169 8 329 63 12 4 4 280 275 7 177 11 0 1 17 13 21 1 10
69035 460 28 65 5 229 829 459 120 71 10 17 405 163 89 104 0 162 10 340 62 11 4 5 285 278 8 186 10 1 1 16 10 22 1 7
69040 462 28 60 5 218 757 424 118 63 9 16 389 147 81 99 0 152 7 304 55 11 4 4 259 248 7 171 11 0 1 16 9 18 1 9
69048 464 28 96 7 321 1184 627 183 96 13 26 563 222 128 142 0 233 12 461 87 17 5 6 396 381 10 256 18 0 2 25 14 31 2 15
69051 463 28 169 13 573 2087 1108 323 170 22 50 997 384 219 257 0 418 18 810 150 29 10 12 689 689 19 447 30 0 3 42 28 51 3 28
69052 469 15 103 8 330 1231 655 178 103 13 28 583 229 127 143 0 244 12 485 93 17 6 7 411 403 12 265 17 0 1 23 17 32 1 14
69055 479 12 65 4 231 826 447 129 67 9 19 409 156 89 109 0 166 7 325 60 12 3 5 279 270 7 189 13 0 1 15 9 20 1 11
69059 479 12 98 8 342 1233 679 183 104 16 27 597 230 129 157 0 250 13 500 91 17 6 6 414 410 11 271 16 1 1 23 17 31 1 14
69099 439 11 34 2 123 435 239 69 34 5 9 217 85 48 52 0 87 3 172 31 6 2 2 149 145 3 98 6 0 0 8 5 11 0 5
69104 439 11 35 3 115 433 229 62 38 5 9 209 82 46 53 0 85 5 173 33 6 2 2 147 137 4 97 5 0 0 9 6 10 0 4
69108 470 18 93 7 302 1147 598 179 97 14 24 545 214 126 133 0 220 13 443 87 17 6 6 385 369 11 242 16 0 1 23 14 30 1 14
69112 466 12 67 5 232 838 450 129 72 10 20 411 156 88 101 0 169 9 330 63 12 4 4 276 282 7 182 12 0 1 16 11 20 1 10
69162 503 20 70 4 233 858 463 130 71 10 18 403 156 92 99 0 166 9 343 61 12 4 4 281 290 7 185 11 0 1 18 11 24 1 9
69163 547 58 72 3 241 904 473 138 72 9 21 423 162 95 112 0 175 8 346 65 12 3 5 298 296 7 186 13 0 1 17 11 22 1 13
69166 552 59 67 5 229 852 450 129 70 10 20 406 161 90 104 0 166 8 332 62 11 4 5 280 281 8 181 12 0 1 16 12 22 1 9
69167 550 58 98 7 327 1216 656 177 103 16 27 564 227 124 151 0 240 13 479 94 18 7 7 410 391 11 266 17 0 1 26 16 30 1 14
69168 549 58 101 6 335 1246 651 186 100 13 29 586 226 134 147 0 242 13 477 91 19 5 6 411 409 11 260 18 0 1 26 14 30 2 17
69169 548 57 39 3 123 478 244 67 40 5 9 230 87 48 58 0 95 4 184 35 7 2 2 158 156 4 99 6 0 0 9 6 12 0 5
69171 567 44 64 6 219 826 446 119 69 9 19 396 153 83 105 0 164 9 328 62 11 4 5 285 270 8 182 11 0 1 15 10 22 1 8
69174 567 44 108 9 358 1350 705 202 112 14 31 636 247 142 152 0 264 12 516 101 19 7 8 457 444 10 281 18 0 1 28 18 36 1 17
69210 518 37 36 2 115 433 231 60 39 5 9 201 82 45 43 0 81 5 165 34 6 2 2 150 136 3 96 5 0 0 9 6 12 0 4
69212 515 35 39 2 130 483 245 77 38 4 12 239 87 52 60 0 96 4 177 36 7 1 2 161 153 4 99 8 0 0 8 5 11 0 7
69214 517 35 90 9 322 1165 617 182 98 14 25 568 220 122 150 0 231 13 453 90 16 6 8 394 382 12 254 15 0 1 23 14 27 1 13
69216 519 38 164 12 553 2029 1069 314 171 23 47 963 380 215 257 0 405 20 797 152 28 11 11 673 661 18 435 29 1 3 37 26 50 3 25
69219 519 23 68 5 249 909 484 139 69 9 20 439 162 98 104 0 184 9 352 62 13 4 6 303 305 7 192 13 0 1 17 12 23 1 11
69220 514 23 64 6 219 805 437 120 68 9 18 384 152 86 94 0 162 11 328 59 11 4 5 271 265 8 180 10 0 1 15 11 22 1 8
69223 510 23 72 5 227 865 458 120 71 9 19 388 156 88 93 0 167 9 334 64 12 4 5 280 281 7 179 12 0 1 18 12 22 1 10
69224 505 21 63 5 227 815 460 121 69 9 16 391 156 83 93 0 162 10 321 64 11 5 5 277 276 7 186 9 0 1 18 10 21 0 7
69226 506 21 33 2 109 429 223 62 37 5 9 193 79 45 46 0 80 5 163 35 6 2 2 145 135 3 89 5 0 0 7 6 12 0 4
69234 505 20 67 4 222 841 431 131 69 9 19 406 154 90 97 0 166 8 315 63 12 3 4 285 271 6 173 12 0 1 16 12 22 1 11
69236 503 18 131 9 434 1616 857 250 134 21 35 767 312 177 191 0 318 17 633 119 23 9 8 542 520 15 347 20 1 2 33 22 43 2 17
69237 503 18 100 6 340 1235 659 191 100 14 27 599 227 129 155 0 248 11 472 91 19 6 7 414 412 11 265 19 0 1 25 15 30 2 18
69285 377 16 62 7 216 794 422 118 70 10 17 377 149 86 87 0 159 10 312 63 11 6 5 282 258 5 171 9 0 1 15 10 23 0 7
69288 378 16 35 3 113 427 227 61 40 4 8 197 80 45 51 0 83 5 168 35 6 2 2 145 137 4 94 5 0 0 8 4 11 0 4
69331 393 20 33 2 122 465 244 66 40 6 10 225 89 52 56 0 91 5 181 34 6 3 2 153 150 4 100 6 0 0 8 6 13 0 3
69334 392 20 192 16 646 2417 1237 369 197 24 58 1152 445 254 299 0 477 22 918 177 34 10 13 806 782 23 509 34 1 4 49 28 61 3 31
69335 386 11 95 8 336 1205 652 186 105 14 25 577 227 126 153 0 244 14 485 91 16 6 7 400 395 11 265 15 0 1 23 16 29 1 13
69340 512 42 259 21 870 3193 1674 486 265 37 73 1533 592 339 397 0 645 30 1241 233 44 15 16 1059 1042 28 687 45 1 4 63 41 79 4 41
69342 510 41 38 3 121 471 240 72 39 5 11 226 85 48 57 0 90 5 178 34 6 2 2 160 156 5 97 7 0 0 8 7 14 0 5
69459 458 18 256 19 882 3195 1741 486 263 37 70 1525 599 340 385 0 639 36 1263 238 45 17 19 1059 1060 30 701 45 1 4 65 45 82 4 37
69479 447 14 298 21 1006 3664 1961 574 308 45 79 1744 688 399 452 0 731 36 1452 267 52 20 21 1219 1204 32 788 51 2 5 75 47 93 6 46
69481 451 13 76 4 253 941 479 143 77 9 22 448 170 102 120 0 187 6 361 72 13 3 4 308 307 9 200 14 0 1 19 12 22 1 12
69487 454 11 108 8 354 1311 669 203 108 14 30 632 247 143 155 0 253 11 496 95 18 5 7 438 427 13 272 19 0 2 25 19 34 1 16
69567 441 17 305 25 1054 3855 2075 581 326 47 87 1849 712 400 471 0 764 45 1525 285 55 21 23 1298 1279 36 838 51 2 5 78 49 96 5 45
