69641 470 11 262 20 869 3220 1711 485 269 39 72 1543 598 337 394 0 637 33 1258 237 45 17 17 1094 1050 30 688 43 1 4 63 43 82 4 39
69648 515 37 96 8 322 1216 644 174 104 15 27 559 222 125 135 0 239 14 485 91 17 7 7 410 393 12 262 14 1 1 23 16 33 1 13
69649 382 36 200 14 654 2460 1303 357 204 27 53 1127 442 253 285 0 480 23 958 181 34 13 13 803 816 21 521 33 1 3 50 34 62 3 29
69650 384 36 37 2 128 476 237 72 39 4 10 228 85 52 60 0 93 3 179 33 7 1 2 157 154 4 96 7 0 0 9 5 12 0 7
69651 382 36 66 6 225 810 445 121 69 10 17 386 155 86 97 0 163 9 326 59 10 4 5 275 268 6 185 11 0 1 15 12 21 1 9
69654 384 36 38 2 124 460 231 69 40 4 10 218 86 48 58 0 91 4 177 33 6 1 2 152 151 4 95 6 0 0 10 5 11 0 6
69660 439 48 35 2 118 436 233 70 36 5 10 207 82 48 52 0 87 4 169 32 6 2 2 141 142 3 92 6 0 0 9 5 10 0 5
69670 440 47 135 9 450 1683 881 243 140 19 39 787 307 171 204 0 333 17 661 126 22 8 10 565 552 16 357 22 0 2 33 22 42 2 20
69674 421 36 149 14 550 1901 1093 294 161 25 36 893 374 201 239 0 386 23 795 145 28 12 14 644 640 16 454 24 1 2 39 25 48 3 17
69680 421 36 68 7 230 859 461 125 74 9 19 396 159 88 97 0 171 9 335 66 11 4 6 289 282 7 189 12 0 1 17 11 22 1 9
69686 406 36 35 3 118 458 232 66 39 4 10 214 83 48 55 0 91 4 176 33 5 2 2 153 147 4 98 6 0 0 8 6 12 0 5
69687 407 36 35 2 114 433 219 65 37 5 8 200 82 45 52 0 86 5 165 31 5 2 1 143 135 4 91 6 0 0 8 5 11 0 5
69690 405 36 40 1 126 473 231 76 37 4 10 225 85 51 58 0 91 4 171 34 7 1 2 151 151 4 93 8 0 0 9 5 11 0 8
69691 405 36 136 10 439 1656 853 257 138 19 37 780 302 176 194 0 324 15 630 123 23 9 9 551 534 16 344 23 1 2 35 22 41 2 21
69703 404 36 35 3 115 438 218 61 37 4 10 216 84 46 58 0 86 5 169 32 5 2 2 149 135 5 89 5 0 0 8 5 11 0 5
69710 405 36 35 2 125 465 239 70 38 5 11 219 82 50 58 0 96 3 180 32 6 2 2 151 155 3 97 6 0 0 8 6 11 0 6
69716 405 36 190 13 643 2316 1285 348 199 29 48 1089 446 245 289 0 457 26 943 176 34 13 14 778 762 21 523 32 1 2 51 30 57 3 27
69718 398 36 99 8 324 1223 654 179 103 16 26 568 228 125 135 0 235 14 478 92 16 8 7 408 403 11 253 14 1 1 25 18 31 1 13
69723 409 43 262 20 869 3189 1704 484 268 37 72 1509 593 336 388 0 635 34 1248 236 45 17 19 1056 1069 29 689 45 2 4 63 41 82 5 37
69726 421 37 39 2 122 471 229 72 39 4 10 231 85 49 58 0 92 5 174 34 6 1 2 159 147 5 92 7 0 0 9 6 11 0 6
69728 414 39 93 8 323 1179 639 177 104 16 26 573 229 125 142 0 230 16 474 89 15 7 7 409 382 11 260 14 1 1 23 17 30 1 10
69729 416 39 415 33 1384 5064 2728 757 431 61 112 2421 951 530 647 0 1013 55 2028 372 73 27 33 1686 1676 48 1101 68 3 7 102 67 127 7 57
69730 415 39 134 9 437 1656 889 239 138 21 36 765 304 167 187 0 328 18 647 121 22 10 10 540 553 14 352 22 1 2 34 22 41 2 17
69733 411 37 36 1 118 452 229 61 38 5 9 210 80 45 52 0 87 4 171 33 5 2 2 149 149 3 91 6 0 0 8 5 11 0 5
69734 410 37 135 10 469 1715 916 266 138 19 41 831 313 179 215 0 346 16 667 120 23 8 10 568 574 15 365 24 0 2 34 22 43 2 22
69741 416 37 70 4 217 846 435 119 73 10 18 388 157 87 101 0 162 10 335 64 12 4 4 281 268 9 179 11 1 0 18 11 23 1 8
69758 432 30 191 15 655 2368 1268 371 202 29 52 1115 440 256 290 0 470 23 923 174 34 13 15 788 779 21 518 32 1 3 47 29 58 4 28
69762 432 30 176 12 587 2112 1132 325 176 22 48 993 396 226 259 0 420 19 833 156 29 10 12 706 696 19 470 29 1 3 41 29 57 3 26
69765 433 30 60 6 221 766 434 122 66 9 16 366 151 80 94 0 156 8 309 60 10 4 5 258 257 9 172 9 0 0 16 9 18 1 8
69766 433 30 68 5 232 864 464 130 75 10 19 401 162 90 106 0 169 10 347 65 12 5 5 287 289 9 187 10 0 1 16 12 24 0 9
69769 433 30 35 2 117 430 227 63 40 5 10 204 82 46 54 0 85 5 171 32 6 2 2 144 143 4 92 5 0 0 9 5 10 0 4
69774 433 30 107 6 353 1315 687 200 111 15 30 602 244 140 145 0 257 12 497 102 18 6 7 437 433 13 273 17 0 2 25 18 34 1 16
69782 442 30 38 2 127 467 245 73 38 5 10 219 84 50 48 0 89 4 180 33 6 2 2 154 157 4 96 6 0 0 8 7 13 0 5
69786 435 30 68 4 225 831 449 125 70 10 18 391 156 89 99 0 160 9 328 62 11 4 5 278 272 8 180 12 0 1 16 10 21 1 9
69791 435 30 35 1 115 437 219 69 37 5 9 199 82 47 50 0 84 4 162 33 6 2 2 145 137 4 91 6 0 0 8 5 10 0 5
69819 644 92 34 3 128 475 258 69 39 5 11 228 88 49 54 0 95 5 187 34 6 2 3 156 162 4 102 6 0 0 9 7 11 0 4
69820 644 92 302 24 986 3702 1961 546 306 39 86 1759 677 380 458 0 726 40 1454 277 49 16 23 1233 1210 38 797 51 2 4 76 51 92 5 43
69821 644 92 155 13 521 1932 1063 295 166 25 40 909 368 204 236 0 386 23 778 142 27 12 14 655 640 18 431 25 1 2 38 25 52 2 19
69823 644 92 207 19 750 2630 1486 399 228 35 52 1242 514 279 329 0 536 33 1089 203 38 16 19 894 878 24 615 33 2 2 55 33 66 4 26
69825 646 92 171 12 579 2068 1116 322 176 23 42 968 384 221 257 0 411 20 809 152 28 10 13 677 682 19 451 29 0 3 42 26 54 3 25
69833 654 92 173 13 550 2087 1111 295 180 26 48 954 375 213 262 0 420 23 842 159 29 11 13 693 690 20 461 27 1 2 44 30 49 2 22
69840 636 63 41 3 132 501 254 73 42 5 11 233 89 51 64 0 98 4 187 35 6 2 2 162 161 5 105 7 0 0 10 7 12 0 6
69841 617 54 191 14 660 2390 1289 369 200 28 52 1138 452 259 303 0 476 26 939 177 33 12 14 795 783 23 527 34 1 3 48 33 61 3 27
69844 632 58 228 19 773 2810 1549 423 228 31 64 1326 522 291 356 0 577 29 1129 203 36 15 20 933 939 25 634 37 1 3 55 39 68 4 32
69849 625 54 32 2 113 407 227 61 34 5 8 193 77 43 48 0 79 5 159 31 6 2 2 138 134 3 90 6 0 0 7 5 11 0 4
69854 617 54 215 20 739 2682 1484 406 226 32 59 1273 509 286 351 0 545 30 1103 201 37 15 18 902 889 25 603 33 1 3 56 36 69 4 27
69855 680 65 69 4 239 877 462 137 71 11 20 412 160 97 111 0 178 7 342 60 13 4 4 283 291 7 189 13 0 1 16 12 22 1 11
69856 679 65 75 5 255 922 483 144 73 8 21 440 167 103 119 0 185 6 362 64 13 3 5 299 306 7 199 14 0 1 19 13 23 1 13
69858 657 59 127 9 443 1571 869 229 135 17 34 739 299 163 184 0 317 17 629 121 20 7 9 523 519 11 356 21 1 1 33 21 39 2 16
69871 656 59 38 3 129 479 241 70 40 4 10 228 87 48 57 0 95 5 180 34 6 1 3 155 155 4 102 6 0 0 9 6 12 0 5
69875 569 30 256 18 845 3147 1709 465 262 37 69 1476 580 329 386 0 630 36 1269 231 46 18 20 1052 1055 31 697 40 2 3 67 39 82 4 34
69878 538 14 35 3 120 432 245 63 37 5 8 199 87 46 49 0 88 5 180 34 6 2 3 145 145 4 98 5 0 0 9 6 11 0 3
69885 539 14 34 2 116 428 227 65 34 5 10 205 77 47 53 0 86 4 169 29 6 2 2 140 143 3 89 6 0 0 8 5 10 0 6
69888 539 14 194 16 655 2427 1275 371 205 28 56 1147 453 255 296 0 485 26 948 182 33 13 14 812 793 21 518 33 1 3 44 33 61 3 28
69889 539 14 136 9 461 1671 897 256 137 18 38 796 307 174 217 0 336 16 665 121 23 8 9 553 565 15 368 24 0 2 33 21 41 2 21
69891 548 14 37 2 130 470 239 75 37 5 10 227 86 52 56 0 92 3 180 33 6 2 2 157 154 3 96 7 0 0 9 5 11 0 7
69898 547 14 105 6 350 1279 678 191 102 13 29 607 234 137 156 0 255 10 496 89 17 5 7 414 421 11 274 19 0 1 27 16 30 2 18
69899 537 14 65 5 214 821 439 120 70 11 17 370 152 85 90 0 155 10 325 62 10 6 5 274 267 7 174 10 0 1 17 11 21 1 8
69900 538 14 127 9 421 1579 839 235 137 19 34 725 296 167 192 0 305 19 629 121 23 8 9 533 511 17 348 21 1 1 32 18 42 2 16
69903 539 14 71 6 236 853 459 133 72 9 17 403 165 90 113 0 171 8 350 60 12 4 5 279 283 8 186 11 0 1 18 11 21 1 10
69915 536 14 70 4 238 881 459 126 74 10 19 420 165 90 110 0 171 8 343 64 12 4 4 289 283 9 189 13 0 1 18 11 22 1 11
69916 581 28 159 12 543 2010 1078 295 167 24 46 948 373 205 245 0 399 22 789 153 26 11 13 684 657 18 439 24 1 2 41 26 51 2 21
69919 579 15 135 10 470 1707 918 256 143 21 38 816 320 179 209 0 342 19 681 123 22 8 10 562 572 15 365 22 1 2 34 22 44 2 18
69924 564 22 39 2 128 486 237 75 38 4 12 238 86 50 60 0 95 4 179 33 6 1 2 160 155 4 95 7 0 0 9 6 12 0 6
69934 460 26 255 20 861 3125 1672 471 267 38 69 1486 580 328 398 0 621 30 1238 232 45 18 18 1040 1017 30 686 41 2 4 63 40 79 5 36
69936 462 26 71 4 236 855 447 127 70 9 19 411 156 90 103 0 173 7 331 62 13 3 4 280 283 7 182 12 0 1 17 11 21 1 12
69949 462 12 34 3 121 423 234 71 36 4 8 207 82 45 54 0 85 5 169 32 6 2 2 141 141 4 95 5 0 0 8 4 10 0 4
70051 530 35 251 20 860 3157 1716 469 269 39 67 1496 598 336 391 0 624 35 1257 239 47 17 19 1069 1042 30 693 42 2 4 66 41 81 4 36
70053 531 34 37 2 124 466 232 73 36 4 11 229 82 49 60 0 93 3 176 32 6 1 1 153 156 4 92 7 0 0 8 6 10 0 7
70063 548 29 197 16 662 2427 1296 373 203 28 51 1138 448 256 285 0 476 24 944 176 35 11 15 793 799 22 514 34 1 3 49 32 62 3 30
70066 669 50 37 3 117 467 236 63 38 6 9 213 84 46 53 0 92 5 183 33 5 2 2 157 148 3 93 6 0 0 8 7 14 0 4
70067 665 45 170 13 569 2071 1098 311 168 21 48 984 383 217 267 0 420 18 814 153 28 9 13 676 682 17 451 30 0 3 43 29 51 3 27
70072 651 43 35 3 111 435 232 59 39 5 9 185 83 42 47 0 81 5 173 33 6 2 3 149 137 4 93 4 0 0 9 5 12 0 3
70073 719 33 149 13 550 1970 1120 287 162 23 43 953 385 202 267 0 401 25 837 146 25 11 13 648 674 19 454 24 2 2 41 25 48 2 18
70074 710 33 69 5 233 859 452 127 70 10 20 404 159 86 106 0 167 9 343 65 12 5 5 286 278 8 184 11 0 0 16 11 20 1 9
70075 705 33 39 3 128 485 247 74 40 5 11 230 90 50 62 0 94 3 187 34 7 1 2 158 156 4 98 7 0 0 10 6 11 0 6
70077 663 36 281 25 967 3585 1919 533 300 43 77 1666 668 380 444 0 720 40 1437 268 50 20 23 1178 1187 35 774 47 2 5 72 48 92 5 38
70078 671 36 37 2 113 452 227 65 38 5 9 218 85 48 62 0 89 4 181 32 6 2 2 152 144 4 89 5 0 0 8 6 12 0 4
70079 667 36 64 5 212 798 431 114 72 11 15 375 153 83 89 0 157 9 316 62 11 5 5 275 256 7 174 9 0 0 14 10 21 0 7
70082 679 33 227 18 777 2804 1506 431 233 34 64 1335 527 299 339 0 559 28 1091 205 39 14 15 937 922 21 602 39 1 4 56 37 69 4 33
70084 679 33 39 2 119 474 240 67 38 6 11 211 84 50 52 0 94 4 179 33 6 2 2 150 158 4 94 7 0 0 9 6 11 0 5
70088 673 33 36 2 118 459 231 66 37 5 10 215 84 49 51 0 90 5 171 32 5 2 2 155 146 3 95 6 0 0 7 6 13 0 4
70092 687 42 328 26 1108 4084 2173 621 335 47 94 1939 750 434 496 0 814 42 1593 299 56 21 25 1353 1343 35 878 61 1 6 80 56 105 6 51
70093 701 37 33 2 118 448 228 66 38 5 9 206 82 48 49 0 87 4 168 33 6 3 2 153 141 3 92 5 0 0 9 5 12 0 5
70094 700 36 187 14 637 2321 1254 350 194 28 48 1107 437 248 279 0 464 26 915 173 34 14 13 786 761 21 514 31 1 2 45 30 56 3 27
70099 699 36 177 12 602 2156 1128 342 172 22 53 1031 399 231 268 0 428 16 818 152 30 9 11 709 704 17 453 33 0 3 41 29 51 3 30
70100 672 37 127 10 440 1606 881 244 142 21 36 758 297 168 192 0 321 19 636 122 21 10 10 538 534 13 347 20 0 2 31 21 41 2 16
70103 662 21 101 6 342 1274 654 193 104 15 30 603 230 136 147 0 249 11 486 93 17 6 6 429 411 11 258 18 0 2 24 16 32 2 16
70110 660 18 248 20 851 3136 1701 463 265 38 69 1485 588 328 380 0 618 35 1251 238 45 16 19 1058 1036 29 695 39 1 4 63 39 80 4 35
70138 619 14 35 3 122 454 239 67 38 5 10 215 82 45 55 0 91 5 184 33 5 2 2 150 150 3 96 5 0 0 9 4 10 0 4
70139 619 14 36 3 122 459 239 69 37 5 10 214 85 47 59 0 89 4 183 33 6 2 2 150 149 4 95 6 0 0 9 6 10 0 5
70168 613 45 73 4 246 886 465 140 72 9 20 430 162 93 106 0 176 7 334 65 13 3 4 290 297 8 193 13 0 1 17 10 21 1 13
70194 385 43 192 12 659 2393 1276 372 196 27 54 1149 441 257 318 0 488 22 949 171 37 11 13 786 800 21 523 34 1 3 48 30 60 4 33
70197 428 34 33 2 113 444 228 61 37 5 10 207 80 45 50 0 88 5 177 33 6 2 2 148 148 3 90 5 0 0 8 6 11 0 4
70210 422 19 62 5 219 791 420 122 68 9 18 385 152 84 101 0 161 9 314 60 10 3 4 271 252 7 179 10 0 1 16 10 19 1 7
70211 497 46 71 5 239 890 472 131 77 11 17 403 164 94 105 0 176 10 353 65 14 5 6 298 292 9 194 12 0 1 18 11 24 1 9
70212 497 46 93 9 323 1182 653 178 102 15 25 563 225 124 146 0 238 13 483 86 15 6 8 388 399 12 262 15 1 1 24 16 27 1 12
70214 496 46 104 8 349 1272 690 196 105 14 29 611 234 134 151 0 249 12 499 92 19 5 6 417 428 12 269 18 0 1 26 16 32 2 16
70215 496 46 107 7 347 1289 657 201 103 12 29 615 233 138 159 0 252 10 487 90 17 5 6 422 423 11 267 19 0 2 27 17 32 2 18
70221 430 12 65 5 216 798 417 126 70 9 18 388 151 88 100 0 155 10 315 62 12 4 4 265 256 8 173 10 0 0 15 8 19 1 9
70223 402 11 196 15 675 2417 1327 372 208 29 54 1158 462 254 311 0 490 25 969 182 34 14 14 806 805 24 538 35 1 3 49 30 62 3 27
70235 490 16 129 11 443 1580 866 242 136 17 33 750 299 167 184 0 311 18 629 120 23 8 10 533 530 14 353 19 1 2 31 20 41 2 17
70237 491 14 160 11 539 1989 1086 298 168 22 47 943 365 211 245 0 398 21 789 150 29 9 13 676 655 20 447 26 1 2 41 26 49 3 23
70240 490 14 99 8 342 1251 667 193 107 16 27 578 236 131 148 0 240 14 491 96 17 7 7 433 406 12 262 15 1 1 25 16 34 1 12
70242 384 12 33 2 115 416 223 64 35 5 9 200 79 43 47 0 83 5 162 32 5 2 2 139 138 4 93 5 0 0 8 4 11 0 4
70256 425 19 35 2 122 443 234 69 36 5 11 214 82 50 57 0 90 4 172 32 6 2 2 144 146 4 94 6 0 0 9 5 11 0 6
70267 421 15 103 8 338 1254 672 183 109 14 28 593 232 129 153 0 248 12 501 96 17 6 8 422 409 11 278 16 1 1 24 16 33 1 13
70270 421 15 165 11 555 2034 1072 314 166 22 48 960 372 215 253 0 405 21 778 149 30 10 13 673 668 18 433 31 0 3 41 26 51 3 27
70301 407 17 33 2 117 428 233 66 36 5 9 204 79 46 49 0 83 5 171 31 6 2 2 140 144 3 91 5 0 0 9 6 11 0 4
70302 425 26 97 8 333 1178 655 182 103 15 26 573 228 121 145 0 239 12 476 87 16 7 8 399 393 10 270 15 0 1 23 16 29 1 12
70303 422 20 33 2 120 442 238 66 36 5 10 210 79 47 51 0 88 4 176 31 6 2 2 146 148 3 93 6 0 0 9 6 11 0 5
70315 470 39 37 2 124 458 239 68 38 5 11 216 85 48 57 0 92 5 174 34 6 1 2 152 147 4 98 7 0 0 8 5 11 0 6
70316 470 39 37 2 126 448 247 70 36 5 10 221 83 48 57 0 93 4 180 32 5 2 1 146 151 3 100 6 0 0 8 6 10 0 5
70321 474 39 69 5 230 855 448 120 72 9 19 396 160 89 107 0 171 8 342 62 12 4 5 284 279 8 190 12 0 1 18 10 23 1 10
70323 484 30 224 16 775 2804 1512 425 235 34 64 1336 526 294 364 0 567 29 1120 207 38 14 17 925 929 25 618 38 1 3 56 37 68 4 35
70327 483 30 65 5 222 820 446 117 69 10 18 392 155 86 93 0 163 10 328 61 11 5 4 278 265 7 178 10 0 1 17 10 21 1 9
70333 476 22 164 13 564 2029 1100 313 176 25 45 970 379 215 247 0 402 23 805 152 28 12 12 685 665 17 445 26 1 3 39 27 50 3 24
70335 475 22 75 5 240 893 455 133 75 10 19 414 165 96 101 0 175 8 338 62 13 4 4 300 288 8 182 13 0 1 18 13 24 1 11
70336 475 22 36 3 119 456 238 62 40 5 10 211 83 43 48 0 87 6 176 37 6 2 2 153 149 4 95 4 0 0 9 7 12 0 3
70337 474 22 274 19 882 3282 1752 479 278 38 74 1517 607 344 382 0 644 32 1268 245 46 16 21 1092 1071 28 718 45 1 4 66 46 88 4 39
70340 470 22 36 2 118 438 217 72 36 4 10 213 78 49 52 0 84 3 159 32 6 2 1 145 139 4 88 6 0 0 8 5 10 0 7
70348 472 22 98 8 333 1212 668 182 104 15 26 578 228 127 151 0 244 14 491 88 15 6 8 398 406 11 270 16 1 1 24 17 31 1 12
70350 521 59 67 4 218 830 424 128 71 9 19 398 151 91 103 0 163 9 316 61 13 4 4 280 267 8 176 11 0 1 15 9 22 1 11
70351 500 22 39 2 130 478 244 74 39 5 11 236 89 52 58 0 93 4 178 33 6 2 2 156 154 5 102 7 0 0 9 5 12 0 6
70355 497 22 77 4 246 935 465 143 77 9 21 434 170 100 108 0 181 7 342 65 13 3 5 304 301 8 191 14 0 1 18 13 25 1 12
70391 472 12 97 7 321 1206 650 181 104 15 26 556 225 126 141 0 239 13 480 93 18 7 6 406 396 12 257 15 0 1 25 17 30 1 13
70399 391 16 38 2 128 486 247 74 37 4 11 230 87 50 56 0 95 4 185 34 7 2 2 161 158 4 100 7 0 0 9 7 13 0 6
70408 391 11 132 9 443 1627 889 241 137 19 35 766 304 173 211 0 324 17 670 122 22 8 10 535 546 16 364 20 1 2 34 21 43 2 17
70446 396 24 107 7 350 1295 668 201 107 14 29 617 244 135 159 0 251 12 493 94 18 6 7 429 422 14 275 19 0 1 26 17 34 1 16
70448 398 24 70 5 246 887 465 139 72 10 20 430 166 97 111 0 179 8 347 64 11 4 5 288 300 8 187 12 0 1 16 12 22 1 11
70450 398 24 194 13 653 2412 1271 364 199 26 52 1150 447 260 298 0 474 24 933 177 35 12 15 800 783 22 525 35 1 3 48 32 62 3 30
70452 404 24 70 5 239 865 448 134 72 10 19 418 162 97 105 0 169 8 325 64 13 4 4 290 277 7 182 12 0 1 17 10 23 1 11
70455 399 24 195 15 668 2410 1329 365 198 26 54 1135 450 250 306 0 487 25 964 176 33 12 16 790 805 22 536 35 0 3 51 32 62 4 30
70456 435 24 71 4 227 864 444 131 69 10 18 401 155 91 101 0 169 9 326 63 12 4 5 287 281 7 179 12 0 1 17 11 23 1 11
70457 424 23 94 6 306 1134 601 173 98 13 25 548 216 123 146 0 223 13 451 83 17 6 6 387 362 11 246 16 0 1 23 13 28 1 14
70458 425 23 170 13 574 2087 1121 315 172 22 48 1009 387 220 275 0 418 20 830 152 28 8 14 688 688 19 458 30 1 2 42 29 51 3 25
70459 452 39 156 12 521 1916 1057 281 168 26 41 905 367 198 239 0 381 23 774 145 26 13 13 656 631 19 442 24 1 2 39 23 51 2 19
70460 455 39 512 40 1727 6295 3385 941 539 74 138 2987 1176 660 772 0 1256 65 2500 474 90 33 38 2087 2092 62 1380 85 3 8 131 79 159 9 75
70462 454 39 157 13 534 1935 1043 300 168 24 40 916 371 209 236 0 385 21 768 146 28 11 12 651 633 18 431 24 1 2 40 24 50 3 21
70464 455 30 95 8 337 1230 664 183 103 14 27 588 229 129 147 0 244 13 485 93 18 6 8 406 408 12 265 16 0 2 24 15 30 1 15
70466 445 29 102 8 339 1256 662 191 108 14 27 603 233 138 148 0 249 13 494 96 19 6 7 420 411 10 275 18 0 2 25 14 34 2 14
70470 446 23 188 14 650 2363 1280 358 196 27 54 1123 439 252 288 0 472 26 941 172 33 11 15 792 783 20 518 33 1 3 50 30 60 3 28
70471 450 23 160 13 541 1978 1072 304 166 24 44 939 369 208 236 0 395 22 775 150 28 12 13 671 649 18 431 27 0 2 38 24 50 2 22
70472 433 25 74 5 252 922 472 148 76 10 22 457 176 102 125 0 187 7 353 65 12 4 4 302 297 10 194 14 0 1 17 12 22 1 12
70474 420 23 68 5 222 834 441 122 69 9 19 386 154 90 97 0 162 9 329 61 12 4 4 276 271 8 182 11 0 1 16 9 21 1 10
70475 458 33 128 10 443 1604 876 242 131 18 36 762 305 167 194 0 321 17 634 117 21 8 10 537 528 13 356 22 0 2 31 22 42 2 18
70476 458 33 191 14 647 2367 1298 357 194 27 51 1129 442 249 293 0 469 23 946 173 35 12 15 796 796 20 523 31 1 3 48 33 60 4 27
70478 423 27 66 6 216 810 428 120 68 9 18 381 148 83 92 0 168 8 320 55 11 3 3 266 273 6 169 11 0 1 15 10 20 1 9
70480 434 24 165 12 552 2045 1078 317 171 23 44 983 387 222 254 0 410 21 804 154 31 10 13 679 669 22 452 27 1 2 40 25 54 3 23
70486 422 23 39 2 118 454 229 69 38 4 10 220 86 50 56 0 85 6 173 34 7 2 2 149 146 5 92 6 0 0 9 6 12 0 5
70487 417 25 135 11 456 1647 863 255 140 18 37 797 311 176 207 0 326 15 638 121 22 8 8 544 535 18 343 23 1 2 33 20 39 2 20
70489 422 23 166 11 545 2034 1058 305 173 25 47 968 377 218 246 0 402 20 777 152 27 11 10 676 659 19 422 29 1 3 41 24 52 3 25
70491 408 26 133 11 450 1639 865 254 136 17 36 797 315 175 218 0 329 15 647 120 22 7 9 543 538 15 358 23 1 2 33 23 40 2 18
70494 400 23 106 7 346 1273 663 197 107 14 29 605 230 136 149 0 246 11 488 92 19 5 6 423 421 11 260 18 0 2 26 16 31 2 17
70498 400 23 33 2 119 429 233 65 37 5 10 207 84 46 52 0 86 6 166 33 6 2 2 142 142 4 96 6 0 0 8 5 11 0 4
70501 436 30 98 5 326 1181 647 183 99 13 26 577 221 123 149 0 237 12 461 86 16 6 6 389 395 11 258 17 0 1 23 17 28 1 14
70504 424 23 187 15 641 2346 1259 360 197 27 52 1132 438 250 293 0 469 22 913 174 33 12 14 779 775 23 510 33 1 3 47 31 60 3 28
70510 424 23 37 2 126 457 240 71 36 4 11 225 86 48 56 0 90 4 178 33 6 2 2 150 154 4 95 6 0 0 8 5 11 0 5
70511 550 67 67 4 206 818 419 115 71 9 19 382 147 84 97 0 156 11 320 64 11 4 3 271 260 8 169 11 0 1 17 10 21 1 9
70512 572 74 96 7 320 1207 641 174 103 14 27 560 221 126 154 0 239 13 489 90 17 7 7 402 391 11 262 16 0 1 22 16 29 1 12
70514 573 74 63 5 228 813 452 126 68 10 19 401 155 86 108 0 164 9 335 60 10 5 4 268 271 7 182 10 0 1 15 12 20 1 8
70520 598 66 374 29 1234 4581 2402 698 384 51 106 2189 839 489 554 0 900 45 1761 336 66 23 29 1528 1501 45 971 67 3 6 92 61 120 7 57
70521 595 65 38 3 127 494 247 72 39 5 13 237 88 52 55 0 95 5 180 36 6 2 3 165 158 4 98 7 0 0 9 7 14 0 5
70522 540 52 37 3 124 461 236 71 37 4 12 224 85 50 57 0 94 4 175 35 6 1 2 148 151 4 99 8 0 0 9 5 11 0 6
70525 587 51 70 6 232 873 461 127 73 9 21 424 164 90 103 0 174 9 339 65 11 4 4 289 282 8 187 12 0 1 17 12 23 1 8
70528 578 44 34 2 115 436 222 64 37 5 10 203 81 50 49 0 82 3 166 31 7 2 2 149 132 4 93 6 0 0 9 5 12 0 4
70533 576 44 42 2 128 509 236 74 41 4 12 238 88 53 53 0 97 4 176 37 7 1 2 165 159 4 99 8 0 0 9 7 14 0 8
70534 577 44 62 5 202 775 420 111 69 11 17 363 144 81 89 0 154 10 311 62 11 5 5 263 252 6 167 9 0 0 16 10 19 1 7
70538 577 44 154 14 540 1925 1075 298 163 24 42 923 370 205 227 0 384 23 764 144 27 11 12 651 632 16 434 25 1 2 40 25 48 2 20
70540 586 44 62 5 208 774 429 109 71 11 16 360 145 80 80 0 152 10 308 60 11 6 5 273 247 7 173 9 0 0 16 9 20 1 7
70541 586 44 149 14 516 1879 1041 280 164 23 42 888 363 192 242 0 381 24 769 143 25 11 12 644 613 19 426 23 1 2 38 25 49 2 18
70545 590 47 64 5 218 799 426 126 68 9 19 381 156 88 101 0 158 9 315 62 11 3 4 264 253 8 178 11 0 1 16 9 22 1 8
70553 600 169 132 10 449 1653 868 253 137 19 36 792 305 176 193 0 324 14 630 121 24 8 8 558 542 15 347 23 0 2 33 18 43 2 22
70555 566 158 38 2 123 451 225 73 40 5 9 212 84 50 51 0 87 3 165 35 6 2 2 152 142 3 91 6 0 0 9 5 13 0 5
70559 575 158 128 10 431 1579 852 240 135 19 34 735 297 169 193 0 311 17 630 116 25 9 10 525 512 14 347 22 1 2 33 20 39 2 18
70563 574 162 205 14 685 2493 1337 378 207 26 54 1189 470 261 323 0 497 22 983 180 35 10 15 815 827 23 543 35 1 3 53 31 61 4 31
70565 565 157 274 21 908 3350 1761 500 285 37 77 1597 621 352 423 0 661 34 1307 245 45 16 19 1109 1095 33 728 47 2 4 70 43 86 4 38
70569 683 173 38 2 116 458 231 68 40 5 9 209 82 47 54 0 85 4 169 35 6 2 1 152 144 3 92 6 0 0 9 5 12 0 5
70571 676 156 35 3 120 447 238 67 41 5 10 210 83 44 53 0 85 4 172 36 6 2 2 147 147 4 94 5 0 0 9 5 11 0 4
70573 678 156 231 19 783 2884 1557 432 241 33 66 1359 528 297 356 0 574 29 1147 217 39 12 16 952 974 26 620 39 2 4 60 38 72 4 33
70574 695 156 105 8 343 1282 670 198 108 15 30 604 237 134 144 0 251 13 489 96 18 6 7 427 424 12 269 17 0 1 26 16 33 1 16
70575 681 156 37 3 128 454 240 74 39 5 10 217 86 48 54 0 87 4 175 36 6 2 1 150 150 4 95 5 0 0 10 6 11 0 5
70577 682 156 75 5 247 918 479 146 75 10 22 434 165 98 100 0 176 8 342 63 14 4 4 304 309 9 188 14 0 1 18 13 23 1 12
70578 686 156 99 8 339 1222 674 188 107 15 26 566 233 127 142 0 232 13 492 94 18 6 7 407 406 12 269 17 0 1 26 16 31 1 14
70582 680 155 34 3 110 405 223 64 36 5 7 188 78 43 46 0 74 5 161 31 6 2 2 137 130 5 94 4 0 0 9 4 10 0 3
70583 682 155 104 7 347 1263 654 202 107 15 27 624 234 139 163 0 249 10 484 92 20 6 5 421 410 13 266 18 0 1 26 15 31 1 16
70585 682 155 105 7 353 1292 687 201 106 14 29 621 234 138 166 0 258 10 507 91 19 6 7 414 434 12 278 19 0 2 27 17 30 2 17
70587 616 146 198 14 670 2446 1276 389 201 26 57 1180 452 269 311 0 488 22 939 178 35 10 12 801 794 22 522 36 1 4 49 31 59 4 32
70588 619 146 62 5 216 783 436 118 70 10 16 372 151 83 93 0 154 10 314 61 10 5 5 264 258 8 177 8 0 1 16 10 19 1 7
70591 693 152 36 3 121 451 237 70 41 5 10 215 84 48 51 0 88 5 172 35 5 2 2 154 147 4 100 5 0 0 9 5 11 0 4
70594 681 146 68 5 225 827 438 128 71 9 19 393 153 88 102 0 165 7 316 63 11 3 5 274 273 7 181 11 0 1 17 9 20 1 11
70600 792 220 40 2 133 485 255 72 38 4 10 227 88 50 53 0 96 4 185 34 6 1 2 154 165 3 101 6 0 0 10 6 11 0 6
70602 793 220 75 4 245 917 465 140 77 9 22 441 165 99 121 0 182 7 351 67 12 3 4 297 301 7 183 14 0 1 18 12 21 1 12
70604 793 220 99 8 339 1266 673 188 105 14 30 595 235 133 154 0 252 12 498 93 17 6 7 419 419 12 276 18 0 2 25 16 32 1 15
70605 818 218 40 2 133 490 247 76 41 4 11 234 88 50 60 0 95 4 183 36 6 1 2 161 163 4 98 7 0 0 9 5 10 0 7
70608 800 221 162 12 547 2020 1051 307 167 24 45 963 374 214 257 0 404 21 784 149 29 10 11 669 662 18 427 28 1 3 41 26 49 3 26
70609 802 221 132 12 449 1629 877 246 139 19 35 779 306 170 201 0 329 17 649 121 23 8 10 554 537 16 359 20 0 2 33 21 41 2 19
70610 819 210 39 3 124 470 247 67 40 5 9 219 88 48 53 0 89 5 177 37 6 2 3 155 151 4 100 6 0 0 8 6 12 0 4
70611 810 205 42 2 133 537 272 71 43 5 13 237 92 51 59 0 101 4 206 43 7 2 2 172 182 5 102 6 0 0 9 7 12 0 5
70613 814 205 130 10 442 1607 864 249 134 19 36 769 299 169 201 0 320 14 631 114 23 8 9 536 532 14 347 23 1 2 33 21 41 2 20
70616 796 207 106 8 354 1315 695 189 111 13 28 608 244 136 150 0 256 13 509 96 18 5 8 436 427 11 278 18 0 1 28 17 32 1 14
70618 781 190 136 10 477 1689 917 268 140 19 37 825 321 183 215 0 340 16 667 121 25 8 10 569 556 16 380 25 0 2 33 22 42 2 21
70620 778 190 67 5 238 862 453 131 69 10 19 407 158 90 105 0 169 8 341 60 13 4 5 286 290 7 180 11 0 1 17 10 20 1 11
70624 877 206 37 2 129 477 247 75 38 5 11 227 86 51 58 0 96 4 184 33 6 1 2 155 158 4 99 7 0 0 9 5 11 0 6
70626 879 206 67 5 232 837 437 132 71 8 18 397 159 89 102 0 166 9 327 63 12 3 5 274 274 8 177 10 0 1 16 10 21 1 10
70627 872 194 293 24 975 3574 1965 525 304 44 74 1667 670 372 431 0 713 39 1438 264 51 21 24 1182 1187 31 793 48 2 4 75 48 92 5 39
70634 785 184 126 12 443 1603 874 241 131 19 34 756 300 165 189 0 318 16 632 115 21 9 11 549 529 13 349 22 1 2 33 22 41 2 17
70638 799 180 69 5 232 846 455 127 72 9 19 398 160 88 106 0 170 7 335 66 11 4 5 281 280 8 184 12 0 1 17 10 23 1 9
70640 782 180 101 8 337 1266 671 189 106 14 28 583 236 131 149 0 242 13 490 95 19 6 8 423 414 12 264 17 0 1 24 17 33 1 13
70643 783 180 66 5 249 864 482 136 71 10 20 422 158 89 111 0 177 9 346 61 13 3 5 285 296 6 193 11 0 1 15 11 20 1 10
70647 854 180 93 7 327 1210 668 175 98 14 26 576 224 123 143 0 244 12 484 89 16 7 7 405 414 11 264 14 0 1 25 15 29 1 13
70650 850 180 170 13 597 2159 1178 330 175 25 49 1037 401 228 264 0 435 21 851 157 28 10 15 715 727 19 471 29 1 3 42 29 52 2 25
70653 833 180 219 17 742 2733 1468 411 230 34 57 1306 514 291 330 0 547 30 1082 203 40 17 16 926 898 25 601 36 2 3 53 35 67 3 31
70655 818 180 103 7 336 1277 642 189 105 12 30 603 236 133 157 0 249 11 486 91 18 5 6 425 408 13 266 18 0 1 25 15 33 1 15
70670 817 180 75 5 245 928 466 138 79 9 21 427 165 95 110 0 182 7 345 71 12 4 5 303 302 8 191 13 0 1 18 11 23 1 13
70672 777 180 254 22 879 3194 1748 486 269 38 70 1532 608 332 398 0 641 35 1268 234 45 19 19 1075 1064 29 705 43 2 4 65 41 80 4 34
70673 788 183 193 16 678 2411 1327 378 200 28 51 1149 455 257 315 0 489 23 978 178 35 12 15 792 812 21 541 35 1 3 51 31 58 4 30
70681 784 180 136 10 464 1689 880 266 139 17 38 817 310 176 213 0 336 16 645 126 24 7 10 562 557 13 358 24 0 2 33 22 41 2 23
70683 787 180 101 7 345 1261 658 196 107 14 30 597 232 132 161 0 249 12 491 92 18 6 7 421 412 12 268 18 0 1 25 15 31 2 17
70685 786 180 107 7 337 1310 669 180 111 14 29 599 230 134 147 0 252 10 501 100 19 7 8 432 431 13 266 18 0 1 27 16 34 1 16
70686 801 181 74 5 241 913 468 130 74 8 20 425 162 93 108 0 182 8 343 65 12 3 4 297 297 8 185 13 0 1 19 12 22 1 11
70688 802 181 135 10 433 1638 848 241 138 20 38 763 300 173 190 0 325 18 629 115 23 8 10 545 530 14 342 23 0 2 30 22 45 2 19
70689 797 180 73 6 233 900 458 129 74 9 21 401 160 95 97 0 169 9 342 67 12 4 4 298 294 6 179 11 0 1 17 12 24 1 10
70691 804 180 34 2 119 442 233 68 38 4 10 207 84 47 54 0 87 5 174 33 6 2 2 148 143 4 98 5 0 0 8 5 12 0 4
70696 804 180 95 8 327 1215 652 190 103 16 27 571 232 128 145 0 237 14 474 90 17 7 6 408 392 13 262 15 1 1 25 15 30 1 13
70697 805 180 199 15 671 2461 1295 380 209 27 57 1167 463 259 310 0 491 24 961 184 35 13 13 817 801 23 530 34 1 3 46 31 62 3 30
70700 806 180 136 11 464 1702 887 265 143 20 39 821 320 179 201 0 331 16 646 125 25 9 10 579 552 17 357 23 1 2 32 21 43 2 20
70704 805 180 35 3 122 467 244 64 39 5 11 216 82 48 54 0 92 5 186 34 6 2 2 156 158 3 95 5 0 1 9 6 11 0 4
70705 804 180 128 9 431 1584 875 229 136 21 35 743 298 164 183 0 311 19 630 119 22 9 9 534 525 15 344 21 1 2 32 21 41 2 16
70706 805 180 106 8 357 1324 692 200 112 14 30 635 246 140 170 0 264 13 519 97 18 6 8 434 432 14 285 20 0 2 27 18 34 1 15
70709 799 180 228 18 764 2791 1516 408 240 36 60 1316 522 285 349 0 557 31 1126 205 39 15 18 931 923 27 610 36 2 4 58 39 75 4 28
70710 798 180 228 17 777 2840 1553 415 236 32 64 1342 528 295 369 0 577 28 1155 207 38 14 17 933 955 25 627 40 1 3 59 37 70 4 32
70712 768 182 162 14 562 2031 1082 305 171 24 44 972 384 211 259 0 408 21 805 151 27 9 12 686 666 19 442 27 1 2 41 25 51 2 22
70715 783 184 30 3 114 416 234 66 36 5 10 197 79 44 49 0 81 5 164 32 6 2 3 142 137 4 93 5 0 0 8 4 10 0 3
70716 783 184 66 6 226 837 443 128 69 9 18 399 157 90 97 0 165 8 326 61 12 4 6 285 274 8 178 10 0 1 17 11 21 1 9
70719 760 180 356 30 1196 4392 2386 657 374 53 93 2074 832 455 528 0 864 52 1740 325 60 22 27 1472 1447 41 973 59 2 5 89 59 116 6 49
70739 760 180 191 15 651 2380 1294 362 196 28 53 1120 447 249 286 0 476 26 943 172 33 13 14 796 784 20 525 32 1 3 47 31 61 3 27
70740 772 180 34 3 125 459 251 66 36 4 9 210 83 47 45 0 88 5 177 34 6 2 3 150 157 4 95 6 0 0 9 5 12 0 5
70741 827 200 35 2 119 442 233 68 37 4 10 207 85 46 55 0 85 5 174 32 6 2 2 145 144 5 94 6 0 0 9 4 11 0 5
70742 825 200 42 2 137 519 249 81 39 4 13 240 91 55 61 0 104 3 187 35 6 1 2 162 170 4 97 8 0 1 9 7 12 0 8
70743 828 200 222 16 757 2752 1517 414 229 32 60 1306 515 287 343 0 543 32 1111 203 39 15 18 906 923 27 610 35 1 3 59 37 69 4 30
70744 777 187 38 3 123 488 236 70 40 4 11 218 85 50 54 0 95 5 184 36 7 2 2 157 158 5 94 6 0 0 9 6 12 0 6
70746 811 182 37 3 130 472 256 69 39 5 10 219 86 50 56 0 99 4 192 32 6 2 3 155 159 3 103 6 0 0 9 6 11 0 5
70747 817 180 74 5 243 914 470 135 71 8 21 442 163 95 113 0 180 7 349 64 12 3 5 297 304 9 188 13 0 1 17 12 22 1 12
70748 811 185 168 12 574 2122 1115 327 175 23 47 997 384 223 249 0 420 21 821 152 29 9 13 691 707 19 447 30 1 3 43 29 53 3 26
70750 810 185 103 8 341 1262 668 189 105 14 27 597 230 129 151 0 253 12 496 90 17 5 7 415 423 11 264 17 0 2 25 17 32 2 15
70753 737 184 66 5 238 837 458 129 71 10 18 403 156 88 99 0 167 8 334 64 11 4 4 280 284 7 178 11 0 1 16 10 21 1 10
70754 750 182 328 25 1054 3966 2135 573 340 50 86 1823 740 410 473 0 779 45 1569 291 57 22 28 1311 1307 36 858 52 3 5 83 54 104 6 44
70755 735 172 194 14 673 2452 1323 374 198 28 52 1163 462 262 298 0 494 25 969 177 35 12 12 801 821 22 529 34 1 3 52 34 61 4 29
70756 732 171 89 8 314 1137 638 168 97 14 24 542 210 117 134 0 220 14 465 89 15 6 7 383 386 9 257 14 0 1 25 15 31 1 11
70757 728 167 319 27 1073 3921 2125 587 332 46 87 1871 744 410 500 0 793 43 1569 289 58 20 26 1307 1308 37 868 53 2 4 79 52 100 5 44
70760 766 192 33 3 124 453 244 66 42 6 9 205 79 45 51 0 87 5 183 37 8 2 3 150 155 5 92 5 0 0 9 5 12 0 3
70763 763 186 67 5 234 850 475 125 71 10 18 397 162 86 95 0 169 9 335 63 12 5 6 291 285 8 190 10 0 1 17 11 24 1 8
70765 763 186 63 6 241 832 493 119 74 11 17 398 157 83 102 0 172 10 352 65 11 5 6 271 291 6 194 9 0 1 16 10 21 1 7
70766 766 186 122 10 439 1583 881 230 133 19 34 754 295 158 209 0 327 16 640 114 22 9 11 522 546 14 355 20 0 2 31 21 39 2 16
70767 762 186 193 14 644 2399 1306 349 199 29 54 1100 442 248 291 0 472 24 956 176 33 14 14 785 798 20 515 34 1 3 50 31 59 4 29
70769 761 186 69 4 230 875 446 132 76 10 20 405 154 89 99 0 174 8 335 66 12 4 6 286 291 9 180 12 0 1 17 10 23 1 10
70771 769 184 164 13 565 2024 1088 313 171 22 45 963 378 216 237 0 398 21 791 150 29 9 12 679 674 18 442 26 1 3 39 26 53 3 24
70772 765 184 106 8 343 1293 683 193 106 14 30 597 230 132 151 0 256 13 498 94 17 6 8 429 431 11 270 16 0 1 25 17 32 2 15
70774 766 184 196 15 652 2434 1290 365 208 31 55 1131 457 257 279 0 467 28 938 182 36 14 16 823 789 23 517 31 1 3 48 30 62 3 27
70783 748 173 104 8 346 1297 660 189 110 14 29 626 230 133 157 0 258 12 488 94 18 5 7 435 422 12 271 18 0 1 26 15 33 1 17
70785 769 187 233 16 795 2907 1535 442 241 32 64 1397 543 305 357 0 571 27 1126 212 42 13 16 974 952 29 618 39 1 4 58 37 74 4 37
70786 773 187 132 10 455 1622 865 259 130 16 37 778 302 179 220 0 332 13 637 116 23 7 10 527 536 13 352 24 0 2 34 20 39 3 23
70789 800 187 36 2 124 458 237 73 36 4 11 214 83 49 54 0 91 3 173 32 7 2 2 151 153 3 93 7 0 0 8 5 11 0 6
70790 789 187 175 12 576 2118 1113 317 180 23 48 997 395 224 254 0 415 20 818 155 30 10 13 700 692 20 450 29 1 3 46 28 53 3 26
70792 789 187 38 2 130 476 242 74 39 4 10 223 86 52 56 0 95 3 182 34 6 1 2 156 154 3 99 6 0 0 9 5 12 0 5
70797 790 187 162 11 550 2010 1092 290 169 24 45 948 376 210 249 0 408 19 807 147 28 10 13 671 673 19 441 26 1 2 43 27 49 2 24
70798 762 171 99 7 341 1246 659 182 105 14 28 602 230 131 163 0 243 13 495 90 18 5 7 416 409 13 265 18 0 1 23 16 32 1 16
70800 791 181 170 12 562 2105 1077 319 172 23 49 1008 386 225 254 0 417 19 798 154 30 9 10 700 683 20 440 32 0 3 41 27 52 3 29
70805 790 173 39 2 141 521 268 79 40 4 11 244 95 54 63 0 103 4 203 37 6 2 3 164 173 5 108 7 0 0 9 8 14 0 5
70806 772 167 103 8 343 1276 664 196 102 14 28 597 233 137 149 0 254 13 489 92 19 5 7 427 419 11 274 18 0 2 26 16 34 2 17
70808 811 187 251 21 867 3121 1710 474 265 37 69 1480 590 332 385 0 626 34 1240 234 44 16 19 1038 1029 28 694 42 2 4 65 40 76 5 35
70810 798 167 38 2 124 483 247 71 38 5 11 222 88 51 55 0 95 4 184 34 7 2 3 160 162 4 97 6 0 0 9 6 12 0 5
70815 760 178 75 4 250 911 467 141 73 9 22 430 165 98 110 0 178 8 345 62 13 3 4 297 301 8 190 12 0 1 18 12 22 1 13
70816 774 181 198 15 682 2450 1316 378 207 27 54 1161 455 261 285 0 482 25 955 182 35 11 15 818 818 23 529 32 1 3 48 32 64 3 28
70823 778 181 122 10 435 1543 863 229 129 18 34 752 299 162 194 0 307 16 625 114 22 9 9 523 506 14 348 21 1 2 32 20 39 2 17
70828 780 181 37 3 126 494 249 71 38 5 13 227 85 50 54 0 94 5 184 36 7 2 3 162 161 5 98 6 0 0 9 5 12 0 6
70833 776 181 34 3 121 442 241 61 37 5 9 209 82 46 52 0 91 5 179 31 6 2 3 149 149 4 99 5 0 0 8 5 11 0 4
70834 775 181 37 3 134 481 251 76 40 4 11 230 91 53 59 0 96 4 188 36 7 1 3 159 159 4 105 6 0 0 9 6 13 0 6
70836 769 180 179 14 592 2177 1145 330 183 23 48 1025 399 228 271 0 434 18 846 159 30 9 13 719 718 19 466 32 1 3 42 30 56 3 26
70839 770 176 37 2 130 479 252 71 38 5 11 225 86 49 57 0 95 4 183 35 7 1 2 155 162 4 99 6 0 0 9 6 11 0 6
70841 770 176 75 5 255 935 481 143 73 8 23 445 168 98 126 0 184 7 356 64 13 3 5 306 314 8 197 14 0 1 18 11 23 1 13
70842 769 176 411 34 1400 5068 2797 763 426 62 106 2375 947 531 622 0 1013 54 2029 378 71 29 35 1689 1702 46 1121 67 2 7 103 65 131 7 58
70853 749 183 213 16 741 2671 1468 400 227 35 56 1255 500 282 325 0 540 29 1068 195 39 17 16 891 892 22 589 36 1 3 56 33 68 4 32
70855 727 172 41 4 137 521 266 76 44 6 11 233 90 51 54 0 103 5 201 40 7 2 3 165 181 6 100 6 0 0 9 7 14 0 5
70863 727 172 38 2 123 466 233 70 39 5 10 218 85 52 55 0 92 5 173 34 7 2 3 149 151 5 97 7 0 0 9 5 12 0 6
70864 724 167 105 8 339 1287 672 182 114 15 29 601 237 136 159 0 256 15 510 96 17 6 8 431 415 13 282 16 1 1 26 17 32 1 13
70865 729 169 95 9 324 1210 657 178 103 16 26 560 225 129 146 0 249 14 490 90 16 8 8 400 405 9 270 16 0 1 24 16 31 2 13
70867 733 167 31 2 106 407 215 61 34 5 8 185 74 42 44 0 81 5 160 32 6 3 2 139 132 3 88 5 0 0 8 4 11 0 4
70870 732 167 233 18 778 2875 1512 437 243 32 65 1373 538 305 362 0 567 31 1131 215 41 14 17 953 948 28 620 39 1 4 58 36 73 4 33
70874 733 167 36 2 123 474 241 67 37 4 10 211 84 48 54 0 95 5 185 34 7 2 2 154 158 4 95 6 0 0 9 6 12 0 5
70876 732 167 202 16 666 2446 1296 372 209 31 57 1156 465 261 288 0 485 25 945 184 33 13 15 822 794 22 530 36 1 3 48 32 63 3 29
70880 769 169 67 5 231 849 472 121 72 10 17 394 156 89 88 0 165 9 335 64 12 5 5 281 287 8 182 11 0 1 18 12 21 1 8
70881 768 168 73 4 243 876 461 136 73 9 20 409 159 94 108 0 173 6 341 60 13 3 4 281 289 8 184 13 0 1 18 10 20 1 13
70884 751 167 260 19 892 3213 1749 497 272 39 70 1527 607 344 380 0 638 34 1259 239 49 17 19 1096 1057 28 721 45 1 4 65 41 84 4 38
70891 752 169 66 4 227 846 438 126 71 9 19 396 158 89 106 0 170 8 333 59 12 4 4 282 277 6 181 11 0 1 16 10 22 1 11
70893 765 178 43 2 135 516 246 77 42 4 11 232 91 54 55 0 97 3 177 38 8 1 2 170 162 4 98 7 0 1 10 7 13 0 8
70901 753 171 73 4 240 887 458 134 72 10 20 428 165 96 111 0 177 7 335 63 14 3 4 290 290 8 184 13 0 1 16 10 21 1 12
70902 755 171 194 17 652 2410 1282 356 205 27 53 1132 445 250 307 0 483 26 963 180 33 13 15 811 787 25 528 30 1 3 49 32 61 3 27
70904 755 171 198 15 665 2470 1303 362 209 29 53 1159 460 259 308 0 492 25 981 184 36 12 16 814 811 25 530 33 1 3 49 32 63 3 28
70905 758 177 72 5 232 886 452 127 74 9 20 404 159 91 99 0 174 9 337 66 12 4 5 292 286 7 180 11 0 1 16 12 22 1 10
70906 755 176 36 3 120 453 232 65 39 5 10 211 83 48 55 0 91 4 177 33 6 2 2 150 145 4 95 5 0 0 9 6 11 0 5
70908 755 176 40 3 138 476 244 76 41 4 11 236 92 50 67 0 93 3 181 33 6 1 2 158 156 5 102 7 0 0 9 5 11 0 6
70910 771 180 34 3 114 431 221 65 38 5 9 204 80 45 51 0 84 5 167 34 7 2 3 151 140 5 93 5 0 0 8 5 11 0 5
70912 756 169 306 26 1058 3887 2117 579 329 48 85 1846 734 408 476 0 767 46 1555 297 56 21 25 1317 1287 40 862 48 2 5 77 49 101 4 41
70913 760 170 71 5 250 892 469 140 72 8 20 431 165 93 106 0 174 7 337 62 12 3 4 298 296 7 184 12 0 1 19 12 21 1 12
70916 754 167 66 6 227 871 441 128 75 9 19 410 163 90 109 0 172 9 334 64 11 4 5 294 283 9 183 11 0 1 17 11 23 1 8
70917 756 167 97 8 333 1231 684 175 103 15 26 556 231 123 142 0 244 14 510 93 17 7 8 407 420 9 273 15 1 1 26 16 31 1 12
70918 754 167 40 2 131 505 251 70 39 4 12 232 90 50 64 0 101 4 197 34 6 1 3 163 169 4 99 6 0 1 8 8 12 0 6
70920 757 167 101 7 343 1264 672 189 105 15 28 602 229 133 153 0 248 13 495 89 18 7 7 424 420 11 265 17 0 2 25 16 31 1 15
70926 755 167 109 7 366 1346 693 208 110 14 32 640 248 143 167 0 267 13 514 93 19 6 7 443 446 13 281 18 0 2 26 17 34 2 18
70928 756 167 102 8 347 1250 669 199 106 14 27 593 236 134 152 0 248 11 489 92 18 6 9 418 410 12 274 18 0 2 24 15 32 1 15
70929 688 175 102 8 335 1242 658 183 107 14 26 576 227 129 153 0 245 13 485 92 17 6 7 414 404 11 266 17 0 1 23 15 33 1 14
70930 692 175 152 12 533 1948 1078 286 165 26 43 922 356 200 228 0 389 21 770 146 26 12 13 655 655 15 423 24 1 2 38 27 50 2 21
70933 695 175 65 5 222 799 429 119 67 9 17 390 150 83 103 0 160 8 321 57 11 3 5 267 262 7 181 10 0 1 16 11 20 1 9
70939 695 175 76 5 251 921 482 144 74 9 22 436 166 99 107 0 184 6 352 63 12 3 4 301 308 8 188 13 0 1 17 13 21 1 12
70943 706 186 67 5 221 834 441 122 73 10 19 385 151 87 100 0 161 9 336 63 13 4 4 282 277 8 174 10 0 1 17 10 22 1 9
70945 703 185 138 10 465 1684 891 254 139 17 38 820 312 177 220 0 335 16 656 121 23 7 9 561 551 16 365 24 1 2 34 21 45 2 21
70949 711 185 190 16 660 2412 1327 349 202 28 54 1142 444 247 302 0 483 23 970 179 33 13 16 811 811 21 539 32 1 3 47 31 61 3 27
70951 736 170 39 4 132 483 254 71 42 6 11 222 86 49 51 0 93 4 182 35 7 2 3 159 165 4 98 6 0 0 10 6 12 0 5
70952 782 182 203 14 675 2500 1339 376 205 29 56 1185 464 262 293 0 493 24 971 182 34 12 15 822 828 24 535 35 1 3 51 35 65 4 28
70956 782 182 39 3 128 475 248 71 41 4 11 227 86 50 55 0 94 5 181 35 6 2 3 159 155 4 103 6 0 0 9 6 12 0 5
70958 782 182 38 2 126 489 251 69 39 5 12 221 87 51 55 0 98 3 185 35 7 2 2 160 163 3 99 7 0 0 9 6 13 0 6
70959 782 182 33 2 116 432 239 57 37 5 9 190 80 42 43 0 83 6 171 34 6 2 2 147 144 3 94 5 0 0 9 5 12 0 3
70961 782 182 74 5 250 917 485 140 71 10 21 428 166 96 118 0 185 7 360 61 13 3 5 294 306 6 193 14 0 1 17 12 23 1 12
70963 784 168 125 9 455 1629 893 254 135 18 37 785 303 174 207 0 325 14 643 120 23 7 10 543 548 15 359 22 0 2 32 19 40 2 21
70965 791 167 166 14 565 2036 1102 309 170 23 45 980 382 211 262 0 409 21 819 148 28 10 12 678 675 18 442 26 1 2 41 28 50 3 23
70967 770 168 316 26 1066 3969 2128 598 333 49 88 1849 732 416 478 0 795 42 1571 290 58 23 25 1317 1312 34 857 52 2 5 80 52 99 5 45
70970 776 167 41 3 137 515 257 77 39 4 13 246 88 51 58 0 99 4 189 36 6 1 2 167 172 4 100 7 0 0 9 7 13 0 7
70976 817 174 262 19 895 3223 1766 484 271 37 71 1532 601 340 419 0 646 31 1295 236 44 17 24 1048 1087 29 716 47 1 4 69 43 81 5 38
70978 816 174 223 17 746 2751 1459 419 231 32 62 1298 512 289 330 0 540 30 1085 202 39 14 16 915 897 27 593 38 2 3 58 36 69 4 32
70979 805 167 208 16 691 2544 1329 381 213 29 58 1188 468 266 308 0 500 25 992 182 36 12 15 847 832 22 538 38 1 3 52 32 67 3 30
70981 805 167 165 13 571 2075 1129 323 174 25 48 1009 390 215 265 0 417 22 830 154 28 11 12 698 697 21 450 26 1 2 39 27 53 3 24
70982 806 167 94 9 316 1199 656 167 107 16 24 548 224 121 126 0 232 15 475 96 17 7 9 412 392 11 263 14 1 1 23 16 32 1 9
70984 804 167 104 7 337 1266 649 187 108 13 29 600 228 134 152 0 244 12 483 97 19 5 7 430 418 11 262 17 0 1 24 16 32 1 16
70985 797 174 63 6 218 812 451 120 67 10 16 385 153 82 92 0 164 10 327 61 10 5 5 273 271 8 180 10 0 0 17 11 21 1 8
70988 798 174 162 11 540 2002 1084 296 170 25 45 916 364 209 239 0 401 22 804 150 28 11 14 650 674 17 436 26 1 3 41 27 48 3 22
70997 847 167 36 2 120 461 241 64 37 5 11 210 83 46 52 0 92 5 184 34 6 2 2 152 153 3 96 6 0 0 9 5 12 0 5
70998 836 167 69 6 234 842 452 127 73 10 20 398 156 84 98 0 166 8 329 63 12 4 5 284 280 8 185 10 0 1 16 11 21 1 9
71007 834 168 166 13 552 2067 1089 304 170 25 47 977 383 215 263 0 416 20 810 146 30 10 12 681 681 19 436 28 1 3 40 27 55 3 25
71011 834 168 37 2 131 471 253 70 37 5 11 228 86 49 57 0 93 4 182 32 7 1 2 155 160 3 97 7 0 0 9 5 10 0 7
71013 832 167 36 2 123 469 247 69 36 4 11 220 83 48 55 0 91 4 183 33 6 1 2 153 157 3 99 6 0 0 9 6 11 0 6
71015 834 167 65 6 218 845 456 114 73 10 19 369 147 81 92 0 166 11 348 63 10 4 5 276 291 8 176 10 0 1 16 11 21 0 7
71019 833 167 195 16 666 2422 1309 367 208 29 57 1145 455 249 291 0 475 26 950 180 33 13 15 824 800 23 534 31 1 3 48 31 65 3 27
71024 784 170 74 5 235 913 470 128 76 10 21 423 166 91 102 0 180 9 342 69 12 4 5 305 300 9 192 13 0 1 16 11 24 1 11
71027 780 170 70 5 227 863 446 128 74 10 20 402 155 90 96 0 165 9 327 66 12 4 5 290 282 7 175 12 0 1 16 10 22 1 11
71036 773 177 118 9 406 1482 822 226 126 18 32 693 282 154 174 0 299 16 591 112 21 10 10 502 490 15 339 19 0 1 30 18 39 1 15
71038 778 173 193 16 660 2414 1309 367 203 29 51 1153 454 253 298 0 482 26 959 179 34 12 13 811 804 23 533 32 1 3 49 30 62 3 27
71040 763 173 39 2 129 490 248 79 39 5 11 228 89 51 56 0 92 4 183 36 7 2 2 158 160 5 99 7 0 0 10 6 13 0 6
71042 777 173 100 8 343 1265 671 191 102 15 28 596 231 132 151 0 250 15 504 93 18 6 9 419 423 10 267 16 0 2 25 17 33 1 15
71044 768 175 283 24 958 3544 1925 524 297 41 77 1670 656 370 435 0 708 41 1432 263 49 20 25 1178 1182 31 778 48 2 4 72 47 92 5 40
71045 765 168 130 11 442 1635 881 242 140 19 37 769 306 168 201 0 319 17 641 127 22 8 10 545 537 15 356 23 1 2 31 21 42 2 18
71047 780 167 191 17 646 2354 1302 346 195 26 51 1117 444 240 280 0 471 26 934 175 32 12 15 796 780 22 528 30 1 2 49 32 62 3 24
71051 735 167 74 4 241 922 449 144 74 8 23 437 164 100 114 0 180 5 336 66 14 3 4 299 297 8 178 15 0 1 18 10 22 1 14
71053 734 167 39 2 132 479 241 74 40 4 11 231 88 51 61 0 94 3 180 35 6 1 2 157 156 4 99 6 0 0 9 6 11 0 7
71059 731 167 101 8 344 1246 660 186 108 15 26 572 229 133 141 0 241 13 490 96 19 8 7 422 407 10 266 16 0 2 25 15 31 1 14
71060 731 167 38 3 134 513 260 71 42 5 13 233 89 52 59 0 99 4 195 37 6 2 2 167 172 4 98 7 0 0 9 7 12 0 5
