71061 774 167 100 8 335 1212 650 191 97 13 26 574 225 128 146 0 244 12 476 85 16 6 6 402 405 9 255 16 0 1 25 18 29 2 15
71062 771 167 98 7 341 1247 668 196 105 15 27 579 236 135 147 0 243 12 491 94 19 6 7 411 406 11 270 17 0 2 25 15 31 1 14
71066 771 167 67 6 237 852 466 129 72 10 18 417 163 94 98 0 165 10 339 63 12 4 5 293 284 7 187 11 0 1 16 12 22 1 8
71068 778 172 74 6 233 913 453 125 77 10 21 418 159 93 116 0 179 8 347 66 12 4 4 301 297 8 185 12 0 1 18 12 23 1 11
71074 773 168 38 3 134 501 257 75 42 6 11 238 91 54 59 0 100 4 193 37 6 2 3 165 168 4 102 6 0 0 9 6 13 0 6
71075 773 167 35 2 125 458 248 69 40 5 10 206 83 48 50 0 88 5 177 34 6 2 3 149 153 5 99 6 0 0 8 5 11 0 5
71077 774 170 105 8 347 1271 662 188 107 13 29 607 235 132 155 0 258 13 493 93 18 5 7 420 417 12 274 17 0 1 26 16 32 1 17
71081 771 167 98 8 335 1248 659 191 99 14 29 596 229 129 154 0 251 13 490 92 17 6 8 411 422 12 267 17 0 2 24 17 32 2 14
71083 772 167 657 55 2254 8231 4471 1240 697 100 180 3888 1539 863 1010 0 1656 89 3264 619 116 48 51 2756 2739 80 1798 111 5 11 169 109 210 11 92
71086 771 167 132 10 448 1636 874 252 137 19 38 785 309 173 207 0 332 17 640 117 23 8 9 544 538 16 357 24 0 2 33 20 41 2 20
71088 787 168 115 10 393 1464 782 220 121 17 31 692 271 153 184 0 297 15 585 110 21 8 9 482 487 14 323 18 1 2 31 17 36 2 18
71089 786 167 36 4 133 481 253 77 40 5 10 235 91 51 56 0 97 4 187 35 7 2 3 162 161 5 102 6 0 0 7 6 12 0 5
71092 777 174 139 10 470 1760 916 264 146 20 40 826 317 184 206 0 341 17 682 129 24 8 10 591 580 17 365 23 1 2 35 23 45 2 22
71093 777 174 102 8 347 1295 682 194 107 15 30 611 234 134 142 0 256 13 489 99 17 6 8 436 429 11 273 17 0 2 24 17 34 1 15
71094 774 171 172 11 566 2101 1098 318 172 22 45 998 383 223 255 0 412 19 808 152 29 9 11 691 695 19 447 29 0 3 44 27 54 3 27
71095 766 167 39 3 130 499 265 71 41 5 11 233 93 49 61 0 101 5 202 36 6 2 4 167 168 4 109 5 0 0 10 6 13 0 4
71097 768 167 43 2 131 521 252 71 41 4 13 240 91 53 57 0 103 3 189 36 7 1 2 170 167 4 101 8 0 0 10 7 13 0 8
71098 778 184 66 5 232 853 466 123 71 10 17 395 158 88 96 0 167 10 348 62 12 4 5 282 283 7 187 11 0 1 17 11 22 1 9
71100 769 167 101 6 348 1267 672 190 105 13 30 591 231 132 161 0 250 12 497 92 17 5 7 413 419 9 267 17 0 2 25 16 29 1 15
71103 810 167 397 30 1321 4875 2547 749 414 55 108 2322 902 521 599 0 972 47 1883 363 68 26 27 1619 1592 46 1037 68 2 7 99 67 125 7 60
71104 810 167 142 10 465 1726 894 260 141 18 40 808 322 177 209 0 339 16 648 123 22 7 9 563 561 16 362 25 0 2 35 24 43 2 21
71107 800 167 169 11 567 2085 1083 311 175 24 48 987 385 221 247 0 410 18 797 154 28 10 11 692 686 17 436 29 0 3 42 28 52 3 27
71109 789 182 96 7 319 1183 623 185 103 15 26 555 218 128 136 0 234 12 449 91 17 7 6 400 382 9 249 17 0 1 22 14 31 2 14
71112 772 173 65 5 224 842 444 125 68 9 17 388 152 85 94 0 167 9 333 62 11 4 4 276 277 6 178 10 0 1 19 12 20 1 9
71114 780 167 201 14 685 2462 1320 378 200 28 54 1180 460 266 294 0 493 22 955 177 33 12 13 819 808 21 531 36 1 3 50 33 59 4 32
71116 771 167 141 9 452 1725 885 260 141 17 40 804 310 185 202 0 341 15 658 122 23 7 9 570 561 16 357 25 0 2 35 24 44 2 22
71118 772 167 141 9 463 1710 917 254 144 19 37 789 318 180 207 0 338 15 681 125 23 7 9 549 576 16 366 24 1 2 38 23 41 2 21
71121 747 172 136 10 461 1729 901 261 141 18 38 810 316 180 203 0 340 16 667 128 24 8 10 569 571 16 362 23 1 2 33 23 43 2 20
71122 749 168 159 13 554 1995 1082 307 170 24 45 941 381 207 247 0 404 22 796 147 28 10 11 665 661 17 446 26 1 2 38 27 50 2 22
71126 773 167 97 8 331 1200 665 184 101 15 25 554 226 129 147 0 242 12 488 87 16 6 8 403 401 9 271 15 0 1 24 14 30 2 13
71128 796 167 35 2 129 465 240 73 39 5 10 233 89 50 64 0 92 4 182 33 7 1 2 158 151 5 98 6 0 0 8 5 12 0 5
71129 795 167 207 15 704 2562 1344 397 209 27 61 1211 477 275 313 0 506 23 988 183 36 11 14 834 847 23 539 37 1 4 50 36 62 4 33
71130 770 167 103 8 341 1273 684 191 108 16 28 606 242 136 151 0 250 14 504 92 18 7 8 430 418 12 282 17 0 2 26 18 33 2 14
71132 768 172 35 2 120 460 243 65 36 5 10 203 82 46 52 0 90 4 181 34 6 2 2 150 154 4 94 6 0 0 9 5 11 0 5
71135 769 172 102 7 349 1274 699 186 107 16 29 584 237 131 142 0 253 12 501 94 16 7 7 418 431 10 275 17 0 2 26 18 32 1 14
71138 761 167 69 5 235 841 442 132 71 9 20 401 159 92 113 0 166 8 332 62 12 3 5 278 270 8 182 12 0 1 16 9 21 1 11
71139 760 167 37 2 121 449 237 68 36 4 9 211 83 46 54 0 86 4 173 32 6 1 3 149 147 4 96 6 0 0 9 5 11 0 5
71140 759 167 318 25 1061 3956 2110 586 331 49 88 1845 734 412 488 0 795 43 1586 287 56 21 23 1309 1316 35 856 50 3 5 83 51 99 6 45
71141 759 167 128 10 431 1595 845 241 134 19 38 766 292 167 191 0 318 16 622 117 22 8 10 536 527 15 350 21 0 2 31 19 44 2 19
71143 732 173 38 3 131 486 246 76 41 5 11 231 88 54 59 0 97 4 185 36 6 2 2 163 157 4 102 7 0 0 8 5 12 0 6
71146 774 167 33 3 114 440 230 62 38 6 9 202 80 44 50 0 82 6 182 36 6 3 2 152 143 5 95 3 0 0 8 5 12 0 3
71147 760 172 73 6 254 942 491 141 79 11 21 441 170 98 107 0 182 8 360 71 13 4 6 312 309 8 195 13 0 1 17 11 26 1 11
71148 765 169 36 3 126 479 247 72 40 5 10 229 88 52 57 0 95 4 183 35 5 2 3 160 161 5 99 6 0 0 9 6 12 0 5
71149 773 167 39 2 126 474 248 71 42 5 10 216 88 49 56 0 92 4 180 36 7 1 3 153 153 5 99 7 0 0 9 6 11 0 5
71151 771 167 202 14 688 2514 1336 391 213 30 56 1180 472 267 309 0 494 23 983 184 36 12 14 821 826 23 532 37 1 3 51 32 66 4 30
71152 892 247 108 7 355 1328 677 198 108 13 30 623 239 138 158 0 257 10 497 95 19 5 8 439 433 12 271 20 0 2 26 16 35 2 19
71154 893 247 40 3 131 497 251 74 41 5 12 239 90 51 60 0 98 5 184 37 7 2 3 166 160 5 103 6 0 0 9 5 13 0 5
71157 898 248 37 2 130 479 262 68 40 6 10 211 86 50 50 0 93 4 187 35 7 2 3 155 162 4 100 6 0 0 9 5 11 0 5
71158 897 248 72 6 248 910 486 135 74 11 21 421 166 94 107 0 185 9 359 66 13 4 6 300 308 7 192 12 0 1 16 11 24 1 10
71160 831 233 352 28 1197 4369 2370 645 370 52 99 2063 816 462 525 0 869 48 1728 327 64 24 25 1455 1440 39 954 61 2 6 93 56 111 6 51
71161 837 231 66 5 238 858 469 129 70 10 18 418 156 87 111 0 178 8 343 57 12 4 5 286 299 7 190 12 0 1 16 11 22 1 10
71163 844 232 133 10 452 1664 896 253 133 20 38 783 300 172 204 0 336 16 651 117 23 8 10 546 558 11 356 23 0 2 31 21 42 2 20
71165 834 231 505 37 1696 6282 3406 940 526 80 141 2940 1165 661 767 0 1243 67 2478 460 88 36 39 2084 2082 56 1359 85 4 8 127 82 159 10 76
71170 835 231 39 2 130 486 247 71 40 5 11 219 86 49 54 0 95 4 182 35 6 2 2 161 160 3 98 6 0 0 9 6 11 0 6
71173 834 231 40 3 137 501 261 74 41 5 12 231 93 51 59 0 97 4 189 36 6 1 3 164 163 4 108 8 0 1 9 6 13 0 6
71178 834 231 74 5 250 915 471 137 74 9 20 433 165 92 110 0 184 7 348 65 11 4 5 299 296 9 190 12 0 1 19 11 23 1 11
71180 847 231 125 11 431 1540 830 239 134 18 33 731 290 161 178 0 312 16 592 118 22 8 10 512 516 13 334 21 1 2 31 20 39 2 18
71184 846 231 37 2 128 470 248 70 40 5 9 210 89 48 52 0 89 6 181 36 6 2 2 158 149 4 98 6 0 0 10 5 13 0 5
71189 848 233 72 5 238 885 454 140 73 9 19 418 163 92 105 0 174 7 330 64 13 4 4 292 285 8 185 12 0 1 16 10 21 1 12
71192 845 231 200 15 670 2476 1286 378 205 28 54 1179 459 263 309 0 493 25 951 182 35 12 14 820 809 22 523 35 1 3 50 32 61 3 32
71193 846 231 71 5 238 871 454 137 72 10 20 424 162 91 107 0 172 7 337 61 12 4 5 288 289 8 181 12 0 1 17 13 23 1 11
71195 839 231 37 2 127 476 260 66 40 6 10 217 86 48 54 0 95 4 189 34 6 2 3 154 161 4 101 6 0 0 10 5 11 0 6
71196 793 207 99 8 353 1244 679 197 104 14 28 605 238 133 171 0 250 12 500 88 18 6 7 411 408 12 280 18 0 1 24 16 33 2 15
71200 795 207 139 10 461 1667 902 247 143 19 37 778 315 174 201 0 332 17 664 119 21 8 10 548 562 13 353 22 1 2 33 23 43 2 19
71202 795 207 161 13 565 2012 1076 318 168 23 45 965 372 215 242 0 398 21 788 148 27 8 11 665 668 16 433 27 1 2 39 26 49 3 24
71204 763 176 72 5 244 899 474 135 72 9 23 430 167 94 108 0 176 9 342 65 11 4 5 297 292 8 190 13 0 1 18 11 22 1 11
71205 783 167 190 13 651 2367 1330 339 200 29 53 1100 441 244 297 0 470 27 970 170 33 13 16 783 804 20 521 31 1 2 51 32 57 3 25
71208 779 166 63 5 227 812 441 130 69 10 17 386 155 87 92 0 161 9 319 60 12 5 5 285 266 7 177 9 0 1 15 10 22 1 8
71209 778 166 34 2 124 451 240 69 36 4 11 220 85 47 54 0 92 5 173 32 6 1 3 153 153 6 96 6 0 0 8 4 11 0 5
71213 779 166 33 3 118 437 227 67 37 5 10 210 80 46 53 0 87 4 170 33 5 1 3 145 143 4 93 6 0 0 8 5 11 0 5
71214 779 166 101 6 351 1247 663 203 100 14 28 616 231 136 152 0 248 11 475 91 17 5 7 415 415 11 265 18 0 1 24 16 30 2 17
71216 780 166 65 5 218 815 439 118 70 11 16 369 155 87 92 0 158 9 324 60 11 5 4 277 265 7 177 11 0 1 17 11 22 1 9
71217 798 166 35 2 116 448 229 60 36 5 9 200 79 46 51 0 88 5 172 32 5 2 2 147 150 3 92 5 0 0 8 5 11 0 5
71223 780 166 61 5 215 758 425 121 63 8 16 361 150 80 102 0 157 8 314 57 10 4 5 251 251 7 174 9 0 1 16 10 17 1 7
71224 790 176 161 13 560 2022 1138 300 169 23 45 957 382 210 261 0 404 22 822 154 28 10 13 666 686 17 455 28 1 2 41 27 50 3 24
71225 781 166 204 14 668 2468 1297 372 203 26 56 1172 458 258 308 0 496 21 960 179 35 11 13 807 813 22 535 37 0 4 50 31 64 4 33
71226 780 166 182 16 639 2345 1275 352 196 29 54 1106 433 244 282 0 466 28 941 179 31 13 14 780 792 21 512 29 1 3 47 30 58 3 24
71228 767 163 36 2 128 458 238 71 37 5 11 223 83 49 56 0 89 4 175 32 6 2 2 155 153 3 94 6 0 1 9 5 11 0 6
71229 767 163 70 6 244 875 497 128 74 11 20 422 167 90 108 0 178 9 357 63 11 4 6 293 298 9 202 11 0 1 17 10 23 1 9
71230 756 163 40 2 131 487 252 72 40 4 12 234 88 49 62 0 100 5 187 34 6 1 2 158 163 5 101 7 0 0 9 6 12 0 6
71232 756 163 37 2 129 494 255 67 40 5 12 223 85 48 56 0 94 4 193 36 6 2 3 163 166 4 99 7 0 0 9 6 12 0 5
71236 761 161 135 11 456 1657 896 249 144 20 37 767 319 171 188 0 322 17 646 127 22 9 10 550 546 17 356 23 1 2 34 22 44 2 16
71237 755 160 314 27 1052 3912 2120 576 333 46 89 1839 736 405 471 0 781 47 1562 293 54 22 25 1316 1284 36 855 53 2 5 76 54 105 5 42
71239 756 160 99 7 332 1275 662 179 105 14 28 584 224 129 142 0 248 13 495 94 17 7 8 422 419 11 261 17 0 1 25 16 34 2 14
71240 761 164 111 9 352 1334 678 203 108 13 30 634 239 138 167 0 263 11 504 95 19 5 7 442 437 14 278 20 0 1 27 16 35 2 17
71241 767 160 98 8 330 1227 666 182 104 13 27 577 228 129 157 0 244 13 497 91 17 6 10 417 403 12 270 15 1 1 24 16 31 1 13
71243 761 165 102 8 334 1255 653 192 109 15 28 575 235 131 142 0 251 12 485 96 17 7 7 418 405 11 268 16 1 1 24 17 34 1 13
71245 849 164 38 2 128 471 247 70 39 4 10 223 85 48 59 0 93 4 181 36 6 2 2 156 159 4 97 6 0 0 8 5 12 0 6
71248 850 164 37 2 123 477 238 67 39 4 11 216 81 49 53 0 92 4 175 33 7 1 3 155 157 4 94 7 0 0 9 4 12 0 7
71251 829 160 36 2 125 469 250 70 36 6 10 219 81 50 54 0 91 4 183 32 7 1 3 157 155 4 96 6 0 0 9 5 12 0 5
71252 849 174 95 8 333 1184 643 182 101 14 27 558 219 122 143 0 237 11 464 90 17 6 8 402 392 11 257 17 0 1 24 14 30 1 14
71254 850 174 189 14 647 2339 1310 353 201 31 52 1079 428 243 285 0 470 27 940 179 33 13 16 769 794 19 514 31 1 3 49 32 58 3 25
71255 853 174 95 7 332 1221 675 176 106 15 26 584 235 129 149 0 243 15 500 92 17 6 8 420 409 12 274 14 1 1 24 15 33 1 10
71256 780 160 106 8 355 1324 672 202 112 15 32 623 238 139 159 0 264 13 503 96 19 6 7 437 436 14 270 21 0 2 24 16 33 1 18
71257 857 189 66 5 232 819 442 129 69 11 18 394 157 90 105 0 166 7 330 60 12 4 4 269 273 7 181 11 0 1 15 11 21 1 10
71258 860 184 256 21 855 3173 1685 470 267 37 72 1488 584 328 389 0 636 33 1249 238 45 17 18 1053 1052 31 683 43 1 4 63 41 80 4 39
71259 834 178 103 7 347 1319 696 189 107 15 31 609 239 134 165 0 260 13 519 96 18 6 6 435 442 11 280 18 0 1 26 18 33 2 16
71260 844 170 36 3 130 471 244 75 39 4 11 227 89 51 62 0 95 3 183 34 6 2 3 161 155 4 101 5 0 0 9 6 11 0 5
71261 836 170 107 7 343 1313 656 197 108 14 32 620 241 138 159 0 253 13 496 94 19 5 7 440 420 14 269 18 0 1 25 15 33 1 16
71266 830 168 34 3 105 421 214 62 34 5 9 194 73 42 41 0 80 5 154 31 5 2 2 148 135 3 85 5 0 0 8 5 12 0 4
71267 831 168 231 18 784 2876 1525 427 239 31 66 1381 533 301 376 0 582 29 1147 213 40 13 16 950 955 26 620 40 1 4 56 37 70 4 34
71268 831 168 39 3 129 490 247 77 40 5 12 232 87 52 61 0 99 4 190 35 7 2 3 162 160 5 102 7 0 0 8 5 12 0 6
71272 830 168 130 10 459 1650 906 253 138 20 38 783 304 175 208 0 332 17 661 122 24 9 11 550 559 17 365 22 1 2 34 21 42 2 19
71277 833 168 35 2 125 455 247 66 38 5 9 216 86 47 63 0 93 4 186 33 6 2 2 149 151 5 103 5 0 0 10 4 11 0 4
71278 831 165 37 2 129 463 244 74 39 5 10 224 87 49 58 0 91 4 178 35 6 2 2 156 152 4 101 6 0 0 9 6 12 0 5
71279 831 165 76 5 250 936 482 141 77 11 22 439 164 99 107 0 183 7 347 66 12 4 5 307 307 7 191 14 0 1 21 12 24 1 12
71281 788 161 140 11 462 1704 889 262 139 18 38 814 309 179 205 0 335 15 654 123 24 7 9 564 565 14 357 25 0 2 33 21 44 3 23
71282 792 161 39 2 134 499 248 80 38 5 12 235 88 54 60 0 99 3 184 35 7 1 2 161 164 4 100 8 0 0 9 6 12 0 7
71286 795 161 99 8 326 1256 670 178 102 15 27 569 228 125 135 0 245 15 491 92 17 6 8 416 422 11 261 16 0 1 26 17 33 1 14
71287 821 170 264 22 868 3245 1751 466 272 37 70 1520 598 333 394 0 659 34 1300 243 45 17 22 1077 1092 30 705 40 2 4 69 45 81 4 34
71289 821 170 70 4 235 873 454 136 71 10 20 405 157 94 105 0 173 7 345 63 12 4 4 292 290 7 185 11 0 1 17 11 22 1 10
71292 826 170 159 12 541 1953 1069 300 167 23 43 909 372 205 234 0 390 22 775 145 27 10 11 645 647 17 433 25 1 2 40 27 48 2 21
71296 822 170 35 3 122 450 236 70 37 5 10 218 85 48 53 0 86 5 175 33 7 2 3 154 146 5 100 5 0 0 9 4 12 0 5
71299 802 160 97 8 328 1213 637 184 100 13 26 564 220 129 138 0 240 12 468 92 18 5 7 404 398 10 262 15 0 2 25 14 31 1 16
71303 794 160 285 20 962 3579 1954 532 300 47 81 1658 656 376 440 0 707 39 1424 261 51 21 22 1180 1193 31 776 48 2 4 73 47 89 6 41
71304 800 160 35 3 118 448 234 66 38 5 10 205 82 45 48 0 92 4 170 34 6 2 2 151 147 3 96 7 0 0 8 4 13 0 5
71311 800 160 34 3 118 455 240 64 37 5 11 208 80 45 54 0 89 5 180 33 6 2 2 153 149 4 96 5 0 0 8 4 11 0 4
71312 802 160 38 2 124 467 247 70 39 5 10 209 86 49 52 0 92 4 178 34 6 2 2 151 153 4 100 6 0 0 9 6 12 0 5
71313 795 161 167 15 576 2091 1127 320 170 22 45 982 382 222 269 0 423 20 843 154 30 11 14 687 702 18 459 29 1 3 45 29 51 3 26
71315 799 160 36 3 129 480 246 72 37 4 10 234 87 51 63 0 97 3 193 34 6 2 2 158 160 5 98 6 0 0 9 6 11 0 6
71316 797 160 40 2 131 508 249 71 40 4 12 231 88 53 61 0 97 4 189 37 7 2 2 167 165 4 98 7 0 0 9 6 13 0 6
71317 796 160 35 3 118 455 239 58 39 5 10 201 78 43 50 0 89 5 180 37 6 2 3 155 147 3 94 5 0 0 7 6 11 0 4
71318 796 160 196 14 662 2440 1311 366 199 29 55 1147 448 254 295 0 487 26 969 176 34 12 16 800 808 22 527 34 1 3 48 33 62 3 28
71319 808 160 40 2 135 499 254 76 38 4 12 234 90 50 59 0 97 4 189 36 6 2 2 165 162 4 103 7 0 0 9 6 12 0 6
71320 811 160 38 3 133 478 243 81 40 5 11 231 91 51 61 0 95 4 181 37 6 1 2 159 153 5 100 6 0 0 8 5 11 0 6
71322 804 160 37 2 122 469 242 71 36 5 10 221 85 50 55 0 94 4 175 32 6 2 2 158 151 4 97 7 0 0 8 6 12 0 6
71323 829 167 38 2 132 487 252 72 40 5 11 219 86 49 55 0 93 4 188 33 7 2 2 156 165 5 101 7 0 0 10 6 11 0 6
71326 815 160 37 2 128 470 251 73 39 5 9 216 88 48 54 0 91 4 183 35 7 2 2 158 156 3 102 6 0 0 9 6 11 0 6
71327 815 160 102 8 345 1262 676 188 106 14 27 597 238 131 169 0 260 12 510 93 17 6 7 413 425 13 275 17 0 2 26 17 31 1 15
71329 798 163 229 18 782 2826 1536 430 239 34 60 1343 535 306 346 0 564 30 1126 204 40 14 17 942 933 25 617 39 2 4 57 37 71 4 34
71330 801 163 71 5 230 890 455 124 74 9 21 419 155 92 94 0 173 9 333 64 12 4 6 299 294 7 185 12 0 1 17 11 23 1 11
71333 799 163 67 5 242 872 461 138 74 10 19 415 160 93 101 0 173 8 337 64 13 4 5 292 293 7 182 12 0 1 16 10 21 1 10
71334 797 163 62 6 211 804 433 119 71 11 16 371 154 85 106 0 159 9 331 64 11 5 6 272 261 8 179 9 0 0 17 9 22 1 6
71335 801 160 106 7 355 1300 670 201 108 14 30 631 237 138 165 0 262 11 497 92 18 5 6 432 426 12 275 18 0 2 25 15 31 2 18
71338 804 160 97 9 332 1245 670 186 107 16 28 593 233 130 156 0 248 14 497 92 16 7 9 421 418 13 266 15 1 1 24 16 34 1 12
71340 794 160 158 14 546 1995 1113 287 165 22 43 933 378 205 267 0 405 21 834 152 27 9 13 659 669 19 458 26 1 2 42 27 50 2 21
71341 811 165 233 17 762 2849 1480 434 240 33 65 1347 527 304 343 0 558 27 1091 212 41 14 15 944 928 25 600 39 1 4 55 35 72 4 37
71349 834 162 67 6 252 842 505 132 70 9 17 408 162 85 113 0 179 8 360 62 10 4 6 277 298 7 204 11 0 1 16 11 20 1 8
71351 828 164 133 11 451 1666 887 250 142 20 37 792 304 175 218 0 339 16 666 125 24 9 9 555 553 15 361 22 1 2 33 20 41 2 18
71356 827 164 187 15 650 2334 1286 358 202 30 50 1119 450 247 298 0 462 25 939 176 33 14 15 793 770 22 517 28 1 2 49 30 58 3 24
71361 816 164 193 16 659 2399 1315 360 207 29 52 1114 446 248 283 0 474 25 955 179 34 13 16 801 793 24 535 32 1 3 49 31 62 3 27
71364 817 164 309 22 1021 3790 1947 567 311 39 90 1819 674 393 466 0 757 34 1439 275 55 16 21 1257 1249 33 782 56 1 6 77 48 91 6 53
71370 817 164 168 13 559 2068 1100 310 178 25 46 977 383 218 255 0 405 22 814 152 28 11 12 696 673 19 449 27 1 2 42 28 51 3 23
71371 813 162 324 26 1093 4022 2180 607 342 49 85 1908 749 424 482 0 799 41 1581 306 56 23 26 1354 1341 34 872 53 2 5 82 52 104 6 45
71373 817 162 571 42 1919 7097 3836 1063 595 89 161 3328 1316 748 869 0 1411 77 2799 520 100 40 44 2356 2355 64 1537 97 4 9 142 92 180 11 86
71375 788 160 37 2 126 467 242 74 38 5 11 220 81 47 57 0 91 4 182 36 6 2 2 157 160 3 96 6 0 0 9 5 11 0 6
71379 793 160 66 5 234 851 458 129 68 9 19 411 156 89 106 0 171 7 337 59 11 4 5 288 290 6 178 11 0 1 16 11 21 1 11
71382 792 160 324 25 1079 3941 2107 605 330 46 91 1871 737 418 503 0 795 38 1546 287 57 20 24 1303 1301 36 853 58 1 5 81 52 98 6 51
71383 797 160 72 5 246 911 480 140 74 9 23 438 168 95 109 0 178 8 349 67 12 3 5 298 299 9 196 13 0 1 17 12 23 1 11
71384 804 160 98 9 344 1242 689 190 103 14 27 579 231 128 164 0 255 13 512 90 18 6 9 402 426 12 278 17 0 1 25 15 33 2 13
71388 804 160 105 8 345 1306 679 195 108 14 32 613 235 139 155 0 255 12 504 96 19 7 7 435 432 10 267 19 0 1 27 16 33 2 17
71390 803 160 132 9 434 1653 875 241 140 20 36 766 299 173 196 0 327 17 654 122 22 9 9 548 548 15 348 22 1 2 34 21 44 2 19
71394 803 160 33 2 112 414 224 61 37 5 9 187 78 43 48 0 83 4 169 32 5 2 1 138 138 2 87 4 0 0 8 5 10 0 4
71396 799 160 393 28 1322 4831 2593 727 402 54 108 2318 899 510 639 0 976 46 1935 349 69 22 32 1596 1614 45 1056 68 2 6 95 66 122 8 61
71399 818 166 37 2 132 472 252 71 41 5 10 216 88 50 58 0 94 4 190 33 6 2 3 155 159 4 101 6 0 0 9 6 11 0 5
71400 835 166 135 11 459 1695 899 252 142 19 38 810 313 182 214 0 339 16 667 125 24 8 9 563 558 15 362 23 1 2 34 23 42 2 21
71403 823 168 335 27 1133 4162 2234 634 344 45 96 1979 775 434 521 0 839 39 1660 302 58 20 28 1368 1399 37 903 56 2 6 83 58 109 6 50
71407 836 166 71 5 242 870 471 133 70 9 18 419 163 93 113 0 176 7 343 61 12 4 6 286 290 9 195 13 0 1 17 11 20 1 11
71409 819 166 189 18 636 2343 1283 348 203 28 52 1089 443 240 279 0 468 27 950 180 31 14 16 792 767 20 515 28 1 2 49 31 61 3 24
71410 819 166 38 2 135 484 264 73 39 5 10 221 88 50 54 0 96 3 185 34 6 2 3 157 162 4 104 7 0 0 10 7 13 0 5
71411 821 166 66 5 233 875 453 130 73 9 19 408 164 93 104 0 171 9 337 65 13 4 7 294 285 10 188 11 0 1 18 10 23 1 10
71417 822 166 33 2 119 439 227 67 37 5 10 203 79 47 52 0 86 4 173 33 6 2 2 151 143 4 96 6 0 0 8 5 13 0 5
71418 824 166 69 5 234 865 462 132 71 10 20 416 163 94 106 0 169 9 337 63 12 5 5 297 282 8 187 12 1 1 17 11 24 1 10
71421 836 166 129 10 443 1600 862 242 135 18 35 776 313 172 220 0 324 16 642 116 23 8 9 533 530 16 358 21 1 2 33 19 38 2 19
71422 834 182 153 12 528 1919 1068 290 159 23 41 905 362 202 264 0 393 18 803 138 27 10 14 624 649 19 432 25 1 2 43 26 48 3 22
71423 878 195 167 12 558 2071 1057 313 166 21 47 996 378 220 262 0 414 18 792 147 29 9 11 683 671 21 438 30 1 3 42 26 53 3 27
71424 860 161 136 11 446 1659 866 249 137 18 38 774 305 170 189 0 332 16 634 122 22 7 9 556 541 14 351 22 0 2 33 20 42 2 20
71425 869 165 401 31 1355 4948 2629 750 420 58 112 2351 922 525 616 0 989 51 1930 365 69 26 32 1645 1630 49 1058 69 3 7 99 66 123 7 59
71428 863 163 33 3 117 427 238 65 36 5 9 198 80 45 50 0 86 5 173 33 6 2 3 148 143 4 97 4 0 0 9 4 11 0 4
71430 862 163 69 5 221 854 449 111 73 10 18 375 157 86 90 0 167 9 336 64 11 5 6 288 279 6 180 10 0 1 16 11 24 1 8
71434 842 163 171 12 580 2138 1109 327 176 23 51 1003 388 224 266 0 420 17 829 150 31 9 13 700 698 20 451 31 1 3 44 27 52 3 29
71435 838 164 36 3 124 484 261 61 42 5 10 214 88 47 55 0 92 5 195 37 6 2 4 160 165 5 106 5 0 0 10 6 13 0 3
71436 830 160 35 2 125 472 241 75 37 5 11 227 85 52 57 0 92 4 180 33 6 2 2 161 153 4 96 6 0 0 8 6 13 0 5
71437 818 160 264 20 888 3254 1749 485 271 36 72 1574 600 336 411 0 650 32 1284 239 45 16 19 1091 1078 31 716 44 2 4 67 41 85 4 38
71438 817 160 231 19 801 2973 1580 443 244 35 67 1400 542 313 352 0 590 33 1171 219 43 16 19 989 988 29 643 40 2 4 58 39 77 3 31
71439 818 160 38 3 135 492 249 76 39 4 13 242 89 51 60 0 99 3 181 34 7 1 2 165 160 4 101 8 0 0 9 6 12 0 6
71441 819 160 131 10 451 1631 871 253 140 20 35 781 307 175 203 0 321 15 633 122 23 8 9 545 528 15 349 23 1 2 33 20 39 2 19
71442 818 160 105 7 358 1326 702 202 108 14 30 613 240 138 154 0 263 12 514 96 19 6 8 433 439 14 283 19 0 1 27 17 35 2 16
71443 841 160 527 40 1757 6483 3400 989 544 73 144 3081 1199 689 796 0 1291 62 2517 479 90 33 35 2150 2128 60 1381 90 3 9 131 89 166 9 80
71446 799 162 199 16 693 2505 1338 392 211 30 55 1196 472 268 316 0 501 26 1001 178 35 14 15 837 828 25 546 33 1 3 48 33 64 3 29
71448 799 162 36 2 127 475 236 73 39 5 11 229 83 51 54 0 89 3 174 35 7 2 3 164 155 4 96 6 0 0 9 6 12 0 6
71450 799 162 76 6 253 952 496 141 74 8 23 451 169 96 121 0 192 8 369 67 13 3 6 309 323 9 200 14 0 1 19 13 23 1 12
71452 801 162 92 8 332 1165 652 180 99 14 25 553 222 119 151 0 243 13 480 87 15 7 6 389 393 10 261 15 0 1 24 15 28 1 13
71454 800 162 360 27 1193 4365 2330 662 364 50 99 2059 809 455 532 0 867 43 1713 317 62 22 26 1444 1443 39 921 59 2 6 92 59 111 7 54
71458 800 162 39 2 130 480 248 76 38 4 11 226 86 52 59 0 95 4 179 35 7 1 2 158 155 4 101 7 0 0 10 5 12 1 7
71460 802 162 66 5 236 846 464 134 72 10 19 413 162 89 106 0 167 10 332 65 12 4 6 285 281 8 185 11 0 1 15 10 23 1 9
71463 802 162 71 5 245 930 480 140 78 10 21 432 169 94 110 0 181 8 360 69 14 3 4 309 303 9 192 12 0 1 18 12 24 1 10
71465 802 162 73 5 246 913 484 136 77 9 21 432 164 93 108 0 179 9 360 67 12 3 6 303 309 9 191 13 0 1 17 12 23 1 10
71466 802 162 33 3 128 449 260 67 37 5 10 212 86 44 47 0 92 6 180 35 5 3 3 156 158 4 102 5 0 0 7 5 12 0 3
71469 801 161 35 3 122 458 239 69 38 4 10 222 85 46 54 0 89 5 178 34 6 2 3 156 153 4 97 6 0 0 7 5 12 0 5
71470 803 161 101 7 358 1296 695 195 107 15 29 625 239 137 169 0 263 12 512 93 18 7 7 431 434 11 280 18 0 2 26 15 32 2 16
71471 801 161 74 6 240 898 487 129 80 10 18 408 170 93 106 0 174 10 354 72 12 5 6 300 291 10 197 11 0 1 19 12 23 0 6
71472 807 161 97 8 344 1248 673 190 105 15 29 609 235 130 161 0 251 13 506 91 16 6 7 417 418 11 268 16 0 1 24 17 32 1 13
71473 807 161 170 14 569 2100 1123 314 177 25 47 987 391 220 247 0 422 23 825 158 30 10 12 703 694 19 458 27 1 3 41 27 56 2 24
71474 833 160 66 5 239 899 470 131 76 10 18 413 163 93 106 0 172 9 350 70 12 5 6 299 291 9 191 11 0 1 19 11 22 1 9
71475 813 160 107 8 350 1312 685 201 108 15 31 625 240 139 158 0 261 12 508 97 18 6 7 427 434 12 272 18 0 1 24 19 31 1 16
71476 818 162 66 5 229 848 446 126 70 10 19 402 153 90 104 0 169 9 331 60 11 4 5 282 280 7 183 12 0 1 16 10 22 1 10
71477 818 160 135 10 462 1658 884 263 139 19 36 802 315 180 216 0 331 16 654 122 24 7 10 552 551 16 361 23 0 2 33 21 42 2 21
71479 805 160 39 3 124 476 242 73 40 4 11 221 88 51 56 0 93 4 179 35 7 2 3 154 153 5 97 7 0 0 9 6 12 0 6
71484 888 177 442 37 1519 5514 3008 848 464 67 122 2657 1043 585 694 0 1102 55 2191 404 79 29 35 1841 1830 52 1224 76 3 8 113 72 138 8 63
71485 845 165 93 8 321 1142 637 179 96 13 24 541 220 119 143 0 233 14 466 87 16 6 8 380 382 10 261 13 0 1 24 14 28 1 11
71486 836 161 356 27 1194 4442 2382 663 374 54 104 2090 828 469 545 0 888 46 1747 326 62 23 29 1477 1462 42 960 61 3 6 88 59 116 6 49
71487 839 160 70 5 236 882 461 125 77 11 21 411 160 90 108 0 167 9 341 68 13 5 5 295 286 8 184 12 0 1 15 11 22 1 10
71491 837 160 166 12 583 2075 1125 317 172 24 47 999 388 225 275 0 425 20 834 151 29 10 13 686 695 18 464 30 0 3 41 27 50 3 26
71494 839 160 37 2 123 463 247 68 39 5 10 212 85 47 44 0 95 5 177 35 6 2 3 157 154 4 97 6 0 0 8 6 13 0 5
71495 838 160 260 21 870 3197 1700 492 268 36 72 1529 603 345 406 0 647 31 1255 240 45 17 18 1060 1057 32 693 43 2 5 66 42 80 4 37
71497 838 160 40 2 135 498 251 79 38 4 12 242 89 53 60 0 99 3 184 34 7 1 2 163 165 4 101 7 0 1 9 6 12 0 8
71498 852 160 159 13 543 1951 1059 300 168 24 42 912 365 202 236 0 382 19 763 148 27 10 12 647 642 20 422 26 1 2 41 24 49 3 22
71502 853 160 71 5 235 879 452 132 71 9 21 418 159 92 107 0 171 8 336 63 12 3 4 290 291 9 183 13 0 1 17 10 20 1 11
71503 852 160 70 5 239 883 465 132 75 9 20 417 162 90 106 0 171 8 341 66 11 4 5 293 296 8 184 11 0 1 17 12 23 1 10
71504 849 160 36 3 127 466 248 72 38 6 10 227 82 50 55 0 95 4 184 35 6 2 3 155 162 3 96 5 0 0 8 5 11 0 5
71506 838 160 36 3 117 443 231 64 41 5 9 210 84 43 56 0 87 5 173 35 6 2 2 151 142 5 92 5 0 0 8 5 11 0 4
71510 838 160 39 2 132 485 246 74 40 4 11 231 85 50 64 0 98 3 183 35 6 1 2 157 161 4 100 7 0 0 8 5 11 0 7
71512 807 161 72 5 245 898 465 137 74 9 20 426 165 93 103 0 176 8 334 68 13 3 5 298 297 8 190 12 0 1 16 12 23 1 13
71513 816 160 169 11 568 2095 1114 322 174 25 46 987 386 223 254 0 419 22 811 154 30 11 13 696 691 18 450 30 1 3 40 26 55 3 26
71514 822 160 73 6 241 872 457 138 71 10 20 417 163 94 110 0 172 8 329 62 12 4 4 287 284 8 188 14 0 1 17 11 20 1 11
71517 855 177 154 13 530 1970 1047 287 164 23 44 923 364 206 246 0 401 20 776 148 27 11 12 660 648 16 424 26 0 2 38 25 51 3 23
71520 819 161 268 18 879 3277 1748 485 268 37 76 1555 617 344 394 0 641 33 1260 237 45 16 19 1086 1074 31 697 46 1 4 70 45 83 4 40
71521 831 160 67 5 236 872 476 126 73 11 21 410 165 88 105 0 176 9 346 65 12 5 4 291 291 7 191 12 0 1 17 11 22 1 9
71522 822 160 72 5 245 900 473 135 75 10 21 436 164 92 119 0 183 9 357 65 12 4 5 299 302 8 192 12 0 1 16 11 23 1 11
71524 860 187 31 3 119 424 244 61 36 6 9 201 79 46 53 0 88 6 178 31 5 2 3 146 143 2 98 5 0 0 7 5 10 0 3
71526 839 167 36 3 123 461 247 71 37 6 11 217 84 49 49 0 91 4 176 34 6 2 2 152 154 4 96 6 0 0 8 5 12 0 5
71528 821 170 191 16 657 2413 1311 361 203 30 55 1117 454 253 285 0 478 26 950 181 33 13 15 808 805 23 528 31 1 3 46 30 65 3 26
71529 819 169 40 2 139 513 259 79 40 5 13 240 91 56 62 0 101 4 190 36 7 1 2 164 171 4 103 7 0 1 10 6 12 0 7
71531 849 174 97 7 328 1193 658 178 102 15 24 550 220 118 135 0 240 15 476 87 16 7 8 401 403 12 265 15 0 1 24 15 31 1 11
71533 794 160 32 2 111 414 230 59 34 5 8 182 76 41 44 0 82 5 165 31 6 2 2 138 139 3 93 5 0 0 9 4 10 0 4
71534 792 160 164 12 539 2001 1064 306 166 21 45 944 375 212 235 0 394 20 778 148 30 9 12 663 659 20 436 28 1 2 40 25 50 2 24
71539 792 160 107 7 351 1353 687 192 112 16 32 618 243 138 159 0 261 14 513 98 19 7 7 447 440 12 268 19 1 1 25 19 34 1 15
71540 792 160 93 8 313 1194 632 168 101 14 26 556 219 122 142 0 237 13 473 89 16 6 8 406 394 11 256 15 0 1 25 15 31 1 12
71541 801 160 133 9 438 1637 863 241 138 19 35 770 306 171 189 0 324 16 632 121 24 8 9 551 532 16 352 23 0 2 31 20 43 2 19
71543 805 160 99 7 338 1256 653 192 104 14 30 593 231 133 156 0 248 12 480 93 19 6 7 429 411 10 263 17 0 1 23 15 31 2 17
71546 805 160 36 2 131 466 249 75 37 5 11 219 87 51 53 0 90 4 178 33 6 2 2 157 155 4 98 6 0 1 9 6 11 0 5
71548 805 160 224 17 748 2739 1456 425 235 32 60 1322 517 295 358 0 553 29 1090 209 40 14 17 907 899 27 603 38 1 3 53 37 67 4 33
71554 732 176 233 15 783 2862 1523 429 237 32 66 1358 527 309 355 0 564 26 1121 209 40 13 16 940 956 23 604 41 1 4 59 36 69 4 37
71561 742 168 188 16 639 2347 1283 352 197 28 50 1104 441 248 310 0 471 22 961 173 34 12 17 771 784 23 519 31 1 3 51 31 60 3 26
71562 744 165 132 10 439 1623 838 243 137 18 37 776 298 168 200 0 323 16 617 119 22 8 8 536 526 17 342 22 0 2 32 19 40 2 22
71563 741 165 37 3 120 455 245 65 39 6 10 204 84 47 48 0 90 5 174 34 6 2 3 153 149 3 94 6 0 0 9 6 12 0 5
71564 737 165 100 6 331 1223 623 187 105 15 27 567 225 130 145 0 234 12 461 90 18 5 6 405 395 12 252 17 1 1 25 14 30 2 16
71565 737 165 37 2 124 465 239 69 38 5 11 217 84 50 55 0 91 3 173 34 6 1 3 157 152 4 98 6 0 0 9 6 11 0 6
71566 737 165 36 3 128 480 259 70 37 5 11 219 87 47 55 0 99 5 196 33 6 3 3 157 163 4 103 5 0 0 10 7 12 0 4
71572 729 159 99 9 341 1213 669 186 103 13 26 582 234 130 155 0 246 14 492 93 17 5 8 406 404 12 277 16 0 1 25 17 30 1 12
71577 730 159 35 2 127 469 253 70 38 5 11 217 85 48 55 0 97 4 186 33 6 2 2 152 159 3 96 6 0 0 8 6 11 0 5
71579 729 159 37 2 131 479 259 69 38 4 10 224 87 48 54 0 92 3 187 35 6 2 2 158 160 4 99 6 0 0 10 6 11 0 5
71581 729 159 105 8 358 1344 702 197 110 13 31 639 245 138 169 0 268 13 522 101 19 6 7 442 449 14 282 18 0 1 26 17 34 1 16
71587 744 159 234 18 800 2895 1539 441 241 31 66 1377 536 306 344 0 571 28 1122 214 41 14 17 967 962 26 622 39 1 4 55 37 74 4 36
71593 744 159 352 29 1190 4371 2343 655 372 52 96 2077 817 455 532 0 868 44 1709 323 60 22 26 1463 1444 41 944 60 2 5 89 54 114 6 52
71594 743 159 197 17 674 2485 1331 364 210 28 58 1171 458 257 321 0 499 28 1006 183 36 11 15 815 834 25 544 35 1 3 49 31 62 3 27
71595 783 170 66 6 239 840 476 132 69 11 18 410 161 87 103 0 167 10 334 59 12 5 5 286 282 7 195 10 0 1 17 11 22 1 9
71596 782 170 74 4 235 915 442 135 74 8 21 424 162 95 104 0 174 7 329 65 12 4 4 300 291 9 182 14 0 1 19 11 23 1 12
71598 782 161 201 14 656 2460 1303 371 206 28 55 1155 450 258 288 0 478 26 951 181 35 13 16 818 815 22 524 33 1 4 50 35 63 3 29
71600 796 159 159 13 557 2016 1113 313 169 24 45 972 382 219 264 0 409 22 828 148 30 10 15 668 673 20 457 28 1 3 40 26 52 3 21
71603 792 159 129 10 434 1583 875 240 133 20 34 751 298 167 199 0 313 16 631 116 21 10 10 543 527 14 355 21 1 2 32 20 40 2 17
71605 775 179 69 5 233 861 452 128 68 9 19 404 158 89 109 0 173 8 332 63 11 4 5 286 283 7 180 12 0 1 17 11 21 1 11
71607 774 178 128 10 454 1638 906 244 134 18 33 757 302 166 187 0 322 17 657 118 21 8 10 550 552 14 360 21 1 1 35 22 42 2 17
71608 775 178 106 8 361 1335 693 208 111 15 32 636 250 142 154 0 253 12 498 97 18 6 7 452 439 13 270 18 0 2 25 16 35 1 16
71617 774 178 41 2 134 511 259 79 40 5 13 242 92 53 57 0 103 3 188 34 8 2 3 168 175 4 101 7 0 1 9 7 13 0 7
71620 774 178 105 7 342 1271 666 182 107 14 29 600 232 133 154 0 248 12 492 94 18 6 7 419 417 11 264 18 0 1 25 16 32 1 16
71621 781 181 139 10 477 1704 948 262 139 19 39 816 322 181 223 0 347 14 693 120 24 8 10 562 587 16 378 26 0 2 35 23 44 3 21
71622 774 172 76 5 252 918 473 147 76 10 21 435 166 96 103 0 180 8 338 68 14 4 5 301 304 9 188 14 0 1 18 11 23 1 12
71624 770 163 156 11 549 1986 1078 302 169 24 42 942 378 208 239 0 388 21 782 147 28 11 12 684 644 18 438 25 1 2 40 24 49 2 23
71625 770 160 95 7 328 1208 641 175 107 16 27 580 233 123 150 0 237 15 472 96 17 8 7 419 388 13 260 16 1 1 23 15 31 1 12
71626 775 163 65 5 210 805 425 117 70 10 17 367 148 84 101 0 163 7 319 62 11 5 4 269 267 7 174 10 0 0 16 9 21 1 9
71627 777 163 71 3 235 881 474 136 72 11 19 418 165 95 110 0 172 8 344 65 13 4 6 288 294 9 192 12 0 1 17 11 22 1 10
71628 780 166 66 6 223 832 441 120 71 10 17 387 158 85 99 0 166 9 325 63 11 4 5 281 272 9 180 11 0 0 17 10 22 1 9
71630 774 163 257 20 856 3156 1701 484 268 38 70 1449 588 331 371 0 617 33 1242 239 44 18 19 1048 1037 30 679 43 2 4 66 40 80 5 38
71633 776 163 192 15 668 2432 1334 366 210 30 55 1149 450 254 296 0 488 26 966 183 33 13 16 809 814 20 531 31 1 3 49 32 62 3 27
71635 777 163 161 12 539 2033 1057 296 173 25 47 940 376 210 236 0 397 23 784 153 29 11 12 689 660 19 433 26 1 2 41 25 53 2 23
71637 779 163 95 9 319 1210 652 172 106 15 26 560 226 124 150 0 250 15 501 93 17 7 8 409 398 12 268 13 1 1 23 17 30 1 11
71640 779 163 37 3 122 472 238 66 42 5 11 209 81 45 48 0 90 5 177 36 6 2 3 154 156 4 95 6 0 0 9 5 12 0 6
71644 792 163 102 7 334 1232 641 188 105 13 28 584 230 128 157 0 240 11 473 92 18 5 7 414 398 12 265 18 0 1 25 13 31 1 17
71646 781 163 36 3 124 447 242 72 38 5 9 210 86 47 50 0 89 4 169 33 5 2 3 148 151 3 97 5 0 0 9 6 12 0 5
71647 860 174 164 13 559 2055 1104 304 168 22 47 978 380 210 270 0 417 21 819 150 28 9 13 679 687 18 446 29 0 3 41 26 49 3 24
71648 867 167 166 12 544 2039 1063 298 172 25 45 965 376 215 252 0 401 20 800 146 27 10 11 689 658 18 434 27 1 2 41 26 51 2 23
71650 804 182 34 2 115 458 241 65 38 5 11 205 81 45 50 0 90 5 172 36 6 2 3 150 152 4 94 6 0 0 10 6 12 0 5
71652 803 181 317 25 1068 3915 2131 586 328 48 85 1857 731 406 476 0 775 42 1564 297 53 22 23 1295 1315 37 850 51 2 5 79 52 96 5 44
71653 747 163 68 5 223 841 444 122 72 10 18 398 150 86 105 0 167 9 333 65 12 4 5 281 278 6 175 11 0 1 16 10 21 1 10
71654 747 163 35 2 117 438 236 66 36 5 9 196 80 44 45 0 86 4 168 35 5 3 2 145 146 4 91 5 0 0 9 5 12 0 4
71655 781 168 36 2 126 482 240 74 37 5 11 235 93 52 63 0 95 4 179 33 7 2 2 163 154 5 97 6 0 0 8 5 12 0 5
71656 781 168 205 13 681 2506 1296 387 205 26 57 1200 461 271 321 0 496 22 962 178 37 10 14 829 818 24 532 37 1 3 51 31 62 4 34
71659 801 165 502 38 1694 6233 3348 937 523 76 135 2950 1154 657 746 0 1243 67 2445 465 89 37 36 2105 2041 56 1357 85 3 8 123 79 154 9 74
71661 813 159 68 4 228 839 455 127 69 10 19 395 158 87 104 0 168 8 333 61 11 4 5 279 282 7 183 10 0 1 17 10 22 1 9
71663 798 178 164 14 567 2014 1103 317 173 25 45 974 384 212 262 0 407 20 808 149 28 11 12 671 675 20 448 28 1 2 40 25 50 3 23
71666 797 159 42 3 136 511 255 76 44 5 12 239 90 52 60 0 99 4 189 37 7 1 3 170 162 5 104 7 0 0 10 6 13 0 6
71667 786 159 220 19 738 2790 1490 410 237 33 62 1309 512 288 331 0 562 29 1097 208 39 15 18 916 933 27 608 39 1 3 58 36 72 3 32
71669 799 180 63 5 221 787 425 121 67 9 17 377 153 84 100 0 157 9 304 57 11 3 5 260 253 9 175 11 0 1 16 10 19 1 9
71672 799 180 163 13 548 2079 1094 298 172 25 46 968 378 211 256 0 413 24 836 155 28 12 12 697 691 20 433 27 1 2 41 26 54 3 23
71675 799 180 67 4 238 851 471 126 68 8 18 404 159 87 107 0 169 8 333 61 12 3 6 274 288 7 186 12 0 1 17 10 21 1 10
71677 805 180 69 5 235 855 442 134 73 9 19 414 159 91 112 0 171 7 327 63 13 3 4 281 280 9 180 12 0 1 18 9 21 1 11
71678 798 159 96 8 337 1248 687 182 99 14 29 577 231 130 161 0 255 13 514 91 18 6 7 399 426 10 275 17 0 1 26 16 30 2 14
71682 788 162 178 13 586 2190 1124 330 181 24 50 1038 401 235 253 0 419 19 829 159 31 9 12 729 719 20 449 31 1 3 43 32 57 3 27
71683 801 172 37 2 127 468 240 71 38 5 10 224 87 50 57 0 91 4 176 33 7 2 3 157 153 4 97 6 0 0 9 5 12 0 6
71685 807 162 135 9 458 1677 870 253 138 19 38 807 303 179 202 0 332 15 642 122 24 7 8 554 559 14 348 22 0 2 33 20 42 2 24
71689 792 159 33 2 111 426 236 62 36 5 9 182 79 44 38 0 83 5 161 33 7 2 3 151 143 3 92 5 0 0 8 4 11 0 4
71695 788 159 137 9 459 1686 902 259 138 19 38 803 310 178 211 0 339 14 666 119 25 7 9 546 568 15 364 24 0 2 34 23 42 2 22
71696 799 163 94 7 319 1179 633 182 99 13 25 550 223 123 137 0 239 13 464 87 16 6 8 393 393 11 251 14 0 1 24 16 30 1 12
71699 792 159 74 4 260 905 484 148 70 8 21 437 170 97 116 0 181 7 347 63 13 3 4 293 302 7 196 14 0 1 18 12 22 1 13
71700 791 159 32 3 122 438 241 65 37 5 9 210 82 45 52 0 88 5 184 34 6 2 3 148 145 4 97 4 0 0 8 5 10 0 3
71707 792 160 165 12 557 2033 1089 319 169 25 44 959 379 217 240 0 407 21 797 152 29 11 12 676 676 19 436 27 0 3 41 26 52 3 24
71710 797 169 97 7 337 1200 659 184 102 14 26 575 232 126 163 0 241 13 488 88 17 6 7 404 386 12 269 16 1 1 25 14 29 1 13
71711 805 168 40 3 135 494 244 76 41 4 10 233 91 49 57 0 97 4 183 35 7 1 3 162 160 5 100 7 0 0 10 6 12 0 6
71713 805 166 32 3 121 427 242 64 36 6 9 197 82 46 47 0 87 5 176 31 6 2 3 146 142 3 99 5 0 0 9 5 12 0 4
71714 804 165 129 10 444 1642 875 236 138 20 38 771 303 170 190 0 324 17 658 129 22 9 9 556 545 14 350 19 1 2 34 22 40 2 17
71715 802 165 68 4 236 835 465 124 69 9 18 398 156 85 101 0 170 8 330 60 10 4 4 267 287 7 182 11 0 1 18 11 20 1 10
71716 802 165 38 2 123 455 236 69 38 5 10 210 87 48 56 0 88 4 175 32 6 1 2 147 146 5 97 6 0 0 9 5 11 0 5
71718 803 166 67 4 234 845 460 121 68 8 20 400 152 86 103 0 167 7 331 61 12 3 5 280 282 6 183 11 0 1 18 11 20 1 10
71722 805 165 134 11 458 1657 897 249 140 19 36 791 314 174 205 0 326 18 646 122 22 8 10 550 548 17 364 21 1 2 35 22 42 2 17
71723 805 165 37 2 126 466 247 69 41 5 10 226 85 50 49 0 91 4 174 36 7 2 3 161 153 3 95 6 0 0 8 6 12 0 5
71724 804 165 124 11 421 1535 825 232 131 19 34 721 291 157 181 0 306 17 597 117 20 8 9 515 507 13 335 19 1 2 30 21 39 1 16
71725 802 159 36 2 128 465 238 72 39 5 11 218 88 50 58 0 92 4 178 34 7 3 2 153 148 5 95 7 0 0 9 6 12 0 5
71726 803 159 127 10 447 1652 905 242 140 19 35 760 307 171 188 0 329 18 670 122 22 9 12 544 556 14 361 21 1 2 35 23 42 2 18
71727 805 159 258 21 887 3224 1732 497 270 39 72 1536 600 340 386 0 640 33 1272 240 43 17 19 1080 1069 28 702 42 1 4 64 41 82 4 36
71732 803 159 34 3 125 453 235 70 38 6 11 214 82 48 52 0 89 4 171 34 6 2 3 155 149 4 95 5 0 0 7 4 12 0 5
71733 801 162 71 4 238 882 454 137 71 9 20 414 161 95 109 0 175 7 339 62 12 3 4 288 292 7 185 14 0 1 17 11 21 1 11
71734 878 163 73 5 250 915 483 139 73 9 22 437 167 97 107 0 177 7 351 65 13 3 4 299 308 8 190 13 0 1 18 12 22 1 12
71736 881 164 40 3 138 517 261 78 41 5 12 247 91 55 64 0 101 3 191 35 6 1 3 170 170 5 105 8 0 1 10 6 13 0 7
71740 765 162 252 21 858 3111 1687 468 263 38 68 1459 585 322 372 0 626 33 1236 233 43 17 19 1043 1037 29 683 38 1 4 63 40 76 4 36
71741 771 163 38 2 136 499 265 77 39 5 12 243 93 55 64 0 97 4 191 34 6 1 3 167 166 4 106 7 0 1 8 6 13 0 6
71745 772 159 286 23 995 3585 1939 542 297 42 79 1717 678 374 480 0 725 37 1448 258 52 18 20 1188 1199 32 788 48 1 5 74 47 89 5 43
71746 776 159 202 14 642 2495 1316 355 204 29 56 1125 455 257 273 0 482 27 968 187 36 13 15 827 826 23 517 32 1 3 51 35 64 3 26
71747 775 159 36 3 123 463 250 64 40 5 9 212 88 45 49 0 88 5 188 37 6 2 3 157 156 5 96 5 0 0 9 5 12 0 4
71748 787 173 64 5 227 833 434 126 70 10 19 400 157 85 109 0 170 7 327 63 11 4 4 274 275 7 182 10 0 1 15 9 20 1 10
71750 787 173 38 2 129 477 257 72 38 5 11 222 88 48 56 0 93 3 185 33 7 1 3 155 160 5 103 7 0 0 9 6 12 0 6
71752 787 173 39 3 129 496 242 76 42 5 11 238 94 53 61 0 94 4 182 36 7 2 2 167 156 5 99 6 0 0 9 6 13 0 6
71754 763 167 100 7 341 1274 666 192 103 13 30 597 233 131 156 0 254 12 494 92 18 5 8 426 417 10 273 17 0 1 23 16 33 2 15
71756 763 166 37 2 126 461 240 72 36 5 10 215 83 49 55 0 89 3 176 31 6 1 2 150 153 4 96 6 0 0 9 5 11 0 6
71758 834 160 101 7 342 1240 664 193 104 16 28 592 231 131 147 0 248 13 487 92 17 7 7 408 406 11 261 17 1 2 23 17 29 1 14
71764 828 159 68 5 247 881 455 142 70 9 21 436 165 96 114 0 178 8 346 63 12 3 5 291 287 9 188 13 0 1 17 11 21 1 12
71772 779 161 133 10 462 1680 910 252 142 21 37 788 316 175 209 0 332 17 669 123 24 9 9 554 554 16 360 22 1 2 35 23 42 2 20
71774 807 159 96 7 332 1228 674 185 104 16 26 569 225 132 140 0 240 14 492 93 17 7 8 408 415 12 269 16 0 1 25 14 31 2 12
71781 828 159 39 2 125 479 249 71 39 5 10 213 86 51 50 0 92 4 179 33 7 1 3 153 155 4 100 6 0 0 9 6 12 0 5
71783 824 159 70 5 240 880 450 133 74 9 21 426 163 92 113 0 179 7 335 64 11 4 3 287 290 7 182 13 0 1 16 11 20 1 11
71784 805 159 129 10 449 1618 887 249 136 20 36 757 301 170 198 0 325 18 647 120 22 8 10 538 537 15 364 22 0 2 32 21 42 2 19
71790 825 170 102 7 346 1266 686 188 108 15 28 602 232 134 154 0 256 13 504 91 17 6 7 421 431 10 277 17 0 1 26 15 30 2 15
71794 808 173 99 7 338 1224 667 183 104 15 27 571 232 128 153 0 243 12 492 90 18 6 8 412 398 12 274 17 1 1 25 16 32 2 14
71796 738 159 235 16 794 2888 1536 439 241 33 67 1358 533 306 365 0 586 28 1140 214 40 13 18 939 950 26 627 41 1 4 60 38 70 4 36
71801 772 165 71 4 233 868 440 141 71 9 19 410 163 97 103 0 165 7 325 64 14 3 5 296 278 8 183 12 0 1 17 9 22 1 12
71803 791 168 35 2 122 472 245 66 37 5 11 214 82 47 54 0 92 5 186 34 7 2 2 156 156 4 99 5 0 0 9 5 11 0 5
71806 785 159 41 3 133 500 250 77 41 5 11 239 90 52 56 0 96 4 180 36 6 2 2 167 166 4 99 7 0 0 9 6 13 0 6
71818 786 161 367 27 1242 4516 2441 673 379 54 105 2124 842 474 548 0 904 44 1786 331 65 24 29 1499 1512 41 985 62 2 6 91 60 117 6 54
71819 783 159 38 2 130 475 249 75 40 5 10 222 88 48 60 0 98 3 188 33 6 2 2 151 162 4 102 6 0 0 8 5 11 0 6
71822 777 168 131 8 431 1600 848 236 136 18 36 750 295 165 203 0 320 14 636 121 22 7 9 524 530 15 340 22 1 2 33 20 39 2 19
71824 765 165 38 2 130 485 248 73 40 5 11 235 88 52 62 0 98 4 184 36 7 2 3 158 163 4 100 6 0 0 9 6 12 0 6
71825 765 165 35 4 122 460 235 68 39 5 11 222 85 47 54 0 94 6 181 34 6 2 3 160 151 4 99 5 0 0 8 5 12 0 4
71826 787 159 137 8 456 1670 886 260 139 18 37 797 310 181 200 0 335 15 641 124 25 8 8 556 550 15 350 25 0 2 34 21 40 2 23
71829 781 159 69 5 244 882 474 136 72 9 20 421 163 92 110 0 180 8 342 66 13 4 6 297 293 7 192 13 0 1 17 11 22 1 11
71833 776 159 99 7 340 1275 673 187 105 15 28 588 226 134 140 0 250 13 501 95 17 6 7 418 424 12 273 16 0 1 27 16 32 1 15
71839 776 159 130 10 434 1621 856 239 136 17 37 773 300 169 201 0 327 15 640 118 23 8 8 535 538 15 352 22 0 2 34 20 40 2 20
71840 776 159 185 16 634 2339 1281 335 208 30 48 1105 450 238 290 0 459 28 954 179 32 14 15 802 767 24 519 27 2 2 50 29 61 2 20
71845 783 159 92 9 319 1189 645 178 104 16 25 539 221 128 133 0 233 14 469 91 17 7 10 404 391 10 262 15 1 1 24 15 31 1 12
71847 744 174 133 9 450 1679 877 253 136 18 39 786 308 173 207 0 334 16 652 121 25 7 10 561 549 14 358 23 0 2 31 21 43 2 21
71849 745 174 35 3 117 445 240 64 36 5 9 205 79 44 50 0 86 5 180 32 5 1 2 146 151 3 94 5 0 0 9 5 11 0 4
71850 743 173 39 2 128 471 258 69 41 6 11 210 86 49 50 0 92 4 181 33 6 2 3 150 159 5 101 6 0 0 10 6 12 0 4
71852 759 175 36 3 126 473 251 70 38 5 11 219 85 48 51 0 94 4 182 35 6 2 2 156 162 3 97 7 0 0 8 5 12 0 5
71855 761 175 72 4 239 889 445 139 73 9 21 423 162 96 102 0 171 7 323 65 13 4 4 299 286 8 179 13 0 1 17 9 22 1 13
71858 755 173 40 2 129 504 251 71 38 5 12 239 86 51 60 0 100 4 189 34 6 1 2 162 169 3 96 7 0 0 8 7 12 0 6
71860 753 173 98 7 331 1253 653 188 102 14 29 599 230 129 154 0 245 15 486 89 17 6 6 417 414 11 261 17 0 1 24 15 32 1 15
71862 802 176 42 2 135 530 264 80 42 5 12 245 95 54 62 0 102 4 199 39 8 2 3 170 174 5 107 8 0 0 10 7 14 0 6
71873 787 168 43 2 144 526 258 85 41 4 13 253 92 56 64 0 104 2 189 36 7 1 2 168 174 4 103 8 0 1 9 6 13 0 8
71880 800 169 224 18 772 2785 1494 423 237 34 63 1340 525 292 357 0 562 31 1102 206 38 16 16 944 915 28 604 37 2 4 55 35 69 3 32
71881 795 168 100 6 329 1231 673 176 103 15 26 569 228 127 151 0 238 12 495 86 17 5 7 404 407 11 271 16 1 1 25 17 30 2 13
71885 796 172 100 6 335 1221 659 179 103 13 26 567 226 129 147 0 236 11 483 92 16 5 8 406 403 10 267 17 0 1 24 16 32 2 15
71888 796 172 387 30 1323 4796 2591 726 401 54 109 2272 892 509 587 0 956 49 1885 356 66 23 30 1587 1582 42 1045 66 2 7 98 63 119 7 57
71889 791 160 159 13 535 1962 1067 300 167 25 45 913 370 202 217 0 384 24 767 150 28 10 11 655 653 18 427 25 1 2 41 24 51 3 21
71892 792 160 254 20 849 3164 1713 467 271 41 68 1492 593 331 368 0 624 34 1257 237 41 18 19 1054 1060 28 676 40 2 4 62 44 83 3 31
71898 792 160 138 11 462 1697 875 264 142 19 39 826 313 181 219 0 331 15 653 124 26 8 10 562 561 15 353 24 0 3 34 22 45 2 22
71901 805 160 69 5 227 848 439 130 66 8 19 399 153 89 104 0 171 8 329 61 12 3 5 277 283 7 181 11 0 1 16 10 21 1 11
71903 804 159 135 11 472 1685 914 254 142 20 35 803 312 178 221 0 338 16 685 122 23 9 10 566 563 15 367 24 1 2 33 22 42 2 20
71904 824 159 67 4 225 841 443 123 70 9 18 389 155 85 108 0 166 9 337 62 12 4 4 281 273 7 180 11 0 1 16 10 21 1 10
71906 822 159 345 26 1194 4316 2362 660 363 51 93 2046 810 454 553 0 866 46 1718 320 63 23 29 1425 1444 41 961 60 2 6 86 55 108 6 52
71907 812 159 36 2 116 444 226 66 35 5 9 206 81 46 51 0 83 4 169 30 6 1 2 147 144 4 91 6 0 0 8 5 11 0 6
71908 787 159 131 10 445 1639 887 239 136 21 36 769 296 167 193 0 327 17 640 122 23 8 10 542 553 14 350 22 0 2 32 21 41 2 19
71909 787 159 139 10 467 1731 905 265 138 19 41 822 320 183 205 0 343 16 655 121 25 8 10 567 570 16 358 25 0 2 33 24 45 2 22
71911 805 168 37 2 128 485 247 73 39 5 11 225 87 48 51 0 94 5 178 35 6 2 2 164 160 4 100 6 0 0 9 5 13 0 5
71912 779 169 105 8 358 1320 699 205 109 15 30 625 244 140 154 0 255 13 503 96 20 6 9 447 437 12 280 19 0 1 25 15 35 1 16
71915 776 168 295 20 984 3607 1968 541 303 41 79 1691 675 374 433 0 718 39 1431 275 50 18 24 1192 1210 36 802 51 2 4 73 47 93 5 43
71917 786 165 39 2 135 488 256 76 39 4 12 229 91 52 57 0 97 4 183 34 6 1 2 162 159 5 102 7 0 0 10 6 12 0 6
71920 781 165 126 10 435 1557 871 240 136 19 34 742 294 163 198 0 310 17 631 118 22 9 11 520 521 15 352 21 1 2 30 19 39 2 17
71921 896 159 42 3 139 519 256 78 42 4 12 242 96 52 61 0 102 4 196 39 6 1 3 170 166 4 103 7 0 0 10 7 12 0 6
71922 896 160 64 5 220 823 444 124 69 10 17 396 154 85 100 0 166 11 326 59 12 5 6 277 274 8 180 9 0 1 15 11 22 0 7
71924 895 159 207 15 696 2570 1377 378 210 29 58 1198 473 271 309 0 508 23 1005 186 35 13 15 844 862 21 546 37 1 4 53 37 67 4 31
71932 833 162 257 20 849 3166 1684 469 268 38 70 1467 589 333 384 0 633 34 1268 235 43 17 18 1047 1045 31 690 42 2 4 67 42 81 4 34
71934 858 166 95 7 328 1210 647 187 102 15 26 580 231 130 137 0 238 14 464 89 17 7 7 415 394 12 261 16 0 1 24 16 31 1 13
71940 863 165 69 6 238 864 464 130 74 10 19 416 165 89 110 0 173 8 341 64 11 4 5 291 286 9 194 10 0 1 16 10 22 1 9
71942 861 165 35 3 128 478 245 73 40 6 11 226 91 50 54 0 95 4 184 34 6 2 2 162 161 5 95 6 0 0 9 5 12 0 5
71943 864 173 170 12 570 2097 1107 310 173 23 46 984 382 222 248 0 421 19 805 147 29 10 12 697 693 17 451 30 0 3 42 29 55 2 26
71946 864 173 218 18 728 2706 1433 409 231 32 58 1301 516 291 355 0 550 29 1075 200 38 15 16 905 885 29 597 36 1 3 54 34 68 4 31
71948 847 165 138 11 463 1744 913 264 143 20 41 834 316 179 208 0 346 18 677 127 24 9 9 579 583 16 362 24 0 2 34 22 42 2 20
71952 764 162 133 11 462 1696 912 252 140 19 37 798 313 181 211 0 341 17 680 125 23 7 11 564 562 16 373 23 1 2 36 22 45 2 19
71954 767 160 103 8 346 1282 673 192 104 13 30 610 235 133 151 0 250 11 492 94 19 5 7 432 428 11 268 18 0 2 25 15 33 1 17
71958 765 160 38 4 124 481 248 70 40 5 11 223 85 49 54 0 94 5 184 36 6 2 3 166 159 3 95 5 0 0 9 6 14 0 4
71960 766 160 102 8 346 1293 670 193 104 13 30 601 235 137 159 0 260 11 500 93 19 5 8 423 430 10 267 19 0 2 25 18 32 2 17
71962 781 160 100 7 348 1251 658 194 102 13 29 597 230 134 160 0 250 10 484 91 18 5 7 414 414 11 263 19 0 2 24 17 31 2 18
71963 796 172 36 2 123 460 229 69 39 4 9 215 84 48 58 0 91 4 176 33 6 2 2 151 147 4 95 6 0 0 9 5 10 0 5
71966 796 172 96 8 339 1258 679 183 102 15 29 595 235 130 143 0 250 13 493 94 18 6 8 423 418 11 271 16 0 1 24 17 31 1 14
71967 797 172 161 12 545 2025 1066 306 169 24 43 951 381 215 244 0 400 20 785 151 30 10 10 673 661 18 437 28 1 3 41 27 52 3 25
71969 794 160 62 6 237 813 484 124 65 9 16 386 161 88 107 0 170 9 348 59 11 4 7 270 279 7 198 10 0 1 16 9 21 1 8
71971 797 160 98 8 343 1245 681 188 104 15 26 592 234 130 151 0 254 14 495 90 19 7 8 418 410 12 278 16 0 1 23 15 33 1 13
71972 796 159 107 6 359 1338 682 213 108 13 31 625 243 145 157 0 263 11 500 95 21 5 7 439 433 14 275 21 0 2 26 17 35 2 19
71974 797 159 38 2 126 480 245 76 40 5 10 224 88 52 54 0 94 4 179 36 7 2 3 160 155 4 100 6 0 0 9 5 12 0 6
71976 813 159 168 14 564 2080 1107 315 171 24 47 987 387 217 251 0 423 19 814 151 29 10 13 692 691 19 449 29 0 3 40 25 51 3 27
71977 788 159 302 20 1008 3641 1969 572 300 40 80 1701 670 388 439 0 724 32 1420 264 52 16 23 1195 1210 31 792 52 1 5 71 47 92 6 48
71978 791 159 34 3 114 431 229 62 36 5 9 201 82 42 55 0 87 5 179 32 5 2 2 141 147 4 93 5 0 0 9 5 11 0 4
71981 789 159 242 16 798 2973 1560 451 241 31 69 1401 548 316 361 0 592 26 1149 212 40 13 16 974 983 26 631 43 1 4 62 42 75 4 38
71982 831 184 68 4 235 855 457 127 71 9 19 404 156 87 104 0 166 9 337 64 12 4 5 289 287 8 182 10 0 1 15 10 21 1 10
71985 830 178 34 3 116 439 238 61 40 7 8 206 80 45 44 0 85 5 171 35 6 2 3 148 146 3 96 5 0 0 9 5 12 0 5
71987 830 178 377 32 1281 4741 2580 697 396 55 102 2214 876 491 573 0 947 57 1914 355 65 27 32 1570 1583 43 1038 63 3 5 97 63 122 6 53
71989 800 170 229 17 766 2798 1495 422 231 31 64 1337 520 291 350 0 565 25 1096 201 40 13 16 926 934 25 601 38 1 4 59 37 71 4 36
71995 790 159 166 13 542 2039 1079 299 170 24 47 965 375 208 246 0 404 21 802 151 30 11 12 674 672 18 430 28 1 2 40 26 52 3 23
71996 796 161 157 14 527 1956 1062 285 169 22 44 898 349 196 231 0 395 23 783 149 26 10 13 655 659 17 425 26 1 2 41 25 51 2 20
71999 791 159 101 9 358 1285 689 196 106 14 28 624 239 134 162 0 261 12 508 93 18 6 8 433 423 13 281 17 0 1 26 16 32 1 14
72000 796 159 68 4 224 813 425 130 66 9 19 386 152 90 103 0 158 7 311 57 12 3 5 273 261 8 182 12 0 1 16 10 21 1 11
72001 798 159 100 8 337 1220 662 183 106 14 26 570 229 129 144 0 245 14 486 91 18 5 8 402 401 11 271 16 0 1 24 16 30 1 14
72004 798 159 39 2 132 479 252 70 39 5 11 235 89 49 56 0 93 4 182 35 6 2 2 158 157 5 99 6 0 0 9 5 12 0 6
72005 799 159 39 2 128 473 240 77 37 4 11 227 83 51 54 0 90 4 177 33 7 1 2 154 156 4 95 7 0 0 9 5 11 0 7
72006 809 167 282 25 981 3526 1906 545 298 43 78 1683 674 375 435 0 694 40 1391 263 51 18 22 1191 1160 33 776 48 2 4 69 42 91 5 40
72009 809 167 236 18 802 2917 1539 458 241 32 66 1415 549 316 400 0 592 27 1161 210 42 13 18 962 969 29 632 40 1 4 59 42 73 4 35
72011 808 167 41 2 139 509 261 80 38 5 12 238 93 54 59 0 100 3 188 35 7 1 3 166 170 4 103 7 0 1 10 6 13 0 7
72014 797 169 172 13 590 2169 1124 340 179 24 52 1060 407 234 283 0 438 19 840 155 30 9 12 721 713 22 459 31 1 3 41 28 53 2 27
72015 788 165 65 6 226 810 447 117 68 10 17 380 159 84 108 0 166 9 332 60 10 4 6 266 266 7 186 10 0 1 17 12 21 1 8
72017 780 159 35 2 128 462 256 65 37 5 11 212 85 47 52 0 91 4 186 33 6 2 3 151 158 3 100 6 0 0 10 5 10 0 5
72018 820 159 231 17 773 2877 1530 427 241 32 65 1350 532 301 346 0 569 32 1132 214 42 14 19 958 960 27 623 40 1 4 57 37 76 4 35
72019 818 159 74 5 253 942 485 141 74 9 21 454 170 97 115 0 194 7 362 66 12 3 5 308 316 8 192 12 0 1 18 13 23 1 11
72020 786 162 95 8 331 1216 674 173 104 14 28 567 224 124 136 0 241 14 487 95 17 7 8 414 404 11 265 15 0 1 23 14 31 1 12
72021 794 159 70 6 250 901 498 138 75 11 18 424 167 92 105 0 178 10 362 68 13 4 6 296 311 9 204 10 0 1 18 10 23 1 9
72023 782 159 67 5 230 882 460 126 72 11 21 404 156 91 100 0 175 10 350 68 12 5 5 293 294 6 180 10 0 1 16 12 23 1 9
72026 792 159 197 13 652 2414 1252 376 203 29 53 1155 446 264 295 0 478 25 925 178 35 12 13 802 781 21 504 34 1 3 47 31 62 3 32
72031 784 159 158 13 534 1963 1063 283 170 26 42 918 368 202 228 0 391 23 784 146 29 12 11 666 645 18 436 25 1 2 41 24 50 2 21
72032 784 164 69 4 237 856 468 131 74 10 19 406 158 86 104 0 174 8 335 63 12 3 4 282 287 7 186 12 0 1 16 11 22 1 10
72033 804 180 172 11 585 2122 1125 323 174 23 48 1023 392 227 267 0 421 19 834 155 31 8 12 699 697 19 455 31 0 3 42 29 53 3 29
72035 806 180 101 7 335 1260 670 186 101 13 28 581 232 132 149 0 250 12 490 92 18 6 8 424 415 8 262 17 0 1 24 18 31 2 14
72039 784 168 34 3 117 440 232 62 38 5 10 203 81 46 52 0 87 6 175 35 6 2 2 147 144 4 95 6 0 0 7 5 11 0 5
72045 785 168 100 7 336 1273 671 184 104 14 29 591 230 132 150 0 248 13 494 93 20 6 8 430 419 11 270 17 0 1 27 14 32 1 16
72046 779 168 36 2 130 474 255 72 39 5 11 219 86 49 50 0 90 5 182 34 7 2 3 154 164 4 96 7 0 0 10 5 12 0 5
72047 779 168 298 21 995 3659 1997 548 306 44 82 1701 689 382 440 0 725 38 1465 270 51 19 24 1220 1209 32 809 48 2 4 74 51 93 5 41
72050 775 159 74 3 246 939 471 146 72 8 23 448 166 100 114 0 185 7 349 66 14 3 5 309 309 9 191 14 0 1 17 11 24 1 14
72051 774 159 107 8 348 1291 660 204 104 13 30 624 236 137 161 0 256 10 491 90 18 5 6 418 429 11 264 19 0 2 26 16 32 2 19
72054 767 159 67 6 224 833 436 128 69 10 19 392 151 86 96 0 162 10 318 64 10 3 5 283 270 6 177 10 0 1 16 10 20 1 9
72058 767 159 36 3 127 486 251 72 38 5 10 224 84 49 52 0 98 5 186 36 6 2 4 160 160 4 97 6 0 0 9 6 12 0 6
72061 770 159 68 5 231 853 445 122 72 10 20 395 158 88 107 0 168 9 337 62 11 3 5 282 279 8 183 11 0 1 17 11 22 1 9
72062 776 159 131 9 425 1639 862 229 133 17 40 759 292 164 192 0 318 18 642 122 22 8 10 550 539 14 345 20 1 2 31 22 41 2 18
72063 792 160 39 3 129 490 247 76 40 5 11 233 91 52 61 0 98 4 185 36 7 1 3 161 158 5 103 7 0 0 9 4 13 0 7
72065 763 160 127 10 450 1638 875 251 132 19 37 794 307 175 214 0 331 17 656 116 22 8 11 548 547 13 352 22 0 2 33 22 39 2 19
72069 763 160 105 8 349 1296 671 192 108 14 28 612 238 137 155 0 253 14 496 95 18 6 8 426 418 11 268 18 1 1 25 18 32 1 15
72070 786 164 158 14 552 1997 1093 306 161 22 45 948 377 209 258 0 402 19 814 146 29 10 13 657 670 20 445 28 1 2 41 26 49 3 22
72072 776 166 127 10 437 1622 838 245 135 19 36 769 299 173 201 0 326 17 623 122 24 8 9 543 532 15 342 21 1 2 33 19 41 2 20
72073 778 164 105 7 350 1291 672 193 107 14 29 601 237 136 161 0 257 12 502 92 18 5 8 422 430 12 271 19 0 2 26 17 32 2 17
72079 785 159 106 7 364 1314 691 208 105 14 29 631 240 142 161 0 263 10 505 89 19 5 7 425 442 12 276 20 0 2 25 16 33 2 19
72080 786 159 237 18 775 2883 1518 436 237 33 67 1376 538 302 352 0 574 30 1123 210 41 16 16 955 943 27 611 42 1 4 57 38 75 4 34
72081 814 172 96 7 328 1209 648 185 97 14 27 568 226 127 145 0 243 12 471 89 17 6 7 403 401 12 262 16 0 1 23 15 32 1 13
72088 811 169 39 3 130 483 242 75 37 4 11 237 87 50 60 0 95 5 180 33 7 1 3 159 155 4 97 7 0 0 8 6 11 0 6
72091 821 174 162 12 558 2054 1084 312 165 22 48 971 379 218 251 0 416 19 806 150 28 9 12 674 686 17 435 28 0 3 40 26 50 3 25
72093 806 159 37 2 124 481 253 68 38 4 11 223 84 47 59 0 92 5 191 36 6 1 3 160 160 5 102 6 0 0 8 5 12 0 5
72095 801 159 233 18 784 2915 1534 436 242 34 64 1383 532 307 361 0 581 29 1140 218 40 14 20 965 960 28 629 40 1 4 55 40 75 4 34
72096 812 160 35 2 121 452 238 67 37 5 9 206 80 48 50 0 89 4 172 33 6 3 3 151 151 3 93 6 0 0 8 5 11 0 6
72097 783 161 227 19 772 2795 1510 423 239 34 62 1347 529 297 361 0 560 27 1109 206 39 15 18 935 924 27 621 38 2 4 55 35 73 4 32
72098 783 161 35 2 119 446 239 61 36 5 10 202 81 44 51 0 89 5 181 34 6 2 2 147 149 3 97 5 0 0 9 5 10 0 4
72100 773 159 64 5 217 835 434 118 71 10 18 378 150 84 89 0 161 9 322 65 12 5 6 286 272 6 182 10 0 1 16 10 24 1 9
72105 781 159 35 3 125 471 246 68 41 5 10 209 84 48 51 0 93 6 190 36 6 2 3 159 159 4 101 5 0 0 8 4 13 0 4
72106 776 159 100 8 342 1260 643 200 107 15 30 600 237 140 144 0 244 11 472 92 19 6 7 422 401 12 262 19 0 2 25 15 35 2 15
72107 777 159 35 3 123 458 241 69 41 6 10 211 84 48 52 0 89 5 174 35 7 2 3 162 147 5 97 6 0 0 8 5 12 0 5
72111 774 159 135 10 446 1666 879 245 139 18 36 768 302 172 194 0 325 17 649 127 24 7 11 553 551 15 353 23 0 2 33 20 42 2 20
72114 777 159 98 7 322 1244 654 175 109 16 27 580 231 125 153 0 244 15 489 100 17 7 7 416 411 14 262 15 1 1 24 15 31 1 11
72126 769 159 59 5 217 780 440 112 67 11 15 366 150 80 93 0 154 10 328 61 10 4 4 274 259 5 175 9 0 1 16 11 20 1 6
72129 791 159 37 2 123 454 243 70 37 5 10 218 83 47 53 0 93 4 174 34 6 2 3 148 154 4 100 6 0 0 8 5 12 0 6
72130 779 159 187 15 652 2416 1307 362 206 30 54 1129 452 251 287 0 480 28 966 183 34 13 15 814 802 22 533 31 1 3 46 29 63 3 25
72131 778 159 126 10 441 1609 853 241 136 18 37 774 307 171 195 0 322 18 628 123 23 8 9 543 526 17 352 21 1 2 32 18 42 2 19
72136 783 159 198 15 673 2452 1306 369 207 29 55 1180 469 262 328 0 494 25 977 180 34 13 15 810 804 25 538 34 1 3 47 31 61 3 29
72139 785 159 33 3 119 438 238 66 38 5 8 204 78 46 43 0 87 6 172 34 6 2 3 152 149 4 98 5 0 0 9 5 11 0 4
72141 797 162 70 3 239 881 453 133 71 9 21 424 159 95 109 0 178 9 337 59 13 3 4 294 293 7 183 13 0 1 16 10 22 1 12
72148 788 159 107 8 361 1371 727 198 116 16 31 652 253 143 163 0 277 14 542 102 18 6 10 452 461 13 295 17 0 1 27 17 35 1 13
72149 781 159 254 18 852 3148 1670 477 264 38 73 1487 586 335 373 0 631 32 1216 235 44 18 18 1063 1029 26 679 43 2 4 64 41 81 4 36
72150 822 171 38 3 127 471 243 71 41 5 10 223 89 50 61 0 91 4 182 34 6 1 2 156 153 5 101 6 0 0 9 5 12 0 5
72152 824 171 97 7 328 1207 655 174 105 15 25 565 230 126 148 0 235 13 484 88 17 7 8 409 393 12 265 15 1 1 26 13 29 1 12
72154 830 185 127 10 447 1643 864 254 137 17 38 790 298 176 191 0 327 18 626 123 24 8 10 558 539 17 357 22 0 2 32 20 42 2 20
72155 806 159 330 25 1127 4082 2167 636 342 47 93 1947 772 443 527 0 813 42 1597 300 57 20 26 1351 1337 41 897 58 2 6 82 57 106 6 47
72157 877 212 138 11 461 1688 875 263 137 18 39 806 312 179 201 0 325 15 634 122 23 7 10 562 542 14 359 24 0 2 34 23 43 2 22
72158 885 212 74 6 240 923 459 142 76 9 20 415 168 99 105 0 179 8 352 70 14 4 6 305 298 9 189 12 0 1 19 12 24 1 11
72160 884 212 68 4 238 868 452 133 74 9 20 413 159 93 108 0 170 8 332 63 13 4 5 284 283 9 185 14 0 1 16 10 22 1 11
72161 884 212 174 12 577 2118 1112 327 174 23 48 1010 390 225 260 0 424 19 819 155 31 8 11 695 701 19 448 30 0 3 41 27 53 3 28
72165 883 212 346 27 1176 4281 2292 641 365 52 96 2045 804 451 550 0 865 47 1705 322 59 23 27 1431 1403 40 935 56 3 5 88 57 106 6 50
72170 884 212 75 5 244 917 462 141 75 9 23 428 163 95 106 0 179 7 342 68 12 3 5 298 301 8 181 13 0 1 16 12 23 1 12
72174 859 174 110 7 363 1362 699 203 111 14 32 645 250 142 169 0 265 12 525 96 20 5 7 443 447 12 279 20 0 1 29 18 34 2 18
72176 861 174 36 3 124 472 238 71 40 5 10 217 87 48 57 0 91 5 181 38 7 2 2 160 151 5 98 5 0 0 10 5 12 0 4
72179 866 174 169 12 562 2084 1063 321 175 22 46 982 383 224 245 0 407 19 789 152 29 10 10 690 671 20 426 29 1 3 44 27 53 3 27
72180 817 159 41 2 135 497 257 76 40 4 13 226 91 52 56 0 97 3 186 36 6 1 2 161 162 4 104 6 0 0 10 6 11 0 7
72181 820 159 317 26 1087 3975 2131 613 335 47 88 1913 745 426 493 0 792 41 1556 295 57 22 26 1333 1312 40 862 54 2 6 78 51 103 5 45
72182 817 159 93 8 343 1216 675 190 104 15 25 580 230 134 153 0 243 14 489 92 18 7 7 407 400 10 278 16 0 1 24 16 31 2 13
72183 829 162 107 7 357 1317 704 191 109 15 30 627 246 139 152 0 257 13 511 96 18 6 7 438 431 11 280 19 1 2 26 19 34 2 15
72187 829 162 36 3 125 457 242 68 39 5 10 215 86 49 55 0 90 4 178 33 7 1 2 152 147 4 97 6 0 0 10 6 12 0 5
72191 830 160 532 47 1859 6660 3696 1001 565 83 147 3193 1259 696 852 0 1342 74 2729 502 92 36 42 2233 2235 61 1506 86 5 8 136 93 169 10 68
72192 824 159 67 5 224 828 455 123 68 11 18 395 152 87 102 0 165 9 329 60 12 4 6 275 278 7 184 11 0 1 17 10 20 1 9
72193 826 160 126 9 429 1581 840 239 130 17 37 755 292 170 189 0 308 16 611 115 23 7 10 521 521 14 345 23 0 2 32 21 39 2 19
72197 825 161 130 10 452 1676 899 245 136 20 40 777 298 172 192 0 330 16 663 123 22 8 9 550 573 13 348 22 1 2 33 24 40 2 18
72199 825 161 37 3 123 465 233 71 39 5 10 224 86 51 55 0 94 4 172 35 6 2 3 157 148 4 97 6 0 0 8 4 12 0 5
72200 831 161 140 10 480 1725 908 268 143 19 39 828 327 187 219 0 341 15 668 124 25 7 10 571 566 17 371 26 0 2 35 23 43 2 22
72202 826 159 92 8 324 1185 621 181 101 14 27 570 224 129 144 0 239 13 462 89 16 5 7 405 380 11 262 15 0 1 23 14 30 1 13
72204 820 159 32 3 114 418 217 62 36 5 9 200 80 44 54 0 83 5 165 30 6 2 3 144 134 4 90 4 0 0 8 3 10 0 4
72205 827 162 137 10 463 1665 875 264 140 19 38 802 317 183 207 0 326 16 640 122 25 8 9 555 540 15 358 24 1 2 33 22 40 2 21
72207 805 162 34 2 106 428 215 61 36 5 9 196 75 46 52 0 83 5 165 32 6 2 2 144 133 4 89 6 0 0 8 4 11 0 5
72219 804 161 452 37 1509 5590 2979 834 475 66 124 2657 1043 582 698 0 1111 56 2196 414 78 28 34 1867 1839 54 1203 76 3 7 114 71 145 8 66
