73572 800 11 213 15 712 2569 1368 397 214 27 60 1215 482 274 311 0 511 23 1004 187 35 12 15 858 849 24 563 35 1 4 50 35 68 4 32
73580 796 11 66 5 218 803 428 127 74 11 15 375 147 86 86 0 157 9 312 66 11 4 4 266 265 9 171 10 1 0 15 12 23 1 6
73581 784 12 261 22 883 3279 1742 489 278 38 72 1539 597 343 391 0 650 36 1296 245 46 16 21 1090 1084 29 701 44 2 4 66 42 86 4 37
73615 827 31 67 5 236 865 458 123 72 10 19 402 150 86 105 0 172 9 346 64 12 4 5 283 287 8 187 12 0 1 17 12 22 1 9
73621 828 30 172 13 585 2154 1123 320 176 25 49 1011 392 225 263 0 422 21 839 151 30 10 12 706 719 18 445 30 1 3 41 29 54 3 26
73623 828 31 76 4 254 937 481 146 77 10 21 449 173 102 116 0 180 7 350 66 13 3 4 310 308 9 192 14 0 1 17 12 24 1 12
73624 829 30 149 13 525 1851 1069 277 160 22 36 879 353 193 245 0 375 21 783 139 26 12 14 620 627 18 426 24 1 1 38 26 48 3 19
73625 847 33 131 11 452 1645 909 239 142 20 37 773 308 167 207 0 333 18 681 125 22 8 10 552 554 15 364 21 1 2 35 22 43 2 17
73631 802 27 241 16 804 2921 1564 443 245 32 64 1392 555 308 375 0 579 27 1150 212 41 13 17 958 967 28 637 41 1 4 61 37 74 4 35
73634 799 25 77 5 253 956 492 142 81 10 22 439 170 97 107 0 184 8 360 70 13 4 6 310 319 9 196 14 0 1 18 12 24 1 11
73636 800 25 69 6 228 859 453 126 74 10 18 400 159 87 104 0 172 9 344 62 11 4 5 288 283 8 182 11 0 1 18 11 22 1 8
73638 801 25 221 18 757 2756 1470 417 241 34 60 1294 508 289 336 0 533 32 1086 211 38 15 17 933 903 26 598 38 1 3 57 32 71 4 31
73640 803 27 100 6 340 1243 643 189 105 14 28 588 231 131 152 0 243 13 483 90 16 6 6 415 406 11 258 16 1 1 25 15 31 1 15
73644 790 20 109 6 376 1364 712 208 108 13 30 644 244 141 170 0 264 11 531 99 18 5 6 444 453 12 285 19 0 1 27 18 33 2 18
73645 790 20 37 2 126 473 245 71 40 5 10 219 84 50 52 0 90 3 176 34 7 1 2 154 158 5 94 7 0 0 10 5 11 0 6
73662 833 20 264 20 907 3263 1732 503 278 37 71 1544 609 346 381 0 637 33 1256 246 45 17 19 1101 1070 30 694 47 1 5 63 44 84 4 40
73684 819 12 110 9 372 1351 721 209 117 16 30 636 253 142 168 0 271 12 538 104 19 6 7 442 453 14 288 18 1 2 28 17 33 1 16
73685 819 12 260 19 878 3213 1715 485 275 39 72 1514 601 337 391 0 641 34 1264 242 44 18 18 1066 1058 30 694 44 2 4 62 42 82 4 37
73688 819 12 211 14 684 2573 1317 391 218 29 59 1200 471 271 292 0 496 23 963 192 37 11 14 854 836 24 530 36 1 4 50 34 65 3 33
73817 806 24 374 28 1243 4600 2379 691 379 48 109 2200 823 479 566 0 918 42 1755 332 66 20 26 1530 1515 40 955 68 2 7 94 59 112 7 63
73818 790 11 38 2 125 462 239 66 39 5 10 216 82 48 51 0 86 4 179 35 7 2 2 153 152 4 93 7 0 0 9 6 12 0 6
73856 808 11 273 18 914 3401 1782 512 287 39 78 1614 614 363 407 0 667 32 1309 255 49 15 20 1119 1127 32 718 50 1 5 67 45 85 5 43
73859 808 11 73 5 244 892 461 139 76 9 20 424 169 93 110 0 173 8 341 69 12 4 5 293 291 10 188 13 0 1 16 12 24 1 10
73905 762 16 72 6 230 861 446 126 78 10 18 397 158 88 98 0 165 10 328 68 12 4 4 288 280 9 183 11 0 0 18 9 22 0 9
73914 774 17 166 12 551 2012 1098 306 169 25 43 948 373 212 249 0 395 21 794 146 28 11 12 681 668 19 441 28 1 3 40 26 51 3 23
73915 850 50 104 6 353 1283 703 198 107 14 27 601 237 134 145 0 246 14 508 97 18 6 8 420 429 12 282 18 1 1 27 17 33 1 14
73923 838 39 33 2 111 426 224 64 39 5 8 192 78 44 52 0 84 5 172 32 7 3 2 144 140 5 94 5 0 0 9 4 11 0 4
73924 838 39 104 7 347 1255 677 194 107 14 27 591 234 131 142 0 246 11 496 96 18 5 7 414 418 14 267 18 0 1 26 16 32 1 14
73927 841 39 39 3 132 469 249 74 41 5 9 224 86 46 53 0 96 5 178 33 6 2 3 156 159 4 102 6 0 0 9 6 12 0 5
73928 843 39 131 8 438 1597 858 247 133 19 34 730 297 168 190 0 315 16 634 113 23 8 9 521 528 14 334 23 1 2 32 21 43 3 20
73930 786 22 76 4 256 959 485 145 75 9 22 447 169 101 112 0 189 7 364 67 14 4 4 310 315 8 192 15 0 1 19 14 25 1 13
73932 785 20 72 4 240 888 464 141 73 10 19 412 169 93 103 0 176 7 340 64 13 3 4 289 301 9 183 12 0 1 17 13 21 1 10
73934 786 20 291 24 984 3631 1935 538 311 42 80 1726 662 376 461 0 738 37 1454 269 49 19 23 1192 1208 36 791 49 2 4 73 48 91 4 43
73935 794 20 310 22 1010 3755 1974 557 311 40 86 1762 685 392 446 0 742 35 1441 276 52 16 21 1233 1232 32 806 53 1 5 75 51 96 5 48
73938 793 20 163 13 557 2046 1066 319 178 25 48 962 381 218 247 0 407 23 792 151 30 12 12 690 672 22 430 31 1 2 38 24 53 2 25
73943 870 47 199 15 658 2435 1289 369 207 29 56 1131 453 252 272 0 475 28 937 184 36 12 14 811 803 24 517 32 1 3 50 30 63 3 29
73977 763 27 142 11 476 1758 905 274 141 18 41 849 320 189 216 0 348 15 682 126 23 8 10 572 584 16 365 26 0 2 33 26 44 2 24
73978 758 26 165 12 552 2057 1077 299 173 24 44 950 375 216 234 0 406 21 807 154 28 10 12 676 684 19 436 27 1 2 42 25 52 2 25
73981 750 14 100 7 331 1218 642 181 103 13 26 566 223 129 144 0 245 12 476 89 18 6 7 405 400 11 263 16 0 1 25 15 32 2 15
73990 780 11 67 5 233 840 454 127 73 10 16 389 162 88 108 0 169 9 339 61 11 4 5 279 274 9 188 13 0 1 18 10 21 1 9
73991 804 27 163 12 563 2009 1091 295 173 22 44 949 380 208 238 0 402 21 799 154 27 9 11 670 665 16 446 27 1 2 42 27 50 2 22
73993 802 19 467 35 1588 5871 3212 867 494 75 130 2746 1086 612 728 0 1155 64 2350 433 85 34 38 1936 1956 53 1281 79 4 7 122 80 145 9 65
73994 805 19 62 5 212 781 428 116 69 9 16 361 149 83 96 0 156 10 316 62 10 5 6 256 261 8 175 10 0 0 16 10 20 1 7
73995 811 11 136 10 469 1695 890 268 139 19 38 821 319 184 200 0 334 16 642 126 24 8 9 570 550 16 363 24 0 2 32 20 43 2 22
74088 790 14 94 7 325 1182 645 175 104 16 25 549 227 125 147 0 232 14 481 90 18 7 6 396 389 12 261 15 1 1 26 14 30 1 12
74092 790 14 70 5 237 856 444 134 71 9 19 408 161 89 108 0 168 7 330 64 13 3 4 292 274 9 183 12 0 1 18 10 21 1 11
74093 756 13 67 4 226 856 450 123 71 9 19 392 153 86 100 0 169 11 342 64 11 4 4 276 288 6 177 11 0 1 16 12 21 1 9
74094 756 13 170 13 566 2106 1121 307 177 26 48 971 380 222 257 0 423 23 842 154 27 11 13 693 696 18 445 29 1 2 43 30 52 3 23
74098 756 13 400 28 1324 4865 2581 741 408 58 108 2274 908 520 580 0 965 48 1908 360 71 24 29 1602 1613 45 1030 68 3 7 98 66 125 7 59
74125 813 15 321 26 1106 4001 2182 598 348 52 88 1918 754 418 492 0 800 43 1600 301 55 24 24 1342 1331 37 877 52 3 5 79 52 105 5 43
74128 815 15 36 3 129 494 261 64 40 5 11 218 85 47 51 0 93 5 203 38 7 2 3 163 166 4 99 6 0 0 10 6 13 0 4
74131 747 11 37 2 126 462 234 71 41 5 9 223 85 49 58 0 89 4 178 32 7 2 2 154 151 4 95 6 0 0 9 5 12 0 5
74132 776 15 268 18 908 3278 1756 499 277 37 75 1542 606 347 413 0 660 32 1300 243 46 15 20 1072 1082 31 716 46 1 4 68 43 79 5 41
74140 765 23 108 6 361 1329 695 202 111 14 31 623 244 141 165 0 263 11 519 92 19 5 8 434 434 13 280 19 0 2 28 18 33 2 17
74141 765 23 135 9 458 1705 885 263 140 18 40 804 314 180 210 0 337 16 658 125 25 7 10 567 560 15 361 24 0 2 31 22 45 2 21
74149 771 20 135 10 449 1735 912 251 147 22 39 779 320 178 191 0 338 20 675 129 25 10 12 586 573 16 365 21 1 1 33 22 47 1 16
74152 774 20 102 8 345 1245 654 192 103 14 28 585 227 132 144 0 246 12 484 88 17 5 7 409 412 12 261 18 0 1 25 17 32 2 15
74157 794 25 376 26 1254 4578 2443 698 381 51 101 2170 856 485 580 0 914 40 1799 337 65 22 26 1501 1512 42 985 64 3 6 95 60 111 7 57
74162 776 26 67 4 225 843 450 121 70 9 20 387 151 86 96 0 162 9 328 63 12 4 5 284 276 7 175 12 0 1 18 10 20 1 10
74163 768 20 102 6 347 1268 668 191 110 15 30 611 235 132 162 0 250 12 495 94 20 6 7 418 414 13 272 19 0 1 24 15 32 1 16
74169 801 23 60 5 208 785 424 113 68 10 15 355 145 79 86 0 152 9 308 62 10 5 5 271 257 7 167 9 0 1 17 8 21 1 8
74170 815 22 67 5 232 839 474 119 73 10 17 386 154 85 101 0 166 9 350 62 12 5 5 277 284 8 188 10 0 1 18 9 20 1 9
74175 813 22 126 10 439 1602 849 245 131 18 37 754 301 167 196 0 313 16 622 120 22 7 9 528 522 13 342 22 0 2 32 22 39 2 20
74176 817 21 382 31 1294 4793 2550 727 403 59 107 2237 884 507 567 0 950 50 1877 353 71 28 29 1598 1577 42 1028 64 3 6 96 62 123 6 56
74177 803 17 405 29 1356 5052 2668 744 422 57 114 2357 926 533 593 0 991 49 1966 372 70 25 28 1667 1673 46 1060 72 3 7 106 70 133 7 58
74179 820 21 166 12 572 2094 1133 310 177 26 46 971 389 216 255 0 411 21 839 157 30 11 11 693 694 19 447 26 1 2 43 28 52 3 24
74180 812 11 36 2 121 450 229 71 40 5 10 212 84 48 56 0 89 3 172 34 6 2 2 148 145 5 95 6 0 0 8 4 11 0 5
74192 784 27 37 2 131 463 253 71 40 6 9 211 88 51 54 0 89 4 186 34 6 2 3 151 155 3 99 7 0 0 9 6 13 0 5
74194 798 11 170 12 567 2103 1122 311 175 24 46 981 382 217 247 0 418 21 823 154 29 11 12 695 701 18 455 28 0 3 43 28 56 3 25
74196 789 14 39 2 128 499 250 69 41 5 12 229 88 51 60 0 97 4 197 35 6 2 2 164 166 4 99 6 0 0 9 6 12 0 5
74230 765 31 71 4 233 869 447 132 72 9 19 408 155 90 103 0 172 8 330 63 12 3 4 284 292 8 175 12 0 1 17 12 22 1 12
74231 791 15 194 16 664 2423 1287 368 206 30 54 1152 454 258 283 0 478 25 935 181 33 13 15 808 802 24 513 34 1 3 49 32 62 3 28
74235 780 14 92 7 317 1170 628 169 105 15 24 550 217 124 133 0 228 14 459 91 17 7 7 402 380 11 260 15 0 1 24 14 31 1 12
74238 778 13 144 11 494 1794 923 278 146 19 41 857 327 194 212 0 350 14 678 133 24 8 10 589 587 16 373 27 1 3 36 25 44 2 23
74252 778 15 327 25 1103 4031 2166 617 339 47 91 1911 756 424 498 0 797 41 1590 292 58 18 25 1329 1340 41 875 57 2 5 84 55 103 5 47
74253 777 14 145 10 500 1809 921 286 141 18 43 864 323 194 223 0 357 13 688 126 25 7 8 593 596 15 365 27 0 3 34 22 42 3 25
74255 810 47 169 10 558 2054 1066 312 170 22 48 974 376 217 265 0 414 17 791 147 30 8 12 669 675 19 438 32 0 3 41 26 51 3 30
74260 816 46 230 18 775 2850 1511 428 237 33 64 1321 518 299 328 0 565 30 1117 210 42 15 16 949 937 25 606 40 1 3 58 37 73 4 35
74262 810 46 67 5 241 848 479 130 71 11 19 398 164 89 107 0 171 9 350 62 12 5 5 290 285 8 191 11 0 1 15 11 22 1 8
74268 825 48 102 8 341 1252 652 187 105 15 28 582 229 135 146 0 244 14 489 92 19 6 7 428 410 11 268 16 0 1 25 16 34 1 15
74271 785 19 99 7 336 1257 676 188 105 16 27 576 234 130 142 0 240 14 497 93 18 7 7 416 415 11 267 17 1 1 26 17 34 1 13
74286 784 19 297 20 1010 3677 1939 569 308 43 84 1770 674 394 451 0 729 34 1419 269 54 18 21 1215 1222 33 780 53 2 5 72 48 90 5 47
74287 780 14 189 16 651 2334 1285 356 200 29 52 1112 447 247 274 0 461 27 921 175 33 13 14 792 762 20 518 31 1 3 48 30 61 3 25
74289 779 15 202 16 674 2458 1306 374 209 29 54 1150 460 258 291 0 489 26 952 177 36 12 14 810 817 25 526 33 1 3 51 32 63 3 28
74300 773 20 338 25 1101 4072 2166 614 350 47 91 1894 757 432 486 0 797 41 1589 300 60 21 23 1355 1338 38 883 57 2 6 83 55 106 5 48
74302 768 15 163 13 550 2016 1067 295 170 24 45 951 374 209 251 0 398 20 792 150 28 10 12 669 659 19 437 27 1 2 42 25 49 3 25
74304 768 15 129 10 455 1650 903 249 136 18 37 792 310 177 213 0 329 18 669 123 23 8 9 554 552 17 367 22 1 2 35 20 41 2 19
74305 768 15 123 11 426 1570 833 243 135 20 35 744 296 170 187 0 306 17 610 122 21 10 9 535 513 15 340 21 1 2 31 20 42 2 16
74309 793 22 98 8 336 1218 672 182 107 16 24 554 231 126 139 0 239 14 500 92 17 7 7 401 408 10 272 15 1 1 25 15 32 1 12
74311 794 19 37 2 130 473 243 73 40 6 10 219 86 50 59 0 95 4 186 33 7 2 2 161 154 3 98 7 0 0 9 5 12 0 6
74312 794 19 428 36 1457 5295 2866 799 447 61 119 2551 986 553 670 0 1057 53 2112 395 74 27 31 1742 1771 52 1148 73 3 7 106 74 133 8 60
74313 790 18 229 18 758 2823 1501 427 246 35 61 1341 530 297 343 0 557 32 1115 216 41 16 18 947 923 31 611 39 2 3 58 35 74 3 30
74315 788 18 72 5 236 889 468 126 77 10 21 399 159 93 92 0 167 8 340 69 13 5 5 293 294 7 181 11 0 1 19 11 24 1 10
74322 788 18 145 9 466 1747 899 258 144 19 39 816 312 182 210 0 349 15 674 126 25 7 9 565 582 18 362 25 1 2 37 23 44 2 24
74323 793 14 164 14 553 2003 1083 297 172 24 44 929 378 201 251 0 396 23 808 151 26 10 12 664 669 20 442 26 1 2 40 26 51 2 20
74328 781 13 71 5 237 888 451 132 79 11 19 419 166 95 104 0 178 9 340 68 12 5 4 303 282 8 185 11 0 1 16 12 24 1 10
74329 776 13 197 14 676 2366 1296 368 203 28 52 1138 459 250 309 0 475 23 951 170 32 11 14 782 793 21 520 32 1 3 48 31 59 3 29
74331 771 13 70 5 234 881 473 138 73 11 19 402 166 94 98 0 171 9 342 65 12 5 4 297 290 9 190 11 0 1 17 11 24 1 9
74332 771 13 227 17 736 2762 1471 413 236 31 63 1316 507 293 339 0 543 28 1081 209 41 13 18 926 906 28 602 38 1 3 56 36 69 4 32
74334 781 13 72 5 242 881 463 135 76 10 19 402 165 93 103 0 170 7 347 66 12 4 5 293 291 8 189 11 0 1 18 12 22 1 10
74336 781 13 34 2 119 443 236 66 37 5 10 201 80 45 50 0 86 4 180 33 6 2 2 148 147 4 93 5 0 0 8 5 10 0 4
74341 781 13 140 10 482 1742 917 275 143 18 40 838 323 189 233 0 348 15 691 124 26 8 9 569 572 17 373 27 1 2 34 23 43 3 23
74344 780 13 103 6 340 1256 653 189 111 15 29 599 236 134 149 0 248 12 483 93 17 5 7 418 413 11 263 17 0 2 25 17 32 2 15
74345 787 42 438 32 1464 5385 2807 812 448 59 126 2574 968 562 662 0 1073 50 2071 390 77 25 31 1789 1779 47 1119 79 2 8 109 69 132 9 72
74348 788 42 354 28 1186 4367 2350 652 368 55 97 2031 816 458 509 0 861 46 1711 325 62 24 26 1463 1447 41 941 59 2 6 90 57 113 6 51
74349 790 42 39 3 128 484 244 72 41 5 11 232 88 49 58 0 93 5 187 34 7 2 2 164 155 5 96 6 0 0 9 7 13 0 5
74351 791 42 41 2 133 492 247 73 40 4 10 225 88 51 57 0 94 4 185 34 7 1 2 159 162 4 96 8 0 0 10 6 12 0 6
74353 790 42 241 17 814 2968 1584 454 246 34 69 1408 548 314 363 0 594 29 1164 213 41 14 18 985 990 26 631 42 1 4 58 39 74 4 36
74354 783 17 64 5 222 826 454 115 75 11 17 378 156 82 94 0 155 11 332 68 11 5 5 285 269 10 181 9 0 0 16 10 21 0 6
74356 779 17 135 10 462 1665 873 259 139 19 37 805 309 174 218 0 327 15 653 120 25 7 9 548 552 16 351 23 0 2 35 22 43 2 22
74357 780 18 284 22 958 3509 1915 525 298 43 76 1641 650 369 415 0 705 37 1387 262 49 20 22 1172 1171 32 775 47 2 4 73 44 90 5 39
74358 782 19 40 2 139 508 254 79 40 4 12 237 90 53 58 0 98 3 187 36 7 1 2 165 168 4 99 8 0 0 9 6 12 0 7
74362 780 17 70 6 239 868 451 130 74 8 19 407 160 88 104 0 172 8 341 64 12 3 5 286 287 9 184 11 0 1 19 11 21 1 10
74366 781 17 102 7 333 1218 623 186 102 13 26 573 225 132 145 0 237 11 469 91 18 5 6 402 393 10 252 17 0 1 25 16 32 2 16
74368 778 17 650 51 2180 8059 4250 1214 689 93 181 3808 1487 849 997 0 1604 85 3160 602 114 41 48 2673 2655 79 1729 112 4 11 162 108 208 11 95
74370 781 17 261 22 890 3173 1721 495 271 39 70 1520 600 338 408 0 642 31 1264 236 45 16 19 1056 1057 30 701 44 2 4 63 40 81 5 38
74373 781 17 41 2 135 495 254 78 40 5 11 236 88 52 59 0 95 3 190 35 7 1 2 162 167 4 101 7 0 0 9 6 13 0 7
74374 828 25 33 2 116 426 227 67 37 6 10 196 80 47 47 0 84 5 168 32 6 2 1 143 143 3 88 5 0 0 9 6 11 0 4
74381 828 25 38 2 132 471 238 77 39 5 11 227 89 51 59 0 92 4 180 33 6 2 2 157 153 5 95 7 0 0 9 5 12 0 6
74385 828 25 68 6 244 892 491 133 72 10 19 414 162 91 92 0 169 10 351 69 13 4 5 297 306 8 191 10 0 1 18 10 25 1 9
74387 941 66 39 2 132 486 246 73 43 6 9 222 94 50 58 0 92 4 186 35 7 2 2 168 154 5 102 6 0 0 10 6 13 0 5
74388 941 66 158 11 532 1967 1076 281 169 24 44 918 369 200 246 0 391 21 789 146 28 11 12 660 648 17 426 25 1 2 41 24 48 3 22
74389 939 64 197 15 654 2403 1262 363 204 29 53 1122 441 253 295 0 470 24 937 177 35 13 13 792 783 22 508 34 1 3 49 31 60 4 30
74391 940 64 253 20 844 3144 1661 468 262 36 70 1467 579 328 387 0 634 33 1237 234 44 16 18 1032 1040 29 677 42 2 4 62 40 79 4 39
74392 939 64 44 2 144 540 264 83 44 5 13 257 97 56 67 0 102 4 196 38 7 2 3 178 176 5 105 8 0 0 10 7 12 0 7
74395 939 64 74 5 246 897 467 139 75 10 20 427 168 98 114 0 178 7 343 64 13 4 4 296 297 8 191 14 0 1 19 11 23 1 13
74396 920 58 146 9 499 1797 910 288 143 18 42 884 329 197 229 0 359 12 678 128 25 6 8 590 590 16 365 28 0 3 35 22 43 3 27
74400 914 53 67 5 225 842 448 128 74 10 18 386 155 88 91 0 162 9 324 62 13 4 4 289 274 9 177 10 0 1 17 11 22 1 9
74403 970 64 99 7 340 1265 678 184 108 15 28 586 231 132 156 0 256 12 498 93 18 7 8 421 418 12 273 18 0 2 25 16 33 1 15
74404 970 64 36 2 122 466 237 67 40 6 10 215 82 47 53 0 90 5 184 34 7 2 2 164 150 4 96 5 0 0 9 5 12 0 4
74405 970 64 38 2 125 473 240 70 42 5 11 217 84 50 54 0 84 4 179 35 7 2 2 161 149 4 96 6 0 0 9 5 12 0 5
74407 842 15 128 9 444 1603 872 242 134 19 36 775 300 172 195 0 317 16 629 119 24 7 10 541 523 15 360 24 0 2 32 19 43 2 20
74409 916 31 174 13 593 2129 1121 329 177 22 49 1017 393 223 284 0 420 18 835 152 30 9 13 695 704 19 457 30 1 3 45 28 51 3 27
74428 1668 12 111 7 373 1380 715 208 117 16 30 642 252 147 168 0 271 13 541 100 21 7 8 457 452 14 291 20 0 2 27 18 35 1 17
74430 1619 32 102 9 348 1271 699 191 109 16 28 599 242 131 145 0 256 14 507 96 17 8 7 434 421 10 277 16 0 1 24 17 33 1 13
74445 1591 12 42 3 125 502 253 67 40 5 12 226 86 51 54 0 96 4 198 36 6 3 2 165 161 4 100 6 0 0 8 7 14 0 6
74487 1569 18 43 2 139 517 255 80 42 5 12 246 92 56 63 0 101 3 200 38 7 2 2 166 168 4 101 7 0 0 11 7 12 0 7
74558 1465 55 39 3 134 507 266 75 38 5 11 233 91 52 61 0 100 4 209 36 6 2 3 165 166 5 106 6 0 0 10 7 13 1 5
74559 1433 22 204 16 685 2515 1350 363 220 31 53 1188 470 263 296 0 497 26 993 185 36 14 16 851 824 24 549 33 1 2 54 32 65 3 26
74560 1437 21 199 16 689 2469 1334 382 207 29 56 1193 471 265 329 0 499 24 993 183 34 13 15 820 813 25 546 35 1 3 48 32 62 4 29
74568 1438 16 196 16 672 2455 1317 368 209 29 53 1152 454 254 296 0 489 24 970 182 35 13 15 807 817 23 532 33 1 3 50 34 61 3 28
74569 1441 16 39 2 130 485 250 74 39 4 11 233 84 49 56 0 94 3 188 36 6 2 2 156 164 4 97 7 0 0 10 6 12 0 7
74572 1443 16 38 2 138 490 261 75 41 5 11 248 89 52 68 0 97 4 204 36 7 2 2 163 166 6 103 6 0 0 10 6 11 0 5
74587 1425 28 36 2 121 466 241 70 37 5 9 213 82 50 57 0 91 4 187 34 6 2 3 151 150 5 98 6 0 0 9 6 11 0 5
74588 1433 32 165 12 558 2051 1090 319 173 24 44 981 380 221 249 0 405 20 800 155 29 11 12 683 673 21 442 29 1 2 41 29 52 3 24
74590 1433 32 131 11 432 1622 872 239 136 18 35 769 302 168 203 0 318 16 656 118 22 8 10 547 534 16 350 22 1 1 33 21 42 2 16
74591 1433 28 67 6 234 838 456 130 68 8 18 403 157 87 108 0 170 8 339 60 11 4 6 279 279 8 184 11 0 0 17 11 21 1 9
74592 1432 29 40 2 131 508 247 74 40 5 12 244 85 54 61 0 98 3 190 36 7 2 3 169 168 5 96 7 0 0 9 6 12 0 7
74593 1439 21 231 19 785 2930 1547 431 241 33 67 1383 535 298 356 0 580 30 1144 222 39 14 20 983 964 28 627 36 1 3 58 40 74 3 32
74601 1437 19 74 6 244 921 488 136 77 10 21 430 166 95 106 0 185 8 362 69 12 4 5 305 306 9 193 12 0 1 17 12 23 1 11
74679 1157 47 136 12 462 1733 915 255 143 19 35 796 315 176 193 0 342 19 691 129 23 9 10 560 582 16 361 20 1 2 36 25 44 2 17
74680 1177 36 99 7 329 1223 655 181 102 15 26 567 227 129 147 0 238 13 488 88 16 7 8 403 405 11 261 16 1 1 26 18 31 1 13
74681 1187 31 40 2 131 489 250 74 40 4 11 226 87 52 58 0 94 4 189 35 8 1 3 154 160 5 103 7 0 0 10 6 12 0 7
74682 1169 13 145 10 488 1782 919 282 140 18 41 871 333 194 220 0 352 13 677 126 26 8 9 595 582 16 371 25 0 3 35 25 44 2 25
74685 1169 13 110 7 361 1315 699 204 108 14 29 619 244 137 159 0 262 12 510 96 18 5 7 435 435 12 279 19 0 1 24 18 31 2 16
74686 1162 13 176 11 579 2166 1118 325 176 23 49 1013 393 234 246 0 419 20 817 158 29 10 13 711 701 20 452 32 0 3 45 30 56 3 28
74690 1165 13 226 16 785 2820 1541 438 232 32 62 1360 535 301 347 0 563 27 1113 209 41 14 17 935 940 26 629 41 1 4 59 40 71 4 36
74692 1162 17 396 29 1311 4836 2575 737 404 58 109 2267 896 509 556 0 948 54 1873 363 70 26 28 1617 1595 43 1033 66 2 6 99 63 127 7 57
74694 1178 22 99 6 344 1276 684 183 105 16 28 592 233 132 150 0 255 13 506 94 16 7 9 421 421 10 273 17 1 2 25 16 32 1 14
74695 1164 15 284 22 933 3550 1856 518 299 43 76 1649 651 372 437 0 700 38 1405 266 50 19 21 1189 1156 32 756 46 2 4 73 44 91 5 39
74696 1166 15 354 30 1232 4433 2394 681 376 53 98 2136 835 477 569 0 886 44 1758 329 63 23 27 1481 1461 41 982 61 2 6 88 58 114 6 52
74697 1166 13 195 16 667 2416 1286 371 202 28 54 1144 455 258 290 0 473 24 942 177 33 12 13 805 791 19 520 34 1 3 49 35 60 3 29
74698 1167 13 169 13 584 2130 1162 315 181 25 47 1005 402 221 263 0 421 22 845 155 29 11 14 711 703 22 470 29 1 2 43 28 55 2 22
74703 1138 16 139 10 464 1712 903 259 146 19 37 814 318 184 211 0 343 17 668 127 23 8 12 563 566 17 375 24 0 2 36 23 43 2 21
74704 1136 14 40 3 136 519 262 81 39 5 12 252 97 55 63 0 102 4 202 36 7 2 3 168 172 5 107 7 0 0 9 7 14 0 6
74706 1136 14 41 3 139 510 262 77 43 5 11 250 97 51 65 0 98 5 199 39 6 2 3 167 165 6 106 6 0 0 10 7 14 0 4
74715 1185 20 98 8 340 1243 674 183 103 15 28 590 228 133 149 0 248 13 507 93 17 6 7 413 415 10 274 17 0 2 25 17 30 1 15
74718 1180 11 37 3 131 501 267 74 40 6 10 238 89 52 67 0 103 4 214 35 6 2 4 158 169 4 106 7 0 0 9 6 12 1 5
74720 1179 11 41 2 140 507 269 76 40 4 10 241 90 52 57 0 98 3 197 34 6 2 2 165 173 4 104 6 0 0 9 7 12 0 6
74726 1174 11 126 10 456 1601 901 243 134 20 34 778 306 166 208 0 326 17 655 118 22 8 11 531 548 14 363 20 1 2 33 22 36 2 17
74729 1174 12 201 15 690 2494 1319 386 208 28 56 1193 458 261 309 0 499 24 982 182 35 12 14 817 835 24 529 35 1 4 50 32 62 4 32
74752 1187 13 38 2 127 471 252 68 38 5 10 216 83 49 51 0 90 3 186 34 6 2 2 150 159 3 99 7 0 0 11 6 11 0 6
74876 1168 22 132 10 427 1616 847 239 140 20 35 750 301 175 182 0 312 17 628 122 25 10 10 549 516 15 343 21 1 2 32 21 45 2 17
74891 1206 35 38 3 128 494 242 74 40 5 11 226 87 54 51 0 95 4 185 36 6 3 2 164 157 4 93 7 0 0 10 6 13 0 6
74894 1204 35 264 18 890 3302 1754 484 277 38 74 1552 605 336 412 0 657 35 1311 245 46 17 21 1106 1094 32 712 45 1 4 64 43 82 4 39
