74948 1175 15 268 21 905 3375 1765 517 281 40 77 1603 616 357 394 0 669 35 1313 246 48 18 18 1127 1123 29 700 47 1 4 66 43 83 4 40
74974 1110 25 334 27 1105 4126 2113 628 349 45 93 1935 751 440 486 0 802 38 1557 305 59 21 27 1393 1325 39 865 57 2 6 83 55 109 6 52
74977 1114 15 106 7 349 1306 672 199 108 15 28 621 242 140 152 0 251 13 495 97 19 7 7 441 424 13 270 18 0 2 26 15 34 1 16
74979 1114 15 158 12 541 1974 1105 293 164 23 41 920 372 204 251 0 393 22 813 146 27 10 14 651 661 17 439 26 1 2 40 28 48 3 20
74984 1126 13 38 2 132 487 252 69 40 5 10 230 92 49 67 0 96 3 200 36 6 2 2 158 160 5 102 6 0 0 9 6 10 0 5
74986 1113 13 222 17 748 2756 1479 417 234 34 62 1292 516 286 321 0 542 32 1081 210 39 15 16 926 909 25 595 35 1 3 58 34 70 4 31
74987 1113 12 35 2 116 448 237 61 39 5 10 203 80 45 54 0 86 5 184 34 6 2 2 149 146 4 98 5 0 0 8 6 12 0 4
74991 1128 28 200 15 676 2483 1308 382 206 29 56 1188 463 262 310 0 490 22 953 181 33 13 13 839 809 24 528 36 1 3 51 32 63 3 31
74993 1130 28 37 2 120 458 246 63 39 5 9 210 84 46 49 0 89 5 184 36 6 2 2 153 152 4 96 5 0 0 8 7 12 0 4
74997 1125 14 168 13 564 2071 1102 315 173 24 46 993 385 216 259 0 408 21 816 155 29 11 13 695 679 19 444 29 1 2 41 27 53 3 24
75069 1160 21 70 5 230 891 459 122 72 10 19 416 157 90 102 0 173 10 345 65 12 5 4 300 290 8 184 12 0 1 17 11 23 1 10
75077 1160 13 135 9 456 1697 901 247 143 20 37 800 310 177 207 0 339 16 665 125 25 9 10 563 563 16 359 23 1 2 34 22 43 2 20
75085 1111 11 139 10 479 1743 907 271 139 18 40 850 324 186 221 0 345 15 673 124 25 8 8 572 568 17 369 26 1 2 34 23 41 2 23
75087 1111 11 615 47 2066 7584 4075 1161 639 90 170 3547 1416 797 917 0 1493 79 2991 561 108 38 46 2504 2510 75 1638 106 5 10 159 101 193 11 91
75090 1113 11 63 5 226 826 469 122 72 11 16 388 155 86 92 0 164 10 339 64 11 5 6 277 279 9 185 10 0 1 18 12 21 1 6
75095 1114 11 164 13 547 2022 1042 303 170 23 45 975 375 214 255 0 401 19 787 150 28 9 10 672 655 20 426 30 1 2 42 26 50 2 26
75097 1114 11 67 6 236 877 481 119 73 11 17 408 162 89 108 0 176 8 372 62 12 4 6 293 300 7 190 11 0 1 19 12 23 1 8
75099 1122 11 123 9 411 1520 828 223 130 19 33 700 286 159 184 0 306 17 608 114 20 9 10 500 496 13 336 20 1 1 33 20 36 2 17
75102 1119 11 71 6 238 889 461 133 74 10 20 422 159 92 102 0 176 7 340 65 12 4 6 295 295 8 186 12 0 1 18 10 23 1 11
75103 1144 32 38 3 133 493 262 69 39 6 10 231 87 51 54 0 95 4 197 34 6 2 2 162 168 4 105 6 0 0 10 7 12 0 5
75105 1144 32 123 10 435 1586 868 239 130 19 32 753 293 166 207 0 314 17 654 117 22 8 11 523 530 13 349 20 1 2 31 21 37 2 17
75109 1128 14 32 2 108 424 222 58 34 6 9 196 74 44 47 0 83 5 174 31 6 2 2 140 140 3 88 6 0 0 9 5 10 0 4
75111 1128 12 237 19 810 2956 1618 431 242 31 64 1384 541 303 367 0 596 28 1198 216 40 14 19 966 1010 25 651 40 1 3 63 42 73 4 34
75112 1127 12 162 13 562 2033 1128 305 165 23 45 973 370 216 263 0 406 19 821 146 28 10 14 671 686 17 449 28 0 3 41 27 50 3 24
75113 1131 12 194 15 640 2419 1288 348 204 28 52 1139 449 252 303 0 478 27 960 178 34 13 17 805 787 25 526 32 2 2 51 33 62 3 25
75160 1119 12 137 10 471 1677 907 257 139 19 35 806 311 177 196 0 334 16 653 121 24 8 10 552 567 15 365 22 1 2 36 23 40 2 20
75218 1094 12 292 21 988 3641 1962 552 297 41 80 1742 675 384 458 0 722 37 1443 263 53 18 22 1220 1213 34 797 51 2 4 72 50 95 6 42
75307 1085 12 38 2 135 492 253 75 40 5 10 236 94 52 59 0 95 4 186 36 6 2 2 163 160 5 100 7 0 0 11 7 12 0 6
75314 1140 22 95 7 320 1170 640 182 99 15 26 556 219 124 139 0 229 14 469 89 16 6 7 395 388 10 254 15 0 1 25 17 31 2 13
75321 1093 23 41 3 144 514 263 81 39 4 11 252 95 56 61 0 103 3 197 35 7 2 3 165 171 5 106 8 0 0 10 7 13 0 6
75324 1092 22 65 5 223 853 440 120 71 10 18 407 160 89 102 0 168 9 336 65 11 4 4 285 276 9 181 11 0 0 17 10 20 1 8
75326 1092 22 34 2 115 448 240 59 39 5 9 210 81 44 52 0 84 6 186 35 6 3 3 148 152 5 95 5 0 0 9 6 11 0 3
75331 1092 22 197 14 664 2457 1286 370 202 28 54 1167 450 261 290 0 484 22 948 179 36 12 13 822 807 22 517 34 1 3 50 29 63 3 33
75333 1096 22 91 9 332 1181 664 178 101 16 24 563 225 128 149 0 233 14 482 91 17 7 9 407 396 11 265 13 0 1 25 14 31 1 11
75337 1095 13 139 9 465 1703 903 255 144 19 36 803 315 175 217 0 335 16 677 125 23 8 10 558 564 17 365 23 1 2 35 23 41 2 21
75384 1140 25 470 37 1559 5801 3033 881 486 66 132 2749 1059 618 691 0 1147 56 2240 425 85 30 35 1928 1904 56 1225 84 3 8 117 77 151 9 73
75387 1140 25 76 6 256 944 479 140 79 9 21 444 173 97 106 0 183 8 356 68 13 3 6 309 307 8 191 13 0 1 19 13 24 1 11
75388 1144 17 333 24 1136 4099 2190 627 341 47 91 1955 762 438 507 0 809 39 1611 301 57 19 24 1354 1349 37 879 59 2 6 83 55 107 6 52
75390 1142 16 100 9 340 1232 665 191 104 15 27 597 234 127 153 0 250 13 492 93 17 6 7 407 412 12 270 14 0 1 27 16 31 1 14
75397 1143 18 106 8 375 1355 715 207 106 12 32 646 247 143 179 0 271 12 533 94 18 5 8 444 457 11 293 19 0 2 26 17 33 2 18
75404 1146 18 67 5 231 848 462 125 75 11 17 410 159 89 109 0 171 9 348 63 12 5 5 281 281 9 186 10 0 0 17 11 20 1 8
75405 1144 17 494 38 1654 6094 3220 935 510 68 140 2892 1119 646 744 0 1203 59 2360 459 86 31 37 2029 2004 55 1286 90 3 8 122 81 151 10 79
75410 1135 16 332 25 1131 4132 2201 621 339 46 91 1944 759 435 498 0 832 41 1614 298 58 21 25 1364 1376 36 890 57 2 6 85 58 108 5 50
75411 1135 16 67 5 241 858 450 139 70 9 20 425 158 94 110 0 173 8 340 62 12 4 4 285 281 8 179 11 0 1 17 10 19 1 12
75412 1139 16 37 2 133 485 255 75 39 5 10 229 88 52 59 0 93 5 191 35 7 2 3 160 159 5 105 6 0 0 9 6 12 0 5
75416 1144 14 36 3 126 474 241 67 39 5 10 231 87 48 56 0 92 5 186 34 6 2 3 162 152 5 97 7 0 0 9 6 13 0 4
75426 1141 14 103 8 343 1298 666 196 106 15 29 613 229 136 147 0 254 12 500 94 19 7 8 430 428 12 268 18 0 1 27 15 32 1 17
75430 1139 14 181 16 625 2294 1284 335 203 32 46 1066 439 235 275 0 455 28 942 177 32 16 16 783 761 23 524 27 2 2 48 29 60 3 20
75433 1135 14 159 14 554 1980 1074 304 166 22 42 969 381 211 271 0 406 19 802 144 28 9 13 661 655 19 440 28 1 2 40 27 50 2 24
75440 1147 14 169 12 588 2150 1132 325 176 22 52 1033 389 223 265 0 424 19 836 156 29 10 12 711 708 20 455 31 0 3 42 28 54 3 28
75442 1147 15 38 3 129 486 253 72 40 5 10 231 87 50 55 0 99 5 195 35 6 2 3 159 163 4 100 6 0 0 9 6 12 0 5
75446 1147 15 432 33 1482 5408 2884 821 439 60 119 2548 990 573 667 0 1084 53 2132 388 77 27 34 1776 1800 49 1166 77 2 8 110 76 140 8 67
75449 1148 14 136 9 455 1685 895 254 139 20 37 789 306 177 190 0 334 16 662 125 22 9 11 560 555 15 363 23 1 2 34 22 43 2 19
75451 1150 14 74 5 261 934 491 146 72 9 20 454 170 101 126 0 184 6 379 65 13 3 6 300 310 10 196 14 0 1 18 12 22 1 13
75454 1141 14 120 10 436 1545 838 236 133 20 33 727 292 165 179 0 307 16 616 117 21 9 9 514 509 15 337 20 1 1 31 20 40 2 16
75455 1137 14 37 2 130 487 245 72 39 5 11 228 86 51 60 0 95 3 192 34 6 2 2 159 158 4 99 6 0 0 10 6 12 0 6
75462 1113 20 225 18 756 2746 1482 404 231 32 58 1280 517 287 333 0 550 30 1090 203 38 13 18 913 897 23 611 37 1 3 58 37 71 4 31
75468 1108 13 608 50 2083 7482 4001 1172 635 85 167 3572 1418 802 914 0 1489 74 2943 555 103 38 47 2502 2476 71 1631 104 4 11 145 101 198 11 88
75469 1109 15 33 2 117 440 228 66 38 4 9 211 81 45 55 0 87 4 176 31 6 2 2 148 142 4 92 5 0 0 9 4 12 0 4
75472 1106 13 144 10 482 1784 929 271 143 19 41 855 322 187 221 0 351 15 695 127 25 9 12 590 587 18 371 26 0 2 35 24 45 2 23
75474 1097 11 199 17 671 2491 1310 378 213 29 56 1188 466 258 299 0 488 27 969 187 35 14 16 839 817 25 537 35 1 3 48 32 69 2 29
75475 1097 11 36 2 121 460 235 65 39 5 9 212 85 47 52 0 90 5 183 35 5 2 2 151 148 6 96 5 0 0 10 6 11 0 4
75479 1169 41 37 2 124 483 249 67 39 5 10 222 86 50 50 0 92 5 181 36 6 2 3 164 155 4 100 7 0 0 9 6 14 0 5
75481 1174 42 103 7 351 1311 681 199 105 14 28 620 243 142 162 0 257 13 511 97 19 7 8 439 428 12 277 19 0 2 26 17 35 1 17
75483 1170 37 174 13 604 2196 1147 331 181 24 48 1048 414 234 274 0 436 21 850 158 30 10 12 730 718 20 461 32 1 3 45 29 56 3 28
75485 1154 29 101 7 346 1294 672 187 109 14 28 619 241 133 165 0 255 12 514 95 18 7 6 426 421 13 274 18 1 1 26 15 32 1 15
75486 1159 29 133 9 459 1679 932 253 133 19 37 779 312 180 204 0 334 18 682 119 24 9 13 557 562 14 377 23 1 2 34 23 44 3 18
75489 1197 23 205 15 687 2484 1324 389 205 30 54 1195 466 265 310 0 492 24 974 181 35 13 14 834 816 23 533 34 1 3 49 32 62 3 30
75492 1198 23 195 16 661 2453 1299 369 206 28 54 1150 451 255 299 0 489 25 963 185 33 12 16 816 819 22 529 33 1 3 48 32 63 3 28
75494 1196 23 40 2 137 518 260 80 38 4 12 252 92 53 63 0 102 4 199 35 6 1 2 166 176 4 100 7 0 0 9 8 12 0 7
75495 1196 23 128 9 443 1628 866 252 133 19 38 779 298 175 195 0 321 17 630 118 22 8 8 538 540 14 344 23 0 2 34 21 43 2 20
75498 1195 23 137 8 459 1687 884 257 139 18 39 802 306 178 208 0 333 15 650 121 24 6 9 549 560 16 351 26 0 2 33 22 41 2 23
75500 1200 25 272 19 908 3331 1786 496 279 37 73 1569 611 353 410 0 654 32 1312 248 47 16 20 1111 1112 30 714 46 1 4 70 45 85 5 42
75501 1210 76 35 2 124 470 233 69 40 5 10 223 85 51 57 0 90 5 180 36 6 2 2 160 149 4 96 7 0 0 9 6 12 0 5
75503 1208 72 69 5 232 854 448 128 73 10 19 409 156 89 102 0 164 8 334 63 13 4 5 291 280 9 176 11 0 1 18 10 21 1 10
75506 1202 69 163 14 576 2061 1137 306 172 23 46 967 386 210 258 0 417 21 832 153 28 11 14 690 684 19 466 27 1 2 40 26 53 2 21
75507 1202 69 328 23 1108 4109 2196 614 334 45 92 1961 756 431 514 0 812 41 1623 297 59 20 24 1376 1364 39 890 58 2 5 81 57 106 6 48
75508 1201 28 36 2 121 464 237 69 38 5 10 218 82 48 57 0 91 5 182 34 6 2 2 158 150 4 97 6 0 0 8 6 12 0 5
75534 1136 32 68 6 237 880 469 124 72 9 20 418 151 86 98 0 168 9 345 70 12 4 5 297 293 7 180 11 0 1 17 11 21 1 10
75535 1137 32 329 27 1091 4068 2152 612 340 46 94 1950 758 419 502 0 802 43 1580 301 57 22 22 1346 1344 40 871 58 2 5 83 54 101 5 47
75541 1137 32 66 4 226 824 455 123 70 10 18 384 152 86 92 0 161 9 328 62 11 4 4 270 274 7 182 10 0 0 17 11 22 1 9
75543 1148 19 352 27 1181 4363 2331 664 363 53 98 2059 800 464 533 0 875 43 1706 319 61 22 24 1440 1451 38 935 61 2 6 93 59 112 7 54
75545 1148 19 201 15 691 2534 1350 384 212 29 56 1212 466 270 312 0 506 25 1001 185 36 12 15 848 848 23 546 34 1 3 52 31 63 3 30
75546 1153 14 36 4 119 461 231 62 39 5 9 220 87 46 54 0 90 6 182 35 6 2 3 161 143 6 99 5 0 0 9 6 12 0 3
75547 1146 12 42 2 133 513 251 76 42 5 10 246 90 52 63 0 96 4 193 35 7 2 2 167 165 6 101 7 0 0 12 7 12 0 6
75566 1122 14 434 32 1473 5386 2845 824 449 61 122 2555 999 568 656 0 1071 54 2111 394 75 27 31 1795 1763 51 1152 76 3 7 107 70 141 8 66
75567 1121 14 109 8 379 1386 715 212 113 14 32 669 248 147 169 0 274 11 529 101 19 6 8 455 465 11 280 21 0 2 26 19 33 2 20
75575 1121 15 40 2 136 508 252 77 40 4 11 244 93 53 64 0 97 4 193 36 6 2 2 168 160 5 106 7 0 0 10 7 13 0 5
75581 1064 12 106 7 343 1297 691 175 111 16 26 565 236 128 141 0 245 14 519 102 17 7 8 426 429 11 272 16 1 1 27 18 33 1 12
75583 1093 17 98 7 340 1269 665 192 104 15 30 606 235 134 145 0 252 13 489 93 16 8 6 424 418 10 264 17 0 1 24 17 32 1 14
75584 1091 16 223 17 743 2724 1464 402 231 32 60 1271 506 285 340 0 551 27 1082 204 37 15 18 904 891 25 605 36 1 3 57 33 67 4 33
75585 1085 12 262 19 862 3243 1726 460 268 38 72 1518 590 332 383 0 644 33 1281 236 44 17 17 1086 1080 28 686 43 1 4 63 47 82 4 37
75586 1086 12 99 8 343 1293 682 188 108 15 29 599 232 135 164 0 255 14 527 96 19 6 8 427 435 12 274 17 0 1 26 15 35 1 13
75588 1087 14 265 19 904 3342 1726 512 277 38 75 1585 609 357 398 0 659 30 1292 245 48 16 17 1122 1099 30 693 47 1 5 66 41 86 5 43
75589 1086 12 164 13 556 2024 1085 303 174 25 44 957 384 216 259 0 407 19 809 151 27 11 10 668 665 18 442 26 1 2 42 26 50 3 23
75592 1086 12 133 10 444 1655 850 253 140 19 37 784 308 180 198 0 324 17 641 126 23 9 9 559 532 17 348 22 1 2 33 21 43 2 20
75595 1086 12 61 5 216 791 440 117 68 10 18 369 152 81 99 0 159 9 335 61 11 5 5 267 261 7 184 9 0 0 17 10 20 1 7
75596 1094 13 253 21 858 3216 1740 473 273 39 71 1482 594 334 372 0 644 37 1276 244 45 20 21 1072 1068 28 699 40 2 3 64 44 83 4 34
75597 1089 12 396 28 1339 4892 2584 752 408 57 112 2351 898 520 602 0 978 46 1906 354 70 23 26 1609 1626 45 1037 71 3 7 100 67 119 7 63
75598 1115 12 37 2 128 484 250 70 40 5 10 225 87 49 54 0 92 4 185 37 7 2 3 162 157 4 102 6 0 0 10 6 13 0 6
75600 1113 12 165 14 564 2097 1100 314 176 24 47 989 386 220 247 0 410 20 811 157 28 11 12 705 685 19 444 28 1 3 41 28 51 2 25
75601 1088 15 68 4 225 842 455 118 72 11 18 396 152 85 98 0 159 9 337 61 12 5 5 288 279 8 181 10 0 0 17 10 23 1 8
75607 1096 14 76 4 246 924 463 143 75 9 21 429 166 97 111 0 177 8 347 67 13 4 4 303 297 8 190 14 0 1 18 12 23 1 13
75609 1094 12 71 5 236 890 460 124 77 9 19 401 160 89 105 0 169 8 350 68 11 4 5 293 285 8 185 12 0 1 17 12 22 1 10
75610 1104 12 470 34 1555 5743 3021 871 486 66 128 2697 1066 613 702 0 1140 56 2266 429 80 29 33 1898 1891 54 1239 77 3 8 119 77 145 8 67
75613 1101 13 35 2 123 456 239 71 38 5 9 214 86 47 57 0 88 5 182 34 6 2 2 151 150 5 99 6 0 0 9 6 12 0 5
75617 1094 12 238 18 799 2950 1559 443 244 32 67 1398 529 307 361 0 585 25 1156 216 42 13 19 963 986 26 631 41 1 4 60 39 70 5 40
75619 1092 12 225 18 758 2782 1471 421 236 33 62 1306 516 291 332 0 554 29 1090 208 39 15 15 921 920 27 597 37 1 3 57 37 69 4 34
75621 1102 12 68 5 238 898 484 133 73 11 20 411 168 94 102 0 177 9 363 67 13 5 6 306 299 9 189 11 0 1 16 13 23 1 8
75623 1097 12 465 38 1583 5766 3091 874 484 65 131 2778 1069 604 730 0 1149 55 2286 428 81 29 33 1896 1925 57 1240 81 3 7 116 80 144 8 68
75625 1097 12 141 9 478 1750 880 277 143 17 41 838 320 189 209 0 340 13 651 130 26 7 8 581 566 16 357 25 0 3 36 20 43 2 26
75626 1097 12 37 2 128 479 248 72 37 5 10 225 87 50 56 0 91 3 187 34 7 1 2 155 161 4 97 7 0 0 10 6 12 0 6
75630 1111 12 96 8 316 1202 637 174 103 14 26 568 222 124 147 0 233 14 479 91 16 7 8 414 390 12 255 14 1 1 24 17 32 1 11
75636 1111 12 421 35 1441 5215 2823 804 440 63 114 2500 973 560 658 0 1045 51 2078 393 73 29 35 1733 1716 50 1152 74 3 7 107 74 134 8 60
75637 1096 12 459 34 1522 5630 2992 852 474 68 126 2639 1042 590 650 0 1106 63 2192 423 80 31 33 1886 1858 51 1203 75 3 7 115 73 148 8 65
75638 1114 28 72 7 254 908 507 140 72 10 19 451 169 96 125 0 188 9 376 64 12 5 6 298 311 9 204 12 0 1 18 13 22 1 9
75640 1115 28 461 35 1541 5682 3008 855 478 67 125 2664 1058 600 694 0 1129 58 2224 418 81 30 35 1876 1874 54 1224 78 3 7 117 73 146 8 68
75643 1112 28 204 15 695 2588 1349 389 213 29 59 1213 478 267 313 0 509 25 1012 195 38 13 15 870 846 26 542 35 1 3 52 35 65 3 29
75645 1147 21 41 2 136 528 260 77 43 5 12 241 91 57 54 0 98 4 189 39 7 3 3 174 166 4 103 8 0 0 10 7 14 0 7
75648 1140 19 430 34 1436 5401 2860 792 448 60 122 2533 986 556 650 0 1054 57 2119 408 73 26 34 1796 1771 54 1153 73 3 6 113 73 136 7 61
75650 1141 19 74 6 245 919 469 141 74 10 21 438 168 98 103 0 177 9 343 67 13 5 5 317 295 9 191 12 0 1 20 12 24 1 11
75653 1142 19 35 2 128 458 245 63 39 5 9 215 87 48 53 0 91 5 186 35 5 2 2 156 150 3 99 5 0 0 9 6 11 0 4
75654 1125 17 139 9 456 1684 889 255 142 20 36 792 314 176 196 0 328 18 657 123 24 9 9 565 553 16 357 24 0 2 34 22 42 2 20
75657 1121 15 348 29 1202 4410 2383 667 367 51 98 2100 815 458 552 0 896 47 1780 324 58 23 27 1461 1494 41 955 57 2 6 90 60 108 6 50
75658 1121 15 97 8 344 1220 675 190 99 14 27 584 233 134 160 0 244 11 497 90 17 6 7 403 404 11 276 17 0 1 25 17 29 2 15
75660 1115 15 136 9 457 1668 884 258 139 18 37 791 306 174 207 0 331 17 641 124 25 8 10 554 550 15 360 25 0 2 34 22 41 2 22
75661 1114 15 67 6 232 840 447 125 71 9 18 405 158 87 101 0 168 8 340 63 11 4 4 281 279 7 177 11 0 1 16 12 20 1 10
75677 1130 20 105 9 355 1315 702 188 110 17 27 603 244 138 145 0 260 15 522 99 17 7 9 443 431 10 283 17 0 1 25 17 35 1 14
75681 1126 20 73 4 226 860 448 122 73 10 18 396 156 85 103 0 167 8 341 63 12 4 5 286 282 9 181 10 0 0 17 11 22 1 9
75682 1148 22 38 3 131 468 234 75 40 4 10 235 89 51 61 0 91 4 180 35 6 2 3 158 147 6 99 6 0 0 9 6 11 0 5
75687 1148 22 37 3 137 494 253 78 40 5 10 241 88 51 61 0 98 4 194 37 6 2 2 161 164 4 101 6 0 0 9 6 12 0 6
75751 1116 12 37 2 127 463 242 72 37 5 10 226 84 50 58 0 91 4 182 33 7 2 2 153 154 5 97 6 0 0 9 5 11 0 6
75752 1116 11 68 6 234 854 453 132 73 10 16 417 161 90 113 0 169 8 347 64 11 4 5 286 275 9 184 12 0 0 18 12 22 1 9
75753 1117 11 68 6 232 871 452 124 72 9 19 411 158 88 104 0 169 9 345 64 11 4 5 295 287 7 184 11 0 1 18 11 22 1 9
75756 1114 11 75 6 252 935 485 139 75 9 20 447 167 98 105 0 182 8 356 66 12 4 4 308 310 8 188 13 0 1 20 11 24 1 11
75770 1104 13 71 5 237 896 446 133 72 9 20 425 159 92 105 0 178 8 341 63 12 4 4 298 293 8 180 12 0 1 17 12 24 1 12
75774 1104 13 70 5 243 866 453 137 72 9 18 414 163 91 104 0 170 7 338 65 13 3 4 292 286 8 184 12 0 1 18 11 21 1 11
75787 1130 18 180 14 601 2254 1216 331 194 29 48 1054 416 236 259 0 442 28 898 169 33 14 13 757 744 19 486 28 1 3 46 29 58 3 24
75792 1161 30 38 3 133 492 256 72 41 5 9 237 93 51 67 0 97 4 199 36 6 2 2 162 157 6 105 6 0 0 10 6 13 0 4
75793 1162 30 124 10 449 1598 902 241 133 19 32 762 300 169 203 0 320 17 657 118 21 8 10 524 540 15 360 22 1 2 35 21 39 2 18
75798 1117 11 179 12 602 2220 1151 330 183 24 51 1038 402 232 266 0 436 22 865 154 29 11 12 726 743 19 455 32 1 3 43 30 58 3 27
75825 1137 31 212 18 731 2658 1458 395 230 33 56 1249 510 283 335 0 540 31 1094 201 40 14 18 899 873 26 606 33 2 3 55 33 67 3 28
75840 1137 30 69 7 239 872 469 125 73 10 19 415 164 90 105 0 172 8 349 66 12 5 5 297 282 7 189 11 0 1 17 12 22 1 10
75845 1138 30 41 2 136 506 253 74 40 5 11 234 91 54 59 0 99 3 188 34 7 1 2 166 160 5 105 8 0 0 10 7 13 0 7
75873 1147 22 70 5 243 877 474 130 76 10 19 411 162 89 104 0 173 9 351 67 11 4 5 286 294 9 189 12 0 1 18 11 21 1 9
75884 1112 16 139 10 459 1707 889 255 141 18 38 812 313 178 219 0 341 15 668 125 24 8 10 559 557 17 370 24 1 2 33 22 42 2 21
75907 1109 14 99 8 349 1262 671 193 97 13 28 618 231 132 164 0 253 11 509 90 17 6 8 413 427 11 270 18 0 1 25 17 29 2 16
75917 1168 34 201 17 688 2531 1359 376 213 28 57 1210 464 261 305 0 502 25 996 191 34 12 17 845 849 24 541 34 1 3 50 35 65 3 28
75918 1168 34 41 2 136 516 250 77 40 4 12 235 92 54 58 0 101 3 192 38 6 2 2 168 162 3 101 7 0 0 10 7 12 0 7
75925 1152 36 101 7 355 1290 709 190 105 14 30 616 238 133 166 0 264 12 530 92 16 6 7 419 443 9 279 17 0 1 25 19 29 2 15
75973 1092 13 66 5 233 864 437 134 70 9 19 402 157 91 107 0 171 8 329 62 12 4 5 284 281 8 183 12 0 1 17 11 24 1 10
75991 1121 16 130 12 452 1636 890 244 139 18 34 788 304 173 200 0 328 17 666 124 22 8 11 549 548 15 367 21 1 2 34 23 42 2 18
75993 1153 17 266 20 893 3306 1749 498 276 40 73 1559 616 347 406 0 652 35 1310 245 48 19 19 1101 1082 30 704 44 2 4 67 44 83 5 38
75995 1150 14 199 13 667 2448 1324 370 204 30 52 1134 457 253 297 0 479 24 970 183 35 12 14 809 802 22 535 34 1 3 52 33 61 3 29
75997 1138 19 41 2 131 506 253 75 42 5 11 234 93 51 62 0 98 4 195 37 7 2 2 169 160 4 104 6 0 0 10 7 12 0 5
75998 1132 15 223 17 772 2824 1502 428 237 33 61 1351 529 296 340 0 557 29 1109 208 39 15 17 964 919 26 615 36 1 3 55 35 71 4 34
76040 1109 14 199 15 682 2515 1336 382 212 31 56 1172 464 264 305 0 487 27 989 188 35 13 15 846 820 24 531 34 1 3 51 34 66 3 29
76069 1194 48 38 3 135 486 252 72 41 5 9 234 89 48 61 0 95 4 192 38 7 2 2 157 161 5 99 7 0 0 10 6 12 0 5
76074 1195 48 411 30 1399 5080 2749 768 431 60 109 2415 958 541 638 0 1017 54 2029 379 74 28 31 1704 1676 49 1117 70 3 6 106 61 132 7 59
76077 1194 48 71 4 236 896 457 132 72 9 20 414 161 93 104 0 173 8 348 66 12 4 4 288 291 8 182 12 0 1 17 12 23 1 11
76079 1195 48 103 8 358 1311 691 200 106 14 29 611 238 137 149 0 256 12 504 94 18 6 7 432 430 12 280 18 0 1 26 18 32 1 16
76081 1204 47 97 7 327 1206 634 177 104 13 26 564 222 127 140 0 241 13 471 91 17 7 7 402 394 11 257 16 0 1 24 14 31 1 15
76083 1201 38 381 28 1305 4786 2572 695 409 59 104 2244 895 501 575 0 948 51 1920 367 66 26 28 1599 1587 43 1035 61 3 6 102 63 120 6 52
76085 1178 36 198 15 663 2501 1321 357 208 27 58 1159 453 251 313 0 497 28 998 187 34 11 16 816 840 24 541 34 1 3 47 34 64 3 27
76090 1186 36 103 8 351 1315 694 196 107 16 31 623 240 137 161 0 263 13 524 96 17 7 7 436 436 11 274 18 1 1 26 17 33 2 15
76093 1179 36 127 12 437 1641 875 241 139 18 35 767 305 170 182 0 323 18 650 127 24 10 11 551 548 15 355 21 1 1 32 22 43 1 16
76096 1184 38 178 14 613 2261 1229 346 194 30 46 1097 429 244 296 0 453 28 915 168 32 15 13 754 738 23 505 31 2 2 45 28 59 3 23
76097 1183 36 104 9 354 1306 694 196 109 14 30 620 234 133 146 0 261 12 514 99 18 6 6 438 450 13 275 17 0 1 25 16 32 1 16
76127 1109 11 134 9 432 1631 843 238 136 20 35 756 298 169 192 0 315 19 637 121 23 9 9 552 528 14 344 22 1 2 33 20 42 2 18
76129 1108 11 172 12 577 2178 1133 321 179 23 50 1031 398 225 270 0 433 20 851 159 33 10 12 720 723 22 456 30 1 3 44 29 54 3 27
76146 1171 20 36 2 122 462 232 71 37 4 10 215 83 49 53 0 91 3 177 34 6 2 1 151 151 3 93 6 0 0 9 6 12 0 6
76147 1160 17 103 8 349 1292 685 194 108 14 29 607 234 133 149 0 261 13 506 97 17 7 9 425 430 11 281 19 0 2 24 17 35 1 16
76148 1159 17 141 9 467 1730 910 258 146 20 39 813 317 180 201 0 338 16 667 131 23 8 9 578 569 14 363 25 0 2 33 23 43 2 21
76149 1149 28 102 7 333 1245 656 178 100 13 29 589 222 127 154 0 247 12 487 88 16 6 7 407 412 11 264 17 0 1 25 17 32 1 15
76150 1151 27 37 2 123 462 239 71 39 5 9 215 88 49 52 0 89 4 175 35 7 3 2 162 146 5 99 5 0 0 9 5 12 0 4
76152 1151 27 176 11 560 2143 1073 318 174 24 51 1001 387 228 255 0 414 18 806 156 30 10 12 706 689 19 434 30 1 3 42 28 54 3 29
76156 1151 27 93 8 323 1160 657 173 99 14 24 548 219 121 138 0 237 13 475 86 15 8 9 389 390 10 262 15 1 1 22 16 30 1 11
76157 1170 27 102 8 342 1289 681 185 108 16 28 586 236 135 148 0 254 13 516 93 18 8 7 435 427 11 271 16 1 1 26 18 33 1 14
76159 1140 18 73 4 241 905 453 138 76 10 20 424 171 97 109 0 175 8 340 69 13 4 4 299 286 10 185 13 0 1 18 12 22 1 10
76161 1138 18 66 5 225 839 452 125 70 11 18 398 157 88 106 0 165 8 341 63 12 5 5 277 277 8 186 11 0 1 18 10 22 1 9
76164 1141 18 68 4 227 855 447 125 73 10 18 420 161 91 113 0 163 9 340 63 11 5 4 289 279 9 179 11 0 0 16 11 24 1 8
76166 1135 18 211 14 670 2560 1312 368 211 27 63 1194 463 263 313 0 500 24 993 185 36 12 13 852 836 25 525 36 1 3 51 34 64 3 31
76197 1129 18 74 4 247 907 465 140 74 9 20 430 166 96 115 0 181 6 356 64 13 3 6 302 299 8 191 13 0 1 16 11 23 1 13
76198 1129 18 132 10 459 1643 891 256 134 19 35 791 308 174 217 0 333 15 669 117 24 7 10 540 552 15 371 23 1 2 35 22 41 2 20
76226 1161 20 234 17 777 2904 1547 426 244 35 64 1370 532 306 358 0 571 29 1150 212 40 15 17 965 964 26 622 39 1 3 63 36 76 4 33
76227 1161 20 39 3 131 498 251 74 38 5 11 238 87 51 58 0 97 4 190 33 6 2 2 165 163 3 100 7 0 0 9 6 13 0 6
76243 1170 34 69 5 235 879 456 134 72 9 19 412 159 92 111 0 174 8 343 63 13 4 5 291 285 10 183 12 0 1 18 11 20 1 11
76311 1180 41 68 5 222 828 435 119 69 9 17 383 149 85 92 0 161 8 320 61 12 4 5 276 267 7 180 10 0 1 17 9 22 1 10
76312 1179 41 193 17 673 2465 1309 367 213 29 53 1137 460 254 281 0 489 29 965 185 36 13 17 823 820 23 534 33 1 3 47 32 65 2 24
76318 1171 39 104 8 364 1322 707 199 108 15 29 623 247 137 174 0 265 13 534 94 19 6 7 437 434 13 291 18 1 1 25 18 32 2 15
