82808 636 25 289 22 962 3540 1917 528 297 44 79 1686 657 370 423 0 693 38 1412 260 50 21 19 1188 1175 32 748 47 1 4 73 45 88 5 42
82809 654 25 892 73 3052 11127 6030 1686 933 131 247 5269 2074 1164 1380 0 2235 117 4417 829 155 60 70 3707 3703 107 2433 152 6 15 228 151 283 16 128
82810 645 23 165 12 578 2058 1115 316 179 24 46 999 387 220 257 0 404 21 814 155 31 10 12 690 679 18 457 29 1 3 41 26 51 2 25
82812 645 23 320 22 1105 3997 2148 624 327 46 90 1910 748 425 509 0 807 38 1586 292 58 18 24 1313 1333 36 866 54 2 6 82 54 99 6 51
82813 639 23 168 11 551 2070 1088 302 175 23 46 968 375 215 235 0 400 21 803 152 29 9 10 692 672 17 436 28 0 2 41 27 53 3 26
82814 635 23 98 6 327 1203 633 183 101 15 26 559 225 126 137 0 232 13 466 89 17 7 7 409 384 11 257 16 0 1 24 14 30 2 13
82837 635 21 37 1 129 463 259 67 38 5 10 216 85 48 53 0 95 5 190 35 5 2 2 154 165 3 103 5 0 0 8 7 11 0 4
82840 635 21 132 11 433 1620 861 233 141 20 33 763 303 166 191 0 321 18 638 123 23 9 10 540 538 15 347 20 1 2 33 22 42 2 17
82842 637 21 138 9 467 1700 902 260 140 19 39 814 309 178 207 0 334 14 661 122 23 7 8 561 571 14 359 24 0 2 34 24 40 2 23
82875 595 15 360 27 1203 4438 2395 667 366 51 101 2066 823 463 528 0 879 48 1761 323 62 22 30 1460 1473 39 963 59 2 6 89 61 114 7 51
82876 596 15 71 4 239 877 444 138 72 8 21 425 164 94 111 0 172 7 327 65 13 3 4 289 283 8 182 13 0 1 18 11 23 1 13
82912 623 13 104 7 351 1270 680 196 106 14 27 595 238 135 155 0 248 12 505 92 18 5 7 422 418 10 275 18 0 1 26 16 33 2 16
82913 615 19 139 9 465 1704 885 262 146 19 40 805 316 182 203 0 329 15 647 129 24 8 9 570 549 15 358 24 0 2 35 23 43 2 21
82980 615 18 34 2 113 417 227 59 38 5 9 195 77 42 50 0 78 5 165 32 5 2 2 144 132 3 93 5 0 0 8 5 11 0 4
82983 646 32 74 6 244 918 468 141 77 8 22 448 173 98 117 0 177 9 351 68 12 4 6 308 293 11 198 12 0 1 17 13 23 1 10
82984 646 32 37 2 125 466 241 69 38 4 11 227 82 48 58 0 91 4 184 34 6 1 1 156 155 4 94 6 0 0 9 5 11 0 5
82985 629 15 144 9 480 1793 912 271 151 20 41 846 329 194 215 0 359 17 686 132 25 9 9 597 582 16 369 24 0 2 34 25 48 2 23
82989 616 15 137 9 470 1726 900 268 145 19 39 810 312 183 209 0 339 16 675 129 25 8 10 563 569 15 358 25 0 2 33 22 43 3 22
82992 616 15 139 9 482 1756 938 262 147 21 37 814 320 184 202 0 344 18 697 127 25 8 11 574 583 17 377 26 1 2 36 23 45 2 20
82997 618 15 495 40 1702 6143 3308 940 516 69 135 2930 1153 647 796 0 1232 58 2462 453 86 30 34 2027 2046 55 1344 87 3 8 124 83 150 9 75
83037 730 49 175 13 567 2135 1103 315 179 25 47 997 382 223 255 0 424 22 826 154 30 11 11 706 693 20 446 30 1 2 42 28 53 3 25
83038 736 43 64 5 217 788 430 114 68 9 16 368 150 82 95 0 160 9 322 57 12 4 5 269 262 6 181 9 0 0 14 9 20 0 9
83040 736 43 226 18 760 2756 1503 406 239 34 59 1287 523 295 340 0 545 31 1110 209 40 15 19 926 907 27 615 35 1 3 59 34 69 4 31
83041 736 43 228 18 787 2827 1533 433 237 32 61 1355 530 298 356 0 564 28 1117 208 41 13 17 926 932 28 627 40 1 3 58 37 71 4 33
83045 729 39 140 8 484 1733 928 265 148 20 38 824 320 183 205 0 340 17 674 131 26 8 10 574 578 17 373 23 1 2 33 21 43 2 22
83046 721 22 73 5 236 893 463 123 74 9 20 419 163 90 114 0 172 10 356 68 13 4 4 297 288 9 187 11 0 1 16 12 22 0 9
83047 721 22 308 21 1012 3754 1952 558 315 42 84 1772 680 393 459 0 736 37 1459 279 52 18 20 1245 1230 34 786 54 1 5 73 48 95 6 47
83048 722 22 73 5 231 869 444 130 72 10 19 406 159 92 103 0 170 8 336 61 12 3 3 285 284 7 179 12 0 1 18 11 22 1 11
83054 708 27 105 6 346 1275 676 190 103 13 30 587 235 135 154 0 252 12 493 91 18 6 7 421 413 10 277 19 0 1 25 18 34 2 16
83055 704 23 252 21 854 3125 1708 458 266 39 66 1470 577 328 395 0 632 33 1260 230 45 19 20 1043 1043 27 698 42 1 4 66 39 78 5 36
83056 703 22 199 16 676 2412 1294 377 206 29 54 1161 457 256 313 0 476 25 952 184 33 12 13 810 783 23 531 34 1 3 49 32 58 3 29
83057 699 20 311 27 1070 3926 2148 566 337 48 83 1858 743 400 476 0 777 45 1574 297 53 22 25 1339 1294 37 869 47 2 4 80 52 103 5 38
83058 700 20 271 20 882 3305 1709 499 279 39 77 1533 607 349 395 0 648 32 1280 241 49 17 20 1091 1065 30 698 47 2 5 67 43 84 5 40
83060 660 14 319 26 1079 3926 2104 601 331 47 88 1881 731 423 504 0 800 38 1568 284 56 21 22 1306 1292 34 858 55 2 5 79 53 101 6 49
83062 660 14 74 5 242 900 474 128 73 8 20 415 161 91 103 0 177 8 352 64 11 3 5 295 298 7 189 12 0 1 19 13 22 1 10
83063 660 14 90 8 313 1123 641 168 102 16 21 522 216 117 133 0 226 16 478 88 15 8 7 383 379 10 260 12 1 1 24 15 29 1 9
83064 660 14 198 15 664 2446 1297 370 205 28 54 1163 456 263 307 0 483 27 957 179 33 14 15 829 800 24 527 34 1 3 50 33 62 4 29
83066 658 13 39 2 128 486 248 71 38 5 12 227 87 52 58 0 94 4 182 34 7 2 2 162 160 4 98 7 0 1 9 6 12 0 6
83086 657 34 69 5 242 869 464 135 73 10 18 426 165 92 119 0 177 9 347 64 12 4 5 295 284 9 198 11 0 1 16 11 23 1 9
83088 657 34 194 16 661 2394 1294 361 201 25 52 1138 445 251 296 0 479 24 949 179 33 11 15 797 791 22 533 32 1 3 48 33 59 3 27
83092 662 31 400 32 1354 4944 2720 733 428 63 106 2320 938 517 621 0 981 56 2004 378 71 30 33 1667 1626 50 1106 66 4 6 104 63 129 6 53
83196 620 11 103 8 341 1264 661 193 106 14 29 603 231 136 154 0 251 13 487 94 18 6 7 419 412 11 275 17 0 1 26 17 33 1 15
83236 587 18 35 2 123 448 240 68 37 5 10 209 82 45 53 0 88 5 181 34 6 2 2 149 150 3 97 6 0 0 9 5 10 0 5
83237 587 18 36 2 116 446 240 62 39 5 9 211 82 46 52 0 87 6 182 35 5 2 2 150 145 4 99 5 0 0 8 6 11 0 3
83238 586 18 135 11 450 1667 861 256 139 18 39 809 309 177 221 0 329 16 654 122 24 7 10 555 541 16 350 24 1 2 33 22 44 2 21
83240 585 18 559 43 1863 6855 3672 1031 571 78 155 3243 1277 710 848 0 1361 71 2699 513 98 33 41 2284 2280 61 1485 94 3 9 139 91 172 9 84
83241 584 16 71 5 231 862 445 126 72 8 19 396 153 90 103 0 165 8 340 64 11 3 4 279 282 7 178 10 0 1 18 13 20 1 10
83246 613 30 141 10 471 1750 913 259 147 20 42 819 323 185 213 0 347 18 689 130 23 8 10 581 573 18 376 23 1 2 34 22 44 2 20
83248 613 30 138 9 468 1708 892 266 139 17 41 810 310 180 205 0 342 17 654 121 24 8 9 558 572 15 357 23 0 2 34 22 42 2 23
83249 613 30 161 13 544 1978 1076 297 166 22 43 943 364 207 237 0 390 21 789 151 28 10 12 665 655 17 437 27 1 2 41 25 50 3 22
83254 617 30 144 9 475 1792 919 265 146 18 42 841 317 186 208 0 352 16 678 132 27 7 10 596 594 15 366 25 0 2 33 24 44 2 25
83265 614 30 165 12 554 2084 1082 310 175 24 47 965 375 219 238 0 408 22 812 157 30 10 12 689 682 21 442 27 0 2 44 25 54 2 26
83266 614 30 35 2 118 452 242 63 38 4 10 200 83 47 53 0 88 5 179 34 6 2 2 149 148 4 100 5 0 0 9 6 11 0 4
83271 614 30 561 42 1894 6944 3704 1035 572 78 157 3298 1283 727 896 0 1383 69 2757 507 98 33 43 2303 2301 66 1496 98 4 10 141 94 173 10 87
83283 615 30 36 2 120 459 229 65 39 4 10 219 83 48 57 0 90 6 181 34 6 1 2 155 151 4 94 6 0 0 7 5 12 0 5
83285 614 30 232 19 763 2813 1503 423 239 35 60 1307 522 294 340 0 552 31 1111 202 40 15 16 937 935 25 600 41 1 3 58 37 72 4 32
83286 618 30 173 12 588 2111 1131 325 176 25 44 1006 394 223 247 0 418 21 819 156 30 10 12 697 708 20 456 28 1 2 45 29 51 3 25
83289 620 30 73 5 242 901 468 135 76 10 18 418 162 92 105 0 172 9 350 67 12 4 4 298 299 9 189 12 0 1 18 12 22 1 10
83292 616 30 37 2 120 450 229 71 37 5 10 210 81 46 51 0 88 4 169 32 6 2 1 155 147 3 92 5 0 0 8 5 11 0 6
83294 606 16 68 5 237 859 471 124 71 10 19 398 160 90 106 0 173 9 354 63 12 4 5 285 289 6 188 11 0 1 17 11 22 1 10
83295 608 16 72 6 229 878 455 128 74 9 19 394 163 88 101 0 169 9 339 66 12 4 5 294 282 8 186 10 0 1 18 12 24 1 9
83298 608 16 99 8 344 1237 653 193 102 13 26 600 228 133 157 0 245 11 478 91 18 6 7 416 405 11 266 16 0 1 23 15 32 2 15
83355 697 18 38 2 132 485 265 71 39 5 12 235 86 50 59 0 94 5 190 34 6 2 3 163 165 4 107 6 0 0 8 5 13 0 5
83359 696 17 71 5 225 841 440 125 69 8 19 403 150 88 99 0 166 8 325 61 12 4 4 282 276 7 179 12 0 1 16 12 20 1 10
83392 579 12 143 10 476 1728 910 261 141 17 40 836 311 180 222 0 345 14 668 127 24 6 9 562 572 15 363 26 0 3 35 22 41 2 25
83417 578 19 166 12 561 2046 1104 303 171 24 46 941 383 213 239 0 404 22 818 150 28 9 10 673 689 16 436 29 1 2 41 27 49 3 23
83418 592 23 391 32 1349 4881 2645 749 408 58 113 2333 920 508 619 0 977 50 1960 365 68 25 29 1624 1624 50 1069 67 3 6 95 66 118 7 56
83423 592 22 102 8 329 1246 685 176 109 16 26 578 236 130 144 0 242 13 506 99 17 8 7 420 418 12 275 15 0 1 28 16 32 1 13
83425 583 15 36 2 115 425 231 58 38 5 8 187 79 43 46 0 83 5 174 32 6 2 2 141 140 3 93 4 0 0 8 4 10 0 4
83426 576 15 32 1 105 410 205 57 35 5 8 181 72 43 42 0 76 5 156 33 6 2 1 138 130 3 85 4 0 0 9 4 10 0 4
83437 578 15 327 24 1098 4046 2156 604 334 47 89 1934 743 421 500 0 797 42 1604 290 56 20 23 1347 1339 34 869 55 2 5 80 54 102 6 50
83438 576 15 132 11 442 1638 865 244 138 18 36 782 299 173 204 0 329 17 653 122 23 8 10 555 541 16 351 21 0 2 33 22 40 2 19
83443 594 18 132 9 445 1626 870 246 138 18 36 759 306 171 202 0 322 16 645 121 24 8 10 548 529 15 360 22 1 2 33 20 43 2 20
83444 594 18 68 4 222 844 431 125 70 9 20 393 152 90 98 0 163 7 319 63 12 4 4 282 272 8 176 12 0 1 17 10 20 1 11
83446 593 18 37 2 130 467 255 74 36 5 11 225 91 51 59 0 94 5 191 34 7 2 2 153 158 4 104 6 0 0 8 6 11 0 5
83447 595 16 170 11 574 2103 1122 324 175 26 45 982 390 225 249 0 412 20 821 153 29 11 11 698 690 18 447 30 1 2 44 28 54 3 25
83448 595 16 218 18 760 2745 1487 410 236 34 61 1313 518 292 358 0 542 28 1104 203 40 15 17 916 901 26 605 39 2 4 55 35 68 4 31
83503 613 17 107 7 357 1325 692 193 109 15 30 635 241 138 167 0 255 12 517 98 18 6 7 437 437 12 280 18 0 2 27 18 33 1 15
83506 610 14 170 11 573 2122 1097 324 173 24 50 1011 386 225 260 0 420 18 816 154 30 11 10 711 693 20 436 31 1 3 41 28 54 3 28
83507 614 12 408 29 1371 5025 2674 762 418 60 111 2363 931 530 604 0 994 48 1983 364 70 26 26 1672 1663 44 1065 68 3 7 103 67 128 7 60
83545 649 16 309 19 1026 3817 1997 574 320 44 87 1803 689 408 454 0 747 36 1466 285 55 17 22 1255 1261 35 804 56 1 5 75 51 95 5 48
83546 649 16 95 7 323 1205 640 170 105 15 25 576 224 125 155 0 243 15 487 94 15 7 6 409 396 12 270 15 0 1 24 13 30 1 12
83551 648 15 694 54 2323 8532 4541 1295 708 99 194 4058 1573 897 1049 0 1703 86 3352 625 120 42 51 2814 2852 73 1817 117 4 12 177 118 214 13 103
83554 647 14 39 2 124 467 241 68 41 5 11 215 82 48 54 0 93 5 181 35 6 2 2 153 151 4 101 6 0 0 10 5 12 0 5
83555 649 14 74 5 235 881 449 134 72 9 21 411 157 94 104 0 170 7 332 63 12 3 5 289 288 7 179 12 0 1 18 12 22 1 12
83558 647 14 227 19 777 2777 1523 425 238 35 60 1347 523 291 348 0 562 31 1116 214 38 16 16 930 924 27 610 37 2 3 55 36 69 4 31
83560 647 14 209 15 700 2589 1371 377 216 27 60 1198 476 269 313 0 515 25 1012 191 36 12 15 850 851 24 547 37 0 3 51 34 68 3 31
83579 678 25 331 26 1120 4100 2172 622 345 49 92 1955 757 435 497 0 810 40 1587 302 58 21 24 1373 1342 37 879 57 2 5 80 53 106 6 50
83580 678 25 177 12 575 2178 1110 325 177 24 49 1014 392 227 265 0 429 19 843 156 28 9 12 717 715 19 443 29 1 3 43 31 55 3 26
83583 678 25 134 9 455 1698 904 246 136 18 38 808 305 176 206 0 335 15 665 124 23 8 10 561 572 14 361 23 0 2 33 23 42 2 22
83591 591 15 68 4 234 837 438 126 72 9 18 407 155 89 108 0 166 8 331 60 11 4 4 280 275 8 177 11 0 1 17 10 21 1 10
83598 593 15 41 2 134 495 249 77 41 4 12 235 90 53 60 0 96 5 184 37 6 2 2 160 160 4 103 7 0 0 9 6 12 0 6
83601 606 11 158 12 542 1985 1062 300 166 24 42 945 370 211 258 0 393 19 793 147 28 10 12 658 652 18 434 26 1 3 41 26 50 3 23
83622 650 13 75 5 259 923 501 140 75 9 21 438 164 93 114 0 181 8 357 67 12 3 6 301 313 8 197 14 0 1 19 13 24 1 11
83624 632 18 41 2 132 514 252 75 40 5 11 241 87 53 61 0 99 3 191 37 7 2 2 167 167 4 100 7 0 0 9 7 13 0 7
83625 631 18 69 5 233 851 446 128 72 10 19 404 159 90 105 0 169 9 334 64 12 4 4 281 280 7 182 11 0 1 18 10 21 1 10
83639 615 20 67 5 225 833 431 123 72 10 19 399 152 87 108 0 163 9 334 63 12 4 4 276 275 8 176 10 0 1 16 10 20 1 9
83717 577 18 34 2 116 427 234 65 37 5 9 202 80 46 51 0 80 5 167 32 6 1 2 144 140 4 95 6 0 0 8 5 10 0 5
83726 625 24 94 7 329 1189 657 180 101 14 26 560 227 123 147 0 238 14 494 91 17 6 7 398 395 10 270 15 0 1 26 15 30 2 13
83727 625 24 231 18 796 2880 1562 445 243 33 69 1389 537 297 376 0 579 30 1156 221 39 14 17 961 962 29 629 38 1 4 54 39 71 4 34
83729 636 19 165 13 546 2040 1090 299 175 26 44 955 380 212 242 0 403 23 814 152 29 12 11 683 664 21 442 26 1 2 40 27 53 2 23
83732 627 19 391 32 1339 4904 2669 734 413 59 109 2322 910 510 588 0 980 57 1968 366 67 27 31 1631 1652 45 1064 65 3 6 98 65 126 6 50
83733 627 19 166 12 568 2061 1083 317 173 23 45 991 383 216 261 0 405 19 805 151 31 10 11 681 681 19 435 29 0 3 42 27 54 3 27
83734 628 19 372 27 1246 4641 2436 682 386 52 105 2191 848 484 551 0 911 46 1809 348 64 23 26 1558 1526 41 986 63 2 6 97 62 121 6 57
83735 628 19 174 11 579 2129 1122 315 179 23 46 1005 389 221 266 0 419 20 835 156 29 10 12 699 700 20 453 29 1 3 43 28 52 3 27
83738 651 26 140 9 458 1695 928 240 148 20 39 797 318 171 206 0 332 17 682 127 22 9 9 562 573 18 371 22 1 2 34 22 44 2 18
83740 769 91 460 35 1563 5700 3044 852 477 68 128 2686 1057 595 707 0 1138 61 2259 416 79 29 33 1869 1908 51 1231 81 3 8 116 77 142 9 67
83741 762 88 228 19 780 2842 1502 427 241 32 61 1353 534 298 350 0 568 28 1111 213 38 14 17 957 930 27 610 38 1 3 57 36 73 4 32
83743 786 91 366 25 1225 4439 2367 671 373 51 98 2105 823 470 531 0 876 45 1723 327 63 23 24 1473 1465 38 957 63 2 6 90 59 111 6 55
83744 774 87 40 2 131 484 245 74 39 4 10 224 89 52 52 0 94 4 178 35 6 2 2 159 157 4 98 6 0 0 9 5 13 0 6
83745 777 87 111 7 360 1337 693 202 111 13 29 627 248 142 166 0 265 11 522 97 19 6 7 442 439 13 282 20 0 1 26 17 34 2 17
83746 796 89 65 5 217 804 428 114 72 9 16 383 154 84 101 0 160 9 319 61 11 5 5 276 257 9 180 10 0 0 17 10 23 0 7
83747 782 84 125 11 440 1557 870 239 131 19 33 740 299 164 195 0 315 18 635 117 22 8 10 527 520 13 355 19 0 2 32 20 41 2 16
83753 781 84 294 23 992 3630 1966 540 305 46 76 1716 680 384 447 0 720 39 1455 266 52 22 23 1215 1197 32 795 50 2 4 75 48 94 5 41
83754 789 87 109 8 357 1321 706 196 105 14 31 630 243 134 161 0 264 13 525 94 18 6 7 436 445 12 276 18 0 1 26 18 33 2 15
83755 784 84 467 33 1587 5865 3118 880 493 70 134 2779 1071 625 704 0 1154 57 2286 441 84 29 37 1935 1949 55 1253 83 3 8 115 78 148 8 70
83756 785 96 73 5 253 921 478 135 75 9 21 436 169 98 108 0 181 9 353 67 12 4 4 307 302 7 191 12 0 1 18 12 22 1 11
83757 787 96 198 16 659 2448 1316 364 207 28 57 1163 457 256 287 0 485 23 966 180 35 11 15 804 821 23 532 31 1 3 50 33 62 3 29
83761 786 96 106 9 359 1301 687 201 114 13 28 631 248 137 172 0 262 12 516 98 19 5 7 425 430 13 285 17 0 1 26 14 33 2 15
83762 756 26 41 3 139 504 254 78 43 5 10 247 95 53 61 0 96 4 186 36 6 2 2 166 161 5 101 7 0 0 10 6 13 0 6
83763 749 20 360 29 1235 4457 2394 694 380 51 101 2138 842 475 562 0 880 48 1766 336 68 22 27 1500 1476 45 971 59 3 6 90 55 112 6 54
83764 771 21 39 2 130 483 239 72 41 4 10 228 89 52 57 0 91 3 177 36 7 2 2 159 156 4 95 7 0 0 9 5 13 0 6
83765 756 20 362 28 1211 4438 2357 687 368 52 102 2101 819 466 542 0 872 42 1736 323 63 23 25 1477 1465 43 948 62 2 6 90 59 111 7 56
83766 740 11 394 29 1301 4776 2542 712 412 56 104 2269 890 503 575 0 945 53 1864 367 68 26 26 1613 1564 46 1033 65 3 6 98 62 126 5 55
83768 742 11 36 2 132 455 259 71 39 5 9 224 87 47 55 0 89 4 181 34 6 2 3 153 157 4 98 6 0 0 9 6 10 0 5
83769 758 11 133 11 458 1675 894 249 145 20 39 807 321 177 216 0 334 20 674 129 22 9 10 561 553 18 368 20 1 2 33 20 43 1 16
83770 751 11 320 24 1084 3950 2150 584 332 47 90 1862 744 416 457 0 773 42 1556 295 55 21 22 1313 1313 32 859 52 2 5 83 53 102 5 44
83773 750 11 556 45 1868 6845 3688 1045 569 79 157 3292 1278 719 865 0 1368 70 2700 497 95 36 37 2254 2286 63 1493 99 3 9 139 93 168 11 83
83786 772 31 64 4 222 825 438 123 68 10 16 394 155 85 103 0 160 10 333 62 12 5 4 275 268 9 177 10 0 0 18 11 22 1 8
83811 733 12 68 3 232 845 448 121 71 9 19 400 157 89 98 0 165 8 324 61 11 3 4 280 283 7 178 12 0 1 17 10 21 1 10
83813 740 12 35 2 121 443 247 63 37 4 8 202 81 44 49 0 85 5 179 33 6 2 2 146 151 4 100 5 0 0 10 5 10 0 4
83815 736 12 417 29 1362 5058 2631 758 419 54 115 2386 924 531 606 0 996 46 1927 371 72 22 28 1665 1652 45 1076 74 1 7 99 68 130 7 67
83816 735 12 171 11 573 2118 1119 323 174 23 47 999 389 224 247 0 416 19 824 154 30 11 11 704 704 20 445 30 1 3 41 28 54 3 25
83817 733 12 106 7 366 1308 683 211 107 14 30 635 245 140 167 0 258 12 507 93 18 6 5 434 433 12 270 19 0 2 25 17 30 2 17
83820 733 12 44 3 155 559 296 85 46 5 13 262 105 57 66 0 114 5 221 41 6 2 3 186 191 4 120 7 0 0 10 7 14 0 6
83873 742 20 36 3 116 441 236 64 36 4 9 205 80 45 53 0 89 5 179 30 6 2 3 146 149 4 97 5 0 0 9 4 12 0 5
83874 741 20 359 26 1203 4412 2351 673 371 52 96 2094 834 467 526 0 864 48 1717 330 65 24 26 1494 1436 40 957 61 2 6 92 55 115 6 53
83880 743 20 68 5 245 861 495 128 71 10 19 421 163 90 110 0 176 9 356 62 12 4 6 276 302 7 194 11 0 1 18 12 19 1 8
83885 807 31 163 13 538 2034 1054 305 170 23 47 952 373 215 253 0 403 23 800 149 29 10 10 677 666 18 428 27 1 2 41 26 48 3 23
83886 804 30 39 4 135 487 251 77 41 5 11 238 92 50 64 0 101 4 192 36 6 2 2 161 163 4 103 7 0 0 9 6 11 0 6
83887 810 30 38 2 120 468 239 65 38 5 10 215 84 49 51 0 86 4 171 35 7 2 2 154 148 4 94 6 0 0 10 6 12 0 5
83890 811 19 64 4 215 808 439 126 67 9 17 373 149 87 93 0 159 10 321 62 11 4 4 273 265 7 177 10 0 1 18 9 21 1 9
83891 811 19 111 8 365 1355 696 204 111 15 31 642 247 144 157 0 267 11 515 95 20 5 6 454 443 13 274 20 1 2 28 19 36 1 17
83895 811 19 236 16 773 2862 1509 426 235 33 66 1333 533 295 341 0 565 30 1131 211 40 14 15 950 935 27 611 40 1 3 59 38 73 4 35
83897 811 19 172 12 574 2089 1104 327 178 22 46 979 388 221 242 0 412 19 811 156 30 9 12 687 694 18 447 29 1 3 43 28 53 3 27
83898 808 19 38 2 126 457 247 67 39 4 9 208 89 48 53 0 90 4 182 34 6 2 2 148 151 4 100 6 0 0 10 6 12 0 5
