84800 741 15 169 13 557 2067 1076 310 174 24 45 986 386 221 244 0 404 23 800 154 29 9 12 685 669 17 434 29 1 2 41 29 53 3 25
84804 788 11 160 13 548 2030 1107 297 176 25 44 933 379 211 228 0 403 23 820 152 28 12 15 677 680 18 443 25 1 2 43 28 53 3 22
84806 795 18 42 3 132 526 257 72 45 6 11 243 93 56 54 0 101 5 191 40 7 2 3 177 171 5 104 7 0 0 10 6 15 0 7
84808 795 18 202 14 683 2467 1295 379 208 27 55 1185 462 259 308 0 485 23 964 182 36 12 13 820 812 22 521 35 1 3 50 33 64 4 32
84809 801 14 231 18 765 2856 1492 433 241 33 65 1339 529 299 344 0 570 30 1115 213 40 15 16 950 932 25 607 40 2 4 54 39 72 4 34
84812 828 19 41 2 129 487 238 72 39 4 11 232 89 54 61 0 95 4 181 34 7 1 2 158 156 5 97 7 0 1 10 6 12 0 8
84819 895 48 137 9 452 1707 913 247 142 20 38 796 312 174 208 0 344 16 673 124 23 9 11 553 570 16 374 24 0 2 33 22 42 2 20
84823 895 47 92 9 306 1149 622 171 96 15 24 542 216 120 136 0 235 15 455 87 16 7 8 395 379 11 258 13 1 1 22 15 30 1 11
84846 757 14 373 28 1219 4556 2393 675 386 52 105 2144 835 475 533 0 885 49 1769 336 68 22 26 1520 1498 43 955 63 2 6 92 60 116 6 55
84852 757 14 32 3 108 407 207 55 40 6 9 184 80 46 46 0 81 5 164 34 5 3 2 142 123 4 90 4 0 0 9 5 11 0 3
84859 655 55 42 2 135 500 250 80 39 4 12 240 89 54 58 0 97 2 182 35 8 1 2 157 165 4 102 8 0 1 10 7 12 1 8
84860 655 55 487 41 1655 6007 3244 902 506 72 137 2863 1113 629 740 0 1209 63 2382 441 87 32 37 2008 2006 54 1331 82 3 8 125 79 150 9 70
84862 684 58 267 19 899 3239 1774 500 271 38 70 1533 611 347 396 0 651 30 1276 234 45 16 20 1061 1084 28 715 47 1 4 66 45 83 5 39
84863 643 33 504 37 1659 6153 3260 919 515 71 136 2908 1138 648 741 0 1215 63 2401 452 88 31 40 2042 2032 56 1305 87 3 8 124 85 164 9 72
84864 676 47 69 5 232 869 464 125 75 9 19 409 162 88 102 0 171 10 344 66 12 4 5 292 287 8 192 10 0 1 17 12 23 1 8
84865 675 42 106 7 357 1323 687 203 109 13 32 623 243 140 157 0 260 12 503 96 19 5 6 436 433 13 276 19 0 1 27 17 33 1 17
84866 666 31 39 2 131 468 244 72 39 4 10 225 84 49 58 0 92 4 179 33 6 1 2 154 153 4 101 7 0 0 9 6 11 1 6
84867 663 31 223 15 746 2705 1464 408 231 32 58 1279 497 286 329 0 539 28 1065 200 42 14 15 887 903 24 585 38 1 3 58 35 68 4 34
84872 662 42 70 5 234 851 461 128 73 9 20 415 161 91 107 0 170 7 332 64 12 3 5 286 280 9 189 11 0 1 16 12 22 1 10
84875 719 67 138 9 463 1709 895 259 140 19 39 802 316 180 202 0 333 16 664 128 23 8 8 565 559 14 358 23 0 2 34 26 43 2 20
84876 715 58 173 12 570 2106 1147 303 181 25 43 948 386 216 233 0 404 22 840 166 30 10 13 694 706 19 450 26 1 2 44 30 52 2 21
84877 713 58 107 8 361 1312 671 205 107 13 31 642 240 141 161 0 258 10 495 94 17 5 6 433 433 10 265 19 0 2 26 17 34 2 19
84878 713 46 245 18 814 3024 1584 444 253 33 71 1407 553 317 364 0 601 28 1174 223 43 14 17 996 994 28 634 43 1 4 60 40 80 4 37
84883 702 36 71 5 244 880 462 135 73 9 20 421 162 93 107 0 175 8 339 65 13 3 4 286 295 8 186 12 0 1 17 10 22 1 10
84884 700 35 129 11 449 1686 913 237 140 20 38 768 301 169 196 0 328 19 682 131 23 9 10 564 561 16 364 21 1 1 34 23 43 2 18
84889 700 30 168 12 552 2061 1081 303 172 25 47 959 375 215 238 0 401 23 793 155 29 11 12 696 672 18 440 29 1 2 41 26 52 3 24
84890 699 30 135 10 443 1661 863 243 148 21 36 763 315 181 193 0 324 17 644 130 23 9 10 553 531 15 359 22 1 2 34 23 44 2 17
84892 688 30 525 44 1774 6448 3511 974 547 73 146 3042 1213 680 796 0 1287 67 2565 481 90 35 46 2130 2143 60 1427 86 4 8 134 90 164 10 74
84899 688 30 73 4 242 884 464 138 72 10 20 415 162 94 106 0 176 7 343 65 12 3 4 286 296 7 184 12 0 1 17 12 22 1 12
84900 688 30 325 27 1096 4003 2171 608 336 47 89 1898 752 419 510 0 801 42 1608 296 56 21 25 1332 1333 38 871 54 2 5 84 53 100 6 46
84901 686 40 236 17 765 2809 1500 433 234 33 65 1322 519 299 316 0 550 29 1089 210 41 14 16 937 921 24 609 38 1 3 57 38 72 4 33
84903 650 26 329 22 1096 3996 2111 618 333 45 90 1926 737 428 498 0 791 38 1547 292 60 18 22 1325 1310 38 861 57 2 5 81 51 98 6 51
84906 650 26 307 20 1027 3776 2000 568 300 40 90 1796 702 397 454 0 746 35 1454 270 50 17 20 1249 1248 32 798 54 1 5 79 54 95 6 49
84907 653 26 362 26 1193 4378 2322 671 365 50 101 2075 814 464 553 0 881 42 1704 319 63 22 26 1444 1444 40 941 64 1 6 89 58 110 7 57
84909 650 26 38 2 125 451 237 70 37 5 10 219 85 48 56 0 86 4 173 33 6 1 2 147 148 5 100 6 0 0 10 6 11 0 5
84910 650 26 162 13 550 2001 1078 306 172 24 45 958 376 213 251 0 389 23 791 153 30 11 12 676 655 19 436 27 1 2 39 25 52 3 22
84912 650 26 154 11 518 1941 1036 291 165 23 42 919 359 207 231 0 388 20 752 149 28 11 13 650 636 17 418 26 1 2 39 26 51 3 22
84915 675 30 35 2 117 423 221 67 36 5 9 203 80 45 53 0 81 3 163 32 6 2 2 140 138 3 93 6 0 0 9 5 11 1 5
84916 563 14 41 2 135 497 258 77 39 5 11 246 93 54 61 0 96 4 187 35 7 1 3 164 164 5 105 7 0 0 10 7 13 0 6
84918 629 22 140 11 476 1714 916 265 144 19 38 822 315 183 202 0 344 15 674 127 24 8 10 565 568 15 365 25 0 2 33 24 44 2 20
84919 624 22 175 12 593 2160 1132 331 174 23 50 1050 401 232 273 0 438 19 835 152 30 9 11 714 718 18 456 31 1 3 42 30 54 3 29
84920 628 22 100 8 334 1235 673 178 106 16 26 568 229 126 155 0 244 13 495 95 18 7 9 415 403 11 273 16 0 1 25 16 31 2 13
84923 632 22 324 23 1064 3990 2090 594 339 48 87 1859 731 422 461 0 777 43 1554 298 58 22 21 1328 1309 33 834 54 2 6 81 51 102 5 47
84925 647 14 73 5 237 867 448 138 73 9 19 416 162 94 104 0 168 8 330 62 13 3 4 289 279 8 186 12 0 1 17 12 22 1 11
84926 624 16 162 12 547 1980 1057 309 174 25 44 931 375 209 245 0 388 22 777 146 28 11 12 661 646 21 432 27 1 2 40 23 50 2 23
84928 632 19 264 20 890 3231 1719 502 267 38 75 1535 605 346 387 0 641 31 1246 238 46 16 17 1078 1057 25 688 45 1 4 65 43 80 5 40
84929 632 14 421 35 1435 5244 2816 802 436 62 118 2504 974 558 639 0 1043 55 2061 386 73 28 32 1747 1730 47 1133 76 3 7 106 72 135 8 62
84933 637 29 133 8 439 1625 887 237 137 20 35 757 304 168 198 0 320 17 654 116 23 7 9 537 539 14 358 21 1 2 32 22 41 2 18
84935 634 28 43 3 131 501 250 75 42 5 11 241 93 53 60 0 100 4 188 38 8 2 3 162 163 5 105 7 0 0 10 6 13 0 6
84936 635 28 103 8 344 1276 679 193 108 16 27 617 237 135 157 0 254 13 508 92 18 6 7 421 420 12 273 17 1 1 26 18 31 2 14
84937 631 12 101 10 362 1258 716 194 106 15 27 596 240 137 158 0 261 13 527 91 17 6 9 421 424 9 294 18 1 1 26 16 33 2 14
84939 781 55 329 23 1100 4002 2184 604 339 47 88 1879 755 418 480 0 797 43 1587 306 56 21 27 1328 1335 39 895 57 2 5 81 52 103 6 48
84942 782 55 221 17 780 2795 1550 418 238 34 58 1325 528 295 340 0 560 32 1126 211 39 16 18 935 934 25 629 35 1 3 56 38 72 4 29
84946 753 15 220 18 750 2739 1484 415 237 36 59 1318 519 291 339 0 538 33 1098 205 38 17 16 936 910 24 594 35 2 3 55 37 72 3 28
84948 753 15 105 7 341 1261 653 188 106 15 29 588 234 137 140 0 250 12 487 95 16 7 7 435 404 10 272 18 0 1 24 16 34 1 14
84949 753 15 125 9 434 1560 862 243 133 20 35 750 302 166 185 0 309 18 609 116 23 9 9 535 511 14 348 20 1 2 30 19 40 2 17
84960 753 13 108 7 376 1358 717 210 111 16 33 660 251 147 163 0 266 12 522 98 18 6 7 452 451 13 290 18 0 2 26 17 35 2 16
84962 764 32 70 4 227 855 453 121 70 9 18 387 159 88 98 0 165 9 335 62 11 4 5 282 282 7 182 11 0 1 17 11 24 1 9
84967 757 12 171 12 585 2108 1122 319 179 24 48 1019 396 227 287 0 426 17 842 153 29 10 13 693 696 20 455 30 1 3 42 28 52 3 27
84977 719 58 302 22 1038 3762 2021 568 314 44 87 1803 698 393 491 0 756 36 1502 276 52 19 22 1247 1260 34 810 52 2 5 74 52 93 5 45
84978 725 52 378 28 1236 4599 2426 682 388 51 104 2161 843 482 569 0 907 45 1797 344 66 22 28 1521 1515 47 990 63 2 5 95 58 117 7 57
84980 732 54 140 10 465 1724 895 261 142 18 39 809 315 181 205 0 337 15 655 126 25 7 11 572 564 15 361 25 0 2 35 21 45 2 23
84981 660 20 42 3 131 512 252 73 42 5 12 242 89 53 59 0 105 3 195 36 7 2 3 166 170 3 103 8 0 0 9 7 14 0 6
84982 663 20 35 2 112 420 223 62 35 5 9 196 79 46 50 0 82 4 167 30 6 2 3 139 140 3 88 5 0 0 8 5 10 0 5
84985 661 20 107 7 346 1306 672 198 108 14 30 609 234 139 151 0 257 11 499 95 19 5 7 429 429 11 275 19 0 1 27 16 33 2 18
84986 661 20 128 11 460 1606 886 258 137 19 36 807 307 174 210 0 330 16 649 117 23 8 8 536 532 16 361 24 0 2 32 22 39 2 18
84988 662 20 38 2 122 455 228 71 38 5 10 217 82 50 49 0 88 3 165 35 6 2 2 152 146 4 94 6 0 0 8 5 12 0 6
84989 656 16 202 15 656 2478 1298 370 209 30 55 1149 449 259 293 0 480 27 960 183 38 13 15 826 808 21 521 33 1 3 51 33 63 3 28
84991 656 16 478 34 1565 5835 3045 877 487 66 130 2763 1063 620 715 0 1159 57 2278 433 82 29 32 1933 1927 52 1229 80 3 8 114 75 147 9 71
84992 656 16 447 38 1510 5496 2981 837 461 65 121 2620 1036 580 695 0 1108 59 2206 406 79 31 34 1836 1820 53 1216 73 3 7 114 74 139 8 62
84996 664 15 387 30 1309 4748 2538 736 403 57 106 2260 890 506 589 0 952 51 1856 351 67 24 30 1578 1575 43 1040 68 2 6 95 63 122 7 55
84997 664 15 42 2 137 485 246 78 40 5 12 242 88 53 62 0 97 3 182 34 7 1 1 160 158 3 101 7 0 1 9 6 12 1 7
84998 664 15 73 5 239 875 458 138 73 11 21 417 162 94 94 0 171 7 327 66 13 4 3 301 290 7 180 12 0 1 17 11 23 1 11
84999 660 16 38 2 127 460 243 69 38 5 10 216 83 49 49 0 90 3 180 34 7 1 2 152 156 3 97 6 0 0 9 5 11 0 6
85002 655 15 42 3 141 509 261 80 41 5 11 252 92 55 60 0 98 3 186 38 7 2 2 166 169 4 103 7 0 0 11 7 13 0 7
85013 579 11 40 2 124 453 235 70 38 5 10 212 85 49 52 0 88 5 173 34 6 1 2 149 144 4 99 7 0 0 8 6 12 0 5
85017 602 16 98 6 330 1223 651 182 106 14 28 571 228 126 146 0 241 13 480 94 17 6 7 402 403 11 261 16 0 1 23 17 29 1 15
85022 598 13 38 2 120 444 230 70 38 6 9 212 83 49 53 0 88 4 167 35 6 2 2 146 144 4 94 6 0 0 9 5 11 0 5
85023 606 16 125 9 421 1559 825 236 129 17 34 728 291 166 191 0 315 15 611 115 21 8 9 510 507 14 343 20 1 2 32 21 39 2 18
85037 613 16 217 19 728 2732 1506 394 241 35 58 1254 510 281 315 0 549 32 1110 212 38 17 19 916 914 23 607 34 1 3 55 37 72 3 28
85046 583 11 40 2 118 461 230 67 39 5 11 210 84 48 49 0 86 3 169 33 7 2 2 158 146 3 94 7 0 0 8 6 13 0 6
85047 613 12 371 27 1247 4530 2408 702 375 52 103 2150 842 484 546 0 894 39 1751 333 64 22 24 1500 1504 38 961 64 2 6 90 60 115 7 59
85058 603 16 172 12 591 2122 1119 316 182 25 49 1007 390 219 250 0 417 19 824 159 28 10 11 703 701 16 440 30 1 3 43 29 52 3 27
85065 581 12 39 2 127 470 240 73 38 4 11 225 85 50 58 0 92 3 177 34 7 1 2 153 155 3 98 7 0 0 8 6 11 0 7
85067 615 12 76 4 259 948 478 147 77 10 22 440 168 100 116 0 185 7 357 66 15 3 4 304 312 9 197 15 0 1 19 12 23 1 13
85074 603 16 71 5 237 856 453 138 73 9 20 416 161 89 102 0 171 8 327 65 12 4 4 283 285 7 186 11 0 1 17 10 21 1 11
85076 598 14 530 42 1782 6552 3521 979 551 76 142 3097 1218 680 814 0 1303 64 2626 485 90 33 41 2178 2181 59 1418 88 4 8 135 90 162 10 75
85077 594 20 194 16 652 2369 1293 356 195 27 54 1149 446 251 303 0 473 25 940 171 35 11 15 795 787 20 523 34 1 3 49 31 60 4 29
85079 731 91 329 26 1089 4031 2135 601 336 44 89 1892 740 427 502 0 810 40 1591 294 54 18 26 1321 1321 35 869 57 2 5 83 55 103 6 47
85080 733 91 39 2 135 476 249 76 38 5 11 222 91 53 61 0 95 3 188 32 6 1 2 155 155 4 101 7 0 0 10 7 12 1 6
85082 715 86 116 7 367 1398 708 208 114 13 32 648 253 147 165 0 271 12 525 104 19 5 7 457 456 13 284 20 0 2 29 18 36 2 19
85084 717 85 293 23 968 3609 1923 542 316 45 77 1715 681 382 445 0 706 41 1427 276 53 21 23 1215 1167 41 783 49 3 4 77 45 95 5 38
85086 739 86 76 5 257 948 479 147 79 11 21 445 171 102 112 0 187 8 363 67 13 4 6 309 312 10 189 14 0 1 19 12 24 1 11
85088 739 86 446 33 1460 5459 2830 817 465 61 124 2543 1000 567 641 0 1071 52 2094 408 81 25 31 1815 1783 54 1137 75 2 7 110 69 140 7 69
85090 739 86 450 36 1499 5500 2977 813 479 67 120 2585 1041 574 673 0 1093 60 2174 418 76 32 31 1842 1789 55 1210 74 4 7 117 72 144 7 59
85093 739 85 69 4 247 874 469 138 73 11 18 423 159 96 116 0 177 8 345 61 13 4 5 289 294 7 189 12 0 1 18 11 22 1 11
85094 746 85 65 4 227 812 447 124 68 10 17 380 153 85 91 0 160 9 323 62 11 4 4 274 270 6 174 10 0 1 17 11 21 1 9
85095 746 85 248 17 805 3003 1544 452 253 32 68 1406 549 314 354 0 585 30 1151 222 45 13 17 999 972 29 629 43 2 4 61 38 77 4 38
85101 742 85 78 3 254 937 469 148 76 9 22 446 169 103 113 0 182 6 343 66 13 3 4 308 301 8 189 15 0 1 19 12 23 1 14
85104 742 85 552 44 1836 6805 3648 1005 586 85 149 3187 1274 712 823 0 1354 75 2684 512 96 40 38 2274 2222 67 1472 91 5 8 142 91 177 9 72
85105 745 87 38 2 125 461 237 72 41 5 10 216 88 49 54 0 90 4 175 34 6 2 2 150 145 4 92 6 0 0 10 6 12 0 5
85108 838 86 141 8 464 1725 894 255 144 20 39 813 313 184 203 0 339 18 666 124 25 8 9 578 574 14 355 24 0 2 34 22 45 2 22
85112 838 86 35 2 119 434 249 68 37 6 9 203 86 48 55 0 87 4 178 30 7 2 3 142 147 4 98 5 0 0 10 5 11 0 5
85114 842 86 169 11 535 2032 1066 300 169 25 48 946 375 213 236 0 391 24 784 152 30 11 12 677 660 19 423 28 1 2 41 27 51 2 23
85115 841 86 193 15 657 2408 1302 368 200 28 56 1153 450 254 310 0 487 23 960 174 34 13 15 802 803 24 530 34 1 3 50 31 58 3 29
85116 829 54 382 29 1284 4771 2594 714 400 62 109 2219 879 501 581 0 946 52 1896 348 69 27 30 1577 1587 41 1032 64 3 6 96 63 120 7 55
85117 794 53 74 5 242 906 469 140 77 9 20 424 166 96 104 0 177 8 346 68 14 4 6 300 295 8 188 12 0 1 19 11 23 1 11
85118 796 53 135 10 447 1649 873 251 136 19 37 785 306 171 201 0 321 16 646 122 23 7 10 551 540 14 350 23 1 2 32 22 42 2 19
85119 785 54 70 5 224 869 454 124 72 10 19 388 156 88 101 0 170 9 346 64 12 4 4 286 288 6 178 11 0 0 18 11 22 1 9
85121 767 53 69 4 224 857 460 121 73 10 19 395 155 88 105 0 167 10 344 63 13 4 5 279 287 8 179 11 0 1 19 11 22 1 10
85123 771 53 38 2 124 460 247 69 40 5 10 216 84 46 54 0 94 4 182 33 6 2 2 154 155 3 96 5 0 0 10 6 11 0 6
85124 771 53 424 32 1433 5272 2811 802 440 62 116 2497 983 557 643 0 1044 57 2093 393 77 30 32 1759 1732 49 1137 70 3 7 107 71 134 7 61
85125 767 54 204 16 667 2490 1290 375 207 27 55 1189 453 263 298 0 487 23 949 182 35 12 15 829 806 24 530 37 1 3 51 32 64 3 32
85126 765 53 32 3 103 395 218 54 37 6 7 175 77 39 47 0 78 5 166 33 5 3 2 135 126 3 88 4 0 0 8 5 10 0 2
85129 757 58 97 8 336 1209 670 177 103 14 26 577 224 121 164 0 247 14 501 91 17 6 7 398 410 12 267 15 0 1 24 16 27 1 14
85131 764 58 390 26 1293 4739 2533 722 407 57 105 2220 876 499 569 0 944 48 1857 353 71 25 26 1561 1567 42 1019 68 2 6 100 63 123 7 58
85132 780 57 72 4 233 851 454 127 72 10 18 396 159 89 103 0 170 7 344 62 12 4 4 282 280 8 183 11 0 1 20 10 21 1 10
85133 761 59 69 4 225 832 440 128 67 8 19 384 153 87 102 0 164 8 323 59 12 3 5 272 275 7 172 12 0 1 18 11 21 1 11
85137 761 59 41 2 131 478 248 77 39 5 11 221 86 52 55 0 95 3 183 34 7 1 2 156 156 3 98 7 0 0 10 6 11 1 7
85139 761 59 339 29 1180 4334 2336 665 367 54 94 2055 815 459 536 0 865 48 1719 333 61 24 29 1451 1443 44 952 55 2 5 88 53 108 6 48
85140 761 59 71 4 228 837 456 132 69 9 19 382 154 89 95 0 162 8 322 61 12 4 5 269 278 7 176 12 0 1 20 12 21 1 10
85142 743 53 229 17 769 2808 1487 437 238 32 65 1356 530 300 355 0 551 28 1089 209 41 14 15 938 903 28 607 40 1 3 56 34 71 4 34
85144 745 53 228 19 741 2768 1490 398 236 33 60 1276 505 282 313 0 541 32 1080 212 39 15 17 923 913 26 593 37 1 3 59 36 70 3 30
85147 729 64 41 2 131 487 238 78 38 4 11 232 88 53 61 0 97 3 183 34 7 1 1 160 158 4 95 7 0 0 10 6 12 0 7
85148 706 63 167 12 552 2016 1085 306 168 23 46 953 379 213 246 0 404 21 786 146 28 9 14 668 658 18 447 30 0 2 41 28 50 3 25
85149 714 61 427 32 1442 5259 2857 789 438 60 115 2465 971 549 650 0 1047 53 2116 386 73 25 33 1732 1761 48 1137 71 3 7 108 74 132 8 62
85150 721 60 75 6 246 897 457 140 76 9 19 429 167 92 108 0 175 9 342 66 13 3 5 298 292 9 186 12 0 1 19 11 22 1 11
85152 721 57 72 5 237 884 466 134 76 11 20 413 162 93 109 0 178 8 348 66 12 4 4 297 293 8 188 11 0 1 18 11 22 1 11
85154 716 57 67 5 223 850 440 124 74 10 19 395 153 89 97 0 168 9 327 64 12 4 5 294 273 7 178 12 0 1 17 10 23 1 10
85156 717 57 372 32 1294 4735 2552 731 403 60 102 2255 893 502 590 0 944 53 1878 367 67 26 31 1588 1571 49 1042 61 3 6 98 57 118 6 52
85157 717 57 153 13 520 1898 1031 282 163 24 41 884 361 198 227 0 382 22 757 143 25 11 13 635 618 16 422 25 1 2 41 24 47 3 21
85162 729 66 102 8 351 1269 682 194 108 15 28 600 242 132 153 0 252 13 508 95 18 6 6 429 417 12 281 16 0 1 26 15 34 1 14
85165 729 66 40 2 131 487 253 76 39 5 10 223 89 50 56 0 94 4 183 35 7 2 2 161 158 3 100 7 0 0 9 7 12 0 6
85166 712 53 321 26 1093 3974 2140 598 339 48 91 1909 748 414 494 0 797 42 1570 300 56 22 24 1338 1313 39 871 53 2 5 81 51 100 5 45
85167 678 57 37 2 118 444 235 66 38 5 9 204 82 46 48 0 86 4 172 34 6 2 2 151 143 4 93 5 0 0 10 5 12 0 5
85179 678 57 236 18 796 2930 1549 443 249 32 65 1388 541 306 361 0 581 27 1150 215 41 14 17 970 963 29 636 39 1 4 60 38 74 3 36
85180 679 56 331 28 1113 4074 2172 615 345 47 90 1936 753 420 526 0 813 43 1615 305 55 20 22 1359 1349 39 884 54 2 5 80 53 100 5 46
85181 680 56 152 13 524 1896 1042 298 158 25 40 884 357 201 223 0 380 21 758 141 26 11 10 646 637 17 416 24 1 2 40 25 50 3 21
85184 678 54 98 7 338 1201 671 181 104 16 24 567 232 125 144 0 237 14 490 86 15 7 8 403 403 11 267 16 0 1 25 17 32 2 12
85186 674 52 104 7 350 1299 674 198 105 15 29 617 237 141 164 0 258 10 504 92 19 6 7 427 428 11 272 19 0 2 27 17 33 2 18
85187 673 52 199 14 670 2471 1296 369 205 27 56 1188 456 261 311 0 483 23 963 177 36 11 14 826 810 24 519 35 1 3 48 32 64 3 32
85189 680 52 225 18 765 2844 1502 434 230 32 69 1334 529 296 344 0 567 30 1104 211 40 14 17 951 931 22 609 39 0 4 54 38 71 4 34
85191 679 49 34 2 115 421 229 66 36 5 10 190 78 46 44 0 83 4 166 30 6 3 2 143 138 3 91 5 0 0 9 5 10 0 5
85192 673 49 206 13 692 2501 1345 388 209 28 55 1196 465 268 317 0 494 23 986 178 37 11 16 826 831 23 546 35 1 3 51 33 63 4 33
85193 680 49 748 56 2533 9219 4902 1416 764 107 209 4399 1715 981 1154 0 1840 87 3622 664 131 45 53 3047 3048 79 1983 132 4 13 189 127 231 15 119
85197 681 49 40 1 130 474 239 75 38 5 9 218 89 50 58 0 91 4 174 35 7 1 2 154 151 4 95 7 0 0 10 5 12 0 7
85198 680 49 33 2 115 426 237 58 37 5 8 193 78 45 45 0 83 5 175 32 6 3 2 143 141 4 93 5 0 0 10 5 11 0 3
85199 680 49 264 18 898 3236 1748 492 275 38 75 1546 613 341 422 0 659 32 1292 236 43 15 18 1066 1073 30 714 44 1 4 69 47 78 5 39
85204 679 49 151 14 552 1978 1110 292 166 23 42 954 380 203 265 0 404 23 831 146 25 11 12 649 677 19 451 23 1 2 42 26 48 2 20
85207 691 50 329 22 1112 4068 2153 627 339 47 92 1943 757 435 499 0 807 37 1589 294 61 19 22 1353 1343 37 862 58 1 6 84 54 104 7 55
85209 681 48 148 12 508 1800 992 282 158 23 38 871 350 193 228 0 364 22 719 133 25 10 10 610 593 17 407 22 1 2 38 23 45 2 19
85210 681 48 575 49 1991 7162 3902 1099 604 85 164 3431 1352 748 910 0 1434 75 2868 536 100 38 46 2384 2379 71 1585 98 4 10 142 94 178 10 82
85211 694 43 171 12 566 2075 1097 312 171 23 46 972 387 215 255 0 417 19 808 151 28 10 12 678 680 19 451 29 0 2 44 28 52 3 27
85212 670 43 102 7 340 1275 676 184 107 15 25 588 238 129 147 0 250 14 500 95 18 7 8 426 413 12 277 16 0 1 27 17 33 1 13
85213 670 43 266 20 881 3294 1722 490 281 38 75 1544 612 342 420 0 658 38 1305 246 48 16 19 1087 1085 34 706 46 2 4 65 42 86 4 38
85219 670 43 135 8 453 1660 883 256 139 20 36 777 314 175 209 0 328 17 660 119 23 7 9 548 541 15 361 23 1 2 34 21 41 3 21
85220 670 43 271 18 896 3315 1757 494 267 37 78 1562 620 350 392 0 649 33 1276 240 45 16 18 1103 1085 28 703 47 1 4 70 47 84 5 42
85222 672 43 227 16 776 2810 1526 417 239 32 64 1334 522 294 361 0 572 28 1131 203 39 14 17 924 945 25 615 40 1 4 58 37 67 4 35
85223 672 43 70 4 234 875 467 133 73 10 20 398 163 93 92 0 172 8 334 64 13 4 5 297 293 8 186 11 0 1 17 10 22 1 10
85226 678 43 73 5 246 901 474 143 77 10 19 436 174 98 113 0 177 9 345 67 13 5 5 293 294 9 192 13 0 1 17 12 22 1 11
85229 677 43 65 6 231 823 455 127 72 10 16 392 162 90 101 0 161 9 339 62 11 4 4 279 266 8 189 9 0 0 18 10 21 1 8
85230 676 43 170 12 569 2104 1129 307 179 25 46 980 399 220 252 0 408 21 833 157 30 10 13 697 695 20 457 28 1 3 44 29 56 2 23
85233 675 43 100 8 334 1237 662 186 105 15 28 592 232 130 151 0 243 14 483 93 16 6 7 415 403 11 273 15 0 1 24 15 32 2 14
85234 675 43 394 29 1316 4901 2624 732 400 55 108 2338 904 513 615 0 969 50 1944 353 70 25 31 1641 1636 46 1066 67 2 6 98 68 128 7 57
85235 676 50 73 4 242 884 470 134 74 10 19 410 169 94 105 0 177 8 348 63 11 4 4 286 290 8 191 12 0 1 18 12 23 1 9
85236 673 43 450 35 1539 5529 3011 861 467 67 123 2686 1044 585 709 0 1102 57 2195 404 83 30 34 1845 1835 54 1224 76 3 7 113 70 140 8 67
85237 672 43 198 14 664 2480 1312 372 211 30 54 1146 452 262 283 0 481 27 965 179 37 14 15 838 812 24 524 32 1 3 52 31 63 3 29
85239 671 43 34 2 120 439 236 68 34 5 9 203 81 48 51 0 89 4 171 29 7 2 2 142 145 4 96 6 0 0 9 5 11 0 6
85243 672 43 99 6 334 1213 652 187 106 17 26 572 235 129 151 0 239 13 486 89 17 7 6 405 398 11 264 16 1 1 26 15 30 2 13
85246 703 56 105 7 349 1251 684 192 106 15 28 582 238 138 149 0 250 11 504 91 18 6 8 412 413 10 279 17 0 2 26 15 32 2 16
85249 704 56 136 10 461 1666 897 257 141 20 34 793 318 176 216 0 329 18 666 121 25 9 10 553 553 18 368 22 1 2 36 22 42 2 19
85252 702 56 216 18 762 2701 1482 426 233 33 58 1288 516 292 334 0 533 31 1086 206 38 13 16 898 894 26 603 35 1 3 57 34 69 4 29
85254 701 55 37 2 128 473 243 70 40 5 11 224 88 51 55 0 93 4 183 35 6 2 2 160 151 3 97 6 0 0 9 6 12 0 6
85256 680 37 207 14 695 2543 1338 399 212 27 57 1208 467 272 308 0 502 25 983 184 37 12 15 847 841 24 547 37 1 3 53 33 65 4 33
85258 680 37 188 13 649 2358 1329 340 202 29 52 1100 443 245 296 0 469 27 971 174 33 14 16 785 800 20 520 30 1 2 51 32 59 3 25
85259 673 37 188 17 650 2385 1335 345 202 30 51 1136 447 243 320 0 484 27 993 178 34 14 18 807 807 23 553 30 1 2 48 29 64 3 24
85266 686 37 75 4 249 906 464 147 70 8 21 438 165 97 110 0 180 6 339 64 12 3 4 297 298 7 184 13 0 1 17 12 21 1 14
85269 693 37 165 13 570 2092 1092 317 176 23 46 986 390 223 249 0 416 21 805 152 30 9 13 699 691 21 443 28 1 3 43 28 54 3 26
85273 695 36 537 40 1817 6652 3504 1009 552 76 152 3142 1231 702 806 0 1321 64 2592 489 96 34 39 2215 2205 60 1404 93 3 9 136 83 171 10 84
85274 712 36 477 37 1585 5833 3080 884 483 66 132 2742 1073 603 734 0 1158 58 2284 427 80 27 34 1920 1919 54 1252 82 3 7 114 77 146 8 70
85275 702 36 166 13 572 2046 1115 312 178 24 42 965 393 217 269 0 406 21 843 155 30 10 12 681 672 21 456 27 1 2 45 26 52 3 23
85276 694 25 73 5 240 867 451 140 70 9 19 414 161 92 104 0 177 6 334 62 12 3 4 281 293 7 180 12 0 1 18 12 20 1 12
85278 692 23 30 2 102 390 213 49 38 6 6 176 76 39 45 0 76 5 162 32 5 4 2 142 124 3 89 3 0 0 8 4 12 0 3
85280 704 13 70 4 232 883 481 125 71 11 19 409 160 93 107 0 175 8 357 63 12 6 5 297 294 7 194 12 0 1 19 13 24 1 9
85282 703 12 104 7 340 1263 655 187 105 13 29 592 232 132 151 0 250 12 485 91 17 5 8 416 409 12 267 18 0 1 25 16 33 2 17
85283 701 12 38 2 126 457 247 72 37 5 10 213 85 49 53 0 89 3 179 33 7 2 1 149 153 3 96 7 0 0 9 5 11 0 6
85294 711 12 364 25 1205 4407 2382 667 368 53 95 2039 809 470 531 0 874 42 1740 323 65 23 27 1459 1459 37 951 63 2 6 92 55 112 7 56
85297 758 23 38 3 125 475 263 71 42 5 10 220 91 50 55 0 95 5 196 37 6 3 4 158 161 5 110 5 0 0 10 6 13 0 4
85301 704 15 94 6 326 1215 662 168 106 16 29 561 225 123 142 0 233 13 488 95 17 7 6 407 397 9 264 14 0 1 25 17 29 1 13
85303 701 17 69 5 228 865 465 124 75 11 18 396 158 90 103 0 170 8 347 67 12 4 4 286 289 8 189 10 0 1 18 9 22 1 9
85306 733 15 223 19 766 2813 1527 420 243 35 59 1332 529 293 352 0 563 31 1151 214 39 16 18 942 942 27 617 36 2 3 59 38 73 3 29
85309 733 15 100 7 343 1246 673 193 104 15 27 583 241 134 157 0 250 12 495 91 19 6 7 412 412 11 276 17 0 2 26 17 31 2 15
85310 732 15 37 3 130 463 261 71 39 5 9 208 88 51 50 0 90 4 188 31 6 2 2 153 157 3 99 5 0 0 10 6 11 0 5
85311 732 15 165 11 542 1984 1049 300 171 23 41 933 372 213 231 0 392 20 768 150 30 10 11 664 641 18 431 26 1 3 40 26 51 3 23
85336 674 11 32 3 106 406 225 58 36 6 7 181 76 44 40 0 81 5 165 34 5 2 2 138 134 3 93 4 0 0 9 4 12 0 3
85345 706 34 70 4 227 836 443 127 73 10 18 392 158 87 99 0 163 9 325 62 12 4 4 281 269 7 176 10 0 1 17 10 20 1 9
85347 696 20 201 16 676 2469 1333 362 206 30 53 1161 472 258 307 0 485 24 977 180 34 13 15 832 809 24 539 34 2 2 52 31 63 3 26
85348 714 18 209 15 711 2576 1355 404 206 27 59 1259 476 276 330 0 517 21 1000 181 36 11 14 854 862 22 541 36 0 4 49 34 63 4 35
85349 711 16 73 6 253 905 497 140 77 10 20 431 173 93 101 0 185 9 351 70 12 5 5 302 311 8 196 12 0 1 16 11 24 1 10
85361 705 33 134 11 464 1696 922 258 144 21 38 809 323 178 204 0 332 18 675 127 24 10 12 574 559 18 368 21 1 2 35 21 42 2 17
85365 705 33 107 7 348 1325 664 201 110 14 32 619 240 142 151 0 253 13 486 95 19 6 6 438 424 11 265 20 0 2 27 17 35 2 17
85366 707 33 192 15 658 2415 1294 358 202 28 55 1154 444 252 310 0 489 26 962 178 32 13 14 799 805 23 525 33 1 3 50 31 60 3 27
85367 710 28 402 31 1353 4948 2627 768 419 58 110 2341 914 526 595 0 971 46 1927 368 71 26 27 1648 1639 45 1056 67 2 7 99 63 129 7 60
85368 704 28 69 5 217 825 450 114 71 11 18 369 150 83 93 0 166 8 333 65 10 5 5 275 277 7 183 10 0 0 18 10 20 1 8
85370 702 28 40 2 126 483 244 74 39 5 10 221 88 52 54 0 94 3 180 35 7 2 2 157 157 4 97 7 0 0 10 7 13 1 6
85375 682 15 632 50 2127 7831 4234 1169 671 94 172 3696 1465 818 968 0 1561 85 3100 588 113 42 50 2633 2591 77 1715 104 4 10 163 99 203 11 90
85384 682 15 131 9 453 1667 881 251 139 20 36 780 307 179 196 0 332 16 648 121 24 8 9 549 556 14 351 23 0 2 35 20 42 2 21
85421 728 16 265 23 904 3279 1796 488 276 39 74 1538 618 341 419 0 661 33 1338 243 44 18 19 1094 1090 29 729 42 2 4 65 44 86 4 34
85444 726 23 170 13 570 2124 1106 310 179 25 48 1010 384 220 255 0 423 22 823 156 30 10 12 712 696 20 451 29 1 3 43 25 54 3 27
85446 725 23 35 3 117 437 239 65 37 6 8 212 83 44 53 0 89 5 177 33 5 3 2 151 146 3 94 4 0 0 10 6 11 0 4
85451 725 23 285 21 958 3567 1895 533 299 43 77 1657 661 370 445 0 709 40 1412 266 50 18 22 1185 1177 33 777 47 2 4 72 49 93 5 39
85452 725 23 532 38 1782 6546 3438 1005 545 74 149 3134 1206 694 812 0 1306 61 2550 473 93 31 34 2151 2163 61 1387 95 3 9 136 88 162 10 85
85453 725 23 35 2 120 440 237 63 39 6 9 208 87 45 53 0 88 5 177 34 6 2 2 150 143 3 96 5 0 0 9 6 11 0 4
85454 725 23 568 45 1908 7013 3761 1054 590 81 153 3318 1307 731 874 0 1396 69 2806 520 97 35 44 2331 2331 64 1518 95 4 9 144 96 175 11 81
85455 724 22 98 7 328 1203 635 179 102 15 26 563 224 127 142 0 240 12 468 88 18 6 7 399 395 11 259 16 0 1 24 16 32 1 14
85462 724 22 361 28 1231 4447 2386 698 370 54 99 2110 836 482 533 0 885 44 1744 326 65 24 28 1487 1474 39 956 61 2 6 90 59 115 7 54
85478 763 37 96 9 323 1180 662 170 103 16 25 573 228 124 146 0 231 14 484 89 15 7 6 402 398 12 268 13 1 1 25 16 31 1 10
85479 764 37 243 17 787 2936 1531 447 244 32 68 1400 538 310 342 0 577 28 1117 210 43 15 17 979 958 26 615 42 1 4 57 40 78 4 37
85511 747 32 1236 95 4135 15277 8192 2297 1288 184 337 7195 2833 1600 1887 1 3036 154 6060 1133 216 77 91 5039 5087 142 3279 209 9 21 317 206 383 23 179
85515 717 27 146 9 490 1798 937 272 149 20 39 848 327 189 214 0 356 16 684 129 25 7 10 592 596 16 380 26 0 2 37 24 48 2 24
85516 717 27 232 18 780 2863 1544 428 239 34 64 1317 532 296 343 0 567 29 1133 213 38 15 18 947 948 28 625 38 1 3 56 37 72 4 32
85518 717 27 133 10 455 1689 890 255 140 20 38 795 310 178 212 0 341 16 667 123 24 9 9 559 555 14 363 22 1 2 32 22 42 2 20
85520 720 14 220 22 772 2797 1561 414 237 35 57 1345 526 295 349 0 562 31 1147 214 39 17 18 948 945 26 624 35 2 3 58 37 73 3 28
85521 734 17 34 3 122 425 236 67 35 5 8 208 80 46 57 0 87 4 182 29 5 1 1 139 147 3 91 5 0 0 8 6 11 1 4
85522 731 15 458 37 1513 5589 3033 825 480 72 117 2617 1052 587 692 0 1110 62 2244 411 81 33 39 1859 1841 52 1232 77 4 6 114 73 147 8 61
85524 731 15 129 9 451 1643 896 248 138 20 35 758 304 172 196 0 325 17 650 123 23 8 10 540 547 14 357 24 0 2 35 21 42 3 20
85528 726 14 275 19 902 3388 1772 499 279 38 75 1599 618 355 422 0 673 33 1319 245 47 17 20 1121 1118 33 712 48 1 4 69 44 88 5 42
85529 726 14 134 9 461 1646 889 254 136 19 36 784 305 175 203 0 329 16 641 119 23 8 8 549 555 13 351 22 0 2 35 22 41 2 21
85547 707 16 545 43 1862 6752 3675 1016 565 79 146 3209 1267 705 822 0 1344 68 2658 499 97 33 42 2250 2232 65 1495 93 3 8 141 90 174 9 78
85548 713 16 129 13 450 1622 909 247 143 20 34 766 315 173 195 0 328 18 668 126 22 10 10 549 540 15 375 19 1 1 34 21 42 2 15
85555 710 16 148 9 483 1780 928 279 145 18 41 833 324 192 205 0 351 13 678 126 25 6 9 578 593 15 372 25 0 3 35 25 44 3 25
85623 811 13 137 10 460 1654 903 258 138 19 34 809 310 175 196 0 331 15 656 120 24 8 9 548 557 16 361 23 0 2 34 22 42 2 20
85626 812 13 269 19 913 3335 1769 505 281 37 75 1558 612 351 391 0 659 33 1306 243 46 17 18 1096 1105 29 703 46 2 5 69 45 84 5 41
85632 819 59 96 7 335 1215 640 189 100 14 27 598 228 132 152 0 243 13 471 91 16 6 5 397 396 12 255 18 0 1 25 15 28 1 15
85635 818 58 165 13 556 2070 1096 307 167 24 45 968 384 217 251 0 418 19 821 148 30 11 11 681 694 18 444 29 0 3 44 28 55 3 26
85636 819 57 188 15 660 2386 1295 363 201 29 54 1148 438 252 289 0 474 27 954 176 33 12 14 793 803 20 521 32 1 3 49 33 60 3 26
85637 809 45 139 9 458 1705 897 258 140 20 40 811 311 181 213 0 340 15 668 121 22 8 9 554 570 15 358 23 0 2 32 22 41 2 21
85638 805 42 104 7 340 1274 657 188 108 14 27 592 232 131 148 0 247 13 488 96 17 6 7 417 415 12 264 17 0 2 26 17 32 1 14
85642 805 42 66 4 220 812 442 119 71 10 17 373 152 86 97 0 156 8 327 58 11 4 4 268 265 8 173 10 1 0 19 11 20 1 8
85643 782 16 349 28 1176 4289 2294 659 362 51 96 2050 801 456 553 0 858 43 1694 313 61 21 26 1423 1428 42 934 58 2 6 91 53 106 7 53
85645 778 16 43 2 135 498 260 79 38 5 11 233 89 55 55 0 94 3 185 34 7 1 2 162 164 4 103 8 0 0 10 6 12 0 6
85665 774 20 427 32 1445 5360 2832 797 446 63 117 2546 982 556 661 0 1069 56 2122 393 76 27 29 1777 1783 50 1141 70 3 7 109 70 135 8 65
85677 673 17 277 25 976 3498 1961 537 301 45 75 1662 667 371 419 0 699 41 1413 264 47 22 24 1183 1171 31 795 44 2 4 71 46 91 5 36
85681 673 17 136 10 446 1672 890 252 141 21 36 777 309 176 194 0 327 18 655 124 22 10 9 552 553 15 354 21 1 2 35 24 42 2 18
85682 674 16 37 4 122 455 233 67 40 5 10 208 83 49 50 0 88 4 174 35 6 2 2 151 143 4 96 6 0 0 10 5 12 0 5
85685 674 16 102 7 349 1274 658 201 103 12 28 603 235 137 152 0 252 10 480 95 19 5 8 423 416 11 270 18 0 2 25 17 33 1 17
85694 674 16 37 2 125 454 235 71 38 4 10 215 83 50 55 0 90 3 175 31 7 1 2 147 146 4 93 6 0 0 9 6 11 0 6
85695 673 15 181 13 592 2204 1130 336 178 22 54 1057 393 237 265 0 426 19 830 160 31 9 12 729 720 19 447 33 0 3 43 27 56 3 31
85700 678 15 201 14 667 2460 1284 369 212 29 56 1151 458 262 301 0 488 23 954 183 35 13 13 831 795 21 521 35 1 3 50 32 66 3 30
85702 678 15 36 3 117 440 225 66 40 5 9 204 82 49 51 0 84 4 170 33 6 2 2 149 139 4 91 5 0 0 10 6 11 0 5
85705 679 15 171 11 571 2081 1099 322 177 24 45 992 390 223 248 0 406 20 802 156 30 12 11 704 674 20 446 29 1 3 40 25 53 3 26
85709 703 24 407 31 1349 4952 2648 744 411 56 111 2350 908 516 591 0 988 45 1949 363 70 23 28 1634 1642 42 1055 68 2 7 106 65 123 7 64
85710 685 12 98 8 339 1218 673 192 102 16 26 590 230 132 146 0 244 14 489 86 18 7 7 417 405 10 274 16 0 1 24 14 32 2 15
85714 681 12 106 7 365 1308 695 209 112 14 29 625 247 141 161 0 260 11 509 95 18 6 7 434 430 13 284 18 0 2 25 17 34 1 16
85717 683 12 215 19 734 2664 1473 402 224 35 61 1250 504 275 320 0 531 32 1075 205 37 16 16 895 884 23 592 34 1 3 55 36 65 4 29
85718 676 12 262 19 884 3320 1748 486 275 39 75 1554 596 345 389 0 654 35 1295 245 49 17 21 1113 1095 30 699 44 1 4 68 40 87 5 39
85722 696 21 142 9 464 1719 898 265 144 18 37 815 318 183 205 0 341 15 658 122 24 6 9 564 566 15 362 25 0 2 35 22 45 2 21
85723 688 15 324 26 1100 4033 2155 611 337 50 87 1904 756 425 495 0 799 43 1603 297 58 24 24 1342 1325 37 869 52 2 5 82 53 103 6 45
85742 693 17 350 29 1188 4358 2339 669 370 53 96 2090 820 466 536 0 868 46 1707 325 63 25 29 1465 1433 43 950 58 2 6 87 57 114 6 49
85751 699 20 232 18 755 2816 1481 416 243 34 63 1311 521 297 317 0 552 30 1090 210 41 15 17 945 923 23 595 38 1 4 57 37 72 4 34
85797 727 31 352 29 1179 4362 2365 632 377 53 98 2043 811 447 502 0 860 48 1712 334 59 26 27 1458 1442 40 961 60 2 5 88 58 118 5 48
85798 722 21 353 27 1179 4417 2324 656 370 54 95 2050 806 468 533 0 873 45 1743 331 62 24 26 1477 1437 39 945 59 3 6 92 56 114 6 50
85799 713 20 40 2 130 475 240 77 38 4 11 225 87 53 57 0 92 3 178 34 7 2 1 153 153 4 98 7 0 0 10 6 11 0 7
85821 690 19 63 4 211 782 425 122 69 10 16 364 148 84 91 0 150 9 305 59 12 5 5 268 251 9 172 10 0 1 18 10 22 1 8
85823 690 19 262 22 875 3301 1740 490 276 40 75 1549 599 348 386 0 650 38 1288 246 47 18 21 1103 1086 31 707 44 2 4 64 45 87 4 34
85824 690 19 335 25 1119 4127 2176 629 352 47 94 1950 770 437 496 0 812 43 1590 306 60 20 26 1370 1356 38 886 57 2 6 86 53 106 6 51
85826 690 19 274 19 925 3395 1797 530 284 38 76 1603 624 364 406 0 672 33 1314 248 50 17 20 1126 1131 33 730 47 1 5 69 43 88 5 42
85830 702 27 346 24 1143 4251 2178 636 347 44 101 2037 756 443 521 0 847 38 1610 307 61 18 23 1410 1398 37 874 63 1 6 86 54 103 7 59
85833 704 27 141 9 461 1738 907 261 143 19 38 806 318 183 208 0 346 16 673 125 26 9 10 572 568 17 371 24 0 2 35 23 44 2 21
85839 704 27 385 31 1314 4769 2606 729 405 59 101 2259 892 505 574 0 952 49 1876 360 66 27 30 1600 1588 40 1039 64 2 6 99 62 122 7 56
85842 645 18 402 29 1329 4963 2576 754 417 57 115 2346 912 528 595 0 975 46 1894 367 71 25 27 1644 1625 45 1038 69 2 8 98 62 126 7 64
85844 645 18 265 21 901 3310 1759 500 278 38 72 1564 609 355 397 0 655 31 1297 242 48 17 17 1092 1097 30 703 46 1 4 70 40 84 5 41
85848 648 18 136 10 462 1673 903 263 140 19 38 800 316 178 208 0 332 17 650 126 25 7 9 563 552 15 364 23 0 2 33 21 41 2 21
85850 651 18 428 29 1417 5186 2773 796 443 63 115 2438 960 548 623 0 1031 52 2028 384 77 27 28 1705 1720 46 1111 74 3 7 109 69 134 8 64
85852 647 18 101 7 343 1263 662 190 107 14 27 609 235 133 164 0 250 12 491 92 17 6 6 419 416 12 264 17 0 1 26 15 31 2 16
85853 647 18 532 46 1812 6547 3610 987 570 81 138 3099 1254 682 823 0 1321 78 2665 501 89 36 42 2179 2184 62 1486 82 4 7 137 86 166 10 68
85855 648 18 106 6 323 1242 637 181 107 14 26 570 230 131 143 0 241 12 472 95 18 6 7 421 395 10 263 16 0 2 25 14 34 2 15
85856 664 19 39 2 118 461 231 67 41 6 9 214 80 50 51 0 88 3 172 35 6 2 2 153 149 4 94 7 0 0 9 5 13 0 6
85858 648 13 34 1 113 430 221 66 34 5 9 201 78 46 52 0 82 5 166 30 6 2 2 148 139 3 92 6 0 0 8 5 13 0 5
85859 647 13 804 64 2710 9990 5330 1485 843 122 225 4719 1848 1050 1180 0 1983 105 3933 737 140 54 55 3360 3280 85 2139 135 5 13 200 130 254 15 120
85863 652 13 552 44 1850 6764 3662 1022 569 80 152 3223 1265 709 841 0 1342 73 2688 506 93 35 42 2259 2236 66 1475 93 4 8 140 90 170 10 78
85864 653 14 354 28 1210 4394 2392 659 382 57 97 2098 828 460 538 0 879 48 1758 331 60 26 27 1473 1463 40 961 58 3 5 88 57 115 6 48
85874 680 21 235 18 801 2887 1571 437 241 33 65 1391 547 307 375 0 583 29 1172 212 40 14 17 959 960 29 638 39 1 3 60 37 72 4 34
85880 666 11 37 2 127 463 244 69 40 5 9 217 87 48 58 0 90 5 182 35 6 1 1 152 154 5 98 6 0 0 10 5 12 0 5
85883 663 11 118 10 403 1470 819 222 128 18 30 675 280 155 177 0 291 18 601 117 21 9 11 493 492 15 337 19 1 1 30 17 39 2 14
85884 656 22 300 24 1016 3732 2012 553 314 45 85 1762 689 391 433 0 739 39 1463 276 52 20 23 1252 1235 34 811 50 2 4 80 50 95 5 42
85898 646 18 165 12 551 2022 1072 310 174 25 45 972 381 220 264 0 406 19 810 151 28 11 12 666 674 18 438 28 1 3 40 25 50 3 24
85899 654 20 238 17 792 2884 1536 437 247 34 64 1398 540 303 377 0 579 28 1133 214 42 14 17 952 956 32 631 40 1 3 58 35 74 3 36
85900 647 18 206 16 692 2540 1323 392 208 28 60 1214 465 272 305 0 504 23 970 181 36 11 13 838 837 22 531 38 1 4 50 32 61 3 34
85901 649 18 103 7 349 1247 660 200 105 14 27 606 238 133 158 0 252 12 484 93 17 6 6 421 408 12 270 16 0 1 24 17 31 2 14
85903 648 18 106 6 342 1275 672 187 108 14 26 578 232 133 148 0 249 11 498 92 18 7 6 418 416 11 271 17 0 1 27 17 33 2 15
85906 647 18 65 5 227 835 446 124 68 10 19 396 152 86 104 0 166 8 335 59 12 4 4 276 281 7 173 11 0 1 17 10 22 1 10
85907 694 35 312 25 1048 3848 2086 567 328 46 82 1793 724 407 469 0 772 43 1556 288 58 20 25 1289 1260 36 863 49 2 4 81 47 98 5 44
85928 677 41 262 21 854 3197 1700 473 272 38 70 1506 595 339 378 0 624 33 1254 242 48 18 19 1074 1044 30 688 43 2 4 65 40 87 4 35
85930 706 42 99 7 318 1218 637 179 107 16 24 556 226 128 146 0 236 15 480 90 19 7 7 409 388 11 261 16 1 1 25 15 33 1 11
