88175 519 27 354 29 1152 4317 2284 639 372 53 94 2022 800 459 513 0 845 46 1698 326 65 25 25 1451 1409 40 929 57 3 5 89 53 116 6 48
88176 516 24 37 2 120 439 234 64 38 5 10 202 79 45 53 0 85 4 172 32 6 2 2 143 143 4 99 6 0 0 8 5 10 0 6
88196 521 20 197 16 655 2418 1270 356 216 32 53 1121 460 261 281 0 476 27 948 187 33 14 15 809 782 22 527 31 1 2 49 33 64 3 24
88204 608 14 70 5 223 853 451 116 74 10 18 390 161 87 95 0 164 10 335 64 11 5 5 283 278 7 182 11 0 0 16 12 22 1 8
88208 571 29 158 13 549 1973 1085 301 162 24 45 939 374 213 243 0 395 21 789 145 27 11 12 660 654 16 442 27 0 2 40 27 48 3 24
88216 534 13 37 2 120 459 244 60 37 6 11 214 82 48 56 0 91 4 188 30 6 2 2 153 156 3 100 6 0 0 8 5 12 0 5
88217 534 13 406 30 1362 4969 2628 766 411 56 114 2361 922 530 598 0 983 44 1919 363 70 24 27 1647 1647 42 1053 71 2 7 98 64 127 7 64
88219 535 13 204 14 686 2525 1353 378 209 29 58 1202 471 264 322 0 504 24 1003 179 36 13 16 841 839 23 546 36 1 3 51 35 64 3 29
88220 543 13 541 44 1836 6738 3646 1018 570 80 148 3191 1258 708 818 0 1349 72 2662 504 96 34 43 2217 2242 65 1487 93 3 9 140 88 174 9 77
88229 505 13 134 11 447 1646 882 251 140 20 34 770 308 171 196 0 324 18 649 122 22 8 9 552 539 16 360 22 1 2 34 23 44 2 17
88232 532 17 256 22 898 3197 1777 482 274 38 70 1541 606 332 393 0 646 34 1279 241 44 19 21 1076 1068 30 722 42 2 3 65 43 82 4 35
88233 524 11 40 2 127 489 235 74 39 4 11 232 88 53 60 0 93 3 176 35 7 1 1 158 155 5 96 8 0 0 9 6 12 0 8
88234 524 11 173 14 558 2080 1071 319 169 23 50 1000 386 218 262 0 414 19 791 151 29 10 10 690 669 18 437 32 1 3 42 28 51 3 28
88270 537 22 134 10 444 1657 873 255 143 20 36 796 309 179 208 0 324 17 647 127 22 9 10 552 540 17 357 22 1 2 31 21 45 2 18
88305 505 11 167 11 555 2083 1095 305 175 25 47 967 378 212 245 0 405 22 819 159 30 11 13 700 680 20 441 28 1 3 41 25 52 2 24
88306 517 11 65 5 220 815 432 121 69 9 18 387 152 89 94 0 165 9 320 60 11 4 5 277 263 7 179 12 0 1 15 10 21 1 10
88310 538 16 238 18 803 2931 1551 445 245 33 66 1395 552 310 369 0 583 29 1145 215 41 14 18 974 963 30 637 39 2 4 58 38 75 4 34
88311 541 15 880 69 2929 10797 5795 1615 927 134 238 5063 2028 1123 1287 1 2149 115 4271 818 151 60 64 3605 3571 104 2340 144 7 14 218 145 274 14 120
88312 536 15 234 18 781 2890 1510 435 241 33 67 1394 540 307 369 0 577 28 1130 206 40 14 16 965 947 28 613 41 2 4 57 37 72 4 35
88315 535 15 368 26 1251 4540 2461 684 379 53 100 2117 841 481 539 0 891 45 1799 344 66 22 27 1500 1516 42 981 62 2 6 93 61 111 6 54
88328 575 18 150 12 525 1927 1058 285 163 25 44 916 357 200 229 0 385 21 764 144 26 12 11 649 644 14 416 24 1 2 37 26 48 2 21
88330 682 19 40 3 133 493 250 75 38 5 12 242 88 52 64 0 100 3 189 32 6 1 2 160 162 4 102 7 0 0 10 6 11 1 7
88343 511 12 107 8 352 1325 694 198 108 14 30 623 244 140 160 0 258 14 520 99 19 6 7 434 440 13 281 18 0 1 24 18 32 1 15
88362 540 26 106 6 335 1288 651 188 103 13 31 599 225 137 151 0 246 11 481 92 18 5 7 423 415 11 258 20 0 1 26 17 33 2 18
88363 540 26 165 11 547 2024 1080 306 173 23 43 941 373 212 241 0 397 22 785 155 29 11 10 677 662 17 437 28 0 3 41 26 50 3 23
88378 656 30 135 10 459 1650 884 263 136 19 36 793 317 180 206 0 328 16 647 122 24 9 8 553 543 14 369 22 0 2 33 23 41 2 20
88386 558 12 39 2 124 471 235 73 39 4 11 226 91 51 56 0 88 5 176 34 6 1 2 157 153 4 96 6 0 0 9 6 13 0 6
88391 582 33 38 2 122 457 234 71 36 5 10 212 84 50 53 0 89 3 174 32 6 2 2 151 150 3 95 7 0 0 9 6 12 0 6
88392 574 26 270 21 879 3300 1720 484 279 38 74 1546 609 349 396 0 647 31 1277 244 48 18 17 1109 1068 30 703 46 2 4 65 43 86 4 39
88393 580 27 205 13 676 2506 1308 382 212 29 57 1196 458 269 299 0 490 23 954 181 38 11 14 828 830 22 525 37 1 3 50 32 62 4 33
88396 577 25 94 8 323 1164 644 178 101 14 27 550 224 123 139 0 228 14 468 88 16 7 7 388 383 12 265 15 0 1 25 15 29 1 12
88397 460 18 177 12 611 2233 1163 342 179 24 53 1067 411 239 293 0 446 21 870 157 32 10 13 738 738 19 474 33 1 3 43 29 56 3 30
88398 461 17 241 17 804 2955 1534 457 241 33 70 1413 541 319 354 0 586 27 1130 210 42 14 15 973 972 26 617 44 1 4 58 38 72 4 39
88399 460 17 64 4 225 817 441 122 70 10 17 397 159 89 96 0 165 10 328 63 11 4 4 276 268 7 177 11 0 0 18 10 21 1 8
88418 476 26 130 9 410 1567 813 232 132 20 35 732 290 166 184 0 309 17 601 114 22 8 7 525 506 13 327 21 0 2 31 22 41 2 19
88426 478 26 37 2 124 456 238 71 38 6 11 219 80 48 53 0 89 4 178 34 6 2 3 155 153 3 94 6 0 0 9 5 11 0 6
88427 484 23 36 2 114 437 226 63 38 6 10 205 82 48 50 0 88 5 172 32 5 2 2 154 142 2 96 5 0 0 8 6 13 0 4
88433 483 23 95 8 319 1175 628 179 99 14 26 565 219 125 146 0 233 12 467 90 17 5 7 399 392 11 254 14 0 1 25 14 30 1 13
88434 480 23 67 4 225 831 435 125 71 10 17 392 157 87 101 0 163 9 327 62 12 4 4 283 269 8 182 11 0 1 17 9 21 1 10
88435 480 23 225 17 745 2772 1488 416 232 34 63 1303 520 297 342 0 556 30 1103 204 39 16 16 914 922 24 597 38 2 3 55 37 69 4 30
88437 503 25 421 34 1457 5270 2877 801 440 63 121 2522 985 551 667 0 1066 55 2115 388 73 28 32 1750 1762 49 1161 73 3 7 101 71 129 8 62
88440 503 25 72 5 255 905 480 145 73 9 20 442 169 98 120 0 185 7 363 67 12 3 4 293 302 7 194 13 0 1 18 12 22 1 11
88442 504 24 290 21 1008 3627 1947 565 299 41 79 1739 675 391 463 0 732 33 1430 268 53 17 23 1200 1200 32 798 53 1 5 73 47 92 6 48
88443 477 23 480 35 1624 5923 3188 890 503 71 126 2821 1113 630 743 0 1184 62 2355 442 86 33 35 1990 1950 58 1299 82 4 7 123 71 153 8 70
88470 517 12 378 32 1292 4698 2617 685 402 58 101 2222 888 487 594 0 944 53 1921 359 66 27 32 1566 1566 44 1069 62 3 6 97 61 123 6 50
88487 500 19 187 16 658 2379 1307 354 204 31 52 1124 448 245 302 0 488 26 955 172 34 15 16 790 803 21 531 30 1 3 46 32 61 3 23
88496 442 11 612 46 2092 7584 4130 1152 632 88 167 3583 1412 804 943 0 1518 78 3040 556 106 37 49 2504 2539 67 1647 104 4 10 155 104 191 12 90
88497 442 11 384 31 1292 4752 2535 713 404 58 105 2259 887 499 579 0 943 48 1858 351 66 25 27 1589 1565 44 1024 65 2 6 97 59 124 7 57
88500 500 12 40 2 134 502 259 75 40 6 11 233 91 58 58 0 97 4 194 36 8 3 3 163 164 4 105 8 0 1 10 6 13 0 6
88529 468 13 460 35 1550 5658 3038 843 475 64 128 2670 1055 587 723 0 1134 60 2249 420 78 28 34 1872 1870 52 1238 77 3 8 122 77 139 8 67
88530 473 12 164 11 545 2006 1081 304 167 24 43 943 377 216 245 0 398 19 790 152 27 11 12 659 663 19 438 27 1 2 42 26 49 3 24
88533 525 20 498 43 1704 6241 3387 929 530 76 137 2918 1167 650 802 0 1250 75 2537 462 89 34 41 2066 2069 61 1402 83 4 8 127 78 159 9 68
88534 524 20 150 10 516 1885 1003 282 163 25 41 895 357 202 229 0 375 22 744 142 27 12 11 640 612 16 416 25 1 2 37 21 48 2 22
88535 526 20 709 54 2389 8772 4712 1334 739 105 195 4107 1639 922 1055 0 1729 91 3455 651 124 45 52 2901 2897 85 1890 123 5 11 183 117 222 13 106
88547 570 43 873 67 2951 10818 5814 1621 922 132 240 5073 2012 1128 1346 0 2166 111 4306 804 154 59 66 3589 3584 97 2341 148 7 14 219 143 267 17 126
88548 570 43 176 11 596 2153 1162 337 176 24 47 1021 394 229 255 0 422 21 847 157 31 9 12 700 724 20 461 32 1 3 45 29 53 3 27
88560 460 26 165 12 551 2054 1092 308 170 24 46 980 380 217 246 0 406 20 796 152 29 11 12 683 677 19 433 29 0 2 42 26 52 3 25
88563 528 23 244 17 813 2994 1578 453 251 32 66 1427 555 322 373 0 601 28 1169 217 42 14 21 982 995 29 655 43 1 4 62 40 74 4 38
88565 576 16 216 16 724 2664 1383 411 214 27 61 1277 484 285 318 0 524 23 1030 191 36 12 15 868 887 23 553 39 1 4 50 40 66 4 36
88572 601 16 96 6 316 1193 642 176 99 16 25 560 220 124 146 0 239 13 482 83 17 6 7 401 393 9 261 16 0 1 24 14 30 2 15
88573 562 43 73 4 238 876 455 132 74 9 20 418 162 90 113 0 172 7 334 64 11 3 4 284 280 8 190 13 0 1 19 11 20 1 11
88576 565 27 136 9 464 1662 886 259 144 20 37 799 320 176 203 0 322 17 639 126 23 8 8 557 532 18 362 23 1 2 35 19 41 2 19
88577 542 25 197 16 682 2432 1344 373 204 29 52 1153 457 254 312 0 485 24 981 180 36 11 15 801 812 22 546 36 1 3 51 31 59 3 29
88578 594 23 201 14 687 2511 1336 377 209 29 57 1206 461 265 306 0 503 23 986 183 35 12 15 840 834 22 543 35 1 3 52 32 64 3 31
88579 533 25 127 11 448 1601 855 250 134 17 35 780 303 171 204 0 317 18 632 119 24 8 10 536 522 16 353 21 0 2 33 19 41 2 19
88592 525 12 328 25 1124 4086 2185 630 344 46 89 1962 760 431 523 0 815 42 1611 305 59 20 27 1367 1360 37 898 57 1 6 82 53 104 6 50
88602 529 12 208 15 696 2544 1340 393 216 29 58 1206 470 272 309 0 502 22 982 188 37 11 15 847 836 23 538 37 1 4 52 34 64 4 31
88603 530 11 325 26 1112 4039 2176 605 342 48 88 1913 760 421 486 0 795 44 1588 298 56 22 26 1353 1319 36 880 54 2 5 82 52 105 6 44
88617 454 12 550 43 1873 6807 3634 1039 576 80 150 3221 1280 720 834 0 1362 69 2662 509 95 35 41 2266 2242 64 1469 93 3 9 139 87 172 10 81
88621 520 64 177 14 591 2158 1127 334 177 22 48 1027 397 227 267 0 434 20 843 154 29 10 12 705 719 20 458 32 1 3 41 30 55 3 28
88622 526 60 355 30 1227 4426 2490 658 378 60 92 2085 848 466 544 0 889 53 1811 332 63 27 30 1508 1484 38 1005 56 3 5 91 56 112 6 46
88625 516 62 292 23 997 3628 1945 556 302 42 81 1717 683 383 453 0 727 38 1440 263 51 19 21 1201 1192 31 803 49 2 5 71 50 92 5 44
88627 516 62 41 2 132 489 244 78 38 5 12 235 89 53 61 0 100 3 186 32 6 2 2 155 159 3 99 8 0 0 9 6 11 0 7
88628 520 62 97 7 321 1207 616 183 100 14 29 579 223 129 146 0 233 12 464 89 17 5 7 412 390 9 254 16 0 2 24 15 30 2 15
88629 520 62 165 13 546 2015 1084 302 174 25 41 954 378 213 239 0 396 21 793 153 29 11 12 675 659 18 442 27 1 2 40 28 53 2 22
88630 541 64 70 4 231 859 460 127 70 10 19 402 158 89 96 0 168 8 330 62 11 4 4 287 284 6 185 11 0 1 17 10 23 1 10
88632 537 61 35 2 119 454 242 66 39 5 9 205 83 48 52 0 89 5 178 35 6 2 3 153 142 4 103 5 0 0 10 5 12 0 4
88633 519 12 131 10 444 1626 869 243 140 20 36 772 310 173 207 0 327 18 661 124 21 8 9 531 539 15 359 21 1 2 32 21 40 2 18
88634 519 12 461 34 1529 5626 3046 845 477 67 124 2663 1059 584 684 0 1114 60 2239 425 80 30 36 1866 1875 56 1244 78 3 7 113 74 146 8 65
88635 515 15 244 17 773 2943 1510 422 250 34 68 1367 536 308 349 0 577 33 1144 219 41 16 14 984 964 25 610 39 1 4 61 38 77 4 35
88636 515 15 36 1 120 446 227 71 37 5 9 211 85 49 56 0 86 4 170 31 6 2 2 147 140 4 93 6 0 0 9 4 11 0 6
88637 471 12 265 20 898 3279 1701 518 277 38 76 1563 610 354 400 0 653 33 1264 237 48 17 18 1099 1079 34 686 50 2 4 63 41 85 4 43
88639 505 17 615 46 2105 7678 4196 1147 652 93 166 3603 1430 814 945 0 1544 78 3067 571 109 42 53 2545 2560 71 1701 103 4 11 155 98 198 11 88
88640 504 17 167 12 558 2054 1121 302 168 24 45 968 384 213 251 0 410 19 823 149 28 11 12 690 681 19 448 27 1 2 44 27 53 3 24
88641 495 14 190 14 624 2333 1221 347 203 30 50 1081 429 248 266 0 448 26 899 179 34 13 13 788 757 19 489 30 1 3 48 28 61 3 26
88644 584 28 394 32 1331 4825 2604 729 409 59 110 2306 913 514 591 0 961 50 1910 355 70 25 29 1626 1583 45 1056 67 3 6 102 65 123 7 57
88645 553 23 144 10 478 1770 898 271 146 18 41 856 322 187 224 0 351 15 669 126 27 7 9 581 585 17 367 26 0 2 36 23 43 2 25
88647 510 21 63 4 203 780 427 111 67 11 17 363 147 82 92 0 156 10 318 58 12 4 5 261 256 7 176 9 0 0 16 9 20 1 6
88699 516 13 212 14 710 2603 1343 408 209 26 59 1249 475 281 339 0 520 20 1014 187 38 10 13 853 853 24 553 39 1 3 52 35 66 4 36
88700 536 27 223 16 749 2754 1457 419 231 32 63 1311 516 292 336 0 552 30 1082 203 39 13 15 921 903 25 593 38 1 3 56 34 71 4 33
88706 506 17 256 20 873 3225 1709 484 269 38 73 1543 602 338 400 0 641 34 1268 242 43 16 21 1084 1057 30 702 43 1 4 64 41 83 4 37
88707 523 11 68 5 225 838 447 122 76 11 18 390 158 90 91 0 159 11 323 65 12 4 5 291 265 7 187 11 0 1 17 11 22 0 7
88716 534 23 260 19 875 3191 1740 466 274 41 69 1502 599 328 398 0 638 36 1295 234 43 17 20 1064 1059 29 702 41 2 4 66 44 86 4 32
88751 472 21 338 23 1117 4113 2147 633 344 47 95 1958 749 440 527 0 819 37 1587 297 59 19 23 1357 1349 36 867 61 1 6 82 52 101 7 55
88754 474 21 242 17 818 3030 1581 457 248 31 72 1434 553 317 382 0 598 29 1174 219 41 14 16 1006 1001 27 637 42 1 4 59 40 74 5 37
88756 475 21 201 15 697 2524 1333 387 208 29 58 1213 464 265 323 0 504 23 997 185 36 11 15 829 844 24 534 36 1 3 50 33 61 3 31
88758 482 21 72 4 240 873 458 138 69 9 19 417 161 97 118 0 174 7 341 60 13 3 6 277 289 8 187 14 0 1 18 11 22 1 12
88759 476 21 103 7 335 1259 658 185 106 14 27 585 234 129 147 0 247 14 481 92 17 7 7 419 408 12 270 18 0 1 24 16 33 1 13
88761 481 22 99 9 333 1241 691 182 107 15 26 552 235 125 141 0 245 14 502 94 16 7 9 415 416 12 281 16 1 1 25 16 33 1 10
88762 494 22 95 7 320 1196 646 177 103 16 25 544 222 123 144 0 236 16 480 88 17 6 7 402 404 10 257 17 0 1 25 14 32 1 13
88763 484 21 135 9 456 1701 882 253 137 19 39 796 303 175 207 0 332 17 661 125 24 8 10 562 558 14 360 25 0 2 34 23 42 2 22
88764 485 21 404 30 1355 4998 2681 722 418 57 112 2338 925 521 586 0 985 50 1955 373 68 25 31 1653 1663 44 1077 68 2 6 105 70 125 6 57
88767 485 21 240 19 795 2959 1556 438 248 35 67 1378 540 306 353 0 582 30 1159 214 40 14 17 965 985 27 619 41 1 4 59 39 77 4 34
88768 484 20 165 12 559 2076 1125 304 167 24 45 975 376 217 242 0 407 20 817 151 28 11 12 697 696 17 442 27 0 2 43 26 52 3 24
88771 484 20 185 15 616 2267 1210 336 196 30 50 1068 426 236 269 0 453 27 894 169 31 13 11 759 744 21 493 31 1 2 46 29 58 3 26
88772 477 20 139 9 449 1691 869 245 143 20 40 799 312 179 204 0 333 16 652 125 22 8 10 566 547 16 357 23 0 2 33 22 45 2 20
88774 476 20 301 22 1020 3698 1965 581 304 43 83 1758 693 402 443 0 732 36 1440 270 52 18 23 1231 1222 33 784 52 2 5 73 50 96 6 46
88775 488 20 135 9 454 1671 892 252 134 18 38 778 305 174 204 0 332 17 669 115 24 8 10 550 556 15 352 24 1 2 33 24 44 2 21
88776 514 14 102 7 351 1284 709 191 106 17 28 601 241 137 147 0 254 14 514 94 19 7 8 426 433 11 279 17 0 2 28 17 33 2 15
88777 492 37 94 8 328 1208 661 184 99 15 24 572 224 129 156 0 238 13 494 87 17 6 9 402 407 10 269 16 0 1 23 15 30 2 13
88778 511 29 348 25 1190 4315 2377 645 369 54 95 2038 812 450 522 0 861 46 1729 323 62 24 26 1433 1445 38 949 55 3 6 90 62 106 6 49
88781 508 27 165 13 538 2019 1045 300 172 25 46 953 372 212 251 0 399 23 803 152 28 10 10 671 657 19 424 28 1 2 41 25 51 3 24
88782 493 20 72 4 234 883 456 132 69 8 20 424 157 95 113 0 173 7 339 62 13 3 5 284 294 7 184 14 0 1 19 12 21 1 12
88783 488 15 185 16 673 2354 1326 364 201 30 48 1110 452 249 301 0 475 27 970 174 34 14 17 785 788 21 545 32 1 2 48 32 60 4 25
88785 485 13 62 5 209 771 418 114 64 9 16 363 143 81 105 0 155 8 314 56 11 4 5 261 250 8 173 9 0 0 17 10 19 1 8
88786 489 14 266 18 894 3282 1738 504 274 38 73 1569 611 349 427 0 648 31 1300 238 48 15 19 1086 1082 30 707 45 2 5 67 42 82 5 41
88787 479 13 71 4 232 871 445 134 72 9 19 406 159 92 108 0 172 7 333 63 13 3 5 283 285 8 183 13 0 1 16 11 22 1 11
88788 479 13 72 5 249 909 477 140 76 11 21 439 168 98 117 0 186 8 358 65 12 5 5 301 304 8 192 12 0 1 18 12 22 1 11
88793 498 28 103 6 330 1235 647 180 104 14 27 565 230 132 131 0 237 13 467 93 18 6 6 415 401 9 262 17 0 1 26 16 33 1 16
88794 481 15 544 42 1808 6689 3525 1006 570 78 147 3149 1227 705 801 0 1313 69 2595 504 95 35 40 2242 2192 60 1425 92 3 9 135 85 169 9 81
88795 493 13 72 5 237 867 449 136 72 9 21 420 161 92 111 0 173 7 330 63 12 3 4 290 282 8 183 13 0 1 18 10 21 1 12
88796 487 13 99 9 331 1219 659 184 103 15 26 581 228 126 145 0 245 12 486 88 17 6 8 408 410 9 270 16 0 1 25 15 32 2 14
88797 480 11 70 4 224 836 435 126 73 10 20 392 157 90 103 0 167 8 322 61 12 5 4 280 270 7 178 11 0 1 16 10 20 1 10
88799 487 15 39 2 127 484 241 74 39 5 11 228 86 55 58 0 96 4 183 33 7 2 2 160 155 3 94 7 0 0 9 7 12 0 6
88801 468 11 209 17 719 2595 1386 399 218 30 57 1228 480 272 324 0 517 26 1034 195 36 11 15 857 870 25 556 35 1 3 53 33 63 3 31
88805 539 14 100 7 328 1200 645 181 106 17 27 565 227 129 149 0 244 12 480 86 16 7 7 399 398 11 263 16 0 1 24 16 29 1 13
88818 485 36 104 7 344 1267 665 194 108 15 28 599 238 139 153 0 248 13 492 96 17 6 6 421 411 11 268 17 0 2 25 19 32 2 14
88819 480 15 72 6 235 887 463 133 76 11 21 418 163 92 102 0 173 9 342 67 12 4 5 293 294 8 186 11 0 1 17 11 23 1 9
88833 548 34 173 11 570 2088 1100 320 175 24 45 985 389 220 247 0 406 21 813 152 30 10 11 699 685 19 444 29 1 2 43 26 52 3 26
88835 546 34 137 9 469 1727 905 265 143 20 38 804 314 188 200 0 339 18 666 122 26 8 10 572 575 13 363 23 0 2 35 21 44 2 21
88850 564 12 68 4 239 847 464 135 71 9 17 402 162 92 110 0 172 8 341 60 12 4 5 280 283 8 195 11 0 1 17 11 21 1 9
88851 785 109 345 22 1131 4221 2198 630 348 47 98 1972 769 444 508 0 837 39 1624 306 59 20 23 1384 1388 38 889 61 1 6 84 57 106 6 53
88852 764 85 31 2 109 405 218 62 36 5 8 187 78 43 57 0 80 4 170 31 6 2 2 136 133 3 86 5 0 0 8 4 10 0 4
88853 765 85 99 9 322 1239 657 183 102 16 28 579 230 128 156 0 251 13 494 88 16 7 8 412 413 11 258 17 1 1 24 16 32 1 13
88854 717 22 96 8 336 1207 672 187 108 15 26 582 233 127 159 0 243 14 493 92 16 6 8 408 402 11 273 15 0 1 24 14 32 1 13
88855 717 22 195 15 659 2410 1289 374 203 29 53 1141 457 258 310 0 479 25 964 179 34 13 15 803 787 24 527 32 2 3 51 30 60 4 29
88860 577 29 70 5 232 874 468 126 76 9 18 401 163 92 106 0 172 8 347 67 11 4 5 285 288 9 197 12 0 1 18 11 24 1 9
88861 578 29 132 10 445 1656 862 250 138 18 36 767 309 175 200 0 333 16 644 122 23 8 9 549 543 16 352 24 0 2 33 19 43 2 23
88863 585 29 173 12 552 2118 1064 315 175 22 50 990 382 223 249 0 411 18 802 158 30 10 11 710 681 21 434 30 1 2 42 28 55 3 25
88867 579 16 163 12 548 2028 1105 298 176 24 45 949 378 211 242 0 399 23 825 153 28 11 13 679 670 18 446 26 1 2 42 29 50 2 21
88868 576 16 120 11 416 1496 827 232 125 18 32 706 284 162 196 0 304 16 612 113 21 9 10 499 494 12 337 20 0 1 30 19 37 2 17
88869 564 14 73 4 229 867 431 131 73 9 20 406 158 92 98 0 167 7 321 64 13 3 4 290 277 7 176 13 0 1 16 9 23 1 12
88880 583 25 281 20 945 3483 1884 524 294 45 78 1629 652 370 425 0 694 39 1382 256 53 20 21 1160 1151 29 758 47 1 5 70 46 90 6 41
88881 584 25 64 5 215 811 436 116 69 11 18 378 152 81 103 0 162 9 331 59 11 5 5 272 270 7 178 10 0 0 17 9 20 1 7
88882 583 15 375 30 1243 4573 2431 678 384 53 103 2139 851 483 552 0 915 44 1811 332 65 22 25 1519 1509 42 990 62 3 6 94 64 121 6 52
88892 603 37 38 3 121 447 229 68 38 5 9 211 79 47 53 0 88 3 173 32 5 1 2 143 146 2 92 6 0 0 8 6 11 0 6
88893 587 32 40 2 134 491 246 76 38 4 12 233 88 52 59 0 96 3 178 34 7 1 2 160 157 4 102 8 0 0 9 6 11 0 7
88895 590 32 36 3 122 467 236 66 40 5 9 214 87 48 56 0 97 4 186 36 6 2 3 155 154 4 98 6 0 0 10 5 12 0 5
88897 597 32 140 10 457 1715 884 263 143 19 38 810 313 186 206 0 334 15 661 126 25 8 9 576 561 15 354 24 0 2 35 20 44 2 23
88898 587 28 262 19 891 3250 1738 495 272 37 75 1513 603 344 394 0 643 33 1278 240 46 17 20 1091 1066 29 695 46 1 4 67 41 80 5 39
88901 587 28 73 3 245 905 458 142 72 8 21 429 162 100 117 0 180 5 340 63 13 3 4 296 292 7 186 14 0 1 17 10 22 1 15
88902 587 28 288 23 982 3582 1927 541 301 42 80 1713 671 379 451 0 717 38 1429 266 52 18 22 1190 1195 35 779 49 2 5 73 46 88 5 42
88903 590 28 133 9 447 1608 874 244 134 18 36 769 303 170 207 0 322 16 644 119 24 8 9 539 533 14 358 22 0 2 35 21 39 3 21
88905 590 28 230 16 754 2793 1511 411 237 34 59 1295 523 299 334 0 549 28 1112 212 40 15 17 923 919 26 615 38 2 3 61 36 70 4 33
88906 578 18 864 62 2897 10622 5653 1617 889 125 235 5057 1962 1129 1291 0 2112 109 4138 786 156 57 61 3558 3477 97 2298 149 5 14 212 135 263 16 132
88907 571 16 69 5 238 882 471 130 75 10 20 413 165 95 105 0 174 10 344 68 12 4 7 298 288 8 196 12 0 1 18 11 23 1 10
88908 562 16 70 5 234 875 447 136 69 9 21 417 162 96 105 0 169 9 333 62 12 3 5 293 283 6 180 12 0 1 16 13 22 1 10
88909 560 16 162 14 548 2031 1095 288 171 24 42 934 379 211 235 0 404 22 820 149 28 12 12 679 680 17 436 26 1 2 41 26 54 2 22
88910 573 17 76 4 256 923 478 146 73 8 21 439 168 99 116 0 182 7 346 64 14 3 5 299 301 8 196 14 0 1 19 12 23 1 13
88918 553 16 73 4 248 919 477 138 78 9 20 437 168 96 110 0 178 8 349 68 13 4 4 304 298 9 191 13 0 1 18 11 21 1 12
88936 549 14 428 33 1426 5242 2837 771 437 62 117 2468 982 548 664 0 1056 52 2110 383 72 25 32 1739 1750 48 1154 75 3 7 106 73 135 8 63
88943 469 16 104 7 349 1266 665 194 107 13 29 599 237 134 148 0 252 12 497 95 18 6 7 421 414 12 270 18 0 1 25 16 32 1 15
88944 470 16 132 10 461 1647 892 261 138 20 37 789 314 177 217 0 328 17 659 116 25 9 10 549 539 16 367 23 1 2 32 20 45 2 20
88954 505 20 652 51 2183 8027 4334 1202 680 98 179 3777 1502 844 990 0 1590 84 3210 596 112 43 51 2664 2682 76 1747 106 6 10 161 107 205 12 89
88955 511 17 130 9 447 1646 877 245 135 19 38 770 301 171 199 0 328 15 645 117 23 8 9 539 543 13 346 25 0 2 34 25 41 2 20
88960 504 12 228 16 759 2827 1508 423 234 33 64 1335 518 299 334 0 558 31 1101 207 42 14 17 929 935 25 602 40 2 4 59 37 71 4 32
