88963 615 28 69 6 227 851 443 127 71 9 19 405 155 91 95 0 165 7 324 64 12 3 4 279 279 7 179 12 0 1 17 10 22 1 10
88964 616 28 204 15 667 2515 1305 372 213 30 55 1174 464 262 296 0 485 26 968 184 35 13 14 842 818 24 520 34 1 2 52 35 65 3 30
88965 616 27 164 12 536 1996 1079 292 173 24 44 932 374 208 246 0 396 21 798 149 27 10 13 671 654 18 437 26 1 2 41 26 50 3 24
88967 614 27 296 23 1004 3701 1975 547 315 44 82 1758 686 389 448 0 724 42 1472 277 52 19 21 1238 1229 35 788 50 1 4 72 47 100 5 42
88969 491 11 69 5 232 858 452 125 72 10 21 396 160 90 97 0 170 10 334 64 12 4 5 284 283 7 181 12 0 1 15 12 23 1 9
88976 496 13 74 4 262 909 491 150 73 9 21 452 176 101 130 0 180 8 366 62 13 3 5 299 303 9 203 13 0 1 17 12 22 1 11
88982 491 16 146 10 480 1759 915 260 148 18 40 831 322 183 211 0 347 16 681 128 24 7 9 582 572 14 372 25 0 2 35 25 44 2 21
88983 490 14 35 2 118 434 233 65 40 5 9 203 81 45 46 0 82 6 167 34 5 2 3 152 136 4 101 5 0 0 8 4 13 0 3
89006 521 30 512 38 1682 6267 3275 938 521 71 146 2986 1157 661 780 1 1227 60 2438 463 89 31 36 2095 2053 57 1324 86 2 9 123 82 161 10 78
89042 495 13 198 14 661 2445 1309 360 206 28 53 1128 450 257 287 0 481 25 964 179 33 12 15 804 799 21 533 33 1 3 51 34 61 4 28
89043 495 13 125 9 445 1579 883 238 133 20 34 766 303 166 204 0 314 16 635 116 21 9 10 531 531 14 351 20 1 2 33 22 38 2 17
89045 536 28 335 24 1101 4087 2143 625 340 46 92 1934 751 432 512 0 824 40 1605 294 60 20 24 1340 1354 40 870 58 2 5 85 51 102 6 53
89046 587 44 67 4 226 823 434 125 68 10 18 388 156 90 106 0 168 8 329 58 12 4 4 272 271 6 178 11 0 1 16 11 20 1 10
89058 479 11 264 21 880 3241 1732 493 276 38 71 1536 597 335 397 0 640 34 1281 244 47 17 21 1083 1067 30 701 45 1 4 66 42 83 5 38
89060 582 24 254 21 858 3184 1686 471 275 40 69 1482 599 338 387 0 635 36 1270 243 45 18 18 1063 1043 30 687 41 2 4 65 41 82 4 33
89061 574 23 130 11 445 1598 861 245 142 22 34 758 304 171 189 0 312 19 628 125 24 9 10 537 525 15 352 22 0 2 32 21 42 2 17
89064 577 23 268 19 881 3285 1745 480 278 39 73 1535 606 344 388 0 654 32 1281 242 47 18 20 1098 1076 30 709 46 2 4 66 41 87 4 40
89066 543 17 69 4 221 840 436 126 69 8 18 384 148 87 95 0 167 8 322 60 12 4 5 273 275 6 172 11 0 1 17 10 21 1 11
89067 575 26 188 15 634 2346 1250 354 203 28 51 1104 442 249 294 0 462 26 934 171 35 12 14 800 762 22 519 31 1 3 49 27 62 3 26
89068 601 47 71 6 232 878 464 132 73 10 19 422 163 95 110 0 176 9 349 64 12 4 5 289 289 8 185 12 0 1 18 11 21 1 9
89075 527 36 72 5 231 844 443 126 74 9 18 408 163 89 108 0 167 9 332 64 12 4 4 281 276 9 183 12 0 1 17 10 22 1 10
89076 522 17 103 8 346 1260 660 193 105 14 27 609 234 132 149 0 252 11 480 95 18 5 7 421 411 10 273 18 0 2 27 17 32 1 16
89077 514 17 331 23 1123 4086 2167 612 346 46 91 1936 761 431 501 0 808 42 1603 310 57 19 22 1356 1340 36 887 57 2 5 84 55 103 6 49
89079 580 21 67 4 226 842 444 131 67 9 18 403 158 91 101 0 169 7 324 61 12 4 4 280 277 7 179 12 0 1 16 10 21 1 10
89081 525 17 33 2 107 416 231 56 36 5 9 186 75 43 46 0 84 5 173 32 6 2 2 139 142 2 90 5 0 0 8 4 10 0 4
89090 525 18 198 15 677 2468 1321 369 205 28 55 1155 461 258 304 0 493 24 978 182 35 12 16 823 819 23 541 33 1 3 49 31 63 3 29
89102 518 32 66 4 216 790 425 119 67 9 18 370 151 85 92 0 161 7 309 57 10 4 4 259 260 6 171 11 0 1 16 11 19 1 9
89142 551 25 97 9 336 1206 654 186 104 14 25 579 225 128 151 0 239 12 480 92 16 6 8 400 400 11 262 17 0 1 26 16 30 2 13
89143 548 25 164 13 562 2074 1092 315 173 24 48 980 385 221 256 0 414 20 805 155 29 10 10 686 688 19 444 30 1 3 42 25 52 3 27
89144 547 24 226 15 770 2799 1557 409 237 34 62 1304 521 292 350 0 555 31 1139 202 40 15 19 924 947 25 611 38 2 3 60 39 69 4 31
89145 542 21 103 7 344 1285 660 196 103 13 30 615 236 139 156 0 249 12 496 92 18 6 6 431 421 12 270 19 0 1 27 16 31 2 18
89146 545 21 159 13 550 1992 1085 304 167 23 46 945 375 210 244 0 400 19 794 145 28 10 13 663 655 17 444 27 0 2 40 25 51 3 24
89161 554 40 359 29 1209 4490 2367 676 375 50 99 2117 830 471 549 0 892 43 1753 329 66 21 27 1495 1478 42 952 63 2 6 91 58 116 6 55
89169 507 15 37 2 122 459 230 70 38 5 10 217 85 49 61 0 91 4 180 33 7 1 2 153 147 4 96 6 0 0 9 5 11 0 6
89175 381 11 35 3 116 435 229 64 38 5 9 207 81 46 54 0 89 4 169 31 5 2 2 145 143 4 96 6 0 0 8 5 11 0 4
89176 402 18 516 38 1759 6428 3420 989 533 74 143 3080 1187 685 817 0 1292 61 2528 463 92 31 38 2118 2141 59 1382 93 3 9 132 83 159 10 81
89192 399 12 175 11 580 2183 1099 323 180 23 50 1015 391 227 257 0 425 19 824 160 30 10 11 708 707 21 449 33 1 3 45 27 54 3 28
89193 400 11 338 28 1145 4172 2333 614 360 56 87 1942 786 436 494 0 837 51 1698 320 56 25 28 1395 1397 38 947 51 3 5 85 59 107 6 39
89201 447 14 191 16 646 2429 1267 367 204 29 54 1138 446 254 284 0 481 28 937 181 32 14 13 814 789 22 507 32 1 3 46 32 64 3 27
89202 442 32 150 8 487 1818 929 272 148 18 43 849 322 189 214 0 361 14 687 131 26 7 9 592 597 17 373 28 0 2 36 23 44 2 25
89203 448 32 289 23 969 3566 1906 527 308 44 80 1681 663 373 429 0 706 43 1410 268 49 21 22 1189 1164 33 774 47 2 4 73 45 90 5 39
89204 441 32 37 2 121 454 224 70 39 5 10 215 83 49 53 0 86 4 167 34 7 2 1 155 141 4 95 6 0 0 9 5 10 0 6
89205 440 28 549 45 1873 6802 3693 1036 573 82 155 3236 1286 708 858 0 1366 73 2738 509 95 37 41 2257 2261 70 1500 92 5 9 137 90 169 10 77
89207 425 12 92 7 322 1177 654 173 100 16 24 559 219 121 139 0 239 14 476 87 16 7 7 400 391 9 266 15 0 1 25 17 31 1 11
89208 454 14 219 18 748 2753 1484 404 235 34 59 1297 515 289 339 0 548 32 1118 208 39 15 17 941 905 25 601 35 1 3 56 37 69 4 29
89232 523 62 31 2 107 385 224 54 36 5 7 172 76 42 44 0 74 5 167 29 6 2 2 132 126 3 90 4 0 0 8 4 10 0 2
89233 508 35 227 16 797 2839 1531 437 236 34 62 1352 537 302 362 0 567 30 1124 206 37 15 15 940 935 26 614 39 1 3 57 40 70 4 34
89234 572 42 162 11 546 2026 1072 306 170 25 44 968 379 217 243 0 398 21 788 146 30 11 11 685 669 20 432 28 0 2 42 26 50 3 24
89235 550 30 72 4 229 865 442 132 70 9 19 411 155 92 102 0 170 7 322 61 13 4 4 290 284 8 178 13 0 1 17 10 22 1 12
89236 537 23 95 7 321 1195 643 181 100 15 25 557 221 125 146 0 238 14 482 89 17 6 8 387 403 11 261 16 0 1 24 16 31 2 13
89237 544 23 101 6 332 1252 638 192 104 14 28 592 231 134 143 0 246 12 470 94 17 5 7 419 404 9 258 18 0 1 25 17 32 2 17
89241 538 18 235 17 803 2883 1545 450 241 34 64 1387 542 317 367 0 567 27 1135 206 41 15 17 960 954 26 628 42 1 4 60 37 73 4 36
89242 537 18 271 19 904 3365 1754 505 277 37 75 1590 621 360 418 0 664 31 1300 246 50 15 19 1122 1099 30 718 49 1 4 67 42 87 5 43
89243 539 18 274 20 907 3371 1749 511 280 38 76 1599 617 353 413 0 672 31 1323 246 47 15 18 1116 1114 30 700 45 2 5 68 47 85 5 40
89244 547 27 446 35 1528 5625 3018 846 467 67 125 2658 1037 593 707 0 1139 58 2254 408 78 32 34 1857 1893 50 1206 76 3 7 113 74 140 9 65
89247 511 23 179 12 597 2204 1135 340 177 23 52 1057 396 235 261 0 432 18 842 158 32 9 12 736 723 20 457 31 1 3 44 28 55 3 32
89248 510 21 260 21 872 3240 1767 472 270 38 72 1498 608 334 412 0 646 35 1323 244 45 16 19 1071 1079 30 718 44 2 3 68 43 82 4 35
89249 519 18 435 33 1428 5237 2794 806 439 63 118 2433 972 563 585 0 1023 54 2028 393 76 29 30 1747 1715 46 1131 72 2 7 109 73 134 8 60
89250 503 21 281 23 972 3494 1910 529 298 44 78 1650 655 370 412 0 695 41 1389 261 49 19 22 1177 1161 29 766 46 2 4 71 46 89 5 37
89253 517 12 190 14 653 2430 1312 369 198 32 53 1144 449 253 282 0 477 27 959 177 33 15 15 823 809 20 519 30 1 2 48 32 61 3 25
89254 517 11 274 22 959 3449 1920 525 296 43 73 1642 666 367 435 0 682 39 1396 262 50 21 23 1161 1139 33 778 43 2 4 75 46 86 5 35
89255 518 11 187 17 635 2349 1256 352 202 29 51 1120 444 247 277 0 468 26 922 180 32 13 16 789 780 23 513 30 1 3 47 31 60 3 25
89257 518 16 68 5 232 835 448 128 69 8 18 392 155 90 100 0 170 8 321 65 11 3 5 277 272 7 182 12 0 1 17 11 19 1 10
89260 435 62 172 13 563 2068 1094 321 179 25 45 963 386 221 238 0 395 20 800 159 31 10 11 683 677 20 439 30 1 3 44 27 53 3 26
89261 435 62 175 11 579 2139 1128 327 179 23 48 1002 395 231 246 0 415 20 819 161 32 10 12 713 695 21 457 31 1 3 45 28 53 3 26
89262 482 71 70 5 229 859 445 131 70 9 20 405 158 94 98 0 169 8 328 60 12 4 3 289 283 7 178 12 0 1 16 10 21 1 11
89263 469 62 69 4 226 843 434 128 73 9 19 398 154 88 100 0 166 8 324 65 12 3 3 280 268 7 180 12 0 1 17 10 21 1 11
89264 499 74 68 4 228 855 452 129 68 9 19 405 154 94 97 0 167 9 328 63 12 3 4 282 285 7 176 12 0 1 17 11 22 1 11
89265 487 62 498 35 1683 6141 3254 945 510 68 141 2924 1129 651 763 0 1221 54 2372 444 90 27 37 2035 2024 57 1312 89 2 9 125 77 157 10 81
89266 488 62 165 14 576 2083 1126 320 179 25 46 981 395 220 249 0 412 22 819 153 30 11 15 697 693 21 463 28 1 2 42 25 54 3 23
89267 488 63 236 16 785 2877 1540 432 241 32 62 1360 542 304 363 0 571 26 1137 209 41 13 17 946 954 26 625 40 1 4 62 37 73 4 35
89268 482 62 99 7 331 1239 657 189 105 15 27 578 230 132 141 0 247 14 477 90 16 6 8 416 405 12 266 16 0 1 26 18 33 1 12
89270 484 62 199 15 670 2462 1303 382 207 30 55 1164 457 266 307 0 488 24 972 182 36 13 14 826 808 23 527 36 1 3 47 31 63 4 30
89271 486 62 423 33 1434 5269 2809 806 438 61 119 2521 984 562 640 0 1042 55 2055 384 76 26 33 1765 1740 51 1142 73 3 7 105 69 133 8 62
89275 485 62 38 3 125 457 233 70 40 5 10 219 86 50 58 0 90 4 173 35 6 2 2 158 144 5 99 6 0 0 8 5 13 0 5
89278 482 63 41 2 132 498 242 77 41 5 11 235 90 55 62 0 97 4 182 33 6 1 2 160 161 4 97 8 0 0 9 6 12 0 7
89279 457 62 39 2 131 468 251 74 36 5 10 225 90 52 61 0 92 4 189 32 6 2 2 152 155 3 103 7 0 0 8 7 12 1 5
89281 467 64 114 6 347 1318 682 202 109 15 29 605 246 144 150 0 249 13 498 97 20 6 8 434 424 12 274 20 0 1 26 18 36 2 16
89283 476 76 333 24 1108 4103 2165 629 346 48 92 1916 769 438 510 0 806 41 1620 308 59 23 25 1367 1337 40 887 57 3 5 87 52 104 6 49
89284 532 35 111 7 358 1329 687 205 111 13 32 625 244 139 166 0 265 11 512 94 18 6 7 436 434 11 277 19 0 2 26 18 33 2 17
89286 525 32 99 9 330 1212 661 180 102 14 27 564 223 128 142 0 237 12 478 89 16 7 8 409 403 10 265 16 0 1 26 16 29 1 12
89288 533 31 308 22 1023 3752 1958 574 321 44 89 1741 692 397 443 0 741 39 1450 278 54 19 20 1248 1231 37 788 56 2 5 74 48 95 5 47
89290 552 81 40 2 126 475 241 76 38 5 10 221 86 52 55 0 92 3 177 32 7 2 2 156 156 4 100 6 0 0 9 6 11 0 6
89293 561 78 68 5 233 848 445 137 72 10 19 401 161 92 107 0 168 8 332 64 12 4 5 286 270 8 186 11 0 1 16 10 22 1 9
89297 558 76 631 50 2145 7802 4277 1148 669 99 169 3657 1467 819 921 0 1554 90 3121 597 104 44 49 2606 2590 69 1739 101 5 9 161 108 202 11 80
89298 492 23 37 2 123 454 232 70 37 5 11 217 83 48 53 0 89 4 172 31 6 1 2 153 149 3 94 6 0 0 9 5 11 0 6
89300 492 23 66 5 218 814 432 123 71 10 17 378 157 87 95 0 159 9 319 62 11 5 4 271 260 8 182 10 0 0 17 10 20 1 8
89302 503 21 737 56 2517 9139 4855 1400 768 108 203 4336 1709 975 1125 0 1819 92 3561 687 131 45 51 3035 3011 83 1969 131 5 13 188 115 228 14 118
89303 504 37 72 4 236 874 448 132 72 9 21 415 158 94 104 0 168 6 329 63 12 3 4 287 285 7 181 14 0 1 18 10 20 1 13
89305 509 38 562 41 1900 7019 3716 1057 584 82 154 3345 1299 735 878 0 1400 72 2778 512 100 35 40 2319 2336 65 1499 93 4 9 142 93 178 10 84
89306 516 36 34 2 110 432 231 63 36 6 9 206 81 48 51 0 82 5 173 32 6 3 2 146 142 4 93 5 0 0 9 5 12 0 3
89307 516 37 301 24 1016 3657 1946 566 309 41 86 1753 686 387 476 0 732 37 1438 272 50 17 20 1214 1199 35 794 52 2 5 76 50 89 6 46
89308 506 35 320 25 1080 3926 2104 596 334 47 87 1863 728 415 491 0 779 38 1548 292 57 22 22 1314 1283 38 861 51 2 5 81 49 100 6 45
89310 514 38 403 27 1351 4960 2627 761 413 56 112 2336 912 527 604 0 984 46 1932 365 71 23 28 1631 1634 43 1061 73 2 7 100 64 126 8 66
89311 528 34 141 9 465 1711 902 268 142 19 38 804 324 185 201 0 346 14 659 125 23 8 9 564 566 14 363 23 0 2 33 23 45 2 20
89315 522 34 202 16 685 2521 1328 373 200 27 58 1215 457 259 313 0 503 24 999 183 33 12 14 837 842 20 535 36 0 3 50 34 60 3 32
89317 557 16 70 4 233 848 456 130 68 9 19 395 153 90 99 0 170 6 332 60 11 4 5 276 283 6 183 13 0 1 17 11 20 1 11
89318 522 16 199 13 664 2414 1284 365 199 28 53 1139 451 258 305 0 487 22 949 174 35 11 12 792 790 21 522 34 1 3 49 32 59 4 31
89322 520 22 36 2 119 448 222 68 37 5 10 211 80 47 49 0 88 4 165 33 6 2 1 152 143 3 91 7 0 0 9 5 12 0 6
89323 518 18 38 2 117 450 232 68 36 5 10 207 82 48 47 0 85 4 169 32 6 2 1 150 145 4 93 6 0 0 9 5 12 0 6
89325 509 19 311 23 1037 3748 2024 570 314 44 83 1790 701 387 455 0 748 38 1463 279 54 18 22 1240 1250 33 811 54 1 5 75 50 94 6 46
89326 584 33 262 20 874 3213 1728 469 272 39 71 1482 589 328 386 0 634 35 1277 241 43 17 18 1054 1071 30 702 43 2 4 66 44 82 4 35
89328 584 33 511 38 1713 6292 3419 937 532 79 140 2962 1181 654 773 0 1261 70 2485 471 87 39 40 2108 2074 58 1382 86 3 7 131 87 162 9 70
89329 582 31 97 8 323 1202 657 171 106 16 26 553 224 124 143 0 245 15 489 93 17 7 8 403 395 11 267 14 0 1 25 15 31 1 11
89331 511 18 170 13 551 2056 1090 304 174 25 46 947 382 213 229 0 404 19 810 153 27 11 12 685 673 16 446 27 0 2 41 27 54 3 24
89335 511 18 33 2 108 399 224 61 34 5 7 181 79 44 42 0 78 4 160 27 6 2 2 131 133 2 90 6 0 0 8 5 11 0 4
89336 511 17 302 23 970 3623 1926 530 315 46 81 1685 682 383 457 0 722 39 1446 268 52 20 23 1200 1190 35 783 46 3 4 74 50 94 5 38
89338 510 15 60 5 208 769 416 118 69 11 16 354 147 83 89 0 148 8 310 60 12 5 5 263 246 8 172 10 0 1 16 9 21 1 7
89340 504 15 139 9 466 1701 891 271 140 19 38 807 314 184 208 0 338 13 663 122 25 7 8 549 563 15 352 25 0 2 35 23 41 3 24
89341 529 14 287 22 960 3544 1908 530 298 43 78 1676 658 376 431 0 705 40 1391 265 49 19 23 1185 1161 33 780 51 2 4 71 48 93 5 40
89343 516 14 36 2 117 444 228 69 38 5 10 211 82 49 56 0 88 4 172 32 6 2 2 148 144 4 96 5 0 0 9 5 12 0 5
89344 496 15 165 13 548 2030 1100 300 177 27 44 972 383 214 243 0 397 22 812 154 28 12 12 685 675 21 445 25 1 2 42 26 55 2 19
89345 504 24 73 4 237 861 454 133 71 8 20 409 159 93 110 0 172 6 333 63 11 4 4 277 281 7 183 13 0 1 17 11 20 1 12
89346 484 14 263 20 887 3252 1745 497 275 38 71 1541 620 350 406 0 641 35 1296 242 46 17 20 1075 1075 31 716 44 2 4 67 41 83 5 36
89347 485 14 192 16 655 2394 1275 363 201 27 53 1149 448 255 322 0 480 22 959 174 34 12 14 799 782 22 523 32 1 3 47 31 60 3 29
89348 500 15 159 13 533 1990 1054 299 164 25 44 936 374 213 241 0 401 23 779 151 28 12 13 674 648 18 437 25 1 2 40 26 50 2 22
89349 490 22 132 9 429 1616 853 242 136 20 36 761 301 169 186 0 319 16 627 120 22 8 8 538 528 14 341 22 1 2 32 19 44 2 19
89350 506 23 277 19 901 3418 1767 506 281 37 80 1616 615 359 399 0 667 34 1311 252 49 17 20 1141 1122 30 706 47 1 4 67 47 87 4 41
89353 494 18 104 7 337 1278 652 192 107 13 29 596 232 135 148 0 246 12 479 94 19 6 8 430 409 12 268 18 0 1 26 16 33 2 16
89355 492 16 326 24 1082 4021 2149 601 341 47 91 1890 752 420 492 0 792 42 1583 297 57 19 25 1326 1329 41 875 57 2 4 82 53 106 5 46
89356 503 25 194 15 651 2410 1290 361 201 29 52 1129 451 255 282 0 477 24 945 177 34 13 15 804 792 21 522 34 1 3 51 33 64 3 29
89357 502 14 674 52 2271 8356 4509 1247 702 100 184 3932 1541 878 1045 0 1660 85 3360 619 117 42 53 2777 2779 77 1832 113 6 10 174 108 213 13 96
89358 502 14 130 11 445 1667 897 246 135 19 39 780 307 175 216 0 339 17 678 122 24 8 9 539 563 15 361 24 0 2 34 22 41 2 19
89359 496 14 225 15 764 2808 1555 412 232 34 63 1325 527 292 330 0 556 31 1132 207 41 14 17 924 953 24 609 36 2 3 59 41 69 4 31
89360 464 15 333 24 1098 4039 2161 611 332 47 94 1906 749 427 498 0 812 39 1595 291 57 19 22 1333 1343 34 866 57 2 5 85 54 102 7 50
89363 478 16 80 4 259 948 482 150 78 10 23 463 167 103 117 0 188 6 353 67 14 3 3 307 312 6 193 15 0 1 18 12 22 2 15
89364 505 48 134 9 439 1635 857 252 136 20 36 759 304 175 188 0 321 17 626 121 23 8 9 541 534 14 349 23 0 2 34 21 42 2 20
89365 481 14 293 22 976 3638 1921 547 314 44 83 1705 681 386 449 0 711 40 1446 275 52 19 22 1217 1196 37 788 49 3 4 71 45 96 5 39
89366 493 16 102 8 341 1253 668 187 108 14 27 601 234 130 167 0 252 13 499 91 17 6 7 413 411 13 276 16 0 1 26 14 31 1 13
89368 489 18 39 2 127 470 248 72 39 6 10 225 86 51 57 0 92 4 186 32 6 2 2 151 159 3 94 6 0 0 10 6 11 0 6
89370 579 43 98 9 341 1217 677 182 106 14 24 575 233 127 154 0 240 14 502 93 17 6 8 408 404 13 277 15 1 1 27 15 30 1 11
89371 523 22 69 5 234 864 450 131 73 9 19 417 157 91 113 0 170 7 338 62 12 3 6 287 282 8 188 12 0 1 16 10 21 1 11
89376 518 19 167 12 542 2031 1058 315 170 24 47 958 375 215 232 0 399 22 782 149 28 10 10 678 666 18 424 28 1 2 42 26 52 3 25
89377 567 31 142 10 462 1700 901 250 145 19 37 795 312 179 204 0 332 16 660 129 23 8 10 564 560 14 369 23 0 2 34 22 43 2 21
89379 565 29 39 1 123 460 234 70 39 5 11 219 80 50 54 0 89 3 175 32 7 1 1 151 151 3 92 7 0 0 8 5 11 0 7
89380 565 28 37 2 122 455 236 68 43 5 9 215 88 47 61 0 90 4 179 35 6 2 2 154 144 5 99 6 0 0 9 4 11 0 4
89381 565 28 106 8 351 1320 697 189 113 15 29 611 242 138 151 0 255 13 513 102 18 7 8 442 431 12 278 17 0 1 25 18 35 1 14
89383 555 14 129 10 426 1562 861 235 132 20 33 723 292 163 177 0 310 16 619 113 23 9 8 518 522 13 344 20 1 2 34 19 38 2 19
89385 554 17 229 18 768 2839 1527 426 240 36 63 1322 529 295 316 0 551 33 1109 215 41 15 17 946 941 26 610 37 2 3 59 36 73 4 30
89386 547 18 273 20 912 3350 1765 514 274 36 76 1570 614 360 399 0 662 31 1298 243 48 14 19 1099 1101 30 717 48 1 4 69 44 85 5 43
89389 523 17 220 17 724 2677 1441 393 232 32 58 1244 499 274 334 0 540 29 1064 205 37 15 18 889 873 26 600 35 1 3 56 32 67 4 32
89390 543 14 325 24 1100 4007 2178 591 341 51 89 1895 749 412 504 0 796 45 1625 291 55 21 25 1333 1333 36 876 53 3 5 84 56 104 6 42
89391 508 14 36 1 126 451 249 64 36 5 10 213 83 48 51 0 90 3 173 33 6 2 2 147 151 3 97 6 0 0 9 6 10 0 6
89394 509 14 237 17 796 2909 1547 443 242 34 68 1394 545 315 385 0 584 26 1157 206 41 15 18 953 956 27 630 43 1 4 58 39 74 5 37
89396 503 25 543 42 1843 6709 3583 1024 566 79 147 3179 1238 712 826 0 1322 70 2639 496 95 34 41 2242 2215 63 1449 95 3 9 141 84 168 11 83
89398 503 25 301 23 988 3726 1940 560 310 40 83 1744 680 397 432 0 733 37 1432 276 55 17 22 1237 1228 37 797 50 2 4 76 47 97 5 46
89400 504 25 136 11 441 1643 862 246 137 19 36 763 302 173 189 0 331 15 643 116 23 8 8 541 542 13 347 24 0 2 33 22 42 2 19
89401 503 25 38 1 125 455 241 71 38 5 10 220 87 50 60 0 91 3 180 32 6 2 1 148 153 4 98 6 0 0 10 5 11 0 6
89403 505 24 39 2 124 478 243 69 43 6 10 229 87 50 59 0 94 4 186 35 6 2 2 161 159 3 96 6 0 0 9 6 11 0 5
89408 536 35 179 10 582 2152 1107 333 176 23 49 1021 396 234 260 0 419 16 805 157 32 9 11 710 698 20 447 32 0 3 44 26 54 3 31
89409 525 38 138 8 463 1714 892 265 137 18 40 815 313 185 214 0 343 14 664 121 25 7 9 566 567 13 360 25 0 2 34 23 42 3 22
89410 525 38 139 8 451 1687 876 252 136 17 39 788 301 178 196 0 330 15 641 122 24 7 9 550 555 16 350 25 0 2 33 22 42 2 23
89411 508 14 232 18 807 2905 1570 445 241 36 65 1386 546 308 352 0 577 28 1147 214 40 15 16 969 968 25 617 42 1 4 59 37 73 4 35
89413 501 16 37 2 120 454 232 70 37 5 11 216 85 49 54 0 88 3 175 33 6 2 2 154 144 4 94 6 0 0 9 6 12 0 5
89414 498 14 266 19 895 3247 1754 483 279 37 70 1547 610 340 417 0 644 32 1291 242 48 16 19 1076 1072 32 717 45 1 4 67 41 83 4 37
89415 491 14 109 6 354 1323 667 206 108 13 30 618 239 141 158 0 255 12 498 97 19 6 7 438 428 12 276 19 0 2 26 17 32 2 19
89417 464 19 261 21 888 3275 1743 492 276 39 72 1551 602 348 417 0 659 31 1301 242 45 17 21 1086 1082 28 709 45 2 4 67 46 85 5 37
89423 520 44 38 2 125 453 248 66 40 5 10 213 85 47 56 0 89 4 181 35 6 2 1 150 153 4 97 5 0 0 10 5 10 0 5
89425 496 30 107 8 364 1307 675 212 108 15 31 625 244 140 151 0 256 13 486 95 18 5 5 427 431 12 273 19 0 2 25 16 32 2 18
89426 504 23 326 26 1101 4073 2143 620 336 45 90 1955 751 433 494 0 809 42 1588 298 59 21 25 1350 1332 37 877 57 2 5 83 54 104 5 50
89428 512 23 143 8 445 1720 876 240 140 19 40 790 302 176 204 0 334 15 670 126 24 7 8 563 568 15 346 23 1 2 32 23 44 2 21
89431 481 18 115 7 364 1376 701 206 112 14 32 644 247 145 162 0 268 11 526 100 19 5 8 447 444 13 287 21 0 2 27 19 35 2 17
89433 495 14 72 5 238 868 462 130 75 11 18 410 162 89 104 0 168 9 335 64 13 4 5 291 287 7 189 11 0 1 17 10 23 1 10
89434 475 14 100 7 339 1244 659 189 103 15 28 598 225 133 162 0 252 11 493 90 18 6 7 402 414 9 262 18 0 1 24 15 29 2 17
89436 499 15 134 9 446 1665 863 249 143 19 36 767 303 181 188 0 321 15 649 125 24 9 9 555 544 14 347 23 1 2 34 20 43 2 20
89438 490 14 368 25 1252 4539 2413 693 373 51 102 2174 838 489 552 0 901 43 1753 327 63 21 24 1511 1485 39 969 68 2 7 94 59 110 7 60
89440 763 98 295 22 996 3695 1999 535 315 45 80 1689 679 375 436 0 737 40 1473 282 52 21 23 1206 1247 37 796 48 2 4 75 48 92 5 41
89442 782 95 107 7 354 1314 680 204 107 14 30 622 239 140 156 0 259 11 496 93 19 5 7 434 428 11 273 18 0 2 26 16 32 2 18
89445 764 94 58 5 204 762 425 109 64 10 17 345 146 80 90 0 152 10 318 58 11 5 5 264 251 6 176 9 0 0 16 9 20 1 6
89446 779 38 165 14 551 2045 1095 304 172 24 44 960 382 214 250 0 400 21 819 151 28 12 12 691 670 20 444 28 1 2 42 28 53 3 21
89449 731 26 165 11 565 2033 1088 321 168 24 47 980 379 220 239 0 408 19 788 148 29 10 11 684 679 17 442 28 1 3 40 25 51 3 27
89451 724 24 70 5 240 891 464 135 73 10 21 420 159 96 104 0 176 8 339 65 12 4 6 299 291 7 187 12 0 1 17 11 23 1 10
89452 724 24 305 28 1080 3846 2167 583 326 48 81 1827 740 401 495 0 790 46 1599 286 53 23 26 1273 1307 36 880 49 2 4 80 51 97 6 39
89453 749 28 103 7 349 1275 667 190 104 14 29 608 235 134 160 0 254 11 501 89 17 5 6 421 421 9 267 19 0 2 25 16 32 2 17
89454 754 36 481 36 1654 6000 3299 902 510 76 136 2837 1113 630 743 0 1202 64 2393 449 84 31 37 1980 2021 55 1303 81 4 8 123 82 148 9 69
89455 746 16 287 24 971 3588 1945 548 307 45 79 1696 671 379 431 0 716 44 1434 271 50 20 22 1213 1194 33 787 48 2 4 69 46 93 5 39
89463 721 17 266 18 911 3316 1766 505 279 37 74 1581 618 350 417 0 656 34 1299 243 48 16 18 1105 1084 33 720 47 1 4 68 42 81 5 40
89465 682 47 169 11 566 2055 1089 313 173 25 47 973 383 224 251 0 413 19 799 145 28 11 11 680 673 17 440 29 1 3 41 28 52 3 24
89466 682 46 301 23 1014 3729 1970 554 313 41 86 1787 693 393 482 0 752 38 1475 275 52 17 20 1236 1233 34 801 52 2 5 74 50 91 5 45
89468 681 46 39 2 131 476 259 74 39 5 10 226 89 51 57 0 92 4 186 32 6 2 2 155 158 4 106 6 0 0 9 6 13 0 5
89470 699 46 169 12 554 2088 1085 310 176 23 47 978 380 219 250 0 407 22 802 155 31 11 13 704 682 19 440 28 0 2 42 26 53 3 26
89472 695 50 38 2 136 478 257 73 39 5 10 233 89 49 59 0 95 4 188 33 6 2 2 158 161 3 102 7 0 0 9 6 11 0 6
89474 700 55 102 7 346 1267 687 190 108 16 26 594 238 132 150 0 243 15 498 95 18 7 7 427 417 12 270 17 0 1 25 16 31 1 14
89475 690 45 164 14 571 2051 1091 311 171 23 46 993 382 218 273 0 412 21 820 152 29 10 13 684 677 19 445 29 1 2 42 27 51 3 24
89476 692 42 36 3 123 440 243 64 39 6 9 209 84 45 57 0 93 4 179 33 6 2 3 143 148 4 101 5 0 0 9 6 11 0 4
89477 706 45 196 15 662 2419 1302 369 206 29 51 1152 453 257 303 0 481 24 952 179 36 12 16 811 799 23 537 32 1 3 51 27 63 3 30
89478 743 54 647 51 2205 7989 4360 1209 673 96 180 3831 1477 834 1019 0 1603 83 3205 582 114 41 52 2653 2688 72 1767 108 4 10 166 107 205 12 92
89481 754 56 36 2 120 435 232 63 40 6 8 204 85 47 50 0 79 5 170 32 6 2 3 152 135 4 97 5 0 0 9 5 12 0 4
89483 715 40 150 12 523 1916 1061 283 164 25 42 897 356 198 228 0 378 24 763 151 26 12 13 644 633 17 428 23 1 2 38 27 47 2 19
89484 725 50 105 7 359 1297 696 196 113 16 27 602 244 136 154 0 252 12 508 99 17 7 8 422 430 11 276 18 0 1 26 17 32 2 15
89485 719 42 132 10 454 1638 897 250 136 21 34 780 305 177 197 0 333 17 649 119 23 9 9 546 549 13 367 23 0 2 35 21 40 3 19
89487 730 68 210 15 705 2580 1352 397 219 31 57 1233 480 274 314 0 508 23 999 193 36 13 14 862 849 23 550 35 1 3 53 33 67 3 30
89488 639 29 333 25 1135 4188 2209 645 353 50 95 1997 773 446 504 0 834 43 1644 306 60 23 23 1397 1393 37 879 59 2 5 82 53 103 6 49
89490 639 29 174 13 577 2118 1108 329 177 23 47 1005 394 226 260 0 423 19 812 155 30 10 12 707 695 22 451 30 1 3 43 26 53 3 26
89491 649 29 37 2 120 463 235 68 38 5 10 221 84 48 60 0 91 4 180 33 7 2 2 150 154 5 95 6 0 0 9 4 12 0 5
89492 649 29 168 13 560 2084 1077 319 173 23 46 981 387 216 256 0 411 20 808 150 29 9 11 684 687 20 442 28 1 2 44 26 52 3 27
89494 631 13 551 43 1855 6813 3648 1027 569 79 151 3225 1258 716 851 0 1351 67 2720 502 95 34 44 2261 2258 63 1500 93 4 9 141 90 174 10 81
89496 620 12 34 3 119 446 231 67 36 5 9 211 83 46 55 0 88 4 175 29 6 2 2 151 146 3 93 5 0 0 10 5 10 0 4
89497 621 12 150 15 514 1853 1069 273 164 23 36 875 359 190 234 0 374 24 783 144 26 11 13 627 628 17 435 22 1 1 38 23 48 2 18
89500 620 12 176 13 576 2161 1123 317 187 26 46 1002 397 224 256 0 420 24 839 163 30 11 13 717 703 20 460 29 1 3 42 28 59 2 24
89515 658 21 76 4 240 923 462 142 74 10 21 444 166 97 115 0 179 9 347 65 13 3 4 309 294 8 187 14 0 1 17 11 24 1 13
89548 686 12 140 10 465 1758 909 264 140 19 41 826 316 188 213 0 347 16 680 125 26 7 10 577 587 16 361 26 0 2 35 21 43 3 23
89549 686 12 90 8 315 1134 627 172 101 15 23 539 220 120 143 0 226 15 465 93 17 7 6 388 371 10 261 13 1 1 22 15 29 1 9
89550 689 12 206 19 725 2645 1439 407 225 33 60 1260 506 279 330 0 536 32 1055 197 38 15 19 896 879 25 583 35 1 3 53 34 68 4 28
89551 689 12 321 25 1071 3939 2092 603 331 48 86 1887 726 416 490 0 790 43 1555 288 58 21 24 1325 1306 37 846 54 2 5 82 52 98 6 49
89557 664 25 749 57 2475 9163 4851 1367 779 106 205 4324 1697 962 1100 0 1817 91 3579 671 130 47 56 3044 3010 87 1964 130 5 12 191 121 236 13 108
89577 660 18 40 1 133 492 248 79 39 5 12 235 90 55 59 0 98 4 183 33 6 1 1 160 163 4 102 7 0 1 9 6 11 1 7
89579 655 16 257 19 849 3206 1706 480 267 39 67 1472 596 338 372 0 629 35 1268 234 46 16 19 1066 1054 28 691 42 2 3 69 41 84 5 38
89580 657 17 150 13 529 1928 1073 283 165 26 42 918 358 200 224 0 388 22 767 146 26 12 12 651 644 14 428 23 1 2 38 26 50 2 20
89581 651 14 131 9 447 1650 867 256 139 19 36 775 308 179 199 0 327 16 638 122 24 8 8 544 539 16 348 23 1 2 32 19 39 2 22
89595 666 11 142 9 476 1782 914 273 142 17 44 857 320 190 218 0 350 15 679 128 27 7 10 592 588 16 370 26 0 2 33 22 45 3 25
89596 668 16 274 21 943 3378 1779 529 279 38 76 1624 631 356 431 0 669 31 1319 241 47 15 19 1106 1118 34 717 50 1 5 69 46 83 5 44
89597 666 15 39 1 131 485 259 74 38 5 10 224 87 52 58 0 94 4 189 32 6 1 2 157 164 5 107 7 0 0 10 6 12 0 6
89606 637 11 98 7 335 1223 637 190 100 14 26 588 228 132 164 0 247 12 482 87 16 6 6 406 402 9 262 17 0 1 23 15 30 2 16
89609 652 11 231 18 800 2892 1585 423 241 34 63 1383 539 301 348 0 579 28 1154 214 39 15 16 967 975 24 638 38 1 3 58 40 72 4 31
89610 652 11 303 24 1004 3674 1939 561 307 41 83 1757 684 388 444 0 725 37 1419 273 51 17 20 1226 1198 32 792 51 1 5 72 49 94 5 46
89616 652 17 135 10 441 1657 859 245 137 20 37 792 307 174 206 0 325 15 643 121 24 8 9 559 537 16 349 22 1 2 31 21 41 2 19
89649 662 30 623 46 2109 7703 4097 1183 643 92 174 3664 1437 821 930 0 1528 77 3025 573 107 40 42 2572 2543 66 1663 104 4 10 154 105 195 12 92
89650 663 31 159 13 529 1976 1049 297 170 24 43 939 372 210 246 0 389 22 790 152 29 12 13 680 641 20 436 24 1 2 41 24 52 2 21
89652 649 11 154 12 532 1940 1080 288 169 25 42 922 370 205 239 0 390 23 788 148 27 12 13 660 644 20 429 25 1 2 39 25 47 2 20
89653 651 11 221 17 742 2680 1441 411 230 33 60 1266 500 284 324 0 535 28 1050 198 40 15 14 892 890 23 575 37 1 4 55 34 67 4 32
89663 677 25 170 12 578 2116 1107 329 173 22 49 1013 387 221 266 0 421 20 812 155 30 8 12 702 697 18 451 31 0 3 42 27 53 3 29
89664 672 20 39 2 129 480 240 76 37 5 11 231 85 53 59 0 96 3 177 33 7 1 2 153 156 4 96 7 0 1 9 6 10 1 7
89668 608 13 267 21 884 3315 1746 488 273 36 78 1562 602 336 407 0 652 34 1281 240 46 16 17 1087 1106 30 698 49 1 4 68 44 80 5 40
89670 608 13 605 46 2039 7481 4050 1138 623 92 167 3533 1386 793 922 0 1497 76 2955 543 106 38 43 2466 2493 63 1623 106 3 11 158 103 190 12 92
89671 609 13 199 14 668 2485 1325 364 209 31 55 1150 452 261 297 0 496 28 989 184 34 13 13 818 830 22 530 33 2 3 50 34 59 3 27
89672 613 13 101 8 322 1225 634 175 102 14 25 566 224 128 152 0 239 12 475 90 17 6 6 411 395 11 265 18 0 1 26 16 33 2 15
89674 615 15 67 6 241 870 464 136 70 10 19 421 165 94 114 0 175 8 345 63 13 4 5 284 291 7 190 12 0 1 16 11 21 1 10
89675 618 13 106 8 354 1318 701 197 107 15 31 626 241 136 153 0 259 12 514 97 19 6 7 444 439 12 275 19 0 1 25 17 33 1 16
89676 616 13 790 56 2633 9752 5185 1477 812 117 225 4593 1789 1045 1208 0 1935 95 3806 709 143 51 55 3213 3219 88 2085 140 5 14 202 126 247 16 125
89677 612 13 129 10 458 1629 890 249 134 18 38 795 303 171 208 0 324 15 649 117 23 8 10 552 545 14 361 20 0 2 34 21 39 2 18
89678 613 15 396 29 1321 4844 2594 716 410 59 109 2275 899 505 599 0 964 52 1921 352 68 26 30 1615 1587 44 1050 67 2 7 97 68 129 7 54
89680 649 36 71 6 238 874 470 127 72 10 19 418 165 89 118 0 177 8 350 62 12 4 5 285 291 8 198 12 0 1 18 13 22 1 10
89681 673 27 486 40 1635 5955 3203 891 504 72 132 2839 1126 622 753 0 1202 66 2386 436 86 31 38 1987 1983 55 1307 80 4 7 118 78 152 8 68
89682 667 22 203 16 686 2551 1332 376 213 30 58 1218 465 265 312 0 510 26 992 186 36 12 15 854 836 24 545 35 1 3 52 31 65 4 33
89684 669 22 125 9 421 1590 849 228 136 19 37 742 295 162 192 0 312 18 630 123 22 9 9 533 520 14 340 21 1 1 32 20 40 2 16
89685 666 22 261 18 901 3256 1757 491 277 39 71 1553 615 344 389 0 644 31 1289 243 46 18 19 1099 1081 32 701 43 1 4 65 41 81 4 38
89687 695 36 41 2 128 490 245 76 39 5 10 232 91 53 56 0 93 4 179 35 6 2 3 160 155 4 99 8 0 0 8 6 12 0 6
89688 694 36 160 13 533 2005 1090 295 168 24 44 925 366 209 229 0 393 22 795 150 29 11 13 661 667 19 442 26 0 2 41 27 51 3 21
89689 688 26 167 13 555 2024 1109 301 174 26 47 961 389 211 232 0 398 23 809 148 28 11 12 671 668 19 460 27 1 2 40 26 54 3 21
89690 688 24 65 5 227 817 444 122 67 10 19 387 151 85 96 0 162 8 322 59 10 4 5 276 273 5 178 10 0 1 15 10 20 1 9
89692 685 23 705 52 2391 8769 4725 1309 742 106 191 4117 1634 919 1080 0 1758 93 3481 656 125 47 55 2906 2914 88 1914 121 6 12 180 109 224 12 102
89695 686 23 105 8 349 1307 667 188 107 13 29 599 242 139 149 0 259 11 499 98 17 6 6 436 416 10 278 17 0 1 27 17 33 1 15
89696 686 23 161 12 549 2009 1060 302 165 22 44 961 375 211 258 0 400 19 795 149 28 10 10 666 663 18 430 27 0 3 39 25 47 3 26
89700 685 23 371 27 1248 4537 2408 694 382 53 103 2160 846 481 570 0 908 43 1785 328 65 22 26 1506 1488 42 982 66 2 6 91 61 115 7 57
89702 689 27 198 14 657 2455 1280 364 206 30 55 1166 453 262 301 0 482 24 957 176 33 12 14 827 793 22 525 34 2 3 49 31 62 3 29
89728 613 19 140 10 470 1708 895 273 134 18 39 832 319 180 220 0 342 15 660 120 24 7 9 564 566 16 366 25 0 2 32 23 44 3 23
89732 635 18 164 12 563 2048 1117 311 169 23 45 981 385 222 258 0 406 20 812 153 29 10 13 687 675 19 453 28 1 2 43 28 52 3 24
89734 635 18 78 6 260 967 493 147 79 10 22 450 172 99 113 0 191 9 370 72 14 4 5 309 325 10 196 13 0 1 18 13 24 1 12
89737 640 18 38 1 132 474 248 74 38 5 10 224 86 51 57 0 92 4 182 33 7 1 2 155 154 4 103 7 0 0 9 5 10 0 7
89739 655 21 378 30 1275 4722 2487 712 389 55 107 2227 861 495 545 0 938 44 1840 346 66 24 25 1561 1579 43 987 63 2 7 97 64 121 6 56
89747 623 30 36 2 120 427 234 65 36 5 9 208 85 43 53 0 87 4 172 28 5 1 1 145 142 2 95 5 0 0 8 5 10 0 5
89749 659 35 647 50 2174 8025 4251 1202 680 97 183 3809 1492 844 968 0 1587 81 3119 600 112 42 45 2671 2642 72 1715 113 4 11 162 104 204 12 98
89750 659 35 71 5 247 893 472 138 70 9 20 434 170 94 122 0 177 8 352 60 13 3 4 299 296 9 192 14 0 1 18 12 23 1 11
89754 657 29 131 9 440 1627 876 240 133 19 35 763 297 174 192 0 322 16 648 117 23 7 9 538 545 13 343 22 1 2 34 21 41 2 20
89756 679 25 215 19 750 2754 1492 414 232 34 63 1301 512 287 334 0 551 33 1106 210 37 15 17 918 926 24 606 34 1 3 55 35 68 3 29
89759 678 23 352 29 1191 4366 2393 633 368 53 95 2065 823 453 565 0 885 47 1777 321 61 22 29 1459 1461 41 980 61 3 5 91 59 114 6 49
89760 640 11 110 7 364 1358 695 204 113 15 30 660 243 139 171 0 263 11 523 97 19 5 6 446 448 14 279 19 0 1 29 18 32 2 18
89761 638 11 131 10 458 1636 894 248 136 19 35 767 305 171 199 0 333 16 660 119 23 8 10 533 549 14 360 22 0 2 34 21 39 2 19
89769 644 11 458 37 1564 5713 3074 879 479 70 128 2717 1066 598 695 0 1144 59 2263 417 80 30 34 1905 1906 50 1253 74 2 7 113 74 145 8 66
