89781 631 15 98 8 345 1242 689 181 106 15 28 592 230 128 154 0 249 14 493 93 18 5 7 410 416 10 276 16 0 1 25 16 31 1 12
89782 626 13 61 5 218 786 442 119 65 10 18 359 152 83 90 0 156 9 326 59 10 4 4 264 265 5 181 9 0 0 18 11 18 1 7
89786 648 18 169 13 582 2162 1157 321 177 24 50 1024 400 227 261 0 427 22 855 161 30 11 14 720 718 21 461 30 1 3 41 30 55 3 24
89787 608 16 187 15 687 2380 1343 374 201 28 51 1148 454 253 315 0 488 24 976 172 32 12 14 790 805 18 549 32 1 3 46 32 60 4 28
89788 609 16 362 27 1206 4461 2383 664 376 56 95 2109 833 477 539 0 882 48 1771 328 65 26 27 1499 1465 39 968 62 2 6 90 58 118 7 52
89791 612 15 136 10 454 1706 904 246 142 22 36 789 314 182 193 0 336 20 677 127 23 9 12 577 559 14 363 23 1 2 33 22 45 2 18
89831 653 24 95 6 331 1209 657 186 105 15 26 586 231 129 143 0 245 14 474 90 17 6 6 409 399 12 266 16 0 1 23 16 31 1 13
89832 582 14 67 5 238 839 459 128 72 10 18 405 159 90 110 0 167 9 341 63 13 4 4 280 280 7 187 12 0 1 18 10 20 1 10
89834 584 12 76 4 245 914 461 137 75 9 20 427 164 98 109 0 182 8 339 68 12 3 3 294 299 8 187 14 0 1 17 12 22 1 13
89836 614 12 320 21 1053 3912 2032 584 321 43 91 1840 713 408 477 0 765 38 1506 280 56 18 21 1285 1294 37 816 54 2 5 77 51 96 5 51
89851 707 42 99 7 336 1251 674 188 104 15 27 576 235 134 148 0 252 14 500 93 18 7 8 423 413 11 271 16 0 1 25 16 32 2 13
89855 618 13 228 19 759 2795 1512 420 239 36 59 1297 521 292 338 0 549 32 1117 199 40 15 17 938 932 25 611 39 1 3 58 35 72 4 31
89879 646 12 169 12 557 2077 1082 313 172 23 45 992 379 217 249 0 404 20 789 150 30 10 11 699 675 19 434 30 1 3 43 26 53 3 27
89880 643 11 501 37 1677 6183 3249 946 509 70 139 2939 1142 658 753 0 1227 62 2399 448 90 31 34 2066 2032 57 1315 89 3 9 126 83 156 9 79
89884 650 34 269 22 892 3241 1738 485 276 37 70 1539 609 344 410 0 649 33 1285 242 45 15 19 1076 1075 29 723 44 1 4 67 43 79 5 40
89885 650 24 238 18 783 2931 1526 434 250 34 66 1400 532 304 365 0 592 31 1138 213 41 14 17 978 957 27 623 41 1 4 58 37 75 4 37
89898 641 16 69 4 229 848 446 126 73 10 17 393 153 88 100 0 165 8 331 63 12 3 4 278 283 9 181 11 0 1 17 11 20 1 10
89900 641 14 127 10 428 1616 849 247 139 21 35 771 308 175 196 0 318 20 633 122 23 9 9 552 520 16 342 20 1 2 30 20 43 2 17
89911 673 27 170 13 559 2049 1092 320 175 24 44 983 387 218 254 0 408 21 812 152 30 10 13 692 673 21 446 28 1 2 41 26 51 3 25
89913 764 18 269 21 903 3362 1766 500 282 37 75 1590 609 345 402 0 669 32 1310 247 47 16 17 1121 1113 29 705 46 1 5 68 44 82 5 42
89915 766 18 265 20 905 3286 1761 505 273 38 73 1584 616 349 429 0 667 33 1301 237 46 16 20 1084 1089 30 718 47 1 4 66 42 83 5 41
89916 752 13 31 3 118 431 248 58 37 6 9 199 82 46 47 0 84 5 182 32 6 3 3 151 141 3 99 5 0 0 9 5 12 0 3
89919 694 25 856 69 2926 10695 5744 1607 902 128 238 5046 2001 1120 1360 0 2134 118 4300 789 153 57 68 3546 3543 103 2352 144 6 14 217 138 275 16 123
89920 707 24 614 46 2052 7540 4082 1118 636 94 169 3551 1406 781 923 0 1509 83 2978 558 103 45 47 2519 2496 69 1641 104 4 9 157 105 192 11 85
89921 692 21 72 4 239 873 457 137 72 9 20 424 160 94 110 0 168 7 332 62 13 4 4 292 281 8 183 13 0 1 17 10 21 1 12
89932 628 26 33 2 115 418 232 56 36 6 8 197 79 41 44 0 79 6 168 31 5 2 2 144 135 3 94 4 0 0 9 5 10 0 4
89933 642 29 74 6 241 892 455 136 74 9 20 432 170 94 111 0 179 9 345 63 13 3 4 298 290 9 190 12 0 1 17 11 22 1 12
89936 650 24 509 38 1682 6241 3283 933 525 70 142 2985 1150 651 769 0 1244 59 2418 468 89 29 38 2076 2061 60 1330 87 2 9 120 80 159 8 80
89937 637 22 410 35 1394 5118 2789 744 438 62 108 2419 970 527 628 0 1020 56 2056 385 71 28 33 1730 1690 49 1132 65 3 6 104 68 135 6 52
89939 711 36 127 11 459 1605 907 250 133 19 32 790 306 174 226 0 328 18 668 116 22 8 10 535 542 13 368 21 0 2 33 20 41 2 18
89940 703 36 394 29 1309 4811 2557 721 417 58 104 2255 897 504 591 0 942 51 1890 360 71 25 27 1597 1567 48 1031 67 3 6 102 62 122 7 57
89941 704 35 125 10 421 1538 835 236 131 19 31 741 291 161 196 0 306 16 615 111 22 9 10 512 506 14 342 18 0 1 31 20 39 2 17
89942 691 24 101 7 337 1230 672 182 104 16 26 564 228 129 137 0 242 13 484 92 18 6 8 408 412 9 268 15 0 1 26 16 31 2 15
89946 687 14 235 20 791 2958 1561 440 246 33 67 1390 537 305 348 0 586 31 1156 222 41 15 18 993 980 27 634 39 2 3 57 39 74 4 34
89954 589 31 200 15 693 2530 1372 382 212 29 56 1217 475 268 331 0 512 24 1027 182 34 12 15 833 844 21 555 34 1 3 49 36 62 4 29
89955 584 15 124 10 417 1549 836 227 131 19 34 707 288 165 183 0 305 18 633 118 21 9 10 516 511 12 340 18 0 1 33 21 38 2 15
89957 551 11 442 37 1504 5548 2992 825 473 67 122 2592 1036 578 659 0 1105 61 2220 424 78 32 34 1842 1842 53 1213 72 3 7 114 73 142 7 61
89962 543 19 137 9 448 1657 850 253 136 17 38 786 305 178 204 0 325 15 634 120 23 7 7 552 535 16 344 23 0 2 33 21 40 2 22
89963 541 17 466 34 1564 5766 3038 873 481 69 131 2726 1064 615 703 0 1141 58 2250 420 84 31 32 1934 1905 51 1213 83 2 7 113 76 149 9 72
89964 541 17 134 10 443 1662 872 247 135 20 39 781 306 175 194 0 324 16 645 120 23 8 8 549 546 13 346 23 0 2 31 21 42 2 20
89965 541 17 139 10 449 1705 883 251 146 19 38 807 313 174 208 0 333 19 656 128 24 8 8 576 555 18 356 23 0 2 34 23 46 2 19
89969 541 17 86 8 308 1083 615 170 93 15 23 536 212 116 155 0 224 13 457 79 15 7 8 372 364 11 259 13 1 1 20 13 26 1 11
89970 575 22 378 27 1240 4595 2390 690 387 53 107 2174 855 484 558 0 907 44 1773 342 63 22 26 1525 1496 43 970 66 3 6 92 60 116 6 57
89971 577 16 128 10 433 1580 866 229 138 21 32 743 298 164 185 0 309 18 630 117 21 9 8 533 523 13 346 19 1 2 33 20 40 2 16
89972 576 18 405 35 1390 5012 2732 765 433 65 108 2404 959 538 629 0 1000 57 2010 379 72 29 34 1692 1644 49 1111 68 4 6 100 62 129 7 54
89973 571 16 884 67 2988 11037 5946 1657 926 139 247 5177 2050 1164 1339 0 2199 119 4344 812 156 63 69 3666 3656 97 2380 150 7 15 224 144 283 16 131
89980 559 13 580 45 1974 7183 3889 1081 600 83 157 3419 1345 752 877 0 1428 72 2824 529 103 34 44 2391 2373 69 1581 99 3 9 150 96 185 10 84
89981 559 12 713 54 2423 8831 4750 1332 742 100 196 4205 1640 931 1108 0 1766 89 3513 649 122 44 53 2913 2938 85 1937 122 4 12 183 118 222 13 107
89982 565 21 699 52 2352 8713 4706 1294 728 109 198 4076 1607 913 1055 0 1725 94 3438 640 122 47 52 2887 2890 75 1878 120 5 12 178 115 222 13 105
89989 538 19 70 4 235 880 446 132 74 10 19 417 160 93 106 0 170 9 333 63 13 4 4 287 287 9 181 13 0 1 19 10 22 1 10
89991 600 25 366 24 1238 4576 2449 668 377 50 106 2143 833 474 561 0 920 41 1800 336 62 22 28 1499 1533 37 983 63 2 6 91 64 111 7 57
89992 598 25 218 19 751 2724 1501 401 230 35 60 1268 522 282 343 0 541 32 1106 204 37 16 18 918 908 25 611 36 1 3 55 36 70 4 28
89993 582 18 116 9 402 1473 801 221 125 20 32 688 279 155 177 0 297 18 587 108 21 10 10 505 481 12 332 18 1 2 30 17 38 2 15
89994 570 11 129 10 453 1641 878 252 136 20 36 796 310 174 191 0 323 17 636 117 24 9 9 555 543 15 352 22 0 2 32 22 41 2 20
89998 595 25 165 12 560 2037 1082 316 171 24 45 976 379 222 253 0 403 18 797 147 29 9 11 679 669 19 439 29 0 3 41 26 51 3 27
90000 596 25 255 20 849 3137 1687 466 265 38 66 1479 585 331 384 0 614 32 1254 228 46 18 18 1044 1034 27 680 41 1 3 64 40 80 5 36
90001 610 24 636 55 2183 7954 4299 1192 680 96 175 3816 1483 833 1020 0 1606 86 3209 598 110 44 52 2648 2635 77 1764 107 5 9 162 110 202 11 88
90004 613 25 224 15 762 2763 1511 406 240 36 60 1322 525 292 342 0 548 31 1109 209 41 16 16 929 912 26 610 37 1 3 59 36 71 3 31
90005 622 20 127 11 440 1615 896 233 139 21 35 770 314 167 195 0 320 20 655 121 22 9 9 546 533 16 367 19 1 1 33 22 41 2 14
90006 619 20 97 7 325 1201 633 183 102 14 26 568 225 128 153 0 233 13 465 87 18 5 6 401 388 12 260 17 0 1 25 15 30 2 15
90010 594 20 136 10 458 1685 886 249 141 19 39 822 317 180 208 0 330 16 648 123 24 8 8 572 549 15 364 23 0 2 32 22 42 2 21
90013 597 20 38 2 124 471 240 66 39 5 10 215 85 48 53 0 91 4 174 34 7 2 2 158 151 3 97 6 0 0 8 6 12 0 6
90016 603 20 673 53 2277 8324 4511 1263 706 101 184 3949 1565 877 1020 0 1652 85 3294 624 118 45 49 2788 2750 81 1829 114 5 10 177 108 210 12 98
90018 601 20 98 7 339 1248 669 190 103 16 28 604 232 134 155 0 257 13 496 92 16 6 7 410 420 10 270 16 0 1 24 16 31 2 14
90020 598 20 129 9 448 1630 895 239 137 18 35 774 303 171 215 0 329 17 662 121 22 7 10 538 544 15 362 21 1 2 35 20 40 2 18
90029 580 11 288 23 955 3508 1895 528 300 42 79 1665 657 370 420 0 699 37 1375 264 49 20 21 1174 1162 31 763 49 2 4 72 46 88 5 41
90034 606 14 450 34 1507 5539 2964 842 468 67 126 2639 1025 593 683 0 1106 54 2164 407 78 28 31 1831 1838 49 1190 78 2 8 116 73 143 8 69
90049 589 12 111 7 372 1384 714 213 113 15 32 662 257 151 170 0 268 11 522 98 20 6 6 462 454 13 283 20 0 2 27 19 36 2 18
90063 576 24 103 7 345 1270 678 199 103 14 29 606 239 135 146 0 256 12 492 90 19 6 6 420 425 12 276 17 0 1 25 15 33 2 16
90064 580 26 294 22 972 3573 1897 535 300 42 80 1683 665 377 440 0 720 35 1399 264 50 19 22 1185 1172 34 782 49 1 4 72 43 90 5 45
90074 648 33 263 21 899 3301 1765 495 276 39 72 1553 611 345 399 0 662 35 1298 248 47 16 21 1098 1093 30 721 44 2 4 66 44 84 4 38
90075 654 25 235 19 804 2924 1574 456 247 34 68 1404 554 307 361 0 580 31 1156 219 40 14 17 986 973 30 634 39 1 4 55 40 74 3 32
90076 645 18 350 27 1206 4455 2420 660 370 55 99 2091 825 462 538 0 892 49 1783 327 62 27 30 1493 1485 41 965 59 2 6 87 58 115 6 48
90077 644 18 561 44 1900 6875 3668 1045 571 79 155 3257 1281 720 892 0 1370 69 2743 509 96 33 41 2280 2263 63 1495 96 4 10 140 91 165 11 83
90078 647 18 41 2 124 476 237 73 39 5 11 222 85 49 56 0 94 3 174 33 7 2 1 157 155 4 95 7 0 0 9 5 12 0 7
90082 647 18 69 5 229 862 467 124 73 10 20 404 159 89 101 0 178 9 347 61 13 4 5 290 292 6 188 11 0 1 17 10 21 1 9
90083 646 21 130 9 423 1598 861 229 137 19 34 729 297 162 181 0 308 19 633 121 23 9 10 538 524 15 352 20 1 1 33 20 42 2 17
90085 663 21 203 16 670 2493 1314 369 216 31 53 1166 465 259 288 0 485 29 970 190 35 14 13 833 810 25 530 32 1 3 52 32 66 3 26
90087 663 21 70 5 238 863 448 131 74 10 17 411 160 91 110 0 171 9 344 62 13 3 4 288 285 8 182 12 0 1 19 11 20 1 10
90088 656 24 100 9 343 1263 683 187 105 15 27 607 232 127 162 0 263 12 509 87 17 6 7 420 437 11 278 17 0 1 25 16 32 2 14
90089 642 18 38 2 123 459 238 69 38 5 10 217 85 49 56 0 89 5 180 32 7 2 2 153 152 4 95 7 0 0 8 5 11 0 5
90090 640 18 385 30 1284 4708 2529 710 398 56 105 2245 881 498 597 0 940 50 1872 345 69 25 30 1566 1559 44 1021 63 3 6 95 62 116 6 54
90091 664 20 72 4 230 859 458 128 73 10 17 403 162 93 108 0 167 9 346 61 13 4 5 281 289 7 187 12 0 1 16 11 23 1 10
90093 652 18 233 16 798 2871 1546 453 240 33 62 1385 543 306 367 0 570 30 1135 208 42 14 17 963 958 27 623 41 1 4 54 36 74 4 36
90094 646 20 301 25 978 3670 1934 541 312 43 80 1703 677 386 424 0 720 37 1432 272 52 18 21 1217 1203 33 784 52 2 4 77 51 98 5 42
90095 651 19 592 47 1988 7434 3885 1123 618 86 165 3485 1364 782 867 0 1473 75 2882 549 107 38 40 2478 2459 65 1565 102 3 10 147 98 189 10 90
90096 648 18 965 81 3316 12041 6566 1799 1019 148 270 5716 2244 1257 1486 1 2412 128 4845 899 166 64 74 4000 4038 110 2646 161 8 16 244 166 306 18 132
90097 659 18 97 8 314 1215 631 176 103 15 27 556 220 128 136 0 235 15 469 94 18 7 7 417 393 11 256 14 0 1 21 15 32 1 12
90108 652 24 33 2 108 420 212 62 36 6 9 200 74 45 48 0 82 5 162 31 6 2 1 145 132 3 85 5 0 0 8 5 11 0 4
90116 646 28 38 2 119 447 235 64 38 5 9 202 82 46 51 0 85 4 173 33 6 2 2 150 141 4 95 6 0 0 10 5 11 0 5
90117 686 42 39 3 133 489 255 79 40 5 12 233 88 53 60 0 97 4 189 35 7 2 2 157 165 5 103 7 0 0 9 6 12 0 6
90118 677 44 184 16 637 2288 1279 338 199 30 47 1066 439 241 266 0 459 25 926 173 32 13 15 761 759 18 518 29 2 2 48 32 57 3 23
90121 669 42 789 64 2711 9772 5322 1479 824 118 209 4620 1846 1030 1216 0 1968 106 3899 722 138 54 62 3262 3231 88 2163 133 5 12 200 132 246 15 112
90122 669 42 148 9 471 1781 948 258 147 20 41 808 321 181 197 0 343 16 690 134 25 8 9 578 594 16 373 25 0 2 39 23 44 3 22
90123 671 42 97 7 322 1187 644 178 102 15 25 561 228 126 155 0 243 12 490 83 16 6 7 391 396 10 266 15 0 1 23 15 31 1 12
90124 671 42 533 45 1830 6655 3611 1011 557 78 149 3167 1256 698 834 0 1333 71 2661 488 95 35 41 2228 2200 65 1478 91 4 9 138 88 168 10 77
90129 664 16 132 10 434 1660 868 241 143 20 36 783 306 172 212 0 327 19 652 125 24 8 10 561 539 18 354 21 1 2 33 20 41 1 18
90131 664 16 165 13 557 2041 1106 299 172 24 44 954 381 210 252 0 406 20 810 151 28 10 12 668 675 17 453 28 1 2 43 29 51 2 23
90132 664 16 361 30 1218 4455 2362 680 373 52 98 2134 837 471 551 0 879 46 1741 322 66 23 25 1496 1463 40 961 61 1 6 93 57 112 7 55
90135 662 30 704 57 2397 8775 4704 1327 743 107 191 4182 1645 924 1097 0 1753 90 3459 652 125 47 57 2934 2891 84 1920 121 4 11 177 113 229 13 103
90154 591 16 1006 77 3412 12447 6714 1887 1045 146 276 5883 2321 1318 1546 0 2478 129 4948 921 177 64 79 4129 4147 114 2696 172 7 17 254 168 317 20 150
90157 611 14 70 5 250 880 480 141 71 9 18 426 171 96 112 0 178 8 355 61 12 4 4 297 295 8 195 12 0 1 17 11 22 1 10
90161 624 17 125 9 440 1569 882 232 132 20 33 737 291 167 185 0 311 17 640 117 23 9 9 524 525 13 345 20 1 1 35 22 38 2 16
90162 623 17 167 11 561 2052 1080 317 172 23 42 976 374 219 255 0 416 17 792 150 28 11 11 675 679 18 439 29 1 3 42 27 52 3 25
90164 621 14 33 2 111 407 230 54 38 6 8 188 80 42 50 0 76 5 170 32 6 2 2 146 131 3 95 4 0 0 7 6 12 0 3
90173 640 25 168 11 566 2085 1080 314 175 24 46 991 378 218 251 0 411 20 797 154 30 11 12 692 681 19 438 30 1 2 42 26 53 3 26
90180 623 27 292 24 979 3582 1912 546 311 44 77 1691 684 384 448 0 710 39 1429 272 51 20 22 1204 1158 35 784 48 3 5 77 46 91 5 41
90181 622 26 285 22 969 3579 1936 523 305 44 79 1676 663 369 411 0 699 42 1407 276 48 20 22 1202 1173 34 781 48 1 4 73 46 93 4 37
90184 622 26 35 3 116 449 235 62 39 5 10 209 80 46 54 0 89 4 180 33 6 2 2 152 144 3 97 5 0 0 8 5 11 0 5
90185 625 26 199 15 701 2532 1343 394 203 27 58 1223 468 276 311 0 511 25 988 177 36 12 15 848 837 22 547 35 1 4 51 35 64 3 31
90186 616 20 66 5 221 822 434 123 73 10 18 382 152 87 94 0 164 9 325 60 12 5 4 285 268 6 176 10 0 1 17 10 22 1 9
90187 620 21 383 28 1295 4788 2523 720 404 54 109 2269 884 503 604 0 964 50 1887 353 68 23 28 1588 1570 44 1032 64 2 6 94 63 121 7 57
90188 574 11 65 5 216 839 433 118 73 10 19 390 156 85 98 0 161 11 319 65 12 4 6 286 268 7 174 11 0 1 16 11 22 1 9
90190 725 28 100 8 345 1280 679 195 104 14 29 609 233 135 163 0 257 12 507 94 19 7 7 427 423 12 280 17 0 1 24 16 31 1 14
90191 712 14 301 22 1002 3687 1970 555 302 42 84 1740 677 386 453 0 738 35 1450 265 51 17 20 1208 1235 30 782 51 2 5 78 50 91 6 45
90193 699 11 39 2 131 486 242 74 40 5 11 238 88 51 64 0 94 4 185 36 6 1 2 157 157 4 97 7 0 0 9 6 12 0 7
90194 700 11 362 25 1211 4461 2353 676 373 52 103 2129 814 475 556 0 890 43 1758 330 65 21 26 1483 1477 40 955 60 2 6 88 56 114 7 56
90201 749 74 157 12 539 1967 1069 285 168 23 43 912 367 208 250 0 393 19 798 146 27 11 12 653 651 16 429 26 1 2 42 26 48 3 22
90203 753 74 322 24 1067 3924 2115 580 337 47 86 1821 734 405 482 0 783 42 1557 297 55 21 26 1300 1291 38 867 53 2 4 81 47 100 6 48
90205 752 74 228 16 756 2788 1495 418 236 33 59 1314 525 296 330 0 552 32 1098 208 42 15 15 945 911 23 611 38 1 3 56 37 76 4 32
90206 752 74 100 7 327 1216 642 177 104 13 26 575 225 128 155 0 243 11 477 88 17 5 7 395 402 12 259 17 0 1 26 16 30 1 14
90207 752 74 354 28 1197 4405 2410 652 373 53 96 2060 828 457 537 0 873 49 1792 328 63 24 30 1474 1468 40 968 57 3 6 89 63 110 6 47
90208 752 74 326 24 1111 4043 2181 622 335 49 94 1932 753 434 509 0 811 42 1592 293 56 21 26 1352 1338 35 880 57 2 6 82 54 100 6 50
90210 722 12 65 6 215 797 442 119 72 11 16 366 156 81 94 0 151 11 319 61 11 5 5 270 254 8 183 10 0 0 15 9 23 1 6
90216 660 12 282 23 984 3513 1923 532 296 42 77 1698 667 370 454 0 713 36 1425 260 49 18 19 1174 1173 30 783 47 1 5 72 47 88 5 43
90217 685 16 136 8 463 1677 911 254 137 18 37 799 311 175 220 0 332 16 676 119 22 7 10 553 568 15 365 23 0 2 32 23 40 3 21
90218 707 14 35 2 118 452 240 65 36 5 10 212 81 49 51 0 86 5 176 31 6 2 2 153 150 3 94 6 0 0 9 4 12 0 5
90225 690 27 197 15 659 2439 1303 357 206 29 54 1154 455 259 307 0 486 26 964 179 35 11 16 811 806 22 531 35 1 3 52 34 62 3 29
90226 676 18 134 9 458 1656 893 260 131 19 37 790 304 178 216 0 338 15 656 117 24 8 10 540 552 14 363 24 0 2 32 22 40 3 22
90248 618 14 511 38 1723 6369 3417 958 529 75 143 3009 1179 673 769 0 1260 66 2502 460 91 33 37 2113 2114 58 1368 89 3 9 130 85 162 9 75
90259 572 25 165 11 556 2047 1065 313 171 23 45 977 380 218 246 0 407 19 784 150 27 9 11 682 667 18 434 28 0 3 41 28 51 3 26
90260 575 30 171 12 565 2086 1099 317 172 21 47 1004 386 216 272 0 420 20 815 155 29 9 12 690 692 17 451 29 0 2 41 28 52 3 27
90261 576 30 135 9 468 1721 910 256 139 18 40 817 315 178 209 0 344 16 683 125 23 9 10 569 574 16 365 22 0 2 34 22 42 2 19
90263 575 30 379 30 1333 4815 2618 723 406 56 105 2288 908 502 582 0 959 53 1912 362 67 25 28 1621 1600 43 1062 62 2 6 98 64 121 6 53
90266 570 17 643 50 2188 7986 4337 1200 675 97 175 3733 1497 841 970 0 1592 86 3192 591 113 43 51 2658 2656 69 1752 107 4 11 162 105 205 11 93
90268 571 16 304 24 1006 3735 1979 555 317 42 83 1757 690 393 455 0 742 37 1468 283 55 18 23 1239 1236 36 811 51 2 5 77 49 93 5 43
90272 573 16 127 11 456 1600 881 253 137 19 34 777 307 170 211 0 329 15 647 116 22 8 10 534 539 14 363 20 0 2 33 21 40 2 18
90273 571 16 366 26 1247 4462 2401 695 371 48 97 2151 843 480 583 0 899 42 1764 328 64 20 27 1478 1479 39 986 66 2 6 90 59 109 7 59
90274 571 16 295 21 1008 3674 1960 570 295 41 85 1758 687 388 467 0 747 34 1451 264 51 16 22 1200 1230 32 787 51 1 5 75 52 90 6 48
90277 572 16 74 5 246 896 450 143 74 8 21 439 169 97 123 0 180 7 343 63 13 3 4 291 290 8 185 13 0 1 17 10 20 1 13
90279 582 16 226 15 768 2762 1479 433 234 33 63 1348 514 300 352 0 553 27 1082 202 39 13 15 916 916 24 600 39 1 3 54 36 66 4 35
90282 582 16 72 4 241 880 469 137 72 10 20 424 168 93 111 0 174 7 342 63 13 3 4 284 290 8 189 12 0 1 18 12 21 1 11
90283 582 16 257 18 867 3166 1707 495 266 39 69 1520 602 336 377 0 625 33 1245 237 42 17 16 1048 1053 28 681 41 2 4 62 45 79 4 35
90284 582 16 315 25 1091 3984 2185 588 339 50 89 1863 747 413 471 0 803 45 1590 302 56 24 26 1332 1329 35 879 50 2 5 83 54 103 5 42
90285 584 16 227 16 765 2798 1492 421 235 31 63 1345 524 297 359 0 563 29 1101 204 39 13 15 934 924 24 612 38 1 4 55 36 71 4 33
90288 601 27 257 20 879 3226 1731 475 273 39 70 1531 606 340 378 0 633 35 1263 242 45 19 20 1077 1069 30 698 45 1 4 66 41 84 4 35
90290 597 24 194 16 676 2474 1320 376 209 29 57 1176 453 260 301 0 498 25 966 185 34 12 16 821 820 23 531 34 0 3 46 30 61 3 30
90291 597 24 37 1 129 477 240 76 38 5 10 231 88 52 61 0 96 4 179 31 6 2 2 158 154 4 99 7 0 0 9 6 13 0 6
90292 588 18 533 43 1781 6574 3557 978 565 79 144 3048 1235 693 773 0 1306 78 2620 496 95 37 41 2201 2180 58 1453 87 4 8 133 89 167 9 74
90294 583 15 67 5 225 848 458 128 67 10 18 391 155 91 96 0 170 9 330 59 12 4 5 279 281 7 185 13 0 1 16 11 23 1 10
90295 584 14 228 18 787 2825 1507 443 237 33 65 1358 523 303 337 0 560 29 1100 207 38 13 15 942 938 22 602 38 1 3 56 38 68 4 34
90296 585 12 64 6 219 814 436 124 72 10 18 390 152 87 92 0 160 8 320 59 12 5 4 281 266 6 176 9 0 1 17 9 22 1 8
90297 578 11 413 29 1333 5065 2602 734 419 56 122 2380 922 525 613 0 997 49 1960 367 70 25 30 1690 1652 49 1052 70 2 7 101 69 131 7 60
90300 580 11 194 15 651 2371 1285 354 202 27 52 1123 445 247 312 0 479 24 961 177 34 12 15 787 784 22 522 32 1 3 49 29 60 4 30
90317 601 12 137 9 473 1714 900 262 142 19 38 813 321 183 215 0 341 16 671 125 24 8 10 567 563 17 367 26 1 2 33 23 43 2 22
90322 584 13 65 5 225 832 459 113 71 10 18 380 154 85 104 0 168 9 339 62 11 4 4 279 272 7 184 10 0 0 18 11 21 0 7
90323 585 13 102 8 328 1212 646 179 103 13 25 571 226 127 152 0 236 13 485 90 17 5 7 406 393 13 268 16 0 1 25 15 31 1 13
90326 588 13 37 3 127 450 246 74 37 5 9 213 87 50 52 0 90 3 177 32 7 2 1 150 148 3 99 6 0 0 10 6 10 1 5
90327 560 15 37 2 125 457 233 72 37 5 10 222 85 51 59 0 88 5 172 32 7 1 2 154 143 4 99 7 0 0 9 5 11 0 6
90333 600 15 141 10 461 1747 897 255 144 21 40 815 315 183 205 0 342 17 676 130 24 9 9 581 573 15 358 24 0 2 33 22 45 2 21
90342 623 48 477 36 1581 5871 3120 877 494 70 133 2732 1089 621 706 0 1173 63 2310 436 81 33 34 1953 1926 53 1272 81 4 7 123 78 152 9 67
90345 645 46 190 16 654 2374 1284 361 206 29 53 1141 451 252 306 0 466 28 946 182 35 13 14 803 778 23 522 31 1 3 45 29 61 3 26
90348 654 45 69 4 232 860 456 132 70 10 19 411 156 90 109 0 174 8 338 60 13 3 4 285 286 7 186 12 0 1 17 11 23 1 11
90349 654 45 340 24 1128 4207 2232 615 352 47 94 1958 777 444 506 0 824 41 1647 309 59 21 24 1389 1390 39 895 60 3 6 88 59 110 6 48
90350 672 47 35 2 119 443 233 67 37 5 9 205 86 48 49 0 85 4 171 34 5 2 2 155 138 3 98 6 0 0 9 6 12 0 4
90351 653 39 135 9 466 1673 905 260 140 21 35 800 316 181 210 0 334 18 657 122 24 9 10 558 550 17 369 23 1 2 32 21 43 2 19
90355 643 32 102 9 359 1284 727 193 107 15 27 609 244 135 169 0 264 12 532 94 17 6 10 413 442 11 292 16 1 2 26 19 30 1 12
90356 655 30 301 19 1013 3720 1939 575 306 43 85 1762 690 400 463 0 732 35 1426 270 55 18 20 1236 1209 34 789 53 1 5 77 49 92 6 50
90357 657 30 57 6 224 761 459 113 67 11 14 363 150 82 101 0 158 9 338 57 10 6 6 260 257 6 190 8 0 0 16 9 20 1 6
90358 654 30 138 9 455 1684 903 254 140 19 39 804 309 173 205 0 340 17 661 122 23 7 10 548 565 14 365 25 0 2 34 22 42 3 22
90360 646 32 136 9 435 1679 889 233 138 20 36 757 300 171 192 0 330 18 662 121 23 9 11 553 559 15 353 21 0 2 33 22 44 2 17
90361 658 33 206 16 686 2548 1328 382 213 28 58 1227 467 269 311 0 503 24 977 186 36 13 15 850 831 22 534 37 1 3 51 32 65 3 34
90362 640 25 69 5 238 863 460 128 72 9 19 412 158 92 109 0 170 8 334 64 13 4 4 288 277 8 188 12 0 1 19 10 21 1 11
90363 641 23 465 34 1550 5691 3034 846 480 69 129 2681 1054 597 705 0 1133 59 2245 410 81 30 35 1896 1868 52 1230 81 3 8 112 80 151 8 65
90365 648 24 543 41 1785 6602 3474 1010 554 75 148 3156 1216 705 813 0 1300 64 2553 483 96 32 40 2183 2172 65 1405 96 4 9 134 88 168 10 83
90367 648 12 168 13 553 2100 1102 308 178 25 48 994 383 217 252 0 413 21 820 159 29 11 12 700 691 20 448 26 0 3 41 26 55 2 24
90377 646 16 247 20 842 3139 1701 462 270 41 67 1466 573 324 369 0 623 38 1243 235 45 18 20 1056 1038 28 688 38 2 3 66 39 81 4 35
90423 703 35 731 55 2444 9071 4847 1351 761 110 200 4270 1678 954 1076 0 1796 101 3548 678 130 52 54 3062 2971 82 1963 124 4 11 177 118 231 13 105
90463 717 29 171 10 577 2139 1135 319 174 25 50 1013 384 226 280 0 435 18 843 150 31 11 13 701 710 18 457 32 1 3 42 28 52 3 29
90498 705 27 424 33 1466 5289 2842 818 439 60 120 2537 990 566 669 0 1060 49 2072 387 76 26 32 1753 1752 48 1158 75 2 8 107 71 134 8 66
90532 634 21 292 22 1003 3695 2000 553 309 44 84 1724 683 387 442 0 735 38 1466 274 53 20 23 1229 1227 34 804 50 1 5 73 48 96 5 43
90533 640 21 141 8 462 1702 892 257 141 19 37 798 312 185 210 0 331 17 656 123 24 8 8 566 550 15 361 24 0 2 36 21 42 2 22
90534 641 23 159 13 536 2008 1083 289 171 24 41 924 375 206 244 0 394 24 812 152 29 12 12 672 662 18 442 23 1 2 41 25 50 2 19
90539 646 22 291 20 984 3593 1958 544 294 43 77 1689 678 381 442 0 718 37 1438 254 52 18 19 1180 1201 31 786 50 2 5 74 50 90 6 45
90541 643 21 133 10 465 1635 898 262 139 20 36 788 311 177 219 0 336 17 657 117 23 8 10 536 548 13 362 24 0 2 31 21 41 2 20
90545 680 17 394 33 1340 4906 2610 752 406 55 108 2347 915 513 632 0 986 50 1947 366 67 24 28 1646 1623 46 1064 67 2 6 97 65 123 7 57
90546 674 17 62 4 219 800 445 119 65 10 17 389 149 84 100 0 163 9 323 57 11 4 5 266 265 5 180 11 0 0 17 11 21 1 8
90550 671 14 499 42 1665 6195 3280 926 526 70 141 2965 1139 644 745 0 1223 61 2415 463 90 32 39 2077 2056 60 1328 82 2 8 126 81 154 8 73
90566 614 18 433 32 1441 5315 2816 809 441 58 120 2506 987 564 677 0 1061 49 2097 392 77 26 32 1759 1758 46 1137 77 2 7 108 68 133 9 69
90568 614 17 530 36 1748 6514 3453 958 545 76 146 3047 1200 679 818 0 1285 65 2572 478 97 33 41 2151 2127 64 1393 91 4 9 130 90 165 10 78
90573 593 16 126 11 430 1570 861 236 133 21 34 732 295 163 186 0 311 17 621 115 21 10 10 526 515 12 345 21 0 2 32 21 40 2 18
90577 632 24 75 4 244 929 472 141 75 10 20 435 167 99 109 0 181 8 355 65 13 3 5 306 304 9 189 13 0 1 19 12 23 1 12
90578 677 35 591 49 2055 7430 4064 1131 627 91 163 3570 1398 783 947 0 1506 82 3027 550 105 40 43 2452 2480 71 1649 102 4 9 150 98 185 11 85
90581 670 26 445 32 1483 5398 2860 824 458 62 119 2540 1000 575 662 0 1070 53 2115 398 77 25 31 1789 1778 48 1159 76 2 7 112 70 138 8 67
90582 670 26 182 16 634 2284 1268 342 190 27 47 1093 433 236 317 0 464 25 951 166 33 13 16 761 764 22 518 29 1 3 49 28 55 4 25
90585 522 102 591 46 1973 7335 3878 1096 611 85 163 3445 1351 772 901 0 1462 76 2894 539 104 38 43 2437 2427 66 1563 100 3 10 148 97 188 11 91
90588 522 102 678 55 2326 8411 4570 1289 708 100 193 4003 1588 881 1044 0 1683 87 3349 628 119 44 53 2806 2798 82 1850 114 5 12 167 111 210 12 98
90589 538 103 105 5 343 1267 675 194 105 13 29 585 230 135 143 0 244 11 485 92 19 5 6 409 424 11 261 19 0 1 27 17 31 2 17
90590 515 99 304 22 1019 3720 1987 573 310 42 85 1786 697 396 475 0 741 37 1461 271 54 17 22 1246 1226 35 803 54 2 5 75 50 96 6 47
90597 517 99 134 9 448 1661 872 257 134 18 36 807 308 180 205 0 324 16 639 118 25 7 9 558 545 15 349 23 0 2 32 23 46 2 21
90598 518 98 137 10 452 1685 894 246 143 19 38 800 309 176 208 0 329 17 662 127 23 9 10 548 552 16 359 22 1 2 33 21 43 2 19
90599 521 97 70 4 236 860 454 130 72 10 19 412 164 90 103 0 169 9 329 64 13 4 4 289 285 8 184 11 0 1 17 11 21 1 12
90607 519 97 234 17 766 2869 1504 422 243 33 65 1348 526 296 354 0 569 29 1118 211 42 13 16 960 952 26 602 39 2 4 58 37 71 4 36
90608 551 100 38 1 123 470 241 66 36 4 10 219 87 49 55 0 91 3 181 33 6 1 1 155 154 4 96 6 0 0 9 6 12 0 5
90609 547 83 171 11 566 2045 1094 312 173 24 46 963 389 222 249 0 407 20 807 151 29 10 12 672 670 19 452 29 1 3 41 26 52 3 26
