93246 548 18 404 28 1363 4965 2655 744 423 59 108 2353 928 523 594 0 978 49 1955 368 69 25 29 1667 1634 49 1068 68 2 6 101 64 126 7 59
93248 611 95 492 39 1664 6072 3259 923 507 72 135 2892 1126 646 738 0 1208 63 2387 444 85 32 37 2017 2005 53 1311 88 3 8 123 83 156 9 73
93253 606 90 236 16 777 2916 1528 438 244 32 64 1362 533 307 340 0 572 27 1134 212 41 15 17 971 958 29 614 40 1 3 57 39 77 4 33
93261 525 22 479 33 1589 5933 3133 871 501 68 131 2766 1083 621 700 1 1163 57 2321 442 84 31 35 1961 1962 52 1249 82 3 8 120 80 153 8 69
93262 525 16 354 28 1220 4387 2381 682 370 52 96 2081 829 470 530 0 879 45 1725 329 66 23 27 1484 1451 39 975 61 2 6 88 55 113 6 54
93263 527 15 464 33 1552 5750 3045 847 482 69 128 2691 1056 601 710 0 1147 55 2259 425 81 29 35 1904 1899 55 1229 79 3 8 118 76 143 8 71
93264 527 15 616 49 2092 7621 4091 1165 638 89 169 3640 1435 812 942 0 1520 79 3009 566 111 39 45 2555 2513 69 1668 105 4 11 152 101 195 11 92
93265 520 15 220 19 743 2744 1506 397 229 33 62 1293 523 281 336 0 552 32 1113 209 37 14 17 919 923 26 608 33 1 2 54 38 69 3 28
93266 521 15 368 27 1232 4539 2416 681 379 51 99 2162 849 478 588 0 903 46 1794 331 63 23 29 1506 1504 45 980 63 2 6 92 60 118 7 53
93268 520 15 173 12 551 2063 1086 308 178 26 47 939 378 218 246 0 408 21 805 151 29 11 13 674 679 17 445 27 1 3 41 28 52 3 24
93280 502 33 434 30 1465 5338 2849 812 446 61 120 2527 994 569 684 0 1070 51 2106 393 77 25 32 1759 1768 49 1148 77 2 7 106 72 133 8 65
93281 507 33 292 20 956 3558 1901 522 305 45 80 1674 665 374 420 0 695 39 1391 261 51 20 19 1194 1167 33 772 49 2 4 71 47 96 5 40
93282 501 33 41 2 132 494 245 78 38 5 11 241 91 54 59 0 98 3 181 33 6 2 2 163 159 4 96 7 0 0 9 7 13 0 6
93285 501 33 331 23 1106 4038 2179 614 339 46 89 1924 760 429 508 0 803 39 1597 295 59 19 23 1341 1337 35 881 55 2 5 84 51 101 6 50
93286 510 32 617 48 2086 7665 4114 1149 657 95 165 3621 1437 808 947 0 1521 83 3054 571 110 43 45 2558 2546 70 1662 102 5 10 153 98 199 11 86
93287 510 32 170 12 565 2103 1071 319 173 22 48 994 382 226 245 0 411 21 800 155 31 9 11 703 678 18 444 30 0 3 43 25 55 3 29
93289 485 23 260 20 890 3237 1740 486 264 38 75 1527 593 338 393 0 646 30 1288 235 44 16 17 1063 1095 25 688 43 1 4 64 46 78 5 38
93290 485 23 103 7 332 1231 647 179 107 14 27 582 229 130 158 0 249 11 481 89 18 6 7 415 401 11 268 17 0 1 25 16 31 1 15
93291 486 23 288 21 980 3562 1951 533 305 46 77 1683 668 378 431 0 700 36 1418 264 51 21 22 1203 1178 33 784 48 3 4 76 46 94 5 40
93316 546 27 228 20 768 2830 1509 429 246 33 64 1349 529 297 342 0 564 30 1106 212 40 16 18 960 926 24 616 37 1 4 55 36 73 4 31
93319 549 26 70 5 214 844 427 123 74 11 18 400 156 88 108 0 163 8 330 62 12 5 4 288 269 8 168 10 0 1 16 11 23 1 9
93322 525 13 99 7 325 1241 639 183 103 14 29 581 226 129 146 0 238 12 471 92 20 6 7 426 396 11 260 17 0 1 26 14 31 1 15
93325 551 33 102 7 333 1236 653 187 102 14 27 570 226 130 142 0 244 12 474 91 18 6 8 405 402 11 265 18 0 1 26 16 30 1 15
93329 553 33 74 4 237 882 451 138 73 9 20 420 168 94 114 0 172 7 337 64 11 4 4 290 284 9 184 13 0 1 18 12 23 1 11
93331 565 36 295 24 976 3635 1931 542 309 44 82 1732 678 388 447 0 719 41 1430 270 52 19 24 1216 1199 36 788 51 2 5 77 49 93 5 41
93333 559 33 316 25 1062 3913 2121 578 326 49 86 1850 726 415 464 0 783 42 1564 286 55 22 24 1316 1307 33 866 52 2 4 81 49 103 6 45
93335 558 33 822 61 2776 10140 5446 1523 855 121 220 4757 1894 1077 1251 0 1998 105 4007 750 145 54 61 3364 3338 91 2203 139 6 13 209 132 259 15 119
93336 560 33 36 2 122 443 230 67 38 5 10 208 83 49 55 0 87 4 169 33 5 2 2 149 140 3 94 6 0 0 9 5 11 0 5
93339 552 33 246 17 815 3049 1570 460 255 35 72 1441 561 326 364 0 596 28 1146 218 42 14 16 999 988 26 633 47 1 4 60 41 78 4 39
93343 553 33 109 8 369 1364 697 212 110 13 33 663 247 144 161 0 267 11 515 96 17 5 7 453 440 12 286 21 0 2 27 19 36 2 17
93347 583 20 301 22 1013 3705 1975 554 310 44 81 1752 684 386 435 0 733 36 1437 273 51 19 23 1226 1213 33 798 51 2 5 74 48 95 5 44
93351 537 11 42 1 134 496 248 77 39 4 12 233 88 53 60 0 97 3 183 33 7 1 2 157 160 3 99 9 0 0 9 6 11 1 8
93352 537 11 1036 85 3526 12846 6947 1916 1087 154 287 6129 2392 1336 1604 0 2574 137 5132 954 180 66 79 4289 4268 116 2818 173 9 17 260 174 328 19 144
93377 550 48 172 11 569 2117 1123 306 180 25 47 997 400 226 247 0 413 22 818 156 29 10 13 707 693 19 459 29 1 2 41 26 56 3 23
93378 551 37 75 5 243 911 480 137 75 9 20 433 167 97 113 0 180 8 354 67 13 4 5 296 302 9 194 12 0 1 17 13 23 1 11
93379 547 41 69 4 229 839 447 131 69 9 19 400 157 88 103 0 163 8 323 61 11 3 4 277 276 7 180 11 0 1 16 10 19 1 11
93410 637 71 72 4 236 878 454 125 74 9 19 417 160 90 101 0 173 9 329 63 13 3 5 295 281 7 183 13 0 1 18 12 23 1 11
93411 619 44 106 6 333 1267 643 188 104 13 29 587 228 138 152 0 250 10 482 88 19 4 7 408 409 11 261 19 0 1 27 16 31 2 18
93413 615 42 104 8 337 1266 667 186 107 14 28 582 235 132 150 0 251 12 492 95 17 6 7 424 418 11 274 16 0 1 25 17 34 1 14
93414 608 41 421 33 1424 5178 2808 788 441 64 110 2448 970 549 625 0 1031 53 2031 391 72 29 32 1736 1716 44 1122 70 2 6 107 67 133 8 61
93415 608 41 306 19 1001 3729 1938 558 311 43 86 1753 678 394 449 0 728 35 1432 272 55 16 21 1227 1218 34 777 55 1 5 75 49 93 5 50
93416 625 61 36 2 125 446 246 63 39 6 8 205 88 47 51 0 87 5 183 34 6 2 2 148 144 3 100 5 0 0 8 6 12 0 3
93417 538 38 257 18 850 3147 1686 449 273 38 68 1476 581 327 402 0 622 35 1264 239 45 17 19 1048 1032 29 689 42 2 4 66 39 80 4 36
93418 540 38 200 13 654 2434 1291 367 204 28 57 1134 450 259 297 0 483 25 944 177 33 12 15 806 801 21 523 34 0 3 47 33 61 4 31
93419 532 31 67 5 228 827 457 117 75 11 17 385 160 85 107 0 163 10 341 59 11 5 5 273 269 9 193 9 0 0 18 10 20 1 7
93422 542 31 554 45 1888 6881 3738 1036 585 82 155 3277 1297 719 849 0 1379 74 2747 519 96 36 44 2293 2300 64 1497 87 4 10 142 95 172 9 76
93426 542 31 261 20 908 3243 1753 495 275 38 71 1557 614 340 416 0 644 31 1279 241 46 17 19 1078 1069 30 716 45 1 4 66 41 80 4 39
93440 505 17 722 53 2419 8869 4742 1340 748 103 203 4220 1656 941 1113 0 1763 96 3492 647 127 43 55 2935 2905 88 1922 126 5 12 186 116 225 13 108
93441 479 27 315 25 1067 3879 2124 599 331 46 84 1874 734 407 503 0 780 42 1563 294 55 20 24 1291 1296 39 865 50 3 5 80 53 97 5 43
93442 480 27 413 30 1348 5016 2622 744 416 56 113 2363 922 532 605 0 1000 47 1939 363 73 23 28 1658 1652 48 1062 72 2 7 103 66 128 7 63
93465 484 22 68 5 244 852 466 136 70 10 19 417 164 95 113 0 178 6 355 57 12 4 4 287 289 6 189 12 0 1 16 11 21 1 11
93509 460 15 71 5 238 869 455 133 74 10 20 423 165 92 106 0 168 9 337 64 13 4 5 295 283 8 184 11 0 1 16 11 23 1 10
93510 465 11 172 11 562 2114 1104 309 183 26 45 963 397 219 238 0 417 24 828 159 30 11 12 704 693 19 449 28 1 2 42 27 57 3 24
93511 471 14 41 2 128 488 249 75 40 5 11 227 91 53 61 0 95 3 185 34 6 2 2 160 157 4 100 7 0 0 9 7 12 0 6
93512 470 14 564 40 1891 6975 3675 1039 588 79 159 3293 1296 739 849 0 1384 68 2727 520 97 34 39 2315 2287 62 1496 101 3 9 141 95 178 11 86
93520 471 23 346 29 1169 4265 2317 653 367 51 90 2008 808 452 531 0 867 44 1706 316 60 26 29 1436 1404 37 941 56 2 5 88 58 111 7 48
93525 456 13 90 5 311 1156 644 159 101 14 26 524 217 119 137 0 232 13 469 88 15 7 6 380 387 9 254 15 0 1 22 15 28 1 12
93527 459 16 130 9 434 1605 861 233 137 20 34 747 300 169 196 0 313 18 647 121 23 10 9 550 525 13 352 22 1 1 33 19 40 2 17
93549 427 20 665 56 2269 8253 4495 1243 695 99 182 3938 1561 863 1037 0 1667 91 3304 607 115 44 53 2742 2758 78 1824 109 6 10 168 114 207 11 91
93584 460 25 776 60 2628 9707 5212 1459 815 115 216 4583 1819 1029 1178 0 1917 108 3839 720 142 50 58 3265 3185 92 2130 128 5 12 203 119 250 14 113
93585 456 19 38 2 140 488 253 80 37 4 12 240 92 54 64 0 98 2 189 32 7 2 2 158 159 4 104 8 0 0 9 6 12 1 8
93597 467 24 322 24 1086 3974 2132 602 334 46 86 1855 743 422 453 0 788 39 1560 295 57 20 23 1316 1310 32 858 53 2 5 84 55 100 6 47
93599 467 24 105 8 335 1259 661 184 106 14 28 594 239 130 160 0 255 13 517 89 17 7 7 419 415 11 271 16 1 1 24 17 33 2 13
93600 494 22 287 23 967 3552 1901 530 300 43 82 1674 666 377 418 0 698 38 1377 267 49 20 22 1193 1154 34 779 49 2 4 71 46 91 5 42
93602 489 22 763 59 2544 9360 4974 1421 778 110 213 4450 1725 983 1143 0 1870 94 3670 686 132 46 55 3100 3123 81 1994 128 4 13 194 128 237 14 115
93604 478 22 105 6 359 1305 676 198 110 14 31 599 238 137 152 0 262 12 505 96 17 6 7 425 431 12 273 18 0 2 26 16 34 1 15
93607 499 31 162 13 558 2036 1093 302 176 25 44 960 388 218 266 0 412 21 822 147 29 11 11 670 663 19 455 27 1 2 42 24 53 2 21
93609 503 31 458 32 1546 5664 3002 857 474 69 132 2645 1058 602 664 0 1128 55 2192 419 79 31 31 1876 1865 47 1203 81 3 8 115 76 141 9 70
93611 507 16 198 14 680 2472 1320 390 202 28 54 1175 454 260 306 0 493 25 966 182 36 11 14 815 818 24 538 36 1 3 50 33 62 4 31
93614 500 16 268 19 914 3345 1774 503 283 39 73 1581 621 356 411 0 656 34 1328 247 50 17 20 1120 1093 34 716 47 2 4 70 43 84 5 42
93615 551 30 678 50 2261 8343 4392 1247 697 97 191 3936 1537 880 1022 0 1660 80 3263 611 117 42 46 2771 2749 74 1763 120 4 11 170 109 208 13 104
93617 553 33 300 24 1035 3742 2017 574 312 44 83 1794 709 403 455 0 740 38 1468 278 53 21 21 1255 1222 35 823 53 2 5 74 51 97 5 44
93618 553 32 106 7 353 1300 677 196 109 14 29 610 239 138 157 0 255 13 497 93 18 6 7 432 423 10 274 18 0 1 25 17 35 1 15
93642 536 18 725 58 2450 9004 4801 1339 758 104 205 4236 1661 944 1124 0 1779 89 3568 672 128 44 53 2980 2959 85 1953 124 5 12 186 118 227 14 110
93643 536 18 66 6 223 824 448 125 72 10 18 383 157 88 94 0 161 9 320 62 13 4 6 275 272 9 182 10 0 1 18 10 22 1 8
93645 531 11 36 2 124 446 243 68 38 5 9 219 84 48 61 0 89 4 182 32 6 2 1 147 151 4 95 6 0 0 9 5 10 0 5
93646 450 36 127 9 433 1565 868 232 130 18 33 738 296 167 191 0 305 16 639 112 21 7 9 520 517 15 354 21 1 2 33 20 38 2 17
93647 450 36 393 27 1293 4791 2551 712 406 59 107 2260 890 506 564 0 937 50 1851 350 70 26 26 1607 1562 42 1036 69 2 6 96 63 128 7 58
93648 459 36 346 25 1164 4228 2225 664 348 47 96 2051 780 456 532 0 846 36 1643 305 59 20 22 1407 1406 36 898 59 1 6 82 56 102 7 56
93649 484 30 36 2 121 436 231 67 39 5 10 212 84 46 56 0 87 4 176 32 6 2 1 147 142 4 97 5 0 0 9 5 10 0 5
93650 486 30 257 20 868 3151 1707 471 269 39 70 1471 591 323 385 0 634 36 1273 236 43 17 19 1048 1059 27 697 40 2 4 63 40 80 4 34
93651 436 17 332 24 1120 4097 2159 632 337 46 93 1970 773 433 532 0 822 39 1609 293 57 20 25 1347 1359 40 889 59 2 5 82 56 103 6 51
93653 435 17 327 24 1077 3981 2134 582 337 48 88 1835 731 409 476 0 786 43 1579 295 54 20 22 1306 1321 36 868 53 2 5 81 54 102 5 45
93654 426 11 71 5 229 872 448 134 70 9 21 418 159 93 103 0 173 7 327 62 13 4 4 287 288 8 179 13 0 1 17 11 21 1 12
93657 436 12 94 8 330 1213 671 177 102 16 26 580 226 128 161 0 251 13 506 86 17 6 8 405 408 12 277 16 1 1 26 16 30 2 12
93664 459 19 497 40 1672 6157 3295 919 521 71 138 2897 1150 642 741 0 1209 64 2432 464 85 32 39 2060 2032 59 1335 84 3 8 123 82 159 8 70
93665 456 13 70 4 236 858 455 131 72 10 21 405 163 91 109 0 174 8 342 61 11 4 4 283 285 7 184 12 0 1 17 11 21 1 10
93673 485 14 159 13 553 1978 1114 293 165 22 43 945 369 205 270 0 401 19 813 148 25 9 13 649 672 16 447 27 0 2 41 28 49 3 22
93674 531 26 168 13 546 2058 1073 312 177 24 45 961 383 218 241 0 413 19 794 155 29 12 10 687 674 18 432 27 1 2 43 27 52 3 24
93680 477 14 319 26 1095 3941 2154 608 330 49 87 1888 743 417 496 0 797 43 1577 287 53 22 24 1310 1302 39 864 53 3 5 81 53 100 6 45
93681 482 15 106 8 361 1304 680 208 109 14 30 632 248 138 172 0 265 11 507 94 17 5 6 426 433 13 277 18 0 1 26 17 34 1 16
93696 493 27 446 36 1475 5519 2923 823 463 64 123 2611 1020 580 691 0 1115 55 2171 407 78 27 32 1808 1829 53 1193 79 2 7 116 72 140 8 69
93720 623 58 78 3 252 917 474 139 78 9 20 428 166 97 107 0 181 7 348 66 13 3 4 293 304 8 188 13 0 1 18 13 22 1 12
93721 610 13 682 56 2285 8471 4517 1257 712 99 190 3998 1567 887 1023 1 1673 88 3335 636 118 46 53 2837 2791 79 1837 114 5 11 174 116 216 11 97
93723 557 13 103 7 327 1239 641 183 105 15 25 589 226 132 158 0 246 12 498 87 17 6 6 406 407 11 259 18 1 1 25 16 31 2 15
93726 561 13 370 26 1232 4560 2405 690 381 52 101 2151 826 480 551 0 904 49 1786 338 64 23 28 1494 1515 41 959 65 2 6 91 58 115 7 55
93727 593 19 385 30 1324 4824 2631 717 411 59 109 2273 903 503 584 0 970 52 1919 361 69 27 31 1607 1608 43 1058 63 2 6 100 65 124 7 55
93728 599 13 136 8 446 1633 851 257 136 18 37 777 303 176 201 0 321 15 629 120 23 7 7 538 536 14 342 24 1 2 33 21 39 2 22
93729 567 13 137 9 456 1679 893 251 138 19 39 801 307 179 201 0 337 15 659 121 24 8 11 554 560 15 356 24 0 2 32 20 42 2 22
93730 566 13 104 7 340 1268 675 181 104 14 28 598 233 130 157 0 256 11 502 89 17 6 7 419 423 11 273 18 0 1 25 17 33 1 16
93731 494 58 825 66 2796 10232 5523 1542 877 128 223 4871 1941 1084 1285 0 2050 115 4084 763 145 59 62 3425 3360 95 2266 138 6 13 209 130 260 15 119
93733 937 124 223 18 762 2780 1503 423 242 35 59 1335 537 302 354 0 555 33 1122 208 39 15 17 943 907 25 615 36 2 3 53 37 76 4 30
93735 1090 155 1075 83 3633 13248 7075 2035 1107 152 298 6328 2451 1413 1650 0 2646 132 5256 982 189 66 82 4390 4401 123 2871 183 7 19 267 174 335 21 164
93737 1051 123 70 6 248 872 467 144 73 10 20 422 171 94 118 0 174 8 350 63 12 3 5 292 283 8 194 11 0 1 16 10 21 1 11
93738 1053 126 671 51 2250 8286 4397 1238 693 92 188 3932 1538 870 1052 0 1653 83 3298 613 117 38 51 2750 2747 82 1792 114 4 11 168 110 211 12 100
93740 1069 129 1157 85 3962 14363 7758 2187 1196 172 327 6865 2689 1510 1807 0 2886 139 5691 1055 204 77 88 4772 4783 133 3118 201 7 19 290 194 359 22 175
93744 1041 135 296 23 1005 3649 1959 561 309 44 82 1749 694 389 455 0 731 36 1433 267 54 19 22 1228 1198 35 794 50 2 4 73 48 96 5 43
93745 1031 146 429 31 1432 5285 2802 784 442 62 119 2471 969 554 650 0 1052 54 2085 388 74 26 29 1740 1741 49 1146 75 3 7 107 70 136 8 64
93746 910 33 403 29 1359 5006 2651 757 413 56 115 2368 914 535 605 0 993 50 1953 362 74 24 29 1658 1663 45 1073 70 1 8 100 65 128 8 65
93747 913 33 268 21 905 3346 1788 495 281 39 77 1588 624 345 423 0 669 34 1337 249 46 17 19 1121 1115 33 720 43 2 4 66 45 84 4 35
93748 911 33 132 10 434 1598 869 240 138 20 35 756 305 165 198 0 317 17 638 118 22 9 10 534 528 16 350 21 1 2 33 20 41 2 18
93750 912 33 245 17 825 3010 1586 452 250 33 67 1425 554 320 372 0 598 25 1166 220 41 14 17 985 993 27 642 44 1 4 62 41 75 4 39
93752 922 30 481 35 1623 5900 3159 907 490 66 134 2792 1096 624 727 0 1175 57 2314 424 83 28 36 1938 1957 53 1280 87 3 8 122 82 147 9 73
93753 920 28 70 4 246 881 463 140 72 10 20 432 166 99 121 0 173 8 351 62 13 5 5 301 287 9 193 12 0 1 16 9 22 1 11
93754 954 44 394 31 1335 4858 2628 733 414 59 107 2299 919 517 603 0 975 50 1953 362 67 26 30 1612 1617 43 1074 66 2 7 100 66 127 7 55
93755 958 44 1129 86 3798 13869 7459 2103 1156 162 314 6563 2571 1458 1701 0 2769 140 5476 1010 196 70 85 4598 4638 122 2988 192 7 19 288 191 351 21 169
93756 965 45 166 13 563 2031 1097 313 170 24 44 974 387 214 269 0 408 20 825 143 29 10 12 671 677 21 451 29 1 2 42 26 52 3 23
93757 963 44 920 72 3092 11347 6114 1694 968 142 250 5393 2117 1194 1414 0 2261 127 4510 847 165 66 69 3813 3749 105 2460 154 7 16 226 147 286 15 131
93760 1002 23 97 7 337 1203 666 184 98 14 26 573 228 131 149 0 239 12 485 88 18 6 7 404 393 10 277 17 0 1 23 14 30 2 15
93781 971 13 224 18 783 2860 1547 430 233 31 64 1338 525 300 355 0 573 29 1148 210 40 15 18 950 954 25 631 38 1 4 57 38 74 4 34
93809 948 15 837 65 2784 10320 5571 1518 868 126 228 4843 1920 1077 1278 0 2059 110 4124 757 146 55 62 3429 3432 93 2257 142 6 13 209 138 266 16 121
93812 948 15 670 54 2290 8347 4456 1279 697 95 187 3963 1548 881 1017 1 1654 84 3299 618 122 42 50 2767 2782 81 1788 111 5 12 172 110 211 12 100
93813 954 11 590 45 1971 7265 3886 1088 622 85 161 3416 1349 763 909 0 1448 75 2889 548 104 39 46 2417 2392 68 1581 99 5 9 144 96 184 10 82
93815 952 11 442 31 1487 5490 2896 816 456 61 124 2601 1011 579 666 0 1086 53 2157 407 76 26 31 1829 1818 50 1174 76 3 8 114 73 141 8 69
93816 951 11 334 26 1144 4170 2274 611 343 46 93 1952 775 437 520 0 844 42 1680 303 57 20 26 1369 1407 36 921 58 2 5 87 60 105 6 48
93850 962 14 212 19 720 2656 1486 388 231 34 55 1212 505 276 306 0 539 34 1097 204 38 18 19 895 886 23 603 32 2 2 55 35 70 4 26
93852 902 14 278 22 966 3467 1911 521 294 44 74 1638 654 364 424 0 701 38 1394 252 50 21 21 1158 1157 30 771 47 2 4 72 45 89 5 41
93853 900 14 40 3 133 471 254 70 39 5 10 225 90 50 59 0 97 4 191 32 6 2 2 158 154 3 109 6 0 0 9 5 13 0 5
93855 900 14 452 37 1518 5558 2962 833 451 58 127 2646 1010 583 690 0 1107 51 2195 402 77 24 33 1827 1863 48 1184 79 2 7 115 76 139 9 69
93873 896 12 267 18 885 3241 1740 491 274 39 74 1526 607 343 390 0 643 33 1269 237 44 18 18 1074 1076 29 701 45 2 4 64 43 79 5 38
93874 896 12 32 3 129 434 264 62 39 5 8 216 87 45 57 0 89 5 192 32 6 2 3 148 145 4 106 5 0 0 10 5 10 0 3
93875 899 14 191 16 642 2366 1285 350 197 29 48 1112 441 244 296 0 472 26 950 174 33 14 15 791 789 23 520 30 1 3 49 31 57 3 26
93876 905 14 250 17 836 3056 1601 464 250 33 70 1458 567 328 370 0 598 28 1177 220 42 15 16 1006 1004 27 640 45 1 5 61 43 77 4 39
93878 906 14 268 18 904 3315 1770 498 271 37 76 1589 603 352 422 0 664 30 1334 239 47 16 18 1088 1106 30 712 47 2 5 68 44 80 5 42
93879 902 11 39 2 132 481 273 69 39 6 10 228 92 49 60 0 97 4 202 31 6 3 3 160 166 4 109 6 0 0 10 7 13 0 4
93888 916 12 407 33 1393 5100 2719 771 423 60 113 2414 944 538 608 0 1017 49 2018 374 72 27 27 1689 1704 48 1086 67 3 7 106 69 130 7 58
93892 942 13 358 28 1230 4480 2410 683 374 50 102 2162 842 473 568 0 900 44 1780 326 63 21 29 1488 1494 43 982 62 2 6 89 59 118 6 54
93900 944 27 35 2 125 442 245 65 36 5 9 208 84 46 52 0 88 3 181 32 6 2 2 150 147 3 97 6 0 0 9 4 11 0 5
93905 905 11 236 15 796 2867 1541 436 240 31 65 1367 537 304 363 0 578 28 1131 207 42 13 16 941 954 26 625 42 1 4 58 38 70 4 37
93911 941 21 362 26 1203 4439 2403 655 377 54 98 2061 830 464 511 0 874 48 1765 331 62 25 27 1465 1474 38 970 57 3 5 91 60 113 6 48
93919 963 42 136 10 471 1676 906 253 148 20 36 804 320 181 215 0 337 15 673 128 22 9 10 561 545 15 379 22 1 2 33 23 43 2 18
93920 963 16 202 15 690 2503 1335 380 214 31 54 1169 468 264 299 0 502 25 991 185 37 13 14 833 832 22 543 36 1 3 52 31 66 4 29
93959 942 37 38 2 136 470 254 76 38 4 10 231 91 52 65 0 94 4 191 32 7 1 3 157 153 5 107 7 0 0 9 5 11 0 6
93961 941 37 36 2 138 463 270 65 39 5 9 229 89 51 64 0 92 4 199 34 6 2 3 153 156 3 110 6 0 0 10 6 12 0 5
93962 942 37 204 14 671 2463 1275 376 206 27 56 1173 462 264 301 0 493 23 960 175 34 12 12 825 799 20 521 33 1 3 49 35 62 3 30
93964 943 37 122 10 446 1532 894 238 128 17 32 751 298 159 209 0 317 17 645 110 22 9 11 518 520 14 359 20 0 1 30 20 39 2 17
93965 942 37 235 18 815 2914 1557 460 247 35 65 1396 557 316 385 0 587 29 1158 213 42 15 17 960 959 27 634 42 2 4 57 38 73 4 34
93966 932 23 550 41 1825 6649 3473 1022 554 74 153 3176 1245 702 836 0 1319 60 2602 475 94 30 37 2198 2208 62 1408 95 3 10 132 89 169 10 89
93991 986 45 196 14 665 2407 1273 378 201 28 55 1156 460 256 302 0 485 24 937 177 34 12 13 796 793 22 522 34 1 3 45 30 60 3 31
93994 975 15 657 51 2214 8109 4344 1218 688 94 186 3809 1520 849 992 0 1608 83 3201 600 117 41 48 2687 2663 78 1763 114 5 11 166 108 207 12 94
93999 909 13 503 39 1707 6256 3337 948 516 71 140 2947 1149 661 751 0 1248 59 2468 460 89 32 37 2054 2088 57 1326 87 2 9 130 84 158 9 76
94000 910 13 122 10 430 1568 860 231 131 20 36 723 299 167 189 0 317 16 633 114 21 9 9 527 520 13 346 20 1 2 31 21 40 2 17
94002 910 13 71 5 243 878 469 133 74 10 20 417 159 90 102 0 173 8 341 64 12 4 4 290 292 8 185 13 0 1 16 11 23 1 10
94007 907 11 38 3 138 476 255 75 38 4 11 238 90 53 64 0 97 3 189 32 7 1 2 160 155 4 107 7 0 0 9 6 11 0 7
94031 925 19 128 11 447 1611 867 247 138 19 37 774 309 172 202 0 323 17 635 121 21 8 10 545 520 16 362 22 1 2 32 22 40 2 17
94049 910 26 507 40 1722 6236 3343 955 519 70 143 3009 1159 666 786 0 1242 62 2442 447 89 29 39 2076 2068 61 1357 89 3 9 125 81 160 9 76
94051 917 27 564 43 1911 6980 3740 1048 587 82 152 3340 1310 732 891 0 1396 68 2800 505 98 36 43 2321 2324 69 1526 94 4 9 143 90 179 10 83
94055 915 27 330 25 1114 4104 2186 615 339 47 93 1937 764 430 506 0 826 44 1608 299 56 21 22 1359 1354 38 882 57 2 5 81 54 105 6 50
94059 912 25 240 18 789 2910 1543 440 243 32 66 1386 537 307 374 0 578 28 1152 212 43 13 18 965 959 29 627 41 1 4 59 36 72 4 37
94060 955 46 72 5 247 883 479 130 69 8 21 424 159 91 111 0 176 6 351 61 12 3 5 285 303 6 186 13 0 1 18 13 20 1 11
94061 952 41 701 58 2357 8618 4660 1300 723 105 186 4064 1610 903 1075 0 1723 93 3433 639 121 48 56 2863 2874 81 1880 116 5 12 172 112 220 12 100
94072 861 23 161 14 543 1973 1084 290 167 24 43 932 375 209 231 0 392 21 790 143 26 11 12 664 651 15 447 27 0 2 39 27 52 3 21
