94127 831 53 448 36 1511 5536 2994 830 460 66 126 2645 1026 579 665 0 1099 58 2202 406 77 30 32 1851 1841 50 1185 75 2 7 114 73 139 9 68
94128 834 53 291 22 989 3572 1913 552 302 42 76 1697 663 385 438 0 702 35 1400 264 49 19 22 1184 1180 33 769 52 2 5 74 44 92 5 44
94129 834 53 338 28 1187 4225 2335 643 359 53 91 1998 808 445 502 0 847 47 1687 318 58 23 26 1419 1405 36 953 55 2 5 85 55 105 6 46
94131 834 53 166 12 551 2040 1082 313 178 24 43 960 374 218 234 0 403 21 798 158 29 11 11 673 673 20 434 28 1 2 40 28 54 3 22
94132 848 58 104 8 353 1338 698 186 110 14 29 607 235 137 159 0 261 13 533 97 18 7 8 438 445 11 274 18 0 1 25 18 34 2 15
94133 934 43 140 11 492 1743 948 272 140 19 38 828 328 183 205 0 353 16 685 128 25 8 9 568 591 15 375 24 0 2 34 25 43 3 21
94135 936 43 265 19 927 3324 1776 526 277 37 72 1593 625 363 406 0 659 29 1283 244 48 16 17 1113 1098 28 713 48 1 5 67 43 84 5 42
94137 926 36 167 11 574 2041 1108 319 170 23 47 991 393 225 279 0 411 20 824 145 29 10 12 683 675 18 454 30 1 3 41 27 49 4 26
94140 949 45 589 45 2015 7356 3965 1125 610 84 168 3507 1378 779 894 0 1457 80 2907 542 104 37 47 2454 2439 72 1612 101 4 9 148 101 185 10 85
94143 926 36 235 18 802 2962 1561 454 250 33 67 1410 540 314 372 0 591 30 1165 220 42 14 19 973 981 28 629 44 2 4 59 39 73 4 36
94144 925 36 211 15 687 2528 1350 385 205 28 58 1200 465 267 316 0 500 23 994 179 38 12 15 832 843 22 541 38 1 3 52 34 65 4 33
94145 925 36 349 23 1149 4247 2218 628 352 48 99 2016 775 452 549 0 846 35 1678 306 59 19 23 1388 1405 38 891 61 2 6 83 57 106 6 56
94147 926 38 73 5 243 902 469 134 74 9 21 421 167 96 109 0 179 7 347 63 12 3 5 305 295 7 191 13 0 1 17 11 23 1 12
94148 962 47 232 17 806 2902 1582 441 239 34 63 1370 548 309 361 0 587 30 1157 207 41 15 19 974 969 24 643 40 1 4 59 36 76 5 34
94149 937 30 37 3 129 469 259 69 40 5 10 224 93 51 61 0 91 5 195 35 5 2 3 159 153 4 109 5 0 0 7 6 12 0 4
94152 933 31 203 14 675 2476 1310 379 203 27 54 1158 456 262 310 0 493 21 973 176 36 12 14 815 809 22 538 36 1 3 52 32 61 4 32
94153 932 31 334 25 1114 4040 2181 618 344 48 87 1923 756 433 487 0 798 40 1599 301 56 22 24 1350 1329 37 895 56 2 5 83 53 107 6 48
94154 932 31 267 23 906 3324 1802 496 281 39 73 1566 618 351 398 0 655 35 1327 244 46 19 22 1116 1104 30 726 44 2 4 67 45 86 5 38
94155 931 30 564 48 1974 7149 3935 1065 594 86 152 3387 1327 755 889 0 1434 78 2893 525 101 42 49 2392 2390 64 1583 95 4 8 146 97 180 11 78
94156 931 30 63 5 228 800 458 121 66 9 17 388 154 85 104 0 162 8 336 59 10 3 6 266 272 5 188 11 0 1 17 11 20 1 8
94161 872 16 215 15 727 2604 1381 404 214 28 57 1253 496 281 339 0 520 23 1038 189 37 11 14 844 863 25 565 39 1 4 52 36 64 4 34
94162 872 16 202 15 687 2518 1328 377 215 29 55 1179 464 273 303 0 494 24 1002 185 36 13 15 833 832 22 539 35 1 3 52 32 65 4 30
94163 922 16 500 39 1738 6267 3444 948 540 79 135 2978 1191 669 764 0 1253 69 2519 466 90 35 40 2123 2074 59 1414 85 4 7 128 79 166 9 68
94164 922 16 68 5 238 840 451 136 67 9 19 399 154 93 103 0 169 7 329 59 13 4 4 274 279 7 178 13 0 1 17 11 20 1 11
94169 919 15 301 23 1015 3797 1999 558 314 46 86 1788 694 398 462 0 758 39 1501 277 54 21 21 1268 1257 35 789 52 2 5 74 50 97 6 45
94170 918 13 497 37 1690 6109 3301 928 510 71 137 2902 1140 641 777 0 1229 62 2461 441 86 31 38 2028 2034 54 1339 85 3 9 125 82 159 10 73
94171 914 13 36 2 127 451 261 65 36 5 10 207 86 47 54 0 90 5 189 31 6 2 2 147 156 3 104 6 0 0 9 5 11 0 5
94174 892 13 286 22 983 3587 1937 537 303 42 77 1707 677 385 451 0 712 39 1426 268 54 18 21 1208 1184 35 786 49 2 5 75 46 91 5 43
94175 951 28 352 28 1199 4401 2365 665 376 54 98 2096 829 469 540 0 878 51 1741 329 63 23 29 1497 1444 42 976 60 2 6 88 56 115 6 50
94176 938 26 222 18 777 2806 1523 429 235 33 63 1348 514 298 344 0 559 31 1122 204 39 14 17 930 944 24 614 39 1 4 58 38 71 4 32
94178 935 23 380 27 1312 4723 2618 707 401 59 104 2237 891 497 579 0 945 49 1907 351 69 26 28 1567 1588 41 1043 61 3 6 99 66 116 7 55
94179 892 21 337 24 1108 4162 2207 594 348 46 94 1917 759 427 495 0 827 41 1640 311 56 19 26 1366 1374 36 892 57 2 5 84 59 105 6 51
94181 898 19 554 43 1887 6927 3672 1068 577 81 157 3295 1285 740 841 0 1361 70 2689 511 99 35 41 2308 2279 65 1489 99 3 10 141 92 180 10 86
94183 910 24 758 55 2536 9300 4992 1396 782 106 209 4371 1738 970 1128 0 1851 97 3658 686 128 46 58 3080 3081 89 2038 134 4 11 191 124 240 14 111
94184 908 22 1343 107 4563 16704 9034 2504 1425 206 366 7843 3132 1752 2077 1 3343 178 6670 1249 240 93 103 5567 5540 155 3648 225 11 22 344 224 420 26 191
94185 906 22 295 24 1010 3677 1970 559 312 41 82 1743 687 387 461 0 730 35 1461 273 51 19 23 1220 1208 36 811 50 2 5 75 48 94 5 44
94186 906 22 448 37 1514 5518 2985 830 472 67 120 2626 1039 574 677 0 1101 58 2180 410 78 29 32 1844 1830 53 1210 74 3 7 112 68 145 8 65
94187 891 14 91 7 308 1088 617 169 93 14 24 518 213 117 135 0 221 12 442 79 15 6 6 357 367 9 250 14 0 1 23 15 26 1 12
94188 889 12 764 58 2520 9374 4909 1393 782 107 219 4449 1727 990 1172 0 1876 91 3685 678 132 47 54 3122 3071 87 1995 131 5 13 188 127 241 14 115
94189 885 13 164 14 553 2011 1095 301 164 22 46 948 375 214 259 0 408 19 816 148 27 9 14 665 673 16 440 27 1 2 41 28 51 3 23
94190 886 13 126 8 466 1624 927 242 135 20 34 772 311 174 211 0 325 15 681 119 24 8 11 534 556 14 372 21 0 2 35 20 38 2 19
94191 885 13 224 19 794 2838 1513 436 240 32 64 1369 539 306 360 0 576 27 1125 211 40 14 16 952 932 27 622 39 1 4 55 34 72 4 36
94192 903 16 698 58 2393 8813 4707 1341 740 106 193 4144 1634 933 1059 0 1756 92 3469 651 128 50 57 2928 2918 82 1909 121 5 12 178 115 229 12 103
94194 961 114 35 2 126 447 242 68 38 5 9 212 87 50 61 0 90 4 183 31 6 2 2 147 146 4 97 6 0 0 8 5 10 0 5
94195 961 114 287 24 981 3586 1929 537 301 42 77 1716 671 384 456 0 719 38 1444 268 51 19 23 1193 1190 33 795 48 2 4 76 46 91 5 41
94196 962 114 94 9 341 1188 672 187 103 15 24 568 228 125 144 0 241 14 493 91 16 7 8 396 405 10 276 15 0 1 23 14 31 1 13
94197 952 106 173 13 579 2109 1139 317 176 24 46 983 399 225 255 0 421 21 849 154 30 10 12 698 702 20 465 28 1 2 44 28 54 3 25
94199 955 106 395 31 1339 4909 2631 728 407 58 111 2341 904 511 628 0 980 49 1980 352 69 24 30 1624 1642 41 1053 67 2 7 97 66 125 8 60
94200 950 106 39 2 137 479 259 73 40 4 9 228 93 53 62 0 94 4 190 35 7 1 3 156 157 4 106 7 0 0 10 5 12 0 6
94201 955 106 112 7 370 1362 714 207 112 14 29 637 252 145 165 0 267 12 529 98 21 5 9 445 445 12 290 20 0 1 29 18 34 2 17
94203 953 106 70 6 249 885 487 138 75 10 19 418 170 96 106 0 179 8 359 64 13 5 5 302 297 9 199 12 0 1 18 10 23 1 10
94204 951 106 421 33 1415 5242 2815 763 442 61 117 2483 978 548 662 0 1043 56 2085 382 71 27 36 1738 1722 51 1158 73 3 6 109 73 136 6 57
94205 952 106 195 16 656 2393 1317 358 201 28 53 1142 445 250 315 0 484 25 964 177 34 13 16 802 791 24 530 34 1 3 48 31 60 3 28
94206 939 97 395 32 1327 4932 2635 719 409 55 107 2287 902 512 603 0 984 48 1980 363 70 26 31 1624 1637 45 1064 65 3 6 102 69 125 8 56
94208 938 97 282 24 978 3490 1926 542 299 43 73 1675 667 377 458 0 704 37 1423 265 49 20 24 1170 1145 33 792 48 2 5 74 47 88 5 37
94210 942 96 347 25 1163 4183 2190 653 347 44 94 1987 780 451 522 0 831 37 1636 306 59 16 23 1372 1371 36 900 57 2 6 84 56 104 7 54
94216 843 25 359 29 1236 4494 2412 667 378 51 102 2113 834 475 570 0 896 42 1806 329 63 23 27 1496 1487 40 983 61 3 6 94 59 113 7 56
94218 844 25 459 35 1567 5650 3069 873 472 64 123 2697 1067 603 713 0 1122 54 2245 415 80 29 36 1880 1870 52 1238 80 2 8 112 79 144 9 69
94219 844 21 595 44 2028 7364 3960 1129 615 89 160 3453 1369 785 910 0 1462 71 2923 536 106 37 44 2425 2436 67 1593 105 5 10 158 97 182 12 90
94236 905 27 425 33 1432 5244 2799 788 450 61 113 2458 978 561 629 0 1036 53 2068 394 76 27 33 1762 1718 48 1147 73 3 7 107 68 140 7 62
94246 824 47 222 19 766 2765 1518 416 236 34 60 1312 519 291 345 0 561 31 1125 210 37 15 17 916 922 24 615 35 1 3 56 40 69 4 30
94247 826 47 34 2 131 462 264 67 34 4 10 222 84 51 55 0 91 3 190 31 7 2 3 153 156 3 102 6 0 0 10 5 11 0 5
94248 846 46 529 40 1754 6486 3428 976 541 74 147 3084 1210 681 838 0 1286 59 2556 466 90 31 36 2147 2133 63 1393 92 4 8 136 89 166 10 81
94249 850 46 37 4 125 475 248 64 42 5 11 226 87 49 61 0 96 5 194 33 5 2 3 162 158 5 106 6 0 0 9 5 13 0 4
94253 878 40 602 46 2000 7364 3907 1121 617 84 165 3491 1375 778 922 0 1458 72 2894 546 104 36 42 2426 2418 72 1584 105 4 10 155 98 183 11 92
94254 878 40 854 61 2854 10540 5625 1600 877 128 242 4964 1939 1132 1296 0 2091 104 4120 767 155 56 60 3482 3481 95 2264 150 5 15 218 137 268 17 133
94255 899 57 40 2 141 489 264 81 39 4 11 240 89 56 67 0 101 3 196 33 7 1 3 156 167 4 109 8 0 0 9 6 11 1 7
94256 785 13 377 25 1233 4590 2395 679 385 53 102 2150 842 480 543 0 896 43 1763 336 65 23 27 1521 1497 42 967 68 2 6 93 61 117 6 56
94257 785 13 168 12 561 2042 1080 314 173 23 42 974 377 217 256 0 416 17 799 149 27 10 11 675 676 18 439 29 1 3 42 28 52 3 25
94295 773 16 210 15 704 2605 1382 391 216 29 60 1212 484 274 319 0 511 25 1022 188 36 12 17 849 859 26 562 38 1 4 54 34 65 4 31
94302 776 18 413 32 1421 5183 2813 784 430 61 114 2479 969 548 650 0 1034 54 2062 378 75 27 32 1746 1726 48 1143 71 3 6 105 68 134 8 59
94333 814 26 235 19 774 2852 1490 436 242 31 65 1377 531 299 370 0 574 26 1125 207 40 15 16 958 931 28 611 40 1 3 57 34 72 4 35
94348 948 45 652 50 2190 8028 4320 1206 678 96 173 3763 1487 846 964 0 1591 79 3147 599 112 44 48 2667 2661 69 1733 109 4 10 165 106 204 12 96
94349 947 42 203 16 686 2551 1340 365 214 29 59 1192 466 265 317 0 508 26 1025 194 35 13 15 841 843 21 536 34 2 3 49 36 64 3 27
94350 932 36 102 7 349 1246 662 199 104 13 28 605 234 136 169 0 249 10 486 91 17 4 7 406 409 11 275 19 0 2 25 16 30 2 17
94351 942 36 587 46 2014 7355 3920 1115 619 86 165 3502 1376 777 909 0 1458 74 2892 550 102 38 43 2442 2437 72 1583 99 4 10 149 96 187 10 86
94355 935 37 478 35 1595 5867 3091 893 486 63 132 2756 1069 629 710 0 1154 53 2289 431 86 26 37 1943 1936 55 1247 85 3 8 122 76 148 10 78
94356 940 36 122 11 410 1526 837 219 133 20 35 712 286 157 189 0 310 18 636 118 20 10 10 511 513 14 339 19 1 1 29 20 38 2 14
94357 923 31 650 54 2236 8131 4428 1226 688 98 178 3816 1527 853 1045 0 1633 96 3305 601 116 43 54 2696 2700 79 1826 109 5 10 166 101 205 12 91
94360 887 13 218 18 746 2695 1485 399 231 31 58 1266 509 284 308 0 538 29 1084 206 39 13 15 901 906 24 605 35 1 3 57 34 68 3 30
94363 887 13 39 2 137 494 250 78 39 4 12 240 89 54 66 0 99 2 190 33 7 1 1 163 162 4 104 8 0 0 9 6 12 1 8
94367 858 13 293 23 1020 3610 2011 531 314 45 75 1714 690 375 446 0 724 39 1477 267 52 20 22 1220 1205 32 814 47 2 3 75 48 93 5 37
94371 858 13 922 71 3135 11484 6102 1731 960 136 253 5421 2131 1219 1390 0 2281 119 4514 841 165 61 68 3831 3783 103 2462 160 6 16 232 149 292 17 140
94372 858 13 262 21 912 3264 1757 514 273 36 74 1582 622 349 413 0 653 30 1281 237 46 15 18 1083 1098 32 709 46 1 4 67 43 83 5 41
94380 848 22 64 6 222 806 435 121 70 9 17 378 154 86 98 0 159 9 323 61 12 4 5 273 257 7 178 10 0 1 17 10 19 1 8
94382 841 19 490 40 1647 6013 3241 910 514 72 135 2856 1126 636 722 0 1197 62 2368 451 84 33 37 2009 1986 54 1310 84 3 8 119 79 154 9 71
94384 850 21 206 17 714 2570 1372 400 214 30 58 1227 472 272 315 0 512 27 1014 191 36 12 16 850 853 24 554 36 1 3 50 32 64 3 30
94395 789 25 260 20 891 3258 1744 483 281 39 71 1519 599 346 401 0 655 31 1290 238 46 18 22 1077 1081 30 710 44 2 4 67 40 86 5 39
94396 787 25 170 11 582 2106 1131 322 177 23 45 1005 402 227 256 0 410 21 822 155 32 10 14 713 684 20 465 31 1 3 41 27 55 3 27
94400 798 25 733 54 2504 9079 4872 1372 760 103 201 4280 1698 965 1128 0 1790 90 3589 670 129 45 53 3000 3002 81 1971 126 5 12 186 119 230 14 109
94401 797 20 674 51 2263 8351 4484 1258 698 100 186 3962 1560 890 1025 0 1654 87 3291 605 121 44 51 2791 2757 78 1811 118 5 12 171 112 215 12 99
94403 824 20 102 8 346 1247 659 197 107 15 29 612 236 136 162 0 251 12 488 93 17 6 6 412 402 12 266 18 1 2 25 16 30 2 14
94406 824 20 511 40 1722 6283 3357 957 532 77 140 2976 1174 663 774 0 1256 64 2463 466 92 32 36 2094 2071 57 1361 87 4 8 132 82 158 10 77
94408 809 17 388 31 1336 4820 2609 743 404 56 106 2301 896 505 610 0 966 49 1921 359 70 24 29 1584 1610 45 1056 67 2 6 99 62 119 8 60
94413 812 17 104 8 358 1290 682 196 106 12 30 615 235 135 164 0 254 10 501 91 18 5 8 425 425 12 281 20 0 1 24 17 33 2 18
94414 818 12 348 28 1191 4392 2372 659 376 55 96 2068 811 463 522 0 874 50 1735 327 64 24 27 1483 1452 39 959 57 2 5 89 55 115 6 51
94416 818 12 693 51 2322 8453 4514 1276 713 99 192 3981 1556 886 1050 0 1681 86 3341 624 121 41 49 2776 2795 78 1831 119 4 12 174 110 211 14 105
94417 788 15 360 31 1214 4508 2425 664 376 55 100 2118 832 469 538 0 896 49 1787 330 61 24 27 1511 1499 39 970 60 2 5 92 62 116 6 52
94421 794 15 202 16 689 2520 1313 380 212 29 57 1191 466 273 307 0 496 25 982 183 36 12 15 850 827 23 539 35 1 3 49 31 65 4 31
94422 841 54 440 35 1509 5511 2995 839 473 69 122 2606 1033 583 688 0 1103 61 2240 412 79 31 34 1841 1838 50 1208 71 3 7 112 72 141 8 63
94423 893 50 94 7 326 1182 654 175 103 16 26 556 225 125 148 0 236 14 486 88 18 7 7 398 388 11 268 15 1 1 23 15 29 1 12
94424 893 50 856 66 2879 10581 5622 1628 870 122 242 5031 1967 1119 1318 0 2108 108 4159 771 147 52 62 3506 3499 96 2265 149 4 15 215 145 270 17 131
94425 824 34 433 37 1503 5525 2984 838 470 68 121 2621 1037 581 694 0 1104 61 2203 423 79 30 37 1860 1834 57 1229 71 3 7 112 68 141 8 61
94429 827 34 141 9 473 1734 908 267 139 18 40 840 314 186 225 0 345 14 689 122 25 7 10 573 576 15 370 24 0 2 33 23 43 2 24
94430 877 37 661 51 2203 8083 4303 1228 676 92 182 3844 1518 853 1056 0 1610 74 3224 582 113 39 46 2665 2665 81 1753 115 5 10 171 111 207 13 98
94431 877 34 364 27 1234 4476 2359 690 382 52 100 2129 836 474 565 0 885 46 1765 334 65 23 27 1500 1472 42 959 61 2 6 90 58 114 6 54
94433 852 34 110 6 374 1343 700 209 109 13 31 645 245 144 166 0 264 10 515 94 20 5 7 440 439 12 293 21 0 2 27 17 32 2 19
94434 852 34 451 34 1558 5613 3017 872 468 65 126 2709 1057 606 745 0 1135 56 2248 409 83 28 33 1861 1857 54 1241 80 3 7 112 73 144 9 71
94435 853 34 103 7 348 1235 675 194 107 14 25 591 240 133 161 0 247 12 508 93 17 5 6 408 409 12 281 16 1 1 24 17 33 1 13
94440 854 34 269 20 917 3310 1789 506 279 39 74 1588 615 354 398 0 665 31 1304 245 48 16 20 1108 1107 29 718 46 1 5 64 44 85 4 41
94442 854 34 225 19 748 2789 1505 415 238 37 63 1300 520 290 329 0 555 32 1106 207 41 17 18 939 913 25 610 38 2 3 56 39 74 4 29
94445 862 17 132 10 473 1693 908 267 137 17 37 809 312 182 200 0 334 16 655 125 25 6 10 569 559 16 366 23 0 2 34 21 43 2 22
94446 863 16 443 34 1481 5465 2926 833 471 69 120 2606 1026 583 672 0 1079 57 2158 411 81 32 32 1834 1791 56 1199 75 3 7 108 68 144 8 65
94449 862 16 605 44 2060 7520 4054 1129 623 89 169 3558 1390 786 940 0 1503 79 2987 552 108 38 48 2487 2500 69 1638 106 4 10 150 99 187 12 92
94450 870 16 377 31 1309 4702 2585 724 395 58 103 2276 896 493 605 0 952 50 1875 347 65 27 30 1585 1572 41 1054 63 2 6 95 59 116 7 53
94481 839 12 588 45 1996 7157 3872 1112 607 85 157 3427 1364 761 886 0 1420 72 2837 532 102 37 41 2406 2357 66 1571 98 4 9 144 93 186 10 85
94487 845 25 537 41 1810 6653 3503 1005 548 72 154 3152 1225 702 843 0 1338 62 2598 485 96 31 41 2184 2188 64 1414 96 3 10 135 88 167 10 86
94488 846 25 169 14 570 2112 1155 307 180 23 45 969 393 217 243 0 415 21 853 158 29 11 14 700 705 21 465 28 1 2 43 29 54 3 22
94489 846 16 413 32 1396 5122 2787 769 430 65 114 2424 967 536 637 0 1030 58 2057 378 72 30 32 1698 1710 47 1123 67 3 6 101 70 132 7 56
94490 844 12 302 21 1003 3694 1943 547 315 43 81 1749 679 389 460 0 727 38 1455 277 51 18 21 1230 1210 34 788 52 2 5 73 47 94 6 44
94492 839 15 75 4 255 932 483 142 72 9 22 438 168 97 115 0 186 7 370 63 13 3 4 303 309 6 193 13 0 1 18 12 21 1 13
94494 843 16 39 2 135 478 257 77 39 5 10 222 92 53 57 0 94 3 192 33 7 1 2 154 163 4 102 8 0 1 10 7 12 1 6
94496 832 12 39 3 135 483 256 77 41 5 10 239 95 51 69 0 101 4 202 34 6 2 2 156 159 5 105 6 0 0 9 7 12 0 5
94497 848 57 308 26 1055 3846 2104 579 323 47 82 1815 721 404 471 0 774 41 1556 287 54 22 25 1286 1274 35 860 50 2 4 79 51 100 6 42
94498 861 60 210 13 701 2567 1339 397 212 30 59 1236 474 277 313 0 506 22 987 184 38 12 14 855 841 22 540 38 1 4 51 33 65 4 35
94499 861 60 450 36 1566 5642 3124 836 474 66 125 2710 1079 590 740 0 1136 61 2310 419 77 29 35 1862 1886 56 1264 75 4 7 117 75 137 8 62
94501 854 42 75 4 251 947 471 146 75 10 22 439 173 106 114 0 190 6 359 64 15 4 4 310 307 8 193 15 0 1 19 12 25 2 14
94502 854 42 71 6 253 908 478 150 72 9 21 445 168 100 116 0 180 7 356 63 13 3 6 305 302 8 198 13 0 1 16 11 23 1 12
94503 828 21 161 14 571 2029 1129 310 171 23 45 989 387 214 251 0 411 19 818 150 28 10 12 676 672 19 453 30 1 2 42 28 51 3 23
94526 842 20 310 25 1050 3865 2065 582 324 45 84 1834 725 418 475 0 764 45 1545 285 55 21 23 1299 1258 35 841 52 2 5 81 49 98 6 46
94583 839 17 464 34 1533 5601 2972 844 483 65 123 2668 1049 596 685 0 1108 59 2194 426 80 29 31 1889 1828 53 1212 77 3 7 115 73 146 7 66
94599 839 12 782 63 2699 9778 5244 1490 818 116 220 4685 1829 1037 1221 0 1945 102 3862 716 138 53 60 3273 3223 87 2142 135 5 14 201 129 248 15 120
94669 832 18 91 8 326 1212 667 180 101 15 27 579 233 127 143 0 241 15 490 94 15 7 8 414 407 12 275 13 0 1 21 16 31 1 10
94670 879 28 71 5 230 849 468 126 75 11 17 394 166 91 109 0 172 9 351 64 11 4 6 280 280 8 193 11 0 1 17 11 22 1 8
94674 865 11 270 20 904 3285 1762 498 280 38 74 1563 617 345 399 0 645 33 1300 245 47 16 20 1096 1083 31 713 44 2 4 65 45 83 5 40
94675 863 11 226 17 778 2772 1538 425 233 34 58 1318 530 297 362 0 564 29 1132 206 39 15 17 909 933 27 635 38 1 4 57 35 67 4 32
94676 863 11 381 30 1253 4667 2389 701 386 49 111 2230 842 489 573 0 927 39 1800 340 65 21 25 1555 1523 43 971 68 2 7 90 62 116 6 62
94677 818 17 107 7 357 1336 693 201 109 15 31 628 247 143 165 0 261 12 525 96 18 6 8 439 439 13 282 17 1 1 26 17 34 2 15
94679 835 21 358 28 1216 4436 2400 677 375 53 97 2111 843 473 575 0 885 47 1780 335 64 24 28 1481 1460 43 988 60 2 6 90 59 114 6 50
94680 835 21 481 36 1628 5955 3173 915 503 71 136 2833 1122 636 728 0 1190 62 2326 440 84 33 35 1982 1950 54 1295 85 3 8 116 76 154 9 75
94682 832 11 658 50 2259 8233 4384 1255 690 95 183 3924 1540 873 1024 0 1636 81 3241 612 115 42 48 2728 2730 81 1771 112 5 11 168 108 207 12 98
94691 854 37 168 14 573 2088 1116 315 173 23 50 1015 393 222 272 0 422 20 822 153 29 9 11 692 683 19 455 30 1 3 41 28 51 3 24
94692 905 48 136 11 464 1692 897 258 139 20 37 829 313 180 220 0 333 16 673 122 23 9 10 562 561 15 361 23 0 2 34 23 43 2 20
94694 857 36 67 5 244 852 474 133 71 9 18 415 163 94 111 0 172 7 350 63 13 4 5 284 284 7 192 11 0 1 17 11 21 1 10
94696 894 45 69 5 230 840 461 122 71 11 17 383 158 86 106 0 167 9 342 63 12 4 5 277 278 6 186 12 0 0 18 11 20 1 9
94699 922 38 38 3 131 464 244 72 39 4 10 228 91 52 67 0 92 4 184 33 6 2 2 154 146 5 103 7 0 0 9 6 12 0 5
94702 883 27 167 13 560 2062 1107 317 171 24 45 961 389 215 253 0 416 21 827 151 28 10 12 680 681 18 446 28 1 2 41 27 54 3 24
94705 881 27 293 22 973 3595 1914 542 309 45 83 1704 679 379 433 0 712 40 1413 269 51 20 18 1194 1185 34 778 47 2 4 72 44 90 5 43
94706 888 28 278 21 950 3410 1935 500 299 46 67 1576 651 353 403 0 681 40 1402 261 46 22 24 1144 1142 29 784 43 3 4 72 47 88 5 33
94708 889 28 818 63 2806 10116 5472 1539 857 119 219 4796 1907 1079 1268 0 2006 103 4019 758 143 54 62 3352 3346 93 2222 140 6 13 207 130 258 15 119
94710 888 27 160 12 549 2009 1077 306 165 22 44 944 374 215 231 0 398 20 784 152 30 9 12 670 661 18 444 25 1 3 40 23 52 3 25
94711 842 26 307 24 1027 3760 1960 583 315 42 84 1793 700 403 476 0 747 32 1460 279 55 17 22 1256 1218 37 806 56 2 5 75 49 98 5 49
94712 842 26 388 28 1326 4838 2563 746 397 58 108 2312 900 519 609 0 954 48 1898 349 69 24 26 1615 1579 44 1033 67 3 7 96 62 119 8 61
94714 859 24 255 20 859 3144 1686 489 266 40 67 1496 615 340 387 0 622 35 1252 237 45 18 18 1065 1016 31 695 40 2 4 63 41 83 5 33
94715 855 24 142 11 473 1765 892 278 142 18 41 846 315 192 209 0 347 16 660 127 25 7 10 585 572 15 361 26 0 2 34 22 44 2 24
94716 855 24 260 21 884 3247 1740 487 269 37 71 1529 605 343 407 0 642 33 1307 240 45 17 19 1069 1069 30 699 44 2 3 67 45 79 5 38
94717 855 24 205 15 672 2459 1281 380 213 28 51 1173 463 263 316 0 487 23 954 185 36 12 13 820 795 23 529 36 1 3 50 30 63 4 31
94718 856 24 749 59 2520 9266 4966 1365 781 110 209 4394 1708 965 1150 1 1832 99 3702 697 130 48 57 3068 3095 86 1996 125 5 12 185 125 228 14 107
94719 856 24 37 2 124 451 247 65 40 5 10 212 88 49 59 0 89 5 184 34 6 2 3 153 148 4 101 6 0 0 8 6 11 0 5
94722 856 24 35 3 127 457 242 72 37 5 9 227 86 50 64 0 93 4 189 31 7 2 2 148 155 4 99 6 0 0 8 6 11 0 5
94723 880 23 353 31 1201 4406 2357 653 377 50 97 2069 814 458 545 0 888 47 1769 330 61 22 28 1466 1463 39 955 61 2 5 89 57 113 6 52
94726 879 22 266 19 900 3243 1741 494 270 38 71 1535 610 347 413 0 654 30 1291 235 46 15 17 1069 1066 29 710 46 1 4 65 42 80 5 41
94727 860 17 427 34 1438 5242 2807 788 444 61 118 2496 977 553 637 0 1031 54 2063 389 77 27 30 1757 1724 49 1140 72 2 7 106 67 133 7 63
94730 860 17 327 25 1099 4057 2143 595 343 48 92 1896 752 428 506 0 804 40 1608 300 57 21 22 1354 1330 34 874 56 2 5 82 51 102 6 51
94734 861 17 71 5 246 895 473 133 73 10 20 417 168 95 113 0 178 7 361 66 12 4 5 293 292 8 192 11 0 1 18 14 21 1 9
94735 859 17 329 25 1129 4100 2174 625 345 46 95 1944 760 433 511 0 814 41 1612 301 55 20 23 1359 1353 37 874 57 2 5 83 53 102 6 50
94736 866 17 67 6 228 856 458 127 70 10 20 407 161 90 111 0 171 8 346 61 11 4 5 283 285 8 185 12 0 1 16 11 21 1 10
94737 851 17 38 3 136 480 259 77 40 4 11 233 92 54 64 0 98 3 193 34 5 2 3 159 159 3 108 7 0 0 8 7 10 0 6
94738 893 20 529 42 1789 6569 3516 984 559 77 150 3114 1228 693 812 0 1315 69 2606 491 91 33 39 2192 2183 62 1426 89 4 9 130 88 167 9 75
94739 895 20 411 30 1380 5078 2720 756 420 59 114 2394 942 539 610 0 996 48 1985 370 71 26 30 1684 1690 44 1088 73 3 8 105 70 136 7 61
94740 856 16 101 7 346 1274 685 186 108 14 29 602 235 134 161 0 251 13 511 95 18 6 8 422 417 11 279 17 0 1 24 16 34 1 15
94741 857 16 106 8 348 1291 673 193 110 14 27 600 243 137 152 0 253 13 505 97 18 5 8 420 423 11 275 18 0 1 25 18 33 2 15
94743 869 24 104 8 349 1283 674 195 108 14 28 610 231 138 149 0 254 12 489 93 18 6 8 429 415 11 279 19 0 1 25 15 33 2 17
94744 869 24 261 20 884 3228 1725 494 273 39 72 1530 597 341 377 0 632 31 1253 238 46 16 20 1085 1060 30 695 43 1 4 63 42 81 5 40
94745 854 16 283 24 976 3570 1948 528 293 41 79 1698 669 371 445 0 707 39 1435 268 50 18 25 1192 1187 33 793 46 2 4 70 48 93 4 39
94747 854 16 69 4 233 838 435 133 72 8 18 408 159 90 114 0 169 7 330 62 12 3 4 274 272 8 178 11 0 1 16 10 18 1 11
94750 851 16 235 17 801 2872 1547 442 239 32 66 1386 536 308 364 0 582 27 1145 210 39 14 16 950 954 24 628 41 1 4 58 38 71 4 36
94751 857 19 234 18 791 2884 1545 438 235 33 66 1371 527 300 358 0 579 28 1142 208 40 15 17 951 958 24 626 41 1 4 59 38 69 4 37
94752 860 17 419 28 1368 5072 2627 759 422 56 115 2400 921 538 627 0 1000 46 1969 370 70 23 28 1670 1661 46 1063 74 2 7 100 66 129 8 65
94754 934 18 43 3 142 530 272 83 41 5 12 258 98 58 71 0 107 3 208 36 7 1 3 168 179 4 108 8 0 0 9 8 13 0 7
94756 935 17 620 49 2115 7741 4203 1130 649 92 169 3628 1446 809 928 0 1528 80 3090 578 106 40 50 2565 2577 69 1693 103 4 9 161 106 193 10 86
94757 934 17 109 7 370 1343 695 204 107 14 31 641 244 144 167 0 266 10 519 93 20 5 6 440 443 10 281 19 0 2 28 17 32 2 19
94758 924 16 227 17 800 2859 1546 444 239 34 63 1359 547 302 355 0 576 29 1132 208 40 14 15 950 948 25 631 39 1 4 57 40 71 4 34
94762 923 16 110 7 372 1373 704 212 109 13 31 663 253 144 181 0 272 10 543 99 19 5 7 446 455 13 283 19 0 2 26 17 31 2 18
94763 873 15 103 8 343 1258 671 189 106 14 27 588 232 136 146 0 245 10 489 93 17 6 7 414 417 9 270 18 0 2 26 17 33 2 15
94816 834 12 134 9 467 1685 893 250 138 18 38 803 316 182 216 0 335 15 667 123 23 7 9 552 559 16 357 24 0 2 35 20 41 2 23
94818 855 25 60 5 221 785 440 127 67 10 18 384 157 88 105 0 157 9 321 59 10 4 4 271 254 7 189 9 0 0 15 10 20 1 7
94819 855 25 813 61 2736 10009 5368 1517 842 118 219 4709 1852 1061 1217 0 1985 97 3917 744 143 53 61 3323 3312 88 2166 139 4 13 206 129 255 16 124
94820 876 25 321 25 1091 3977 2130 598 336 48 92 1886 748 423 480 0 783 41 1550 298 54 22 24 1333 1297 38 872 55 2 5 79 51 101 6 48
94823 871 25 141 11 477 1726 906 269 144 18 39 816 324 186 211 0 334 16 662 128 24 8 10 572 569 16 368 25 0 2 35 22 45 3 22
94824 870 25 555 41 1886 6892 3745 1032 576 83 152 3210 1289 728 833 0 1369 68 2763 505 94 37 41 2280 2283 59 1518 91 4 9 141 96 175 11 79
94825 867 29 171 12 562 2102 1107 308 172 24 49 975 377 220 248 0 413 18 821 152 28 10 12 693 698 17 445 30 1 3 43 27 52 3 27
94826 864 29 265 17 869 3221 1712 480 274 36 72 1506 592 339 378 0 627 35 1257 241 47 15 17 1075 1049 27 692 46 1 4 65 41 83 5 40
94836 871 27 379 33 1292 4761 2571 701 406 58 104 2263 895 501 589 0 941 55 1899 360 66 27 29 1603 1567 44 1047 63 3 6 95 61 126 6 51
94837 590 112 38 2 126 477 242 70 39 4 11 222 86 51 56 0 90 3 177 35 6 1 2 159 149 4 96 7 0 0 9 5 11 0 6
94839 601 108 512 44 1733 6320 3479 955 540 80 140 3008 1181 658 781 0 1285 70 2537 474 91 37 42 2102 2119 61 1421 85 3 7 128 86 167 9 67
94840 593 108 1846 144 6223 22802 12240 3421 1914 272 507 10838 4236 2389 2832 1 4549 242 9048 1675 324 118 136 7599 7552 205 4971 315 14 31 462 308 584 36 264
94841 532 44 1137 88 3811 13981 7350 2129 1163 155 323 6602 2594 1480 1691 1 2783 135 5416 1031 196 67 78 4643 4577 127 2971 196 7 20 282 190 350 22 177
94842 580 35 308 25 1032 3823 2013 568 326 44 88 1806 715 394 460 0 749 39 1504 281 52 20 22 1281 1265 37 801 50 2 5 74 49 100 5 41
94843 573 29 39 2 137 496 254 81 36 4 12 252 90 55 65 0 98 3 189 32 7 1 2 165 164 4 101 7 0 1 9 6 11 0 7
94844 589 29 42 1 135 489 253 78 39 5 11 230 91 52 58 0 98 3 184 34 7 1 2 158 159 3 102 7 0 0 9 6 11 1 7
94846 581 29 387 32 1299 4712 2523 728 407 56 102 2269 894 502 587 0 937 51 1863 352 71 26 28 1589 1547 48 1030 62 3 6 94 61 120 6 54
94848 596 31 504 36 1698 6184 3197 971 506 65 146 2979 1143 663 792 0 1235 53 2376 442 90 26 33 2025 2017 57 1318 95 2 9 124 77 151 11 87
94849 580 29 75 4 241 904 467 131 78 10 20 423 164 93 115 0 174 7 350 63 14 4 4 296 292 10 188 13 0 1 20 11 22 1 12
94852 586 28 39 2 132 480 240 78 38 4 11 234 89 52 61 0 96 3 177 35 7 1 2 157 152 4 101 7 0 0 8 5 12 0 7
94853 580 35 432 32 1459 5382 2841 806 447 63 119 2543 989 567 640 0 1066 53 2077 395 76 27 32 1782 1772 48 1147 76 2 7 104 70 139 7 66
94854 573 27 138 9 477 1690 917 271 139 19 39 818 323 180 220 0 341 17 664 121 24 8 10 560 564 16 373 25 0 2 32 22 42 3 21
94855 575 27 302 23 1013 3715 1978 561 309 41 85 1766 687 383 451 0 733 37 1442 272 53 18 23 1250 1217 33 797 50 2 5 73 48 95 5 45
94856 576 27 459 35 1541 5629 2969 852 480 67 131 2665 1056 596 689 0 1105 57 2185 422 78 29 32 1874 1832 55 1212 81 3 7 113 71 144 8 69
94860 572 27 37 2 127 464 242 74 38 5 10 223 87 50 61 0 91 3 183 32 7 1 2 156 150 4 97 7 0 0 9 6 12 0 6
94862 570 27 161 12 544 2030 1086 302 170 24 46 952 373 216 238 0 399 21 792 147 29 11 11 676 658 17 441 27 0 2 41 27 53 3 24
94864 591 31 207 15 668 2491 1312 365 209 27 57 1169 455 259 312 0 486 23 970 181 36 11 15 827 814 23 534 35 1 3 52 34 63 4 31
94868 591 28 1318 101 4419 16269 8666 2441 1364 187 363 7714 3014 1706 2025 1 3233 159 6445 1197 229 81 100 5398 5391 152 3507 221 10 22 329 221 408 25 196
94870 601 33 489 37 1650 6031 3198 933 506 71 137 2864 1130 646 735 0 1203 61 2354 441 85 31 35 2025 1986 53 1310 83 3 9 121 78 157 9 75
94871 598 31 201 14 668 2447 1296 368 207 28 56 1166 455 259 309 0 482 24 957 183 36 12 14 813 802 23 528 34 1 3 51 32 61 4 31
94872 585 27 796 66 2700 9913 5336 1482 843 120 216 4644 1852 1040 1184 0 1973 109 3926 738 141 56 62 3297 3288 92 2153 134 6 13 198 128 259 14 111
94873 585 27 441 31 1482 5425 2880 821 453 64 120 2554 1007 573 656 0 1071 52 2140 392 76 28 29 1805 1787 47 1150 73 3 7 112 72 137 8 65
94874 580 32 538 44 1830 6744 3619 998 575 81 147 3157 1268 716 855 0 1342 74 2701 505 96 36 44 2226 2213 69 1471 90 4 9 139 89 171 10 73
94875 580 32 740 61 2482 9113 4886 1385 770 107 202 4349 1706 953 1167 0 1829 97 3621 668 131 46 57 3042 2993 91 1998 125 6 12 190 120 230 14 107
94876 627 27 157 13 530 1943 1044 290 167 24 45 910 363 204 237 0 391 21 772 141 27 11 10 655 644 15 422 26 1 2 39 25 49 3 22
94878 626 27 139 9 453 1689 890 248 143 20 39 786 312 173 217 0 334 17 671 124 24 9 10 558 549 17 360 24 1 2 33 21 42 2 19
94879 603 56 381 25 1246 4661 2419 697 385 51 109 2175 847 491 560 0 923 42 1790 338 66 21 26 1528 1528 42 979 68 1 7 94 62 117 7 60
94880 555 52 1814 145 6222 22522 12191 3418 1903 273 492 10702 4217 2381 2824 2 4515 239 8990 1659 322 125 141 7518 7480 206 4919 308 14 31 455 297 563 34 263
94882 556 52 34 2 124 438 240 68 38 4 10 211 86 48 56 0 88 4 178 31 6 2 2 147 141 3 99 5 0 0 8 5 11 0 5
94884 562 52 517 42 1787 6459 3485 994 540 74 144 3096 1196 677 823 0 1296 66 2566 477 93 32 41 2127 2157 60 1411 90 3 9 131 83 162 11 79
94886 543 32 215 20 747 2701 1478 402 232 34 60 1292 512 283 350 0 552 31 1090 201 37 16 18 909 884 24 614 35 1 3 55 36 68 3 29
94888 579 27 210 14 704 2567 1332 390 214 27 59 1230 471 270 322 0 504 23 981 182 37 11 13 851 839 25 543 38 1 3 52 32 67 4 33
94892 569 28 70 6 232 877 449 135 72 9 22 417 158 93 104 0 175 9 335 63 13 4 4 296 285 8 184 12 0 1 15 11 23 1 10
94895 568 27 295 21 995 3649 1997 540 307 44 78 1711 680 384 456 0 731 37 1483 266 50 18 23 1195 1226 34 802 49 2 5 76 49 93 5 41
94898 607 50 38 2 133 478 239 76 39 4 11 234 86 51 58 0 94 3 176 33 6 1 2 158 157 3 95 7 0 0 9 6 11 0 7
94901 605 49 734 58 2480 9037 4892 1369 754 105 199 4264 1690 963 1134 0 1819 94 3620 661 129 46 58 3012 2989 81 1996 121 5 12 191 121 227 14 107
94902 586 27 395 30 1315 4868 2609 714 414 57 108 2277 900 505 600 0 957 48 1922 367 66 26 31 1610 1597 45 1056 67 3 6 98 66 125 7 56
94903 578 28 954 76 3215 11794 6259 1798 991 139 263 5547 2194 1242 1450 1 2345 116 4652 871 170 63 69 3932 3893 109 2542 158 7 16 241 159 306 17 138
94905 583 73 241 19 804 2953 1560 454 244 31 66 1393 545 310 360 0 586 29 1146 216 43 13 18 977 974 29 637 44 1 4 58 40 77 4 37
94906 572 53 837 66 2824 10342 5548 1570 869 121 230 4896 1928 1096 1290 0 2068 106 4093 757 148 54 65 3421 3405 95 2253 147 5 14 211 137 262 16 122
94907 530 28 290 24 992 3603 2000 532 310 45 78 1703 685 374 468 0 725 39 1477 271 51 20 25 1216 1208 36 824 47 2 4 75 45 95 5 37
94908 530 27 477 37 1633 5901 3214 882 501 72 128 2818 1116 627 752 0 1184 63 2391 432 82 30 34 1979 1963 52 1290 79 4 7 122 79 148 9 68
94910 557 47 356 27 1221 4400 2387 683 374 51 95 2120 828 468 558 0 869 44 1740 329 62 22 26 1480 1447 41 967 59 3 6 91 57 112 6 50
94911 562 47 142 9 466 1754 902 264 138 19 40 820 314 186 221 0 347 14 689 123 24 8 8 567 576 15 355 24 1 2 35 25 41 3 22
94916 572 31 63 5 221 771 439 121 65 9 17 385 149 85 103 0 155 8 315 57 11 4 5 256 258 8 172 11 0 1 16 9 17 1 9
94917 573 31 389 30 1300 4823 2539 711 420 60 109 2257 910 510 578 0 952 51 1892 368 67 26 28 1609 1568 44 1039 64 3 6 99 64 125 6 52
94918 570 27 1208 92 4069 14969 8109 2231 1254 185 336 7066 2785 1569 1824 1 2943 159 5950 1100 213 84 89 4955 4973 134 3224 204 9 19 309 202 373 23 174
94922 582 70 164 12 552 2053 1075 313 169 22 47 977 381 217 248 0 403 21 795 151 28 11 13 696 662 17 445 27 0 2 39 26 54 3 23
94923 585 69 40 2 134 491 246 79 39 4 12 236 90 53 62 0 96 4 181 34 7 2 2 160 156 5 100 7 0 0 10 5 12 0 7
94924 585 69 578 44 1949 7229 3872 1069 601 84 161 3390 1333 751 897 0 1449 76 2889 538 104 38 47 2372 2410 69 1573 101 4 9 146 95 186 11 85
94925 589 70 241 16 786 2918 1498 441 240 32 66 1383 534 312 343 0 576 26 1110 210 41 13 14 976 946 23 606 40 1 4 57 42 74 4 38
94927 589 70 136 9 468 1697 898 256 140 19 39 806 309 177 211 0 348 14 668 125 23 7 9 562 570 13 358 23 0 3 34 21 40 3 23
94928 597 69 198 15 671 2473 1314 363 206 27 55 1157 450 256 299 0 491 24 980 184 34 11 13 811 819 22 524 35 1 3 51 31 64 3 29
94931 608 69 338 25 1128 4160 2197 626 350 49 93 1975 772 444 515 0 807 41 1629 308 61 20 24 1371 1361 43 882 60 2 5 86 54 110 6 50
94934 605 75 238 17 796 2928 1546 447 248 32 62 1390 541 311 355 0 586 28 1155 215 42 14 17 984 959 29 627 39 2 4 61 38 75 4 34
94940 601 73 101 8 341 1252 655 183 106 14 28 593 235 133 158 0 249 12 498 90 18 5 6 420 407 12 272 17 0 1 26 15 33 1 15
94943 591 69 347 24 1179 4345 2280 658 352 45 99 2067 788 458 532 0 858 38 1677 319 60 19 25 1434 1441 37 920 62 1 7 85 58 110 6 58
94944 591 69 67 5 222 849 445 122 69 10 19 394 154 89 96 0 165 8 325 59 11 4 4 283 275 6 180 12 0 1 17 11 23 1 10
94947 618 54 231 19 795 2961 1586 425 247 34 68 1385 536 307 342 0 584 31 1175 221 42 15 18 993 987 27 636 36 1 3 57 37 76 3 32
94949 596 51 169 12 557 2081 1109 312 174 25 46 957 383 216 243 0 402 20 799 152 30 11 12 693 681 19 441 28 1 2 43 28 51 3 25
94954 590 50 940 73 3223 11659 6197 1800 971 134 263 5566 2178 1245 1442 0 2321 113 4542 864 165 55 66 3869 3838 106 2520 169 6 16 239 151 291 18 151
94955 599 47 103 7 339 1242 663 185 103 14 27 589 230 133 152 0 242 12 487 88 17 6 8 411 410 10 264 18 0 1 27 16 33 2 16
94956 614 37 325 25 1119 4054 2211 600 343 49 89 1903 759 426 509 0 810 39 1636 299 57 21 25 1333 1350 36 892 52 2 5 84 52 100 6 48
94957 614 37 701 58 2380 8728 4715 1318 736 103 191 4137 1622 917 1067 0 1757 93 3461 648 125 45 55 2877 2910 83 1923 120 4 11 180 115 224 12 102
94958 649 53 635 53 2137 7868 4269 1144 670 94 173 3690 1470 826 994 0 1575 81 3167 587 112 41 49 2595 2600 75 1747 108 5 10 167 103 198 12 92
94959 523 27 210 15 711 2574 1375 395 208 27 58 1231 474 272 325 0 512 22 1009 185 35 11 14 845 853 23 553 36 1 3 52 37 63 4 32
94961 530 28 294 21 1010 3656 1961 566 309 44 83 1765 686 392 462 0 737 36 1450 266 52 21 22 1231 1211 33 794 51 1 5 71 48 92 5 44
94962 547 28 386 31 1330 4818 2594 742 400 57 109 2314 904 515 604 0 963 47 1899 350 68 25 28 1594 1609 45 1059 66 2 7 99 65 123 7 59
94963 554 27 66 5 227 843 447 128 71 9 19 399 156 89 103 0 167 9 328 65 11 4 4 286 275 7 179 10 0 1 17 10 20 1 9
94964 550 27 257 19 900 3208 1750 495 263 36 71 1526 603 342 404 0 654 31 1298 227 44 15 18 1061 1079 25 703 44 1 4 65 41 78 6 42
94967 587 37 273 21 883 3334 1726 496 281 37 75 1571 615 352 400 0 655 32 1281 246 47 17 20 1119 1079 31 703 47 2 4 68 44 85 4 40
94969 578 33 510 35 1690 6266 3270 941 527 71 144 2954 1153 662 767 0 1240 59 2424 459 91 30 36 2089 2047 58 1330 89 2 9 126 81 159 9 80
94970 582 33 175 12 602 2186 1152 332 180 24 51 1038 400 231 266 0 438 20 848 157 29 10 11 720 730 18 459 31 1 3 43 30 56 3 27
94971 579 33 37 2 130 479 243 76 37 5 11 231 87 53 58 0 93 3 181 31 7 2 2 161 156 3 96 7 0 0 10 5 13 0 6
94973 577 31 205 15 695 2511 1336 390 212 28 52 1176 461 272 310 0 497 25 975 183 35 12 15 829 826 23 540 35 1 3 50 31 65 4 31
94975 568 39 601 50 2074 7487 4072 1148 633 91 163 3616 1418 786 932 0 1503 78 2965 555 105 42 46 2534 2486 67 1651 100 4 9 152 92 191 11 86
94977 573 55 38 2 132 477 257 72 40 5 10 225 89 50 56 0 95 4 190 35 6 2 2 153 159 3 103 6 0 0 9 7 11 0 6
94979 580 47 138 9 458 1703 898 257 137 17 39 793 313 180 204 0 336 16 659 124 24 7 10 570 559 13 354 25 0 2 34 23 43 2 21
94982 582 47 360 31 1228 4468 2432 692 380 55 100 2130 852 472 534 0 888 49 1772 337 62 25 26 1497 1489 44 980 58 3 6 88 63 113 5 48
94983 587 48 39 3 125 475 246 72 39 5 9 220 87 50 57 0 91 4 183 33 7 2 2 156 154 5 100 6 0 0 10 6 12 0 6
94986 571 40 38 3 126 470 245 72 40 5 11 230 87 52 58 0 93 4 180 34 7 2 2 156 150 5 101 6 0 0 8 5 12 0 5
94989 573 40 97 8 336 1226 660 192 104 16 27 598 233 130 158 0 251 12 482 91 17 6 7 404 407 11 269 17 0 1 24 14 31 2 14
94991 578 44 330 26 1112 4045 2227 613 342 49 88 1908 773 423 510 0 809 44 1638 298 56 22 28 1345 1335 40 910 54 3 4 83 57 103 6 41
94993 582 40 273 22 914 3369 1795 509 287 41 76 1589 630 355 394 0 670 37 1321 250 48 17 19 1126 1113 30 725 44 2 4 67 45 90 4 38
94995 577 40 240 16 810 2980 1554 457 245 33 67 1422 553 317 361 0 596 29 1153 220 41 15 16 992 982 29 633 41 1 4 60 38 76 4 37
