95913 530 93 39 2 128 475 242 74 38 4 11 228 87 50 58 0 92 4 180 34 7 1 2 156 156 5 99 7 0 0 9 5 11 0 7
95915 509 87 98 7 331 1213 657 178 103 14 27 564 228 129 149 0 242 12 484 90 16 7 7 395 405 11 266 16 0 1 25 16 30 1 14
95918 517 86 204 15 665 2451 1308 376 212 31 53 1141 462 260 282 0 470 25 954 188 37 13 14 818 806 24 531 34 1 3 52 31 63 4 30
95920 603 127 640 53 2153 7894 4262 1158 673 96 174 3711 1476 822 937 0 1568 86 3115 592 109 43 51 2638 2595 70 1743 108 4 10 163 106 210 11 90
95925 536 95 293 22 975 3689 1972 529 312 46 77 1707 684 382 427 0 721 40 1450 276 52 21 23 1238 1207 35 795 49 2 4 77 51 97 5 39
95927 538 89 685 51 2307 8470 4537 1296 705 97 193 3973 1566 893 1009 0 1672 89 3338 634 123 43 52 2816 2798 80 1847 116 4 11 170 113 220 13 101
95929 545 88 38 2 122 458 239 69 39 5 10 220 83 49 54 0 89 4 175 32 7 2 2 155 149 4 98 5 0 0 10 5 12 0 6
95931 537 84 210 14 687 2573 1337 376 211 30 58 1201 474 273 308 0 502 25 999 180 36 13 15 856 843 24 536 38 1 3 50 35 69 4 31
95932 540 84 175 13 575 2129 1122 324 177 22 49 1011 384 221 257 0 428 19 834 154 29 10 13 698 710 19 457 31 0 3 43 27 53 3 28
95933 541 84 67 5 223 828 456 116 69 10 18 379 154 84 97 0 166 10 339 58 12 4 6 275 280 7 185 10 0 0 18 9 23 1 8
95934 548 84 633 52 2162 7984 4271 1185 672 97 179 3763 1464 826 965 0 1580 87 3160 593 115 44 49 2675 2641 75 1733 106 4 10 164 105 202 11 91
95937 559 93 300 25 1015 3692 2008 550 312 44 82 1734 694 384 474 0 744 37 1497 273 50 19 22 1228 1222 33 817 48 2 5 73 49 95 5 40
95938 543 102 323 27 1060 3964 2118 576 345 49 89 1860 742 406 478 0 783 46 1565 304 58 21 24 1336 1295 39 866 50 2 5 80 53 101 5 43
95942 614 105 378 28 1232 4576 2422 687 378 53 102 2143 842 484 551 0 913 46 1778 337 63 23 28 1516 1517 42 981 61 2 6 94 64 113 6 54
95944 565 110 73 4 237 870 448 135 74 9 19 413 164 90 106 0 170 8 335 61 12 3 4 283 287 9 183 12 0 1 18 12 21 1 11
95946 565 110 605 48 2052 7497 3990 1138 633 87 168 3584 1396 793 947 0 1491 77 2956 556 107 36 44 2497 2491 74 1619 101 4 10 156 93 186 11 92
95947 565 110 681 55 2262 8365 4457 1258 714 101 180 3938 1570 879 1006 0 1650 90 3274 629 118 44 49 2798 2729 79 1827 112 5 11 171 110 218 12 97
95948 569 98 44 1 142 522 261 87 42 4 12 248 96 57 64 0 100 3 191 36 7 1 2 167 169 4 107 9 0 1 9 8 13 0 8
95950 527 92 926 75 3166 11434 6205 1732 965 138 246 5398 2162 1205 1414 0 2295 123 4555 847 163 63 71 3822 3772 104 2526 156 6 15 235 152 290 17 132
95951 539 92 480 41 1653 6031 3289 898 505 72 132 2881 1134 628 739 0 1215 64 2392 442 85 33 37 2022 2021 53 1325 81 3 7 122 80 150 8 65
95952 526 83 559 42 1863 6900 3623 1034 580 80 153 3236 1279 727 842 0 1363 71 2689 511 98 36 42 2284 2259 66 1477 95 4 9 142 88 176 10 84
95953 526 83 294 21 991 3657 1968 541 307 43 85 1709 676 387 436 0 722 37 1437 269 50 18 22 1221 1207 32 788 51 1 5 77 47 97 5 44
95956 527 83 66 5 224 822 429 123 69 8 19 395 154 88 102 0 164 8 316 58 11 3 4 268 264 8 174 12 0 1 17 12 19 1 10
95957 528 83 104 6 333 1253 671 176 108 14 26 581 230 128 148 0 240 14 494 94 17 5 6 417 410 12 274 16 0 1 26 17 33 1 14
95958 528 83 556 43 1882 6909 3660 1042 566 79 154 3289 1279 731 839 0 1362 68 2692 497 98 34 40 2299 2287 62 1465 97 3 9 142 91 173 11 87
95959 528 86 291 24 976 3632 1956 530 306 41 79 1690 665 372 458 0 727 36 1458 269 51 19 25 1201 1207 35 799 48 2 4 75 48 94 5 41
95961 555 105 133 11 438 1642 865 239 138 18 37 777 302 168 189 0 322 17 631 120 22 8 10 542 544 15 347 23 0 2 33 22 42 2 19
95962 549 86 450 31 1504 5570 2930 842 463 65 123 2602 1030 599 683 0 1093 57 2172 413 81 28 31 1849 1819 51 1198 78 3 8 116 71 140 9 71
95963 550 84 260 20 870 3197 1686 489 269 37 72 1527 597 339 382 0 633 31 1238 236 46 17 17 1080 1053 26 679 44 1 4 64 43 82 5 40
95964 550 84 1045 78 3474 12873 6856 1928 1080 153 286 6028 2365 1358 1562 0 2547 129 5048 943 187 66 77 4265 4248 111 2765 182 6 18 267 172 329 20 161
95965 547 84 944 74 3157 11652 6224 1753 987 140 259 5434 2177 1237 1416 1 2328 124 4621 865 164 62 74 3844 3859 106 2535 159 6 17 236 159 302 18 133
95968 550 84 101 7 330 1249 663 180 106 15 26 583 226 129 150 0 241 13 494 96 18 6 7 413 410 12 266 17 0 1 25 15 32 1 14
95969 603 102 150 9 481 1784 923 267 146 18 44 840 323 194 219 0 356 13 692 130 27 8 10 584 587 16 375 28 0 2 35 22 45 2 25
95972 606 101 1188 90 3968 14586 7826 2177 1236 180 325 6900 2719 1529 1802 0 2900 160 5790 1086 211 82 87 4885 4809 136 3153 199 9 20 292 189 368 20 171
95973 542 93 538 39 1815 6633 3480 1020 552 75 151 3176 1226 702 822 0 1320 64 2590 480 95 31 37 2207 2171 64 1412 95 3 9 133 85 171 10 84
95975 542 93 67 4 242 845 470 130 70 10 19 404 158 89 106 0 170 8 336 62 13 5 4 275 286 8 186 11 0 1 18 11 20 1 10
95976 553 86 981 72 3251 12144 6466 1803 1009 139 275 5750 2234 1260 1485 0 2390 127 4754 891 171 63 72 4044 4029 115 2611 171 6 15 247 164 310 18 142
95980 552 84 781 61 2614 9546 5118 1432 812 115 213 4483 1782 996 1164 0 1891 100 3759 710 133 49 57 3166 3154 89 2083 133 6 13 194 129 248 13 110
95981 551 83 99 7 342 1224 655 188 103 14 28 577 231 133 153 0 249 12 484 88 17 6 7 400 402 10 267 17 1 1 24 16 30 2 15
95982 558 83 330 26 1115 4083 2202 615 346 49 93 1933 750 424 508 0 824 41 1617 308 60 21 25 1349 1360 36 889 58 2 6 83 54 102 6 51
95983 559 84 752 56 2506 9278 4921 1371 778 109 209 4324 1712 977 1112 0 1836 94 3661 669 130 48 56 3095 3055 84 1997 126 6 13 193 124 239 14 111
95986 555 84 104 6 342 1278 664 192 106 14 27 581 230 136 157 0 247 12 494 94 19 6 6 417 410 9 270 19 0 1 28 17 34 2 16
95987 547 87 589 44 1976 7285 3893 1093 624 90 164 3455 1347 762 887 0 1454 76 2856 546 100 40 44 2425 2403 67 1567 101 4 9 149 98 185 10 85
95988 547 85 414 29 1356 5056 2658 758 421 57 117 2373 937 533 608 0 998 50 1976 372 70 24 30 1680 1664 45 1074 70 3 7 100 68 130 7 61
95989 549 85 910 69 3067 11224 5952 1715 940 130 250 5322 2075 1194 1374 0 2221 111 4383 824 160 57 67 3727 3701 104 2414 160 6 16 228 144 284 17 140
95990 548 86 699 53 2364 8621 4653 1318 729 105 193 4063 1596 907 1038 0 1719 90 3407 636 120 45 54 2855 2873 77 1867 118 5 11 175 114 219 13 100
95991 539 83 561 42 1856 6844 3678 1027 579 81 152 3237 1285 713 830 0 1351 72 2712 516 98 35 43 2274 2272 68 1504 95 4 9 139 90 177 10 81
95992 557 107 528 40 1772 6498 3494 980 543 77 147 3070 1216 679 796 0 1304 69 2569 474 94 33 41 2147 2168 62 1413 91 4 9 132 87 167 10 79
95993 562 95 105 8 353 1291 689 193 107 14 30 611 240 136 163 0 259 11 508 93 17 6 7 422 429 10 284 18 0 2 26 18 32 2 16
95995 533 83 325 26 1127 4079 2168 630 335 45 95 1959 758 434 515 0 815 38 1594 300 58 20 25 1361 1341 36 892 60 1 6 79 52 103 6 53
95996 541 83 72 4 247 890 456 143 72 9 21 424 163 97 115 0 173 7 344 61 13 3 4 293 293 8 185 13 0 1 16 11 22 1 12
95997 553 86 258 20 891 3183 1707 488 263 34 72 1527 598 339 400 0 631 32 1261 235 44 15 18 1065 1051 28 696 45 1 4 67 43 79 5 41
95998 549 84 41 2 134 493 255 78 39 4 11 236 91 55 60 0 95 4 186 35 6 1 2 157 163 4 101 8 0 0 9 7 12 0 7
96001 490 86 250 23 885 3129 1765 488 267 39 66 1503 603 336 388 0 633 35 1269 232 45 17 20 1048 1051 27 715 43 2 4 67 42 77 4 34
96002 511 85 205 13 677 2515 1321 380 205 28 58 1182 456 267 315 0 498 21 979 181 36 11 14 819 842 22 532 38 1 4 52 32 60 4 33
96004 527 93 137 11 461 1684 893 252 140 21 37 784 308 181 187 0 335 18 656 123 23 8 10 566 556 12 362 24 0 2 33 21 45 2 21
96005 516 83 43 2 141 516 260 78 39 4 12 249 90 56 67 0 107 2 191 32 7 1 1 166 172 3 102 8 0 0 10 7 11 1 8
96007 502 83 891 72 3018 11070 5932 1653 955 136 239 5259 2083 1163 1390 0 2208 120 4419 832 157 59 73 3729 3634 109 2426 146 7 15 226 144 287 15 122
96008 502 85 390 31 1345 4865 2611 741 403 56 110 2291 911 511 588 0 970 49 1903 360 69 25 28 1604 1614 41 1041 69 1 7 96 69 124 8 60
96010 488 89 375 28 1284 4670 2549 698 390 55 104 2215 881 495 569 0 926 50 1865 346 66 24 28 1564 1539 42 1036 63 2 6 96 60 118 7 57
96011 488 89 225 18 783 2843 1543 425 237 33 64 1362 525 297 355 0 572 28 1120 209 38 14 17 935 962 25 614 41 1 4 57 37 70 4 35
96013 523 96 169 12 562 2149 1116 305 177 26 50 1004 383 222 262 0 425 22 843 155 30 11 12 711 711 19 447 29 1 2 44 29 54 3 26
96014 525 96 250 15 848 3108 1617 474 248 32 73 1471 569 334 401 0 617 27 1199 216 44 13 17 1019 1023 27 658 47 1 4 60 41 79 5 42
96018 525 96 132 10 441 1616 868 242 133 19 36 752 294 165 191 0 328 16 637 117 23 8 9 526 550 13 349 23 0 2 32 22 41 2 19
96020 516 85 75 5 244 909 473 136 77 9 20 420 165 94 107 0 176 8 351 68 14 3 5 296 297 8 195 13 0 1 19 11 23 1 12
96021 503 83 607 40 2004 7380 3902 1103 615 84 167 3471 1360 777 920 0 1467 69 2895 539 106 36 44 2438 2422 70 1595 107 4 10 152 98 185 11 90
96023 512 86 182 13 597 2215 1159 321 183 23 51 1043 393 230 285 0 442 18 869 159 31 9 13 711 733 20 464 33 1 3 44 32 56 3 29
96024 509 85 194 13 649 2367 1295 358 203 28 52 1096 443 249 293 0 466 24 951 175 33 12 15 780 781 23 533 31 1 3 50 29 62 4 27
96025 505 84 862 68 2951 10846 5841 1631 900 129 241 5125 2014 1141 1303 0 2136 114 4261 801 152 58 67 3603 3599 97 2344 149 5 15 222 144 279 17 129
96026 505 84 160 14 537 1981 1064 293 172 23 40 936 371 207 240 0 391 22 792 152 29 10 12 663 658 17 432 25 1 2 41 25 50 2 20
96027 505 84 751 60 2514 9204 4948 1366 773 108 202 4318 1713 962 1120 0 1831 96 3640 686 131 47 58 3055 3054 83 1998 127 5 12 188 124 230 14 110
96028 505 84 465 33 1550 5672 3035 848 465 64 130 2678 1057 599 716 0 1147 57 2265 408 78 26 34 1866 1891 50 1224 81 2 8 117 77 142 9 70
96030 506 84 74 5 236 896 455 128 76 10 20 411 162 94 102 0 170 7 337 65 12 4 4 294 292 7 182 13 0 1 19 11 24 1 12
96031 512 83 664 55 2259 8200 4439 1252 701 102 179 3914 1547 870 1027 0 1635 92 3266 613 119 47 54 2765 2692 77 1802 112 5 11 162 104 212 12 92
96034 522 87 744 52 2477 9154 4825 1389 764 107 203 4288 1700 981 1137 0 1810 90 3572 676 136 46 52 3024 2993 85 1972 129 5 13 190 116 230 15 117
96035 502 83 228 15 773 2847 1516 427 241 35 62 1342 523 303 338 0 555 26 1104 210 43 14 16 952 934 25 607 40 1 3 58 35 74 4 38
96037 502 83 718 56 2408 8859 4774 1320 750 107 199 4172 1654 931 1092 0 1752 92 3530 658 124 48 56 2945 2956 84 1924 119 6 11 179 118 227 13 100
96041 491 109 163 10 546 2038 1083 294 172 25 46 944 372 213 243 0 402 19 803 154 27 11 10 675 672 16 430 26 1 2 42 28 49 3 23
96044 491 109 383 32 1324 4788 2603 730 393 57 105 2298 893 503 606 0 970 49 1914 343 67 24 30 1586 1603 43 1055 64 2 6 96 66 119 7 56
96051 491 109 131 11 438 1611 863 236 137 19 35 756 298 163 205 0 320 17 643 121 22 8 10 528 535 14 347 21 1 2 33 21 39 2 18
96054 510 114 236 17 784 2923 1547 425 240 33 66 1383 538 301 365 0 581 27 1169 207 42 14 18 972 967 29 621 40 1 3 61 39 76 4 35
96055 766 120 420 35 1394 5156 2822 759 450 67 110 2403 974 538 639 0 1023 62 2072 381 72 31 39 1733 1693 49 1150 68 4 6 104 68 135 7 54
96057 767 120 143 10 476 1776 938 265 148 19 39 826 325 186 216 0 346 17 701 131 25 9 10 588 589 16 387 25 1 2 36 25 45 2 21
96058 762 118 479 33 1597 5872 3119 882 497 69 136 2772 1092 618 718 0 1164 56 2289 426 83 30 34 1960 1939 54 1252 82 4 8 118 79 148 9 72
96059 760 117 171 13 566 2132 1117 310 177 23 51 999 384 220 278 0 422 23 844 156 31 9 12 697 713 21 455 30 1 3 41 28 53 2 24
96060 761 119 127 9 427 1565 850 235 134 20 34 726 298 164 185 0 311 18 612 116 22 9 10 527 513 13 339 20 1 1 33 22 40 2 17
96061 760 118 77 5 250 936 471 142 73 8 21 439 164 96 117 0 190 7 359 63 12 3 4 301 309 7 190 13 0 1 18 13 21 1 14
96062 760 118 362 29 1214 4411 2387 662 365 49 100 2110 815 466 573 0 882 44 1762 325 61 22 28 1474 1461 39 955 64 2 5 89 58 108 7 55
96066 628 102 295 23 1002 3655 1980 542 312 42 80 1726 682 387 439 0 715 40 1445 278 53 19 23 1233 1217 32 798 51 2 5 72 48 94 5 42
96067 662 124 393 31 1343 4900 2618 725 413 56 111 2298 906 517 619 0 976 46 1964 357 70 25 30 1626 1620 44 1066 67 3 6 103 64 123 8 62
96069 653 115 237 16 775 2875 1524 436 239 34 62 1349 536 308 357 0 573 27 1123 212 40 15 17 947 943 29 613 39 2 4 60 38 73 4 34
96070 596 83 166 12 540 2032 1063 302 174 25 44 937 377 220 233 0 392 20 789 151 32 12 12 686 650 19 434 27 1 2 41 26 55 3 23
96071 596 83 72 4 230 863 451 129 70 9 20 402 154 92 108 0 171 6 336 58 13 3 5 274 286 7 181 13 0 1 17 11 21 1 13
96073 650 93 73 5 239 892 469 127 78 12 18 417 163 92 103 0 172 8 344 65 14 5 5 299 293 8 191 11 0 1 18 11 24 1 10
96075 607 83 68 4 222 833 444 121 74 11 17 389 154 86 104 0 168 9 332 59 12 5 5 281 276 8 178 10 0 1 16 10 20 1 9
96078 617 89 138 10 462 1720 897 259 139 18 39 808 312 178 211 0 344 15 672 125 22 7 9 562 565 14 361 25 0 2 34 24 43 3 23
96080 614 83 67 5 220 828 437 123 70 10 18 375 153 86 97 0 165 9 319 62 13 4 5 281 273 7 179 10 0 1 16 10 21 1 10
96081 619 91 108 7 349 1295 666 197 113 15 27 614 244 138 162 0 253 11 504 93 18 6 6 429 417 13 275 17 1 1 26 16 34 1 16
96082 618 83 841 63 2824 10415 5583 1581 866 122 232 4962 1938 1106 1279 0 2065 106 4105 755 148 53 61 3465 3445 95 2245 146 6 15 213 141 266 16 125
96083 607 83 138 8 450 1678 877 246 138 18 38 780 300 176 202 0 329 17 665 123 24 7 9 546 552 14 349 24 0 2 32 22 43 2 22
96084 629 85 450 36 1494 5542 2947 814 463 65 123 2610 1016 579 697 0 1106 57 2200 406 78 30 35 1847 1825 50 1186 75 3 7 114 70 138 8 67
96085 630 83 172 13 589 2136 1121 329 184 23 46 1035 400 225 281 0 422 21 843 156 31 10 12 698 703 23 460 31 1 2 42 27 54 3 26
96086 630 83 170 10 552 2059 1082 299 175 25 44 945 385 218 230 0 398 20 791 153 30 10 10 688 671 16 437 29 0 3 44 27 54 3 26
96087 628 83 172 13 602 2180 1132 344 181 24 50 1052 402 237 269 0 435 20 848 153 31 9 13 730 718 18 462 29 1 3 41 31 52 3 26
96088 629 83 39 2 126 471 234 74 39 5 10 218 86 51 60 0 91 4 178 34 6 2 2 155 149 4 96 7 0 0 9 5 11 0 6
96089 626 88 490 36 1615 6036 3160 912 510 71 131 2813 1119 636 722 0 1179 65 2345 453 88 33 36 2006 1963 60 1283 84 4 8 123 78 157 8 72
96090 616 83 134 10 442 1649 886 241 144 20 35 760 308 173 192 0 323 19 651 126 22 10 10 553 540 16 363 19 1 2 33 21 44 2 16
96091 616 83 726 54 2408 8891 4695 1357 741 101 202 4198 1648 938 1069 0 1762 90 3461 649 127 43 54 2942 2936 81 1891 123 4 12 177 118 226 14 111
96092 629 83 454 33 1495 5514 2942 841 467 67 121 2573 1034 587 653 0 1085 61 2154 414 81 32 35 1848 1796 51 1190 76 4 7 111 72 145 8 64
96093 646 98 227 16 765 2801 1529 416 238 36 61 1325 523 294 352 0 554 29 1123 207 40 15 20 935 932 26 627 37 1 3 56 33 72 4 34
96095 565 87 133 10 443 1635 861 248 136 19 38 759 298 173 186 0 325 15 636 119 23 8 8 544 541 14 351 23 0 2 33 23 40 2 22
96098 574 94 132 11 445 1661 880 241 145 21 35 771 310 171 199 0 326 16 662 125 23 9 9 556 550 15 354 21 1 2 35 21 42 2 18
96099 596 88 651 51 2190 8034 4301 1208 683 100 181 3817 1500 849 968 0 1594 85 3159 599 117 42 48 2698 2647 77 1749 108 5 10 168 104 205 11 94
96100 669 114 132 10 431 1590 859 236 138 18 34 745 300 166 203 0 315 15 641 117 23 8 9 527 523 14 357 21 1 1 34 19 43 2 17
96101 663 110 222 15 754 2772 1489 415 228 33 64 1292 506 288 331 0 551 29 1084 201 37 15 18 916 920 22 595 38 1 4 55 37 66 4 35
96102 663 110 102 7 338 1247 691 180 110 15 26 569 232 128 146 0 242 12 494 95 18 7 8 416 409 10 279 16 0 1 26 15 33 2 15
96104 667 110 38 2 131 473 256 71 39 5 11 222 91 50 58 0 91 4 187 34 5 2 2 153 157 4 104 7 0 0 9 6 12 0 4
96106 667 110 163 12 556 2028 1109 307 175 25 41 951 383 210 226 0 403 21 803 154 29 11 12 690 678 17 443 26 1 2 40 27 53 2 22
96107 664 110 200 14 675 2452 1296 369 207 29 55 1153 457 256 299 0 492 24 956 178 34 12 12 815 816 20 521 34 1 3 49 31 60 3 31
96108 659 114 471 34 1565 5698 3056 874 474 65 123 2687 1061 611 693 0 1123 55 2224 419 80 29 36 1868 1875 51 1233 81 3 9 117 79 147 9 71
96109 636 92 70 5 233 853 452 132 70 9 20 408 156 89 109 0 166 7 332 61 13 3 5 281 281 9 186 12 0 1 18 11 20 1 11
96111 638 91 255 23 869 3203 1730 478 272 39 71 1506 591 331 376 0 624 35 1256 250 44 18 20 1078 1061 29 692 43 1 4 63 42 82 4 35
96116 638 91 426 37 1439 5293 2835 793 447 63 117 2513 990 551 658 0 1057 55 2103 391 75 26 33 1766 1745 52 1160 70 3 6 111 70 132 7 60
96117 637 87 170 15 547 2019 1079 306 173 23 44 949 381 207 260 0 406 21 807 153 28 9 13 668 669 20 447 27 1 2 42 28 49 2 23
96118 649 99 133 10 460 1649 909 250 139 20 36 774 315 172 206 0 332 17 669 120 24 9 10 564 551 14 368 22 1 2 32 22 42 2 18
96120 652 100 72 5 235 869 451 122 76 10 19 410 160 90 109 0 176 8 341 63 12 4 5 291 281 8 187 13 0 1 18 10 23 1 9
96121 637 83 308 25 1007 3761 1980 549 319 44 84 1752 692 391 452 0 745 39 1467 279 53 19 22 1256 1230 33 810 51 2 5 76 49 100 5 43
96122 618 83 106 7 345 1292 658 196 108 14 29 602 233 139 158 0 256 12 494 94 18 5 6 420 420 12 264 19 0 2 26 16 30 2 18
96123 629 84 275 23 971 3487 1899 535 293 40 78 1682 657 373 435 0 697 35 1366 256 49 18 23 1161 1155 33 772 48 2 5 74 47 87 5 42
96125 638 83 972 80 3323 12174 6533 1835 1009 142 274 5806 2269 1273 1492 0 2418 132 4826 910 167 65 72 4065 4049 112 2644 165 6 16 243 165 309 17 141
96126 622 83 39 2 125 475 237 69 39 4 12 223 84 49 57 0 92 3 177 32 7 1 2 155 157 5 97 8 0 0 9 6 11 0 7
96127 636 86 106 8 354 1289 669 199 105 12 29 625 239 138 177 0 258 12 511 95 18 4 8 423 423 13 279 18 0 2 25 17 31 2 17
96128 597 89 40 1 129 487 245 72 39 4 11 226 87 52 62 0 95 3 185 33 7 1 2 156 157 4 100 7 0 0 10 7 13 0 7
96129 651 101 107 7 351 1295 674 195 112 15 27 598 241 136 160 0 255 12 500 95 19 5 7 424 424 14 274 19 1 1 26 16 33 1 15
96130 652 99 103 7 346 1267 672 192 105 14 27 594 232 132 150 0 247 13 490 94 18 6 6 412 422 12 268 18 0 1 26 15 33 2 16
96131 681 110 233 18 779 2828 1497 435 236 31 64 1351 529 296 351 0 562 26 1106 209 41 14 16 943 930 25 611 39 1 4 57 38 71 4 37
96132 670 101 418 34 1411 5197 2802 783 437 62 115 2457 972 553 647 0 1032 54 2084 385 74 28 31 1744 1718 47 1134 71 3 6 109 67 132 7 57
96133 689 107 41 2 134 483 242 77 39 4 12 233 89 51 62 0 92 3 178 34 7 1 2 161 152 4 102 7 0 0 10 6 12 0 7
96134 663 94 166 14 558 2084 1105 303 176 24 46 978 383 212 258 0 421 21 828 156 29 10 14 684 688 21 457 29 1 2 43 27 52 2 25
96135 679 98 138 8 450 1699 874 251 141 20 38 792 307 173 207 0 330 15 650 124 23 8 8 565 557 14 354 24 0 2 33 22 43 2 23
96136 716 94 702 49 2349 8608 4583 1292 713 96 197 4070 1589 902 1071 0 1719 81 3389 631 122 41 51 2834 2869 79 1852 122 5 12 178 115 212 13 107
96140 637 90 139 9 466 1732 895 268 145 18 38 827 322 185 218 0 338 15 661 125 25 7 10 578 564 17 369 24 1 2 35 22 46 2 22
96141 638 83 283 20 933 3491 1791 524 292 39 82 1644 639 372 417 0 683 32 1318 249 49 16 19 1144 1133 30 725 53 1 5 70 47 91 5 44
96142 635 83 1087 81 3610 13352 7140 2013 1144 162 295 6335 2496 1404 1650 0 2663 138 5285 1000 194 74 79 4449 4386 132 2921 184 8 17 271 173 341 19 159
96143 636 83 608 49 2056 7530 4002 1138 627 88 169 3579 1401 800 909 0 1480 71 2953 552 106 37 43 2502 2497 69 1590 107 4 10 154 100 192 11 90
96144 635 83 249 18 825 3064 1618 452 257 35 68 1443 564 316 375 0 608 27 1193 230 42 14 18 1015 1013 29 655 42 1 4 63 39 78 4 36
96145 638 83 42 2 126 505 242 70 41 5 12 235 84 52 58 0 96 4 182 35 7 1 2 167 160 4 98 8 0 0 10 7 13 0 7
96147 638 84 1066 81 3562 13045 6969 1990 1100 157 292 6153 2428 1393 1624 0 2612 132 5173 956 185 69 78 4321 4290 112 2847 182 8 19 267 172 331 22 163
96148 638 83 169 13 553 2053 1086 309 172 24 44 974 378 215 248 0 408 18 804 146 29 10 12 687 680 18 445 29 0 2 42 26 53 3 26
96149 659 97 100 7 329 1225 650 178 107 15 27 567 221 123 148 0 247 13 494 90 17 6 8 397 414 10 266 17 0 1 25 14 31 1 15
96150 659 96 193 15 671 2451 1306 372 201 28 56 1168 456 261 306 0 496 23 972 179 34 11 15 808 821 22 524 33 1 3 50 30 60 4 28
96152 658 96 76 4 247 899 467 139 73 9 20 428 160 96 106 0 175 8 338 64 12 3 5 295 295 7 191 12 0 1 19 12 21 1 12
96154 651 83 241 17 796 2920 1540 446 246 33 61 1370 538 310 357 0 581 26 1131 211 40 15 16 959 960 26 624 42 1 4 61 41 75 4 35
96157 647 83 170 13 556 2093 1088 311 182 25 46 977 384 217 267 0 420 21 833 154 28 11 13 688 694 22 446 27 1 2 43 27 53 2 24
96161 668 88 68 4 233 857 447 129 72 9 18 401 159 90 108 0 170 8 342 63 12 4 5 284 282 9 184 11 0 1 16 11 21 1 10
96162 667 87 255 20 850 3129 1689 470 265 39 66 1437 586 327 380 0 625 34 1267 231 43 17 20 1028 1040 28 689 39 2 3 67 42 80 5 33
96164 609 83 201 14 670 2454 1314 367 209 29 53 1167 454 259 307 0 488 23 972 180 35 13 16 822 803 25 531 32 1 3 53 32 62 3 28
96166 615 87 232 17 767 2858 1516 426 246 34 62 1341 530 307 340 0 565 31 1125 215 42 15 17 952 935 27 612 38 1 3 58 37 74 4 32
96173 613 88 302 23 994 3683 1954 549 316 42 77 1730 680 380 455 0 737 38 1450 273 51 18 21 1216 1206 36 796 49 2 4 79 52 93 4 41
96174 613 87 294 21 981 3599 1913 545 300 41 80 1677 663 379 436 0 708 37 1420 260 52 17 20 1180 1189 32 766 52 2 4 78 50 90 6 45
96175 620 86 218 17 732 2724 1487 401 232 35 59 1280 513 291 327 0 542 34 1087 202 37 17 19 926 902 22 604 36 1 3 55 37 71 4 27
96176 607 85 370 27 1241 4524 2460 679 385 53 101 2126 843 470 570 0 906 44 1814 339 63 23 26 1493 1510 44 994 64 3 5 95 59 113 6 52
96177 651 83 239 17 793 2922 1556 435 241 34 65 1347 532 303 338 0 574 28 1140 220 42 14 17 971 968 24 626 42 1 4 60 37 74 4 35
96179 630 83 229 16 746 2812 1489 406 231 31 64 1311 508 285 339 0 552 30 1099 199 38 13 18 936 921 24 596 39 1 3 58 38 74 4 32
96182 630 83 193 12 637 2367 1260 363 200 30 52 1120 445 252 291 0 475 26 937 171 34 13 15 797 780 21 508 31 1 3 46 30 62 3 27
96185 722 107 314 26 1087 3929 2120 603 330 46 87 1888 742 418 495 0 784 39 1546 294 54 20 25 1308 1301 37 865 55 2 6 80 54 99 5 47
96186 528 91 847 64 2840 10408 5575 1578 875 123 227 4892 1926 1103 1265 0 2061 102 4071 774 149 55 64 3455 3439 91 2251 145 5 14 214 134 266 16 128
96189 553 82 296 20 1001 3622 1928 561 304 39 81 1736 683 391 445 0 720 34 1409 267 52 18 21 1200 1183 34 795 54 1 5 75 47 89 5 48
96191 554 82 109 9 375 1356 728 209 109 15 30 665 256 144 181 0 273 13 541 96 19 7 8 452 454 14 295 20 1 1 27 19 33 2 16
96195 554 82 205 12 688 2548 1302 389 210 27 57 1187 463 269 307 0 503 21 973 190 36 12 13 842 828 23 527 37 1 3 51 34 66 4 33
96196 596 73 106 7 333 1254 649 192 98 13 29 604 230 132 158 0 253 11 482 86 17 4 6 404 413 12 261 18 0 1 25 18 32 1 16
96199 611 77 139 8 457 1680 879 262 136 17 37 792 311 180 206 0 335 15 645 120 24 7 9 552 554 13 357 25 0 3 33 23 42 2 23
96200 612 73 219 17 771 2765 1523 427 231 36 61 1303 520 297 330 0 548 27 1084 200 39 15 17 912 922 25 607 38 1 4 58 38 68 4 33
96202 607 73 157 13 539 1955 1069 291 160 23 42 908 364 208 250 0 399 19 789 142 27 9 13 648 654 17 439 26 1 3 42 25 49 3 23
96205 601 74 371 29 1281 4629 2555 688 390 57 100 2183 873 477 572 0 919 53 1859 347 66 25 29 1559 1537 42 1029 64 2 6 96 62 119 7 52
96206 598 81 938 72 3115 11479 6134 1716 979 132 258 5392 2122 1200 1425 0 2282 115 4550 853 162 59 74 3805 3801 106 2486 157 7 15 234 153 293 17 134
96209 598 81 171 14 569 2115 1118 315 180 23 47 989 394 218 264 0 418 24 834 157 28 10 14 707 691 20 460 28 1 2 41 27 55 2 23
96210 587 74 293 24 982 3564 1939 535 297 41 81 1684 667 371 448 0 724 38 1421 259 48 19 24 1188 1176 32 796 48 1 4 71 48 87 5 41
96211 584 73 272 20 900 3316 1733 509 277 37 74 1568 608 356 406 0 658 30 1282 238 48 15 18 1098 1087 30 701 48 1 5 66 43 84 5 44
96212 609 81 73 4 239 863 459 131 69 8 20 409 161 92 114 0 168 7 342 59 12 2 5 280 284 8 188 13 0 1 19 11 21 1 11
96215 643 95 670 54 2251 8276 4398 1250 692 92 189 3967 1526 867 1037 0 1638 81 3253 613 118 40 49 2723 2746 82 1768 118 4 11 167 114 209 12 99
96216 622 85 486 38 1659 6046 3237 918 509 71 132 2888 1135 639 776 0 1204 59 2397 445 87 31 34 2008 1997 56 1316 86 3 8 125 75 152 9 76
96217 606 73 202 16 678 2475 1338 376 208 31 54 1164 462 256 291 0 486 27 977 184 35 14 16 829 809 21 532 32 1 3 51 33 63 4 27
96218 604 73 325 26 1103 3996 2165 595 343 47 89 1892 748 421 490 0 789 42 1580 300 56 21 22 1333 1307 35 871 55 1 5 84 53 102 6 46
96220 614 80 693 54 2312 8508 4519 1297 712 98 197 4039 1574 903 1058 0 1705 84 3322 625 121 44 50 2814 2801 80 1827 123 3 12 171 114 215 14 106
96222 614 80 572 47 1966 7133 3815 1085 607 84 158 3391 1340 752 887 0 1425 77 2850 530 101 37 42 2383 2335 70 1562 97 5 9 146 91 182 10 84
96223 606 73 793 63 2699 9934 5361 1483 843 119 218 4681 1859 1044 1191 0 1978 107 3947 746 142 56 62 3336 3300 97 2175 128 6 13 205 130 252 12 110
96224 610 79 40 2 129 488 250 74 40 4 11 229 88 52 59 0 96 5 186 33 7 1 3 158 159 4 105 7 0 0 9 6 12 0 6
96226 605 74 37 1 129 465 246 70 37 5 10 221 85 50 58 0 94 4 185 30 6 1 2 149 155 3 101 7 0 0 9 6 11 0 7
96227 605 74 207 15 685 2566 1335 382 216 28 57 1199 466 264 300 0 501 24 982 192 38 12 13 857 837 22 535 36 0 3 53 32 64 3 32
96229 603 76 175 11 579 2162 1139 316 183 25 46 985 392 222 249 0 419 22 839 161 33 10 11 719 704 18 457 30 1 3 46 27 55 3 25
96230 604 76 265 19 922 3308 1777 514 277 38 74 1567 629 350 408 0 661 32 1300 239 47 16 18 1098 1094 29 726 46 1 4 66 46 82 5 40
96232 604 76 198 15 666 2439 1268 380 204 28 54 1158 453 266 296 0 479 23 941 173 35 10 14 817 789 20 519 34 1 3 50 33 63 4 32
96233 595 74 598 45 2007 7348 3938 1099 613 84 167 3465 1368 764 926 0 1468 77 2911 543 100 35 44 2430 2430 66 1602 100 4 10 158 102 183 11 87
96234 595 74 136 11 456 1690 900 247 140 19 37 800 312 174 216 0 340 16 675 121 22 8 11 559 566 15 366 22 1 2 37 22 41 2 18
96237 595 73 415 37 1413 5129 2799 780 439 64 116 2429 971 534 598 0 1022 61 2022 387 72 28 32 1722 1714 47 1126 65 3 6 107 68 131 7 53
96239 587 76 382 29 1298 4734 2485 721 392 55 108 2249 871 502 584 0 940 47 1848 346 67 23 27 1564 1559 42 1007 67 2 6 95 60 119 7 59
96240 598 75 238 16 788 2928 1513 446 244 31 66 1383 537 314 347 0 572 26 1116 210 40 13 15 969 948 26 603 42 1 4 63 39 75 4 38
96241 585 74 373 25 1246 4570 2413 692 366 49 107 2167 849 480 548 0 904 43 1753 327 61 21 24 1502 1511 39 967 66 1 6 95 64 114 7 60
96243 592 74 73 4 243 869 452 140 70 9 20 412 161 94 111 0 175 7 335 60 12 3 4 283 289 6 183 13 0 1 17 11 21 1 13
96244 590 73 263 19 884 3245 1722 491 267 35 74 1539 596 339 394 0 645 31 1263 237 47 14 20 1068 1067 30 699 46 1 4 67 43 81 5 43
96245 656 76 299 23 997 3698 1954 549 310 42 84 1740 688 382 475 0 742 37 1470 277 51 18 24 1224 1221 33 797 48 2 5 73 48 93 5 43
96248 622 73 432 33 1448 5307 2796 825 437 61 122 2520 980 563 647 0 1045 50 2062 383 76 27 30 1769 1748 49 1124 74 3 7 107 71 133 8 67
96249 604 91 78 4 255 958 491 144 79 10 21 433 171 101 110 0 188 8 362 68 12 4 4 310 313 9 200 14 0 1 19 13 26 1 11
96250 604 91 113 6 356 1325 676 204 110 13 31 631 241 139 156 0 257 11 495 94 19 5 7 437 428 11 270 20 0 2 25 17 33 2 19
96252 604 91 173 12 579 2134 1113 321 178 23 49 1016 391 222 272 0 430 19 838 152 30 9 14 703 704 18 460 30 0 3 41 27 55 3 28
96257 606 91 39 2 128 481 243 72 39 5 11 223 85 52 59 0 96 3 186 33 7 1 2 156 155 3 99 7 0 0 9 6 13 0 6
96258 617 92 96 7 335 1247 666 184 104 15 27 584 232 133 157 0 251 14 505 92 17 6 8 417 408 11 278 16 0 1 24 14 32 1 13
96260 630 91 950 72 3236 11802 6299 1814 982 136 263 5622 2198 1254 1462 0 2360 122 4637 863 171 59 77 3929 3905 113 2579 167 6 16 238 158 298 18 141
96262 621 89 772 61 2620 9577 5186 1441 804 114 211 4532 1792 1007 1168 0 1912 102 3792 721 134 49 60 3189 3185 88 2104 132 5 13 194 132 249 14 111
96263 621 89 224 18 761 2822 1491 431 238 34 66 1338 526 296 343 0 553 33 1105 205 39 15 16 947 925 26 601 37 2 4 57 35 72 4 32
96265 620 89 472 34 1573 5825 3088 868 491 68 129 2753 1079 614 720 0 1135 59 2287 432 83 30 34 1922 1910 58 1245 82 4 7 121 77 152 8 68
96267 622 89 262 20 865 3179 1735 477 270 40 70 1510 598 337 397 0 637 35 1293 226 45 17 21 1065 1062 28 710 40 2 4 63 41 83 5 34
96269 624 89 475 33 1588 5837 3078 906 480 68 132 2765 1083 620 713 0 1151 52 2258 425 84 28 32 1929 1908 51 1236 85 3 8 121 79 146 9 77
96271 624 89 37 2 126 458 243 72 39 5 9 213 85 52 55 0 89 5 182 33 6 2 2 155 147 3 99 7 0 0 9 5 12 0 5
96273 622 89 106 7 350 1273 661 202 106 14 30 607 237 136 155 0 251 12 491 92 18 6 6 425 413 12 267 18 0 1 25 15 32 2 17
96275 625 89 171 12 580 2115 1106 325 173 23 50 1020 384 226 275 0 420 18 821 152 30 9 11 694 700 19 444 31 1 3 41 27 50 3 30
96277 620 89 309 23 1028 3807 2007 554 307 40 88 1810 688 391 473 0 761 35 1507 280 52 17 22 1255 1270 32 810 55 1 5 76 52 94 6 48
96278 631 92 132 9 446 1629 897 243 137 20 35 775 303 170 188 0 319 16 636 119 22 9 10 543 549 12 360 20 0 2 34 22 40 2 18
96279 642 92 39 2 131 486 253 73 42 5 10 231 89 51 65 0 98 4 191 37 6 2 3 156 157 4 107 6 0 0 9 6 11 0 5
96282 633 93 238 17 813 2908 1580 441 249 34 62 1370 550 308 373 0 574 29 1181 216 43 14 17 963 958 29 647 40 2 3 64 37 73 5 35
96283 630 89 286 22 1000 3588 1954 552 297 42 78 1712 677 387 439 0 714 35 1432 267 51 18 22 1192 1186 33 793 48 2 5 75 46 90 6 44
96286 628 89 270 20 905 3292 1736 512 270 35 75 1559 610 355 427 0 664 31 1301 234 47 15 19 1082 1085 29 706 49 1 4 66 44 82 5 43
96287 629 89 134 11 461 1661 881 261 137 18 38 794 309 177 200 0 327 15 641 122 24 8 9 545 548 16 352 25 0 2 33 22 41 2 22
96289 631 89 71 5 230 851 441 128 72 10 19 409 158 89 105 0 164 9 328 63 13 4 3 286 277 9 182 11 0 1 19 10 21 1 10
96290 612 80 426 30 1430 5201 2764 786 440 62 113 2438 967 554 623 0 1034 49 2033 378 76 28 30 1733 1717 46 1122 73 3 7 107 67 134 8 65
96291 627 79 72 5 240 879 475 133 77 10 19 404 166 89 103 0 170 10 342 65 13 4 6 292 293 9 191 13 0 1 18 9 24 1 9
96292 634 75 304 21 1011 3698 1936 571 310 41 83 1762 691 391 458 0 726 35 1441 268 55 18 20 1232 1208 34 783 53 1 5 75 48 98 6 49
96293 634 75 784 61 2636 9689 5191 1429 817 115 218 4590 1791 1011 1202 1 1913 103 3869 727 136 50 60 3205 3231 90 2091 131 5 13 194 130 239 14 112
96294 633 74 134 10 427 1595 841 239 140 20 34 748 297 167 192 0 315 19 626 119 23 8 9 528 526 15 342 20 1 2 33 20 40 2 17
96297 644 76 172 12 573 2076 1109 315 174 25 46 989 386 226 257 0 412 17 813 148 29 11 11 688 683 17 446 30 1 3 43 28 54 3 27
96300 636 74 36 2 124 445 250 66 40 6 9 209 85 45 60 0 90 4 183 32 6 2 3 148 150 5 103 5 0 0 8 5 11 0 5
96305 636 74 91 7 319 1120 624 172 98 13 22 534 215 117 159 0 227 13 461 82 16 6 7 373 373 10 254 14 0 1 25 13 28 1 12
96308 639 76 293 22 999 3649 1954 543 309 44 79 1731 685 385 430 0 714 38 1426 273 51 20 22 1214 1209 33 790 51 1 5 75 46 94 5 41
96309 638 74 100 7 334 1231 647 189 105 14 30 594 229 133 149 0 242 13 475 91 17 6 7 414 402 13 262 17 0 1 25 14 32 1 15
96310 653 79 217 18 742 2718 1507 400 238 36 56 1261 518 279 326 0 537 32 1109 208 38 17 18 921 898 27 616 33 2 3 56 35 71 3 25
96312 652 79 207 14 677 2600 1361 370 213 29 61 1201 466 265 321 0 515 27 1026 190 35 12 14 850 871 23 542 36 1 3 50 36 66 4 31
96313 625 73 677 50 2260 8321 4359 1252 713 101 189 3936 1535 873 1003 0 1638 81 3234 624 118 44 45 2790 2726 75 1754 115 5 11 164 108 215 12 101
96314 568 77 305 22 1026 3808 1977 568 318 42 88 1812 696 402 470 0 752 34 1476 277 52 18 21 1260 1248 38 801 55 2 5 77 48 96 6 47
96315 579 74 501 36 1683 6188 3278 932 512 69 143 2925 1128 658 769 0 1231 60 2426 448 92 29 36 2037 2061 56 1325 89 2 9 124 80 157 10 81
96316 579 74 734 59 2518 9173 4974 1370 766 106 207 4372 1714 961 1143 0 1846 96 3666 686 127 46 55 3048 3081 85 1996 121 5 12 188 120 231 13 106
96317 579 76 73 5 236 895 455 129 76 10 21 419 160 94 109 0 174 7 348 65 12 3 4 299 289 7 186 12 0 1 18 12 23 1 12
96319 602 78 588 50 2035 7351 4027 1108 626 93 162 3466 1384 766 868 0 1456 82 2907 563 102 41 46 2477 2436 66 1628 97 4 9 148 95 185 10 81
96322 559 54 168 12 554 2049 1086 311 175 24 44 960 390 219 243 0 395 22 802 157 30 10 13 687 666 20 447 29 1 2 41 26 53 2 23
96323 557 54 166 13 548 2072 1083 295 177 24 45 966 379 215 251 0 416 21 824 152 28 10 12 690 675 17 448 27 1 2 42 27 53 3 24
96326 555 54 548 40 1851 6727 3585 1041 563 79 146 3205 1244 716 823 0 1329 64 2604 496 96 35 40 2232 2226 61 1437 99 3 10 140 83 170 11 88
96330 558 54 398 31 1334 4931 2614 745 418 57 108 2338 915 520 616 0 980 54 1934 362 69 24 32 1632 1616 48 1063 71 3 7 100 64 123 7 59
96331 554 56 42 2 132 504 245 77 40 5 12 241 85 55 62 0 97 3 187 34 7 1 2 160 163 4 98 8 0 1 9 6 12 0 8
96332 554 54 77 5 241 905 448 138 72 9 22 429 161 95 110 0 175 7 330 62 13 3 4 292 291 8 183 16 0 1 18 11 22 1 13
96333 565 54 253 19 860 3147 1722 462 268 39 67 1477 590 328 398 0 627 34 1279 232 45 17 21 1046 1038 31 700 42 2 4 65 43 81 4 35
96334 586 72 38 3 122 453 233 67 41 5 9 219 88 46 58 0 90 6 180 34 6 2 3 153 145 4 96 6 0 0 8 6 12 0 4
96335 581 72 97 6 340 1230 683 185 104 17 25 568 225 131 143 0 245 12 488 86 17 7 8 412 413 10 273 17 1 1 25 15 32 2 13
96336 543 65 269 20 872 3239 1706 488 267 35 73 1529 592 345 391 0 645 30 1256 234 47 14 18 1074 1063 28 694 49 1 4 67 42 81 5 43
96340 520 54 100 7 332 1235 626 190 104 15 28 586 223 131 147 0 243 12 464 90 17 5 7 411 398 11 259 18 0 1 24 14 31 2 15
96341 514 57 69 4 237 845 454 132 72 10 20 416 157 91 105 0 172 6 332 61 11 4 4 277 285 7 181 13 0 1 16 10 20 1 11
96343 546 60 237 15 794 2927 1557 444 244 35 65 1372 540 311 344 0 576 31 1130 214 42 15 18 970 970 26 622 43 1 4 58 36 77 4 35
96344 680 85 122 10 413 1568 878 216 134 20 34 713 286 161 179 0 311 19 634 121 22 11 12 525 519 13 354 20 0 1 32 21 43 2 15
96345 682 85 72 5 233 851 440 127 71 10 19 403 160 91 102 0 171 7 335 58 12 4 4 279 274 7 183 13 0 1 17 11 22 1 10
96349 698 75 138 11 462 1728 904 252 142 19 39 824 316 180 204 0 342 17 665 127 27 8 9 569 567 15 367 24 0 2 34 21 44 2 22
96350 723 75 77 4 253 942 485 143 74 9 21 438 172 99 112 0 184 7 356 66 13 3 5 306 310 8 196 15 0 1 18 12 25 1 13
96351 814 102 168 13 564 2090 1108 312 176 23 50 990 385 223 253 0 405 21 814 156 30 11 13 697 681 21 443 28 1 3 42 26 53 2 24
96352 806 98 393 29 1332 4832 2607 738 404 60 105 2289 908 514 602 0 966 46 1909 356 68 26 27 1596 1599 46 1060 67 3 7 99 63 119 7 59
96354 782 72 234 18 767 2892 1499 425 248 32 64 1370 525 307 345 0 566 29 1105 218 40 15 17 979 929 27 617 39 1 3 58 37 76 4 34
96355 778 66 96 7 338 1216 665 184 101 14 28 595 227 127 154 0 244 11 484 91 17 6 8 408 411 10 269 16 0 2 23 15 32 1 14
96357 778 66 171 13 567 2096 1121 309 180 25 47 992 399 215 253 0 411 23 809 159 28 12 11 702 682 21 452 30 1 2 42 27 56 2 21
96358 774 66 367 27 1242 4512 2390 699 378 53 98 2159 842 480 536 0 885 44 1738 330 64 25 24 1511 1478 41 957 63 2 6 91 57 117 6 57
96360 774 66 363 27 1181 4381 2321 657 377 52 96 2036 816 465 544 0 870 44 1730 324 64 23 25 1451 1434 37 945 60 2 6 91 59 111 6 53
96361 774 66 481 36 1629 5976 3181 910 507 72 130 2797 1112 630 707 0 1186 59 2330 449 87 32 36 2003 1949 53 1304 81 3 8 121 77 156 9 72
96362 778 66 40 2 131 490 246 73 41 5 11 230 87 54 58 0 94 3 180 35 7 2 3 163 156 4 98 7 0 0 9 7 13 0 6
96364 790 66 40 3 136 492 261 80 38 5 11 235 91 51 57 0 95 4 185 34 7 1 3 163 159 4 109 7 0 0 9 6 14 0 5
96366 761 73 137 9 457 1668 888 250 142 19 36 788 309 179 202 0 330 16 649 122 23 9 9 559 546 14 357 23 0 2 33 22 42 2 22
96367 770 60 544 45 1848 6713 3624 1025 570 85 147 3204 1264 714 830 0 1324 73 2678 492 96 39 40 2252 2226 59 1449 91 4 9 138 94 177 10 77
96369 772 60 210 15 700 2587 1343 396 209 28 62 1238 468 274 322 0 516 21 992 183 37 11 14 854 851 21 540 37 1 4 51 36 63 4 34
96370 772 60 409 31 1360 5018 2645 761 422 57 115 2386 935 528 619 0 998 47 1944 367 73 25 30 1667 1646 47 1071 71 2 6 101 69 133 7 61
96374 752 62 37 2 125 464 236 67 39 4 10 217 85 49 55 0 91 3 176 33 7 1 2 155 144 4 99 7 0 0 9 5 12 0 6
96375 742 68 139 9 471 1714 929 257 145 21 39 787 325 181 202 0 338 16 676 126 23 8 11 563 566 16 374 23 1 2 36 25 44 2 18
96376 742 68 411 31 1403 5098 2753 777 430 61 109 2430 962 544 642 0 1023 54 2034 376 74 27 33 1708 1682 49 1119 71 3 7 105 63 133 7 60
96380 685 44 419 31 1406 5176 2830 760 435 61 115 2420 964 541 643 0 1025 59 2079 383 75 28 36 1728 1713 48 1147 72 3 6 108 70 135 8 58
96381 683 42 591 47 1969 7254 3842 1113 617 85 162 3468 1359 771 902 0 1437 75 2833 536 106 36 46 2431 2378 71 1573 102 4 9 146 94 187 11 84
96382 682 37 560 41 1863 6909 3686 1022 584 82 155 3254 1272 719 859 0 1360 68 2725 512 96 37 42 2292 2271 63 1490 94 4 9 140 91 176 10 83
96383 682 37 1409 107 4731 17387 9307 2605 1441 203 398 8245 3224 1839 2128 0 3459 176 6829 1266 244 90 108 5784 5762 155 3745 242 9 23 358 236 438 27 213
96386 685 37 461 35 1561 5715 3057 849 477 68 130 2727 1056 596 727 0 1139 59 2288 412 81 28 34 1892 1904 48 1231 80 3 8 113 76 147 9 70
96387 685 37 729 59 2495 9082 4933 1344 764 109 203 4280 1695 948 1142 0 1820 93 3652 674 128 47 58 3010 3030 81 1997 118 5 12 187 120 227 13 106
96392 686 37 104 7 348 1297 654 193 106 14 30 621 236 139 165 0 253 11 482 94 19 6 8 431 414 12 269 19 0 1 26 17 33 2 17
96399 686 37 257 20 885 3198 1734 485 266 38 71 1518 602 340 386 0 636 29 1265 235 45 16 20 1080 1064 30 699 44 2 4 64 42 82 4 37
96400 686 37 36 2 122 448 233 67 37 5 10 216 85 47 62 0 88 4 177 32 6 2 2 151 144 5 95 7 0 0 10 5 11 0 6
96409 683 37 257 20 883 3221 1739 485 270 37 74 1549 612 334 426 0 646 35 1284 240 44 16 20 1072 1063 30 710 44 1 4 64 42 77 4 37
96411 650 35 138 11 466 1676 880 265 138 18 38 816 310 180 215 0 333 15 654 119 23 8 9 558 555 13 353 24 0 2 33 20 42 2 22
96413 650 35 344 25 1148 4237 2230 639 364 50 95 1987 785 446 529 0 838 42 1680 315 62 20 25 1407 1407 41 901 58 2 5 85 54 111 6 50
96414 656 35 67 5 235 838 455 130 72 10 18 406 162 86 109 0 161 8 336 60 12 4 4 287 272 8 186 10 0 1 16 11 21 1 9
96415 696 62 245 17 812 3015 1560 460 250 32 69 1435 546 320 368 0 594 27 1145 214 45 12 17 992 982 28 635 45 1 4 61 39 77 4 40
96416 756 76 783 56 2592 9637 5101 1447 803 114 221 4532 1766 1012 1174 0 1914 97 3749 700 137 48 55 3175 3190 85 2055 133 4 13 194 129 242 15 119
96418 756 73 127 11 420 1579 850 223 133 19 35 730 290 156 188 0 307 17 636 120 23 8 10 534 526 14 343 19 1 2 31 21 43 2 16
96420 755 73 424 35 1466 5341 2890 797 450 62 119 2540 996 555 659 0 1061 58 2139 399 72 29 33 1788 1774 48 1167 72 2 6 110 72 137 7 57
96422 776 75 165 12 562 2020 1085 319 171 24 43 966 386 220 256 0 400 19 795 149 29 10 11 670 664 18 447 29 1 3 41 23 52 3 26
96423 768 74 259 20 867 3226 1721 477 273 41 72 1517 606 344 401 0 636 36 1279 236 45 18 20 1090 1054 30 702 43 2 4 63 40 86 5 36
96424 818 63 39 1 128 473 243 71 39 4 11 220 88 50 60 0 92 3 180 32 7 2 2 155 152 4 99 7 0 0 9 5 12 0 6
96426 819 62 1040 78 3496 12793 6851 1942 1080 154 284 6022 2392 1349 1537 0 2528 131 5023 957 184 67 75 4272 4221 118 2749 177 8 17 260 174 324 18 152
96429 783 56 995 70 3348 12192 6525 1850 999 137 278 5795 2268 1287 1536 0 2446 119 4829 882 170 57 71 4016 4068 110 2631 177 6 17 250 166 303 20 153
96431 783 56 443 35 1523 5513 3020 830 475 68 121 2607 1038 574 676 0 1101 62 2199 420 81 31 35 1866 1833 54 1210 74 3 7 109 69 139 7 62
96437 784 56 761 59 2554 9478 4965 1437 793 109 211 4458 1751 995 1128 0 1879 94 3680 695 137 47 52 3152 3133 86 2002 131 4 13 191 125 238 13 116
96438 785 55 64 4 217 777 413 124 67 9 16 370 148 83 95 0 155 8 300 59 11 3 4 252 253 7 171 11 0 1 16 10 19 1 10
96439 810 65 282 24 989 3591 1989 534 300 43 78 1697 673 374 454 0 731 40 1464 264 50 20 23 1187 1211 31 802 50 1 5 72 50 89 5 39
96444 813 66 494 37 1645 6023 3220 916 497 69 139 2860 1122 641 750 0 1213 57 2378 433 85 29 34 1985 2000 52 1296 85 3 8 126 82 151 10 75
96446 811 65 293 24 983 3577 1958 542 299 42 79 1695 671 376 461 0 722 38 1449 256 50 18 24 1188 1196 32 796 47 2 4 75 47 88 5 41
96448 811 65 2146 166 7292 26651 14429 3993 2240 322 599 12604 4953 2797 3300 2 5296 276 10625 1970 378 143 168 8817 8888 238 5767 361 16 37 546 364 663 42 319
96450 832 48 555 43 1873 6884 3663 1030 564 79 159 3220 1275 716 843 0 1384 72 2710 501 96 35 39 2276 2281 61 1491 97 4 9 138 93 176 10 82
96453 810 48 304 22 1023 3767 2017 563 315 46 83 1745 697 397 449 0 750 40 1492 279 54 19 21 1239 1263 34 808 50 2 5 76 53 92 5 42
96456 822 48 36 2 130 449 250 70 37 5 9 213 85 47 56 0 92 4 185 31 6 2 2 147 154 3 101 5 0 0 10 5 11 0 5
96460 816 49 473 34 1552 5798 3025 862 481 65 131 2724 1062 606 703 0 1139 60 2259 430 84 28 35 1920 1893 55 1234 81 4 7 117 76 145 8 70
96464 803 48 610 49 2088 7704 4109 1145 644 93 176 3638 1430 802 959 0 1544 84 3065 575 106 42 46 2560 2563 70 1661 104 4 10 154 99 195 11 89
96465 802 54 254 16 826 3080 1576 463 251 31 71 1441 552 324 372 0 607 26 1171 220 45 11 16 995 1015 29 638 48 1 5 63 43 78 5 43
96466 760 45 160 12 554 1971 1075 305 166 22 42 925 378 203 261 0 408 20 795 145 25 9 12 638 665 20 439 27 1 2 40 28 49 3 23
96467 759 45 1982 151 6638 24465 13007 3678 2059 293 545 11546 4543 2569 2983 1 4861 258 9631 1807 354 131 141 8165 8079 226 5245 337 14 34 493 321 616 35 293
96468 765 45 169 14 564 2044 1077 328 174 23 44 980 389 215 250 0 402 23 792 157 31 10 11 682 673 21 445 27 0 2 41 24 53 2 25
96469 761 45 134 10 451 1624 876 250 137 18 36 771 304 173 195 0 319 15 635 118 23 8 9 546 538 13 353 22 0 2 35 21 41 2 21
96470 804 52 63 7 223 777 432 127 65 9 16 389 146 86 102 0 160 7 315 57 11 4 5 262 259 7 177 10 0 1 17 10 19 1 8
96471 795 44 991 85 3438 12401 6812 1870 1050 151 273 5927 2341 1293 1562 0 2495 136 4994 930 171 70 81 4157 4138 117 2762 161 8 16 253 163 316 18 134
96472 799 44 1787 140 5995 22184 11808 3301 1871 258 496 10455 4134 2323 2725 1 4406 235 8784 1650 315 117 142 7405 7296 215 4834 303 15 29 451 291 573 33 259
96473 780 36 205 14 696 2564 1352 383 213 27 59 1214 470 271 320 0 503 22 995 190 36 11 15 840 852 25 536 36 1 3 53 32 64 4 33
96475 798 31 141 10 495 1775 938 279 146 19 42 879 335 192 240 0 360 15 700 127 24 7 10 577 586 19 386 25 1 3 34 23 43 2 22
96476 798 31 37 2 123 462 253 66 37 6 10 215 84 48 54 0 88 5 186 32 7 2 3 156 154 3 101 6 0 0 11 6 12 0 5
96477 740 46 563 43 1892 6911 3689 1044 578 82 156 3301 1281 733 863 0 1376 67 2713 503 100 34 41 2307 2276 63 1497 96 4 10 141 89 176 10 86
96478 741 44 848 64 2866 10448 5599 1594 881 121 234 4948 1956 1103 1313 0 2084 105 4126 766 150 49 66 3450 3455 102 2285 151 6 14 217 139 267 15 128
96479 790 56 102 7 344 1256 661 190 103 14 28 596 232 131 155 0 250 12 490 91 17 6 8 414 408 12 270 17 0 1 25 16 31 1 15
96480 782 48 66 5 224 841 467 111 71 11 17 385 155 86 89 0 156 9 345 61 12 4 5 284 279 7 186 10 0 0 18 13 23 1 6
96482 787 47 620 48 2068 7627 4045 1155 629 80 177 3615 1406 790 948 0 1519 70 2995 556 107 35 50 2507 2537 68 1635 106 3 11 151 106 197 11 94
96483 785 47 654 50 2241 8175 4407 1247 680 94 186 3883 1529 868 992 0 1617 87 3231 603 115 41 51 2723 2710 78 1790 113 4 11 165 113 204 12 96
96485 721 27 95 8 332 1223 645 181 107 16 27 579 228 127 147 0 240 15 480 91 18 7 9 424 394 12 267 14 0 1 23 12 32 1 12
96492 726 25 201 17 695 2535 1340 391 210 29 55 1217 474 269 325 0 505 25 1009 188 36 12 15 837 836 24 545 35 1 3 51 34 64 4 31
96494 786 52 268 18 892 3303 1735 508 278 36 76 1569 610 355 410 0 656 34 1288 245 50 16 20 1093 1091 33 708 48 2 5 66 41 85 5 42
96496 794 52 36 1 119 431 229 63 36 5 8 192 81 45 48 0 82 4 170 32 6 2 3 144 142 3 94 6 0 0 10 5 12 0 5
96498 729 25 73 5 239 899 467 135 75 10 19 419 163 92 112 0 177 9 356 64 13 3 6 296 298 9 188 12 0 1 19 11 24 1 10
96503 733 25 206 16 686 2530 1318 390 206 26 59 1203 465 268 292 0 499 23 960 182 34 10 14 842 837 22 529 37 1 4 50 35 65 3 32
96504 779 39 881 72 3036 10914 5956 1653 921 131 234 5167 2061 1149 1366 0 2202 118 4366 804 155 59 69 3640 3619 98 2421 149 6 14 224 147 274 17 126
96506 779 39 169 13 548 2076 1047 312 171 21 48 993 380 220 256 0 412 20 790 150 29 8 11 696 667 20 430 30 1 3 41 27 52 3 26
96507 611 48 76 5 246 932 463 145 75 9 21 443 169 101 117 0 187 7 352 64 13 3 4 302 302 8 188 14 0 1 18 13 22 1 13
96508 641 59 68 5 229 852 444 125 74 10 19 411 157 89 106 0 171 8 335 62 12 4 4 283 279 7 177 11 0 1 17 12 22 1 10
96510 641 59 109 9 350 1348 686 196 108 14 30 632 244 138 164 0 265 11 522 97 18 6 7 446 441 13 279 17 0 1 27 19 36 2 16
96511 630 42 346 25 1123 4256 2216 632 348 49 96 1994 779 447 504 0 830 43 1644 306 60 20 25 1406 1398 41 884 62 2 5 83 59 111 6 51
96513 644 44 422 32 1405 5207 2758 779 439 60 116 2442 948 539 617 0 1035 53 2038 387 75 27 31 1725 1724 46 1117 71 2 6 104 68 134 8 64
96515 641 41 200 13 663 2480 1285 381 208 29 55 1158 456 267 293 0 485 24 948 182 36 12 12 818 811 23 518 35 1 3 49 30 60 4 33
96516 658 57 1201 95 4120 14862 8099 2246 1257 182 320 7035 2800 1568 1846 0 2979 158 5932 1095 212 82 94 4972 4924 134 3283 203 9 19 307 199 378 23 172
96523 661 57 387 29 1303 4774 2556 733 396 56 106 2256 881 508 598 0 957 46 1882 346 66 22 26 1565 1589 42 1030 68 2 6 101 66 121 8 60
96524 655 54 524 40 1750 6441 3442 964 548 78 143 3027 1198 675 776 0 1270 66 2535 481 94 33 39 2159 2128 58 1400 85 3 8 133 80 169 10 78
96526 663 59 876 67 2990 10838 5911 1637 921 137 237 5107 2042 1155 1331 0 2159 115 4315 799 157 61 69 3650 3594 98 2394 146 6 15 222 140 277 17 128
96527 663 54 41 2 135 484 253 79 38 4 11 233 89 52 60 0 95 3 182 31 7 1 2 155 161 4 104 7 0 0 10 6 12 0 7
96528 636 33 767 60 2538 9366 4951 1423 784 107 216 4449 1732 992 1156 0 1872 92 3651 687 134 48 54 3106 3085 87 2003 134 4 13 188 126 237 15 117
96531 627 26 751 58 2534 9306 4980 1398 781 109 207 4414 1723 976 1169 0 1876 95 3704 683 127 47 55 3073 3116 89 2004 126 5 12 190 126 233 14 110
96532 631 28 38 2 126 476 245 70 39 4 10 220 84 49 59 0 90 3 177 32 7 1 2 152 152 5 100 7 0 0 9 6 12 0 6
96533 648 27 70 4 226 841 450 125 74 10 18 380 158 89 91 0 161 8 320 64 12 4 5 278 272 8 180 12 0 1 18 11 23 1 9
96534 652 26 135 8 452 1690 873 260 136 17 40 802 313 182 211 0 337 15 643 122 24 7 10 555 554 16 356 25 0 2 32 22 42 2 23
96537 647 26 106 7 339 1301 673 185 106 14 30 589 232 132 150 0 250 12 496 90 17 6 7 429 422 10 272 19 0 1 25 18 35 2 16
96538 660 26 385 28 1308 4812 2565 732 410 59 105 2288 895 512 576 0 948 49 1870 357 70 26 27 1616 1580 46 1034 67 1 6 96 61 124 7 59
96539 642 26 137 9 449 1682 879 252 139 19 38 789 311 176 206 0 331 16 653 124 23 7 9 560 550 15 360 22 1 2 32 21 43 2 21
96541 747 71 397 31 1370 4976 2672 749 415 58 111 2363 931 526 616 0 988 50 1983 361 71 25 31 1648 1651 43 1080 69 3 7 102 66 127 7 60
96543 747 69 164 12 559 2073 1086 307 170 24 47 980 388 219 258 0 403 21 810 149 29 10 12 692 680 20 436 27 1 3 41 27 53 3 25
96544 749 67 261 22 873 3211 1703 488 274 38 69 1529 606 337 399 0 644 35 1275 238 45 16 20 1069 1060 31 704 42 2 4 63 40 85 4 36
96546 754 62 204 15 665 2480 1313 381 202 27 53 1182 459 262 303 0 496 25 959 174 36 11 14 826 827 24 528 36 1 3 50 33 63 4 31
96548 744 58 613 49 2078 7570 4056 1170 638 89 172 3621 1425 800 960 0 1508 79 2979 560 107 38 47 2534 2504 76 1650 103 4 11 152 99 191 10 90
96551 754 58 428 32 1422 5219 2789 760 437 60 119 2458 960 537 649 0 1033 51 2056 390 72 26 32 1721 1718 46 1136 71 3 7 104 73 128 7 64
96554 756 59 236 17 777 2927 1522 435 247 33 65 1365 539 305 354 0 575 28 1143 219 42 15 16 966 954 28 613 40 1 4 59 39 73 4 34
96556 756 59 484 37 1615 5978 3163 883 509 71 134 2848 1108 627 766 0 1195 63 2389 446 87 30 37 2008 1969 59 1289 79 4 8 123 78 149 9 72
96557 624 25 391 30 1278 4768 2528 706 410 58 107 2218 889 505 565 0 940 53 1882 359 69 24 28 1589 1563 47 1034 65 3 6 98 61 125 7 53
96558 635 27 275 21 925 3401 1785 516 281 38 75 1636 628 364 427 0 669 32 1322 249 48 17 20 1127 1120 31 715 48 1 5 70 46 88 5 43
96559 658 26 488 40 1662 6050 3248 923 512 71 132 2874 1132 639 754 0 1195 62 2377 449 86 31 39 2014 1993 57 1323 84 3 9 125 80 157 8 71
96560 665 25 257 19 871 3168 1692 487 272 39 70 1494 601 338 388 0 619 33 1242 239 44 17 21 1060 1042 31 690 44 2 4 64 40 83 4 37
96561 665 25 240 17 794 2940 1570 435 239 33 68 1359 543 307 364 0 582 28 1154 213 41 14 16 951 969 26 633 43 1 4 62 43 73 4 34
96564 648 25 166 11 549 2043 1065 303 173 22 46 971 371 212 248 0 401 20 791 154 29 8 12 686 672 21 438 28 1 2 43 24 52 2 25
96565 635 25 730 56 2440 8958 4759 1360 743 104 204 4258 1652 943 1100 0 1788 90 3513 654 127 43 53 2953 2992 78 1908 123 4 13 185 123 226 14 110
96566 664 31 222 19 776 2780 1551 420 235 35 58 1331 527 291 367 0 570 29 1140 200 39 15 19 935 940 26 632 37 2 3 57 36 73 4 30
96567 743 52 247 16 827 3022 1592 460 247 33 66 1419 557 317 373 0 592 27 1182 219 43 14 16 991 995 27 644 42 1 4 60 41 75 4 37
96569 743 52 316 26 1083 3989 2140 588 335 49 88 1896 740 419 493 0 801 41 1583 294 57 23 25 1337 1318 37 868 52 2 5 80 51 99 5 44
96570 749 52 102 9 344 1275 674 189 104 14 27 595 235 131 161 0 258 13 512 91 18 7 9 419 420 12 275 17 0 1 25 16 32 2 14
96571 579 40 340 25 1124 4120 2172 630 342 46 91 1962 764 443 536 0 826 36 1622 297 60 19 23 1345 1359 39 887 60 2 6 87 55 104 6 53
96572 579 40 550 43 1877 6837 3667 1034 567 78 155 3233 1276 726 839 0 1357 70 2682 502 94 34 42 2263 2252 61 1478 94 3 10 138 91 171 10 82
96575 578 34 202 13 677 2491 1337 378 208 30 54 1168 461 265 302 0 498 26 974 182 36 13 15 823 823 21 542 36 1 3 50 32 64 4 31
96577 574 34 108 7 358 1334 687 196 114 14 30 644 241 140 174 0 262 11 520 97 20 5 7 441 435 14 283 19 1 1 28 18 34 1 16
96578 582 34 220 18 744 2762 1482 410 234 35 62 1286 516 293 326 0 542 32 1095 205 39 16 17 935 904 24 606 36 1 3 57 37 73 4 30
96579 580 34 105 6 349 1303 655 200 108 14 31 609 240 137 160 0 255 12 502 93 17 5 6 430 419 12 268 18 1 1 27 17 33 2 17
96581 580 34 454 33 1518 5613 2981 853 469 67 126 2645 1033 599 681 0 1120 55 2188 410 79 29 32 1859 1859 49 1198 79 2 8 119 75 144 8 70
96582 580 34 355 25 1204 4374 2366 662 364 50 98 2071 815 465 544 0 878 43 1729 322 63 22 28 1440 1455 41 960 61 1 6 92 58 106 7 57
96584 579 34 347 24 1146 4208 2183 645 357 48 100 1961 772 445 499 0 826 41 1613 309 61 20 22 1395 1377 41 880 64 2 6 83 54 106 6 55
96585 578 34 519 40 1755 6462 3450 977 539 77 142 3077 1199 685 816 0 1295 67 2567 475 92 34 43 2148 2138 64 1408 90 3 8 130 85 166 9 77
96587 578 34 307 23 1020 3749 1981 562 312 42 86 1780 692 394 477 0 743 36 1495 270 55 18 22 1244 1244 34 801 53 2 5 77 52 93 5 46
96589 583 37 38 2 128 471 248 70 40 5 10 219 86 49 56 0 93 4 184 35 7 2 3 152 155 3 100 6 0 0 9 6 13 0 6
96590 597 37 708 56 2395 8720 4681 1331 740 103 196 4135 1631 920 1096 0 1747 96 3455 645 125 44 55 2895 2903 81 1909 121 4 12 175 116 224 13 100
96591 596 37 230 17 762 2792 1504 423 238 33 62 1327 521 294 346 0 555 28 1109 204 40 14 17 927 924 28 615 38 2 3 59 36 68 4 33
96592 626 41 166 12 566 2074 1102 311 173 24 49 989 386 219 268 0 421 19 818 146 30 10 12 677 688 19 450 30 1 3 41 27 52 3 27
96596 646 34 337 25 1143 4165 2198 647 342 46 95 2003 786 448 529 0 822 39 1630 302 60 22 21 1381 1361 39 902 58 2 6 84 57 101 6 53
96597 643 31 479 38 1645 6007 3225 908 507 70 132 2823 1113 634 729 0 1179 63 2376 446 87 33 39 1987 1992 55 1291 83 4 8 119 80 157 9 72
96598 620 34 495 38 1654 6121 3259 919 513 71 134 2849 1136 637 745 0 1220 63 2431 454 87 31 36 2016 2034 58 1320 82 4 8 126 82 156 9 72
96601 628 34 136 11 457 1653 882 251 139 19 36 790 313 174 204 0 323 15 645 118 25 8 8 551 544 16 353 23 1 2 35 20 42 2 21
96602 597 25 538 40 1783 6636 3493 985 561 78 145 3112 1223 693 799 0 1311 69 2580 485 96 35 39 2221 2177 65 1419 92 3 8 134 86 175 9 78
96603 599 25 365 27 1236 4545 2411 690 371 49 107 2141 837 484 561 0 910 44 1776 332 61 21 26 1507 1495 39 986 63 1 6 90 62 117 7 56
96604 600 25 1090 84 3645 13450 7188 2025 1144 159 297 6288 2506 1420 1593 0 2667 148 5288 1000 197 73 83 4491 4441 125 2903 184 8 17 275 180 342 20 160
96605 631 40 613 47 2065 7565 4067 1143 634 88 166 3547 1406 809 925 0 1504 79 3005 557 108 39 47 2508 2498 66 1654 105 3 11 156 100 190 12 92
96607 580 25 458 37 1543 5679 3003 879 472 66 128 2707 1059 608 674 0 1123 57 2193 419 81 29 32 1904 1847 53 1207 80 3 8 115 73 149 8 69
96609 584 25 233 17 783 2874 1546 432 238 32 62 1359 533 308 351 0 567 28 1130 211 43 13 18 952 944 28 621 40 1 3 59 39 74 4 33
96610 591 25 214 14 707 2593 1353 396 218 29 59 1234 478 275 323 0 509 23 1002 191 37 11 15 846 850 24 550 36 1 3 54 33 65 4 33
96611 602 26 107 5 347 1287 674 197 107 15 26 589 237 137 151 0 248 11 494 96 19 6 6 427 414 10 277 18 0 1 27 16 34 2 17
96612 594 25 230 18 779 2822 1547 425 234 31 63 1325 526 293 356 0 570 28 1129 205 39 14 19 924 941 25 625 41 1 4 59 38 73 5 36
96613 608 30 106 8 364 1321 691 207 110 14 30 639 245 142 167 0 263 13 513 97 19 5 7 445 435 12 283 18 0 1 26 17 32 1 16
96615 599 25 319 24 1099 3977 2183 593 346 48 88 1886 743 411 505 0 805 40 1604 302 55 21 24 1331 1334 38 880 53 2 4 81 52 99 5 45
96617 599 25 264 20 876 3268 1739 494 279 39 72 1547 601 352 411 0 650 31 1287 243 46 17 20 1075 1082 30 698 45 1 4 64 43 87 5 40
96620 601 25 39 3 131 472 249 77 40 5 10 231 89 51 58 0 91 5 179 35 7 2 3 154 152 5 100 6 0 0 9 6 12 0 6
96622 591 30 741 58 2448 9036 4761 1375 770 106 199 4261 1665 957 1082 0 1775 91 3504 674 131 46 53 3021 2960 82 1931 125 5 13 184 116 230 13 111
96623 592 30 701 52 2314 8566 4543 1306 714 98 192 4054 1599 915 1068 0 1718 87 3374 626 124 43 52 2836 2839 81 1843 119 5 12 174 117 222 13 100
96624 592 30 694 53 2317 8604 4533 1285 722 100 191 4048 1590 908 1055 0 1718 89 3388 635 122 44 49 2861 2838 78 1830 117 4 12 173 115 221 13 106
96627 655 40 349 28 1165 4255 2335 641 362 53 89 1989 803 446 536 0 848 47 1721 321 61 23 29 1414 1405 42 955 55 3 5 87 57 109 6 44
96628 655 40 661 50 2226 8141 4339 1222 682 96 184 3895 1513 858 1027 0 1620 80 3207 594 117 39 49 2719 2681 76 1765 113 5 11 167 104 207 12 100
96629 640 27 291 21 971 3585 1932 520 309 45 78 1668 668 368 437 0 714 41 1435 264 51 19 21 1187 1195 31 787 46 2 4 74 47 95 5 38
96630 593 31 303 23 1022 3758 1984 567 318 42 81 1765 693 395 477 0 752 33 1483 278 54 17 22 1246 1236 37 799 53 2 5 75 50 95 5 45
96633 591 27 335 26 1113 4132 2183 609 346 48 94 1959 761 434 511 0 816 41 1609 300 59 22 24 1373 1351 36 879 60 2 5 83 56 109 6 50
96634 604 25 794 66 2739 9900 5372 1507 834 117 227 4729 1862 1035 1270 0 1983 105 3960 738 139 51 63 3287 3284 95 2179 136 5 14 196 131 246 14 117
96635 600 25 704 55 2397 8722 4715 1305 737 102 190 4111 1611 917 1073 0 1728 90 3466 647 123 45 55 2903 2906 79 1910 121 5 12 185 114 218 14 104
96636 598 25 436 34 1471 5349 2834 814 447 60 119 2550 988 570 671 0 1072 51 2098 396 75 26 32 1776 1747 48 1166 75 2 7 110 71 133 8 67
96637 601 31 142 9 454 1690 887 252 142 19 39 780 311 178 199 0 335 14 656 126 23 8 9 556 556 15 358 23 0 2 36 22 43 2 21
96638 601 31 237 18 781 2901 1481 442 241 32 67 1392 527 312 365 0 568 27 1104 210 42 13 17 972 936 28 603 43 1 4 58 38 77 4 38
96639 597 27 37 2 123 458 249 68 40 5 9 209 89 48 53 0 88 5 183 33 6 2 3 150 148 4 100 6 0 0 8 7 13 0 4
96640 602 25 277 18 909 3406 1741 521 282 37 78 1584 618 367 402 0 665 30 1290 247 49 14 17 1113 1109 31 708 50 1 5 67 43 85 6 47
96641 583 25 163 13 561 2013 1077 317 167 23 46 968 371 220 267 0 413 18 800 143 29 9 12 671 664 16 445 29 1 2 39 26 47 3 26
96643 650 39 374 30 1292 4695 2552 708 395 57 106 2240 881 497 590 0 942 51 1879 354 66 26 31 1570 1563 44 1029 64 3 6 94 59 118 7 54
96645 601 25 1232 94 4160 15211 8021 2318 1292 179 346 7272 2839 1620 1884 0 3003 148 5923 1122 215 78 91 5079 4983 143 3252 217 9 22 302 195 390 22 190
96646 600 25 97 7 313 1184 616 177 97 13 27 548 214 125 133 0 229 13 449 86 17 6 6 399 383 10 248 16 0 1 23 14 32 2 14
96648 599 25 211 16 695 2552 1366 375 213 30 57 1181 466 262 308 0 504 23 1001 190 35 13 16 828 857 22 549 37 1 4 51 34 65 3 31
96649 599 25 371 27 1248 4593 2419 689 382 53 107 2194 844 478 569 0 922 44 1808 327 62 22 25 1530 1516 39 972 65 2 6 91 62 117 7 59
96651 621 34 1375 111 4600 16870 9012 2545 1439 209 370 7988 3166 1786 2111 1 3338 185 6702 1254 238 94 102 5613 5537 160 3642 228 12 22 349 226 436 26 194
96652 648 68 105 7 357 1324 677 205 106 13 31 636 244 140 165 0 263 11 511 91 17 5 6 432 432 11 279 19 0 2 25 18 33 2 17
96653 647 68 133 8 442 1650 872 255 135 18 37 783 303 175 189 0 324 17 626 122 24 7 9 551 541 14 352 24 0 2 34 21 42 3 22
96655 603 25 193 16 647 2385 1297 357 200 28 52 1134 445 252 298 0 481 25 964 177 34 13 14 792 797 21 531 31 1 2 50 32 62 3 26
96656 595 25 186 15 638 2321 1276 352 198 29 49 1108 434 247 286 0 459 27 932 171 34 14 14 772 781 23 509 31 1 2 48 28 59 3 26
96666 608 39 632 48 2081 7738 4069 1157 649 90 171 3641 1419 816 918 0 1520 79 2994 573 109 38 43 2558 2533 69 1641 111 4 10 156 106 201 11 95
96667 601 32 402 28 1342 4903 2634 742 407 58 107 2312 907 510 594 0 975 48 1922 362 69 25 32 1620 1621 43 1066 69 2 6 100 67 123 8 60
96668 605 29 764 56 2547 9340 4940 1420 790 108 210 4476 1735 993 1155 0 1852 91 3620 685 137 47 54 3107 3076 87 2001 133 4 13 189 123 236 14 118
96670 605 29 471 34 1591 5730 3064 888 479 63 125 2740 1073 615 725 0 1146 55 2247 423 82 26 35 1907 1892 49 1249 84 2 8 115 76 142 9 75
96671 600 29 181 11 589 2186 1133 327 181 23 48 1014 390 227 256 0 426 19 847 159 30 10 11 710 714 21 459 32 1 3 46 29 53 3 28
96674 600 29 301 24 1005 3713 1963 558 310 41 83 1764 681 381 480 0 739 38 1469 277 51 17 21 1232 1225 36 801 50 2 5 73 48 92 5 43
96676 620 25 104 7 355 1286 700 191 110 15 27 593 239 133 151 0 250 13 517 95 18 6 7 415 432 13 284 18 1 1 27 16 32 2 15
96678 611 25 666 50 2202 8125 4351 1214 684 98 182 3825 1514 854 992 0 1607 82 3212 602 113 43 48 2691 2703 77 1748 109 6 11 163 112 203 12 94
96680 609 25 379 33 1284 4743 2571 724 394 57 106 2255 879 503 567 0 950 49 1894 344 69 26 30 1589 1590 42 1029 63 2 6 98 63 125 7 54
96681 609 25 809 60 2695 9967 5208 1493 851 119 228 4713 1835 1047 1207 0 1959 98 3874 745 142 52 54 3341 3257 91 2102 138 6 14 195 129 257 15 122
96684 607 25 38 2 123 455 225 74 38 4 10 214 83 50 57 0 88 3 171 32 7 1 2 148 145 4 92 6 0 0 9 5 10 0 7
96685 621 40 197 14 667 2437 1321 364 208 29 53 1175 455 258 315 0 490 24 973 180 35 12 16 803 814 25 536 33 1 3 50 31 61 3 30
96690 616 34 737 55 2506 9100 4912 1382 766 107 200 4342 1703 960 1115 0 1818 98 3610 671 130 49 54 3037 3022 86 1985 124 5 12 189 115 234 13 108
96691 616 34 457 36 1531 5631 2986 841 479 66 123 2669 1051 588 708 0 1125 59 2234 414 79 28 35 1870 1850 53 1218 76 4 8 114 73 145 8 65
96694 616 34 1244 105 4226 15435 8388 2292 1315 186 343 7315 2901 1613 1917 1 3077 170 6178 1153 221 87 100 5187 5112 141 3396 205 10 19 316 208 400 23 171
96696 621 30 70 5 234 853 456 139 72 9 18 410 162 93 105 0 167 8 324 60 13 3 5 283 277 8 183 11 0 1 18 11 21 1 11
96697 620 30 286 21 950 3527 1893 520 299 43 77 1665 656 372 434 0 694 37 1402 257 49 18 19 1178 1160 30 763 46 2 4 69 47 89 5 41
96698 609 29 410 28 1345 5003 2594 755 418 55 114 2372 906 528 605 0 984 49 1923 358 71 22 27 1641 1641 47 1046 75 2 7 100 69 127 7 64
96699 663 48 330 25 1096 4031 2171 598 337 47 90 1901 750 416 492 0 813 42 1602 289 54 20 22 1344 1360 36 872 56 2 5 81 57 101 6 46
96700 649 41 300 23 1001 3675 1961 549 307 41 82 1774 678 381 464 0 732 36 1445 269 51 17 21 1229 1212 35 805 50 2 5 76 46 96 5 44
96702 556 26 74 6 236 900 452 133 74 9 20 438 162 94 110 0 176 8 341 63 12 3 4 300 291 9 181 12 0 1 17 11 23 1 11
96703 567 25 445 36 1518 5522 2959 831 461 65 122 2631 1036 579 727 0 1108 57 2223 408 76 27 33 1843 1812 50 1214 77 4 7 111 75 136 8 64
96704 572 36 578 43 1920 7103 3783 1070 595 86 162 3339 1299 746 857 0 1408 73 2767 519 100 36 40 2346 2359 61 1514 98 3 10 144 95 179 11 88
96707 572 28 71 5 238 868 461 129 74 9 19 412 160 91 101 0 174 8 336 61 13 3 5 284 286 7 188 12 0 1 17 12 22 1 11
96711 596 49 210 16 693 2523 1328 386 208 29 59 1210 471 264 317 0 502 22 977 179 36 11 15 829 838 23 535 37 1 4 50 34 64 4 34
96713 572 25 38 2 123 460 238 71 39 4 9 217 85 49 55 0 89 3 177 31 7 1 2 148 150 4 99 6 0 0 9 4 11 0 6
96717 604 32 74 6 255 909 475 146 75 9 21 439 172 101 116 0 185 7 361 65 11 3 5 301 299 6 196 13 0 1 17 13 21 1 12
96718 598 25 776 57 2610 9534 5113 1433 814 114 210 4495 1776 1006 1186 0 1893 97 3785 714 139 51 58 3184 3140 89 2076 132 6 13 197 123 243 14 115
96719 596 33 196 16 665 2430 1274 377 204 28 54 1144 457 261 294 0 478 24 941 179 35 11 15 819 786 22 530 34 1 3 49 32 64 4 30
96722 629 61 192 15 688 2403 1320 378 201 28 54 1179 461 259 314 0 482 23 970 177 33 12 14 807 801 21 541 34 1 3 50 30 61 4 29
96724 630 61 199 16 675 2481 1321 369 209 28 57 1171 461 256 323 0 496 28 997 180 35 11 14 811 828 25 535 35 1 3 49 33 63 3 27
96726 665 75 73 5 232 867 444 129 75 9 19 400 158 92 100 0 167 8 338 66 13 3 4 282 278 7 178 12 0 1 17 11 22 1 11
96727 685 44 425 33 1444 5272 2840 794 438 62 118 2512 972 557 652 0 1044 55 2088 391 76 26 32 1754 1746 49 1149 71 3 7 108 68 132 8 62
96728 695 63 272 21 908 3315 1746 514 276 36 76 1596 616 352 424 0 663 33 1289 242 45 14 19 1096 1081 32 707 47 1 5 67 43 82 5 42
96729 676 48 450 35 1512 5524 2997 825 467 66 122 2602 1042 581 708 0 1108 60 2225 410 79 28 35 1839 1835 55 1225 77 3 7 114 72 141 8 64
96731 630 40 417 33 1428 5181 2760 797 435 61 118 2471 975 552 639 0 1018 56 2029 385 75 26 30 1749 1706 47 1117 71 2 7 104 64 132 7 63
96732 627 38 962 68 3270 11887 6320 1830 995 138 266 5688 2220 1260 1479 0 2369 112 4643 865 173 57 68 3952 3931 114 2554 166 5 17 241 156 303 18 154
96733 658 44 892 65 3021 11042 5834 1704 912 123 253 5278 2037 1172 1401 0 2207 100 4323 794 159 51 64 3648 3650 98 2382 160 5 17 221 149 281 18 144
96734 652 39 1477 115 4931 18279 9675 2755 1533 210 413 8667 3380 1924 2231 1 3630 183 7149 1343 265 92 111 6075 6047 169 3904 259 9 25 372 244 463 28 224
96735 587 29 323 25 1099 4032 2169 605 336 46 92 1869 740 417 485 0 803 41 1588 293 58 20 26 1337 1339 37 865 56 2 5 83 53 101 6 48
96736 621 36 486 36 1620 6066 3189 907 507 73 133 2833 1107 646 743 0 1204 60 2388 446 85 32 35 2026 1978 54 1295 83 4 8 124 77 156 9 73
96737 621 36 39 2 127 470 241 68 42 6 9 224 88 50 59 0 91 3 179 34 7 2 2 163 147 4 99 6 0 0 10 5 12 0 5
96738 625 36 102 7 350 1284 681 191 110 15 29 604 242 135 157 0 248 13 511 94 18 5 7 435 413 12 283 17 0 1 25 16 33 1 14
96739 577 25 1126 78 3752 13821 7337 2071 1161 160 313 6505 2564 1465 1682 1 2733 136 5409 1020 197 67 80 4563 4556 125 2966 200 7 19 281 189 352 22 171
96740 597 30 102 6 345 1255 669 197 104 15 28 599 238 135 163 0 249 13 492 89 18 7 8 419 410 10 271 17 0 1 24 17 33 2 15
96742 582 25 345 27 1133 4211 2190 637 362 49 94 1992 777 444 507 0 824 41 1633 311 61 21 23 1398 1380 41 885 60 2 5 85 55 110 6 51
96746 593 30 585 46 1963 7228 3857 1086 606 84 161 3422 1334 759 906 0 1431 71 2882 534 102 35 46 2398 2388 68 1588 100 4 10 150 95 185 11 86
96748 629 48 98 9 349 1265 691 188 102 14 28 598 234 132 155 0 254 12 507 92 17 6 9 423 428 11 278 16 0 1 25 17 32 2 14
96749 620 40 314 27 1096 3958 2177 602 339 50 84 1900 744 422 485 0 787 43 1605 298 56 22 26 1316 1326 36 885 52 2 5 81 52 100 5 43
96752 636 31 987 76 3310 12210 6456 1833 1016 140 280 5750 2258 1299 1509 0 2434 119 4792 892 170 61 71 4063 4012 106 2641 171 5 17 246 162 313 19 152
96753 621 26 348 27 1160 4269 2254 653 356 47 98 1998 780 455 497 0 839 38 1644 311 59 19 26 1411 1415 38 905 59 1 6 85 58 109 6 54
96754 622 26 136 9 455 1659 874 246 141 18 38 779 310 172 204 0 323 17 641 117 23 8 10 543 533 17 353 24 1 2 34 21 41 2 21
96755 606 25 134 9 452 1622 895 239 136 20 35 768 305 170 204 0 324 15 649 114 23 8 9 532 538 15 367 23 0 2 35 21 42 2 21
96756 605 36 165 12 548 2020 1059 310 170 23 45 957 378 213 239 0 401 20 768 145 29 10 12 676 657 18 438 28 0 2 40 26 53 3 24
96757 610 42 178 11 584 2162 1141 327 180 24 49 1006 395 228 252 0 419 19 828 159 29 10 13 712 712 19 459 31 0 3 43 29 57 3 28
96758 603 35 65 4 209 779 419 117 67 11 17 357 148 81 95 0 153 9 316 55 11 4 5 259 257 7 167 10 0 0 16 9 19 1 8
96761 605 33 478 36 1647 5963 3197 915 506 71 133 2856 1124 632 750 0 1175 62 2349 448 84 31 33 2001 1944 59 1299 82 3 7 122 73 150 9 71
96762 604 33 784 58 2590 9580 5035 1452 806 110 213 4502 1759 1010 1153 0 1878 95 3710 711 139 48 57 3186 3130 88 2037 136 5 14 195 123 241 14 119
96763 658 66 137 12 460 1673 899 252 148 20 34 795 313 174 208 0 328 19 661 128 24 9 10 555 553 17 373 21 1 2 35 22 42 2 17
96765 635 32 97 8 330 1183 653 180 104 14 25 565 230 123 152 0 240 14 483 89 17 6 7 393 394 11 271 15 1 1 23 15 29 1 12
96766 630 25 163 12 547 1991 1067 291 173 24 42 945 366 211 238 0 390 20 781 148 30 10 12 664 654 18 436 27 1 3 42 26 52 3 25
96771 631 25 460 35 1552 5710 3037 862 480 64 130 2695 1058 606 704 0 1124 55 2225 422 83 28 36 1893 1872 56 1220 81 3 8 117 72 145 8 70
96772 559 27 393 31 1308 4804 2590 722 406 56 107 2248 898 498 583 0 960 51 1903 357 66 25 32 1590 1596 48 1063 65 3 6 96 61 121 7 54
96773 559 27 422 33 1426 5186 2779 783 440 62 116 2478 965 552 669 0 1047 50 2073 381 73 27 28 1717 1713 45 1127 71 2 7 105 70 130 8 65
96774 563 29 676 50 2239 8234 4377 1257 708 102 182 3849 1541 879 1002 0 1630 86 3241 613 118 45 49 2742 2678 73 1790 113 6 11 170 105 210 13 99
96776 563 27 220 18 772 2758 1522 424 228 34 61 1321 525 290 347 0 557 28 1108 196 39 15 17 926 921 22 607 38 1 4 56 37 70 4 35
96780 785 63 131 10 458 1647 892 251 144 19 34 788 312 172 207 0 333 19 661 124 23 8 11 546 541 15 366 22 1 2 31 22 42 2 19
96781 782 57 542 45 1861 6729 3650 1042 563 82 150 3207 1274 718 835 0 1347 72 2654 499 95 36 45 2257 2219 64 1490 92 3 9 134 85 172 10 79
