96783 757 37 108 7 348 1287 675 197 109 14 28 617 239 137 150 0 249 10 484 96 19 6 7 434 421 13 271 18 0 2 26 15 35 2 17
96784 758 36 276 20 925 3396 1791 515 286 39 77 1604 628 357 422 0 666 33 1311 247 45 16 20 1124 1104 32 720 48 2 5 66 47 86 5 41
96785 756 36 133 9 467 1661 910 255 143 21 36 794 314 175 209 0 333 16 658 124 23 9 9 551 560 16 368 21 1 2 35 21 41 2 19
96789 614 53 415 29 1420 5161 2871 761 436 65 113 2401 968 539 623 0 1026 56 2088 381 72 30 32 1711 1740 45 1141 68 3 6 109 69 133 8 58
96791 614 53 237 16 797 2925 1552 452 245 33 68 1404 545 307 372 0 584 29 1147 217 41 13 16 973 967 29 625 40 1 4 56 37 75 4 37
96792 690 52 222 18 776 2730 1524 422 234 34 58 1312 519 295 357 0 548 27 1106 208 39 15 20 909 896 24 620 39 1 4 56 36 70 4 31
96794 684 52 142 10 489 1775 947 271 146 21 39 828 324 184 210 0 353 16 696 133 25 8 10 572 600 17 375 24 1 2 34 25 44 2 22
96795 694 77 395 29 1320 4899 2601 724 406 56 112 2292 898 506 577 0 972 50 1933 370 68 25 29 1628 1631 43 1057 65 3 6 99 67 124 7 57
96796 659 53 257 21 852 3127 1690 464 267 39 67 1478 588 331 404 0 628 33 1276 230 44 18 21 1045 1037 29 698 39 2 4 64 41 82 4 36
96797 663 54 130 9 433 1590 879 231 136 19 34 735 300 166 185 0 309 17 639 121 22 9 9 534 524 14 353 20 1 1 31 20 41 2 16
96798 671 56 918 70 3070 11404 6039 1698 958 136 251 5379 2131 1207 1414 0 2236 120 4484 837 161 61 73 3820 3727 111 2458 155 7 14 229 148 295 17 129
96800 670 55 456 36 1544 5675 3033 851 479 69 127 2706 1053 600 676 0 1127 60 2223 423 80 30 33 1898 1864 55 1222 77 3 7 121 74 144 8 66
96803 623 52 36 1 117 450 223 64 37 4 9 208 81 48 55 0 85 3 172 35 6 1 2 153 141 4 93 6 0 0 8 4 12 0 6
96804 624 52 1443 114 4953 17984 9659 2747 1513 215 402 8597 3372 1902 2286 0 3581 189 7140 1327 256 97 113 5989 5934 167 3943 246 11 25 371 236 450 27 219
96806 629 53 38 2 131 479 245 75 37 5 11 231 83 52 60 0 96 2 183 33 6 1 2 153 158 3 99 7 0 0 9 6 11 1 7
96807 638 53 169 12 557 2047 1100 310 176 24 45 965 387 213 256 0 409 19 811 149 28 11 12 676 675 20 444 28 1 3 41 26 52 3 25
96808 808 67 232 18 779 2911 1510 428 242 32 67 1392 528 305 357 0 571 28 1133 213 39 13 17 973 961 26 610 41 1 4 57 40 76 4 35
96810 694 25 479 37 1615 5986 3184 912 510 70 134 2853 1104 640 735 0 1184 63 2342 449 87 31 36 2002 1967 59 1289 83 3 8 119 77 157 9 72
96811 741 60 76 4 236 913 470 132 78 10 20 421 165 94 107 0 181 8 347 65 12 4 6 301 298 8 191 12 0 1 18 12 23 1 11
96812 738 58 70 4 244 887 473 135 71 10 20 423 165 93 109 0 176 8 344 61 13 4 4 294 299 8 190 13 0 1 18 10 22 1 12
96813 704 36 757 58 2533 9388 4954 1415 789 109 214 4430 1738 986 1148 0 1867 90 3657 679 137 47 54 3124 3087 88 1999 135 5 13 193 123 240 14 115
96814 685 59 591 45 1950 7221 3806 1100 608 85 165 3419 1345 768 898 0 1433 73 2813 529 104 39 42 2409 2352 66 1550 103 3 10 146 95 187 12 88
96816 687 60 62 6 220 789 438 115 69 9 17 375 151 80 103 0 161 8 327 57 11 4 6 271 262 5 182 9 0 1 16 10 20 1 8
96817 669 43 99 8 328 1229 651 190 103 16 26 583 233 129 150 0 238 16 491 91 17 6 8 421 400 11 260 16 0 1 23 16 31 2 13
96818 677 37 354 28 1226 4403 2388 681 365 49 97 2122 826 469 561 0 879 40 1734 320 62 21 26 1455 1466 39 966 63 1 7 92 60 108 7 56
96821 643 25 314 25 1072 3918 2116 604 330 48 87 1873 738 418 493 0 779 41 1553 288 57 21 24 1309 1290 37 867 53 2 5 79 50 101 6 46
96824 651 25 176 13 584 2150 1142 322 179 25 50 1024 401 227 257 0 422 20 833 160 30 11 13 716 696 21 462 31 1 3 44 30 55 3 26
96825 650 25 318 28 1112 4075 2216 607 345 50 91 1920 751 420 491 0 816 44 1632 306 56 22 29 1360 1372 36 883 54 2 5 78 52 104 5 45
96826 656 30 615 44 2062 7635 4053 1135 642 88 168 3599 1400 801 921 0 1514 74 2982 565 107 39 44 2511 2534 68 1625 108 3 11 158 100 191 11 95
96827 653 28 229 16 756 2832 1508 414 241 33 61 1330 513 299 327 0 561 29 1112 209 39 14 17 956 936 25 603 37 1 3 56 36 74 4 32
96829 644 26 895 70 2984 11013 5882 1637 942 130 242 5164 2038 1150 1331 1 2187 112 4340 830 158 58 67 3656 3636 110 2363 155 7 14 224 147 285 16 126
96831 642 25 532 38 1738 6491 3425 960 543 78 150 3064 1190 682 807 0 1285 63 2537 473 93 35 37 2156 2128 59 1390 92 3 9 133 87 164 10 80
96832 726 60 210 14 698 2614 1362 394 211 27 60 1225 474 274 311 0 508 22 991 187 38 11 16 857 854 25 553 39 1 3 51 35 66 3 33
96834 726 60 203 14 690 2501 1372 368 215 30 54 1188 476 263 321 0 501 25 1014 184 33 14 15 837 834 25 557 33 1 3 51 33 67 3 27
96835 665 69 225 19 775 2820 1532 425 242 33 60 1314 534 296 341 0 562 30 1136 209 42 16 17 943 932 29 629 38 2 3 60 36 74 3 30
96836 640 25 324 24 1109 3998 2148 617 339 47 88 1907 764 428 472 0 785 43 1560 293 55 21 24 1356 1293 35 879 52 2 5 81 53 104 6 47
96838 651 26 1155 92 3889 14264 7564 2164 1187 165 322 6725 2657 1510 1737 1 2841 144 5577 1047 203 73 80 4716 4721 134 3039 199 8 20 287 188 366 22 174
96839 631 25 996 75 3365 12351 6630 1865 1033 148 279 5814 2295 1306 1493 0 2442 131 4846 910 175 67 75 4094 4083 112 2671 170 8 17 251 161 309 19 148
96841 660 26 129 11 443 1590 900 231 141 19 32 733 303 164 195 0 320 18 663 121 23 9 11 523 540 15 362 19 1 1 32 22 41 2 15
96844 627 30 188 15 649 2332 1299 349 200 28 49 1106 449 246 284 0 461 26 951 171 33 12 14 782 775 23 534 30 1 2 47 30 60 3 24
96846 619 28 71 4 235 863 455 132 72 10 19 399 157 89 98 0 165 9 329 62 13 4 5 288 280 8 187 12 0 1 16 9 23 1 11
96849 614 30 156 13 562 2024 1128 303 169 24 42 955 381 213 256 0 407 22 826 151 29 12 14 669 684 18 459 26 1 2 40 25 51 3 21
96850 684 52 687 51 2277 8371 4429 1256 702 96 186 3992 1563 888 1044 0 1664 85 3283 611 119 43 50 2792 2740 76 1806 113 5 12 171 115 214 12 99
96851 684 52 190 16 642 2362 1261 361 203 29 52 1128 446 248 291 0 471 25 929 176 33 14 15 793 778 23 523 33 1 3 47 29 62 3 28
96853 686 52 43 1 135 515 254 77 39 4 12 239 91 54 59 0 97 2 187 34 7 1 3 165 165 4 102 8 0 0 10 7 13 1 8
96855 662 25 735 52 2435 9051 4757 1349 760 103 202 4242 1659 946 1087 0 1772 87 3530 681 127 46 51 3001 2971 81 1914 123 5 12 183 123 229 13 110
96856 659 25 848 66 2830 10424 5579 1566 884 123 231 4873 1942 1093 1278 1 2065 109 4121 776 147 56 65 3482 3425 98 2253 140 7 14 215 139 264 15 122
96857 635 25 100 9 338 1224 670 187 107 16 26 592 235 129 146 0 240 13 483 92 18 7 8 420 409 11 272 16 0 1 24 15 33 1 13
96861 620 27 414 33 1385 5050 2681 773 421 55 112 2400 936 533 626 0 1008 44 1987 376 72 22 29 1662 1679 47 1076 71 2 7 105 70 126 7 65
96862 616 29 261 19 870 3191 1735 470 272 38 70 1492 603 336 404 0 645 33 1285 234 45 17 21 1054 1054 30 713 43 2 4 64 42 82 4 35
96863 616 29 509 37 1694 6256 3422 921 532 75 139 2924 1162 643 762 0 1230 71 2495 459 87 34 41 2073 2083 57 1360 83 4 7 130 86 160 9 68
96864 616 29 234 17 796 2915 1521 445 240 33 66 1386 537 313 349 0 575 27 1132 209 40 14 15 968 949 28 608 41 2 4 59 40 75 4 36
96865 628 27 488 37 1662 6045 3241 915 504 67 137 2850 1122 644 739 0 1199 58 2380 449 86 30 39 2022 1982 50 1317 84 2 8 121 82 153 9 75
96867 616 26 740 53 2465 9035 4811 1368 759 107 201 4286 1681 955 1138 0 1793 88 3577 653 128 45 53 2993 2967 86 1965 130 5 12 182 118 235 14 110
96868 657 47 321 23 1075 3978 2122 595 337 47 91 1877 744 410 490 0 778 42 1568 300 57 20 25 1331 1303 37 854 54 2 4 78 53 102 5 45
96869 656 32 338 21 1109 4110 2130 620 346 48 90 1930 751 444 485 0 808 36 1573 300 63 20 22 1368 1329 37 864 58 2 6 86 52 107 6 54
96870 660 32 670 46 2233 8204 4365 1238 684 95 185 3889 1546 878 1005 0 1641 80 3220 605 116 43 48 2711 2706 80 1790 118 4 11 166 106 212 12 100
96875 652 33 206 15 685 2525 1313 394 208 28 57 1187 466 263 309 0 500 24 967 183 35 10 13 823 836 24 536 36 1 3 51 33 63 4 32
96879 649 32 258 22 863 3180 1696 467 276 40 70 1505 595 330 398 0 630 36 1263 234 47 18 20 1080 1035 32 698 40 2 4 65 38 82 4 34
96882 643 37 440 32 1451 5354 2799 809 444 61 121 2510 977 558 647 0 1053 52 2079 397 76 26 30 1765 1760 51 1115 77 3 7 109 70 136 8 67
96885 641 34 165 11 562 2015 1092 314 164 22 45 963 378 216 255 0 404 19 798 142 29 9 11 673 670 16 444 29 1 3 41 27 49 3 26
96886 625 25 344 26 1169 4248 2227 656 352 48 96 2025 785 447 535 0 837 41 1655 304 59 19 24 1390 1399 42 901 63 2 6 86 58 105 6 55
96888 623 25 272 19 893 3291 1705 505 269 35 75 1574 610 351 415 0 656 31 1276 235 46 14 16 1092 1074 30 703 47 1 4 66 43 84 5 44
96890 622 25 285 19 940 3494 1824 528 281 36 80 1647 633 370 407 0 682 30 1354 252 48 16 19 1143 1159 30 728 51 1 5 68 52 88 5 46
96892 623 25 71 3 242 872 469 135 74 10 18 415 162 92 118 0 169 7 340 60 13 3 5 288 287 8 187 11 0 1 17 11 23 1 11
96893 623 25 803 66 2742 9978 5414 1507 848 121 218 4749 1887 1058 1268 0 2010 110 4001 745 143 57 66 3351 3302 95 2201 135 6 13 207 127 258 14 113
96894 627 25 169 12 562 2059 1071 319 173 22 46 994 381 219 255 0 402 17 785 149 30 8 12 682 668 19 442 29 1 3 41 26 51 3 28
96895 621 30 72 3 247 919 478 130 75 9 22 435 164 94 112 0 177 7 354 67 12 3 4 300 305 7 185 12 0 1 18 13 21 1 11
96897 671 46 1457 117 4921 18014 9807 2681 1546 217 394 8484 3387 1885 2222 1 3606 202 7250 1360 256 97 115 6043 5988 168 3987 238 13 23 367 239 459 25 199
96899 670 46 171 13 563 2095 1097 319 178 24 44 982 392 226 252 0 414 19 812 150 30 9 12 700 680 19 449 27 1 2 42 25 55 3 25
96900 655 34 771 57 2577 9463 5012 1430 795 108 212 4421 1758 996 1127 0 1875 93 3665 708 133 47 55 3132 3113 87 2017 131 4 13 195 123 241 15 117
96902 652 34 1024 79 3504 12800 6888 1949 1069 149 292 6088 2384 1348 1555 0 2535 140 5051 945 183 66 79 4277 4247 121 2792 175 7 17 259 172 320 19 152
96908 677 36 105 7 351 1303 678 193 108 15 31 611 240 139 154 0 258 12 498 94 18 6 6 436 427 10 276 18 0 2 25 16 35 2 17
96912 678 36 159 11 544 1983 1053 304 169 23 46 944 370 211 255 0 392 19 778 144 27 10 11 661 656 19 430 27 1 2 40 25 50 3 24
96914 649 57 139 9 450 1657 874 258 135 18 37 792 307 177 205 0 332 16 649 116 22 6 9 545 549 15 354 23 0 2 33 23 42 2 21
96915 636 45 817 64 2742 10093 5405 1483 854 121 226 4771 1865 1055 1243 1 1987 108 4023 758 141 53 62 3347 3361 93 2177 136 6 14 202 136 251 15 116
96916 642 42 106 7 344 1280 678 189 107 14 28 596 235 133 156 0 250 13 495 94 17 6 7 422 420 12 276 18 0 2 26 17 31 2 16
96917 711 58 36 3 116 441 230 60 39 5 8 202 81 44 51 0 85 5 171 32 7 2 2 151 139 4 95 5 0 0 9 6 11 0 4
96918 708 51 104 7 344 1280 667 188 111 15 29 592 234 134 154 0 248 13 499 94 19 5 8 416 417 12 271 18 1 1 26 16 32 2 15
96919 709 51 104 7 336 1262 672 189 104 15 27 598 234 135 166 0 256 11 504 89 18 7 8 406 419 13 271 17 0 2 26 16 31 2 16
96924 706 35 258 21 897 3288 1760 487 273 38 73 1517 605 342 395 0 651 37 1311 245 48 17 22 1091 1098 30 707 44 2 5 66 42 88 4 37
96925 695 26 501 38 1701 6287 3435 926 528 80 139 2938 1161 656 778 0 1235 68 2517 460 92 36 41 2070 2094 57 1366 85 4 8 131 86 155 10 71
96927 694 26 139 8 466 1719 916 260 141 20 41 815 310 183 209 0 334 16 665 121 25 7 10 571 572 15 365 25 0 2 33 21 45 3 22
96929 689 25 38 2 127 466 240 73 38 4 10 224 86 51 60 0 91 3 178 32 7 1 2 151 152 5 99 7 0 0 9 5 12 0 7
96931 689 31 466 32 1545 5719 3038 861 479 67 130 2693 1054 609 714 0 1137 59 2245 417 86 29 37 1891 1891 52 1229 81 3 8 117 75 149 9 70
96932 689 31 162 12 548 1990 1067 307 165 23 42 946 373 212 242 0 394 20 782 148 29 11 10 656 658 20 436 28 0 2 42 23 50 3 26
96933 682 25 718 55 2447 8927 4745 1360 748 105 199 4262 1664 947 1104 0 1771 90 3523 657 128 44 53 2995 2924 85 1924 124 5 12 182 116 233 13 107
96935 689 27 181 11 608 2210 1142 346 179 24 48 1047 409 238 272 0 431 18 845 154 34 9 12 721 715 22 468 33 1 3 46 27 54 3 30
96937 688 25 172 11 580 2133 1110 325 173 23 49 1011 394 227 261 0 418 19 823 148 30 8 11 702 700 18 444 32 1 3 43 28 53 3 29
96940 686 25 434 31 1456 5331 2828 801 448 62 118 2541 993 555 657 0 1044 55 2083 389 78 26 30 1775 1752 51 1145 76 3 7 106 71 135 8 64
96943 709 25 1107 89 3766 13796 7435 2059 1157 163 307 6547 2579 1448 1729 1 2771 143 5526 1018 196 73 85 4597 4579 133 3024 185 8 18 285 179 354 21 161
96944 709 25 210 15 683 2567 1339 374 214 29 57 1190 466 268 305 0 497 27 996 188 37 13 14 851 833 25 548 38 1 3 53 35 68 3 30
96945 849 137 132 10 457 1647 893 255 134 19 36 792 306 174 215 0 333 16 656 116 22 8 10 549 552 13 355 21 1 2 34 23 42 2 19
96946 850 137 277 23 928 3368 1878 492 296 44 70 1560 643 349 405 0 676 42 1372 262 44 20 22 1128 1117 30 772 40 2 4 70 47 86 4 32
96947 852 137 42 2 141 510 268 80 41 4 12 247 95 55 61 0 99 3 193 37 7 1 2 164 171 4 105 8 0 1 11 6 12 0 7
96948 925 151 134 9 449 1622 858 255 136 17 38 781 303 172 204 0 322 15 628 120 23 6 8 534 537 15 346 24 0 2 33 20 40 2 22
96949 920 148 257 20 876 3193 1711 486 264 35 73 1518 595 339 382 0 636 34 1250 232 45 16 19 1071 1051 28 688 44 1 4 65 44 82 4 37
96950 919 148 238 17 781 2916 1531 428 245 31 66 1360 534 303 348 0 579 30 1139 213 40 13 17 951 960 28 625 42 1 3 59 38 77 4 36
96951 906 135 178 11 571 2168 1109 318 182 25 49 1010 385 226 248 0 424 19 829 160 30 11 11 715 707 17 440 31 1 3 43 30 57 3 27
96953 854 135 512 43 1748 6410 3467 948 538 78 141 3002 1192 667 770 0 1275 66 2551 475 87 34 41 2122 2132 56 1408 86 3 8 134 88 163 9 72
96954 881 138 104 7 350 1278 697 194 107 15 29 612 247 135 156 0 255 13 503 96 18 7 7 424 429 14 281 16 1 1 25 16 31 1 14
96957 876 138 222 19 763 2792 1501 425 239 34 63 1338 531 292 350 0 554 31 1115 212 41 14 17 942 917 27 621 37 1 3 58 33 73 4 32
96958 872 135 341 26 1127 4166 2197 624 349 47 94 1960 768 437 497 0 828 40 1618 303 59 20 23 1379 1373 38 883 59 2 6 87 54 107 6 53
96960 885 135 195 16 659 2426 1284 367 208 28 56 1150 455 252 294 0 487 25 942 182 33 13 13 809 795 22 529 35 1 3 48 30 65 3 29
96962 885 135 777 61 2625 9618 5122 1465 816 112 216 4571 1798 1011 1185 0 1905 97 3774 713 138 50 59 3217 3169 95 2082 133 5 12 196 124 247 14 116
96963 814 73 40 2 123 473 242 70 39 5 11 223 87 49 56 0 93 4 182 33 6 1 2 153 154 5 98 6 0 0 10 6 11 0 5
96965 823 74 237 17 782 2889 1524 434 241 31 66 1356 541 300 351 0 570 29 1113 211 39 14 17 947 951 28 622 40 1 3 60 39 73 4 34
96966 823 73 129 9 436 1621 875 235 140 20 35 758 304 172 194 0 320 17 650 116 22 9 9 545 536 13 353 22 1 2 34 21 43 2 17
96968 842 54 290 23 985 3570 1933 549 299 43 78 1706 674 381 455 0 714 38 1421 259 51 19 21 1188 1176 32 791 48 2 5 75 47 90 5 43
96969 842 54 597 52 2046 7448 4095 1105 636 92 165 3523 1414 774 926 0 1496 84 3014 566 104 42 49 2492 2483 70 1655 93 5 9 157 103 186 10 78
96972 842 54 1102 80 3724 13729 7360 2067 1141 163 309 6492 2544 1446 1704 0 2723 137 5404 996 198 72 83 4516 4568 125 2943 194 7 19 282 185 343 21 168
96973 818 54 40 2 131 474 252 74 39 5 11 233 88 51 58 0 95 4 188 33 6 1 2 159 163 4 98 6 0 0 10 6 11 0 6
96974 815 54 707 49 2364 8716 4569 1332 719 99 195 4145 1595 920 1066 0 1722 86 3378 637 126 44 51 2884 2881 80 1837 125 4 13 173 115 219 13 112
96975 824 43 438 35 1463 5360 2847 811 452 61 125 2562 996 561 676 0 1073 53 2115 395 73 26 33 1785 1767 49 1161 74 3 7 110 75 134 7 65
96978 744 32 367 27 1220 4538 2401 675 384 54 100 2139 846 473 558 0 887 48 1779 332 62 23 27 1512 1487 45 967 61 3 5 92 61 117 6 53
96983 748 32 226 16 761 2782 1514 422 229 33 60 1314 520 295 370 0 559 26 1136 198 40 13 18 902 932 27 608 39 2 4 60 38 69 4 34
96985 749 32 191 14 656 2377 1297 356 198 29 54 1114 446 249 289 0 476 25 951 172 33 12 14 778 792 21 519 35 1 3 50 35 59 3 28
96986 745 32 109 6 370 1355 711 202 108 13 31 649 242 142 169 0 269 10 532 94 18 5 7 436 450 12 283 20 0 2 27 18 33 2 18
96987 748 32 69 4 228 831 449 124 70 10 18 384 159 87 92 0 163 9 330 59 11 3 4 272 272 7 180 11 0 1 18 11 20 1 10
96993 765 31 760 54 2558 9256 4981 1421 775 103 203 4440 1743 987 1183 0 1850 91 3654 681 133 43 55 3074 3059 82 2034 132 4 12 190 119 230 15 118
96995 755 25 71 5 243 879 480 133 72 9 19 433 166 91 115 0 176 8 357 63 12 4 5 290 296 10 193 12 0 1 18 12 21 1 10
96996 757 25 40 1 135 488 252 76 38 5 10 240 88 54 66 0 97 3 190 32 6 2 1 157 163 4 98 7 0 0 10 5 11 0 7
97000 752 25 780 58 2581 9591 5051 1434 800 109 220 4483 1758 999 1148 0 1905 91 3732 702 134 46 56 3164 3174 90 2031 140 5 14 193 129 247 14 118
97001 769 27 359 27 1208 4381 2371 668 370 53 96 2048 826 454 533 0 871 48 1757 325 61 22 26 1453 1462 39 965 58 3 6 89 56 112 6 51
97002 768 27 360 29 1231 4490 2427 674 377 52 102 2130 833 467 568 0 891 49 1792 333 65 21 27 1491 1509 42 981 63 2 6 89 59 112 6 54
97003 769 25 294 21 999 3681 1947 555 306 43 83 1737 684 391 435 0 725 39 1432 274 52 18 20 1225 1209 33 778 51 2 5 77 48 91 6 45
97004 742 27 164 13 556 2056 1065 310 171 24 45 980 381 217 259 0 412 21 795 153 30 10 12 684 677 20 436 28 1 3 42 24 51 3 26
97006 742 27 837 65 2839 10257 5609 1564 858 122 225 4901 1920 1090 1335 0 2073 104 4129 754 144 53 65 3385 3423 89 2284 145 5 13 208 137 258 18 123
97008 755 30 128 10 436 1621 875 229 134 20 36 756 305 170 185 0 326 16 642 118 22 9 6 550 536 13 346 20 1 1 34 21 41 2 18
97011 762 27 77 4 249 931 474 140 74 9 21 446 168 99 117 0 186 8 362 63 14 3 4 302 307 8 190 14 0 1 18 12 24 1 12
97012 761 27 199 14 670 2451 1292 366 202 26 54 1170 455 258 310 0 485 23 963 180 35 11 12 812 808 21 523 33 1 3 49 32 58 4 32
97014 714 27 106 7 342 1263 665 187 108 14 27 600 230 132 162 0 253 10 500 88 18 5 7 414 418 11 269 17 0 2 27 15 31 2 17
97015 719 27 233 18 778 2870 1541 426 244 35 63 1342 535 300 353 0 568 29 1129 211 42 14 16 953 949 26 619 38 1 4 60 39 73 4 35
97016 718 26 96 7 328 1182 636 180 104 15 25 570 225 124 157 0 235 11 475 87 17 6 6 393 386 12 257 15 1 1 24 15 28 1 14
97017 725 27 440 33 1427 5378 2763 810 450 60 123 2529 981 570 645 0 1058 54 2055 387 77 25 30 1798 1748 50 1130 80 3 8 106 67 141 8 69
97018 719 25 176 11 577 2122 1119 325 174 25 46 1001 392 229 264 0 423 17 832 156 31 11 11 695 695 20 452 30 1 3 43 28 50 3 28
97020 717 25 174 13 562 2104 1114 307 180 27 46 974 386 219 238 0 410 22 814 156 29 11 12 709 689 19 456 29 1 2 43 26 52 3 24
97025 715 25 317 24 1033 3809 1993 570 320 42 84 1795 708 406 465 0 760 34 1487 277 55 19 22 1270 1248 35 806 52 2 5 77 52 98 5 47
97027 711 25 170 11 547 2063 1079 306 174 23 43 952 383 217 255 0 406 19 801 153 29 10 10 679 666 21 445 29 1 2 45 27 52 3 25
97029 747 29 1068 80 3589 13160 6977 1974 1100 151 296 6196 2438 1383 1635 1 2606 131 5187 973 183 64 76 4358 4347 120 2813 186 8 19 271 178 330 20 159
97030 742 25 170 13 576 2094 1100 326 175 23 47 987 389 223 246 0 407 19 804 154 31 10 11 689 689 19 441 31 0 3 42 27 53 3 28
97031 737 28 42 2 138 505 273 78 41 5 11 236 95 52 59 0 99 4 200 34 6 2 3 159 172 4 108 7 0 0 9 7 12 0 6
97039 757 31 232 17 764 2797 1483 425 233 31 64 1341 522 294 356 0 567 24 1099 203 40 13 16 920 926 26 605 39 1 4 58 36 72 4 37
97040 719 25 454 34 1524 5587 2957 833 474 68 125 2614 1046 593 671 0 1107 62 2218 408 77 30 30 1868 1834 48 1208 76 3 7 114 75 142 8 64
97044 758 25 235 16 797 2888 1540 450 238 33 63 1373 539 308 370 0 580 25 1148 206 41 13 17 944 963 26 632 42 2 4 61 39 74 5 37
97045 772 25 445 33 1485 5461 2911 810 457 62 124 2568 1012 574 670 0 1080 52 2140 401 76 27 31 1820 1805 50 1167 78 2 8 111 72 141 8 66
97048 745 34 102 8 355 1268 698 192 108 16 27 600 245 131 168 0 256 13 518 92 18 6 7 420 420 13 288 17 1 1 26 15 31 2 15
97049 739 56 1161 95 3963 14401 7843 2178 1219 171 314 6818 2701 1512 1843 0 2897 154 5831 1074 204 75 95 4776 4792 139 3186 192 10 19 294 192 370 22 159
97050 740 56 518 41 1749 6347 3393 973 534 74 143 3029 1188 673 794 0 1283 65 2497 469 88 32 39 2121 2096 58 1384 90 3 9 131 84 158 10 78
97052 742 56 476 34 1570 5830 3033 878 500 68 132 2774 1073 621 693 0 1155 57 2228 428 86 30 35 1945 1901 54 1236 82 2 8 115 75 150 9 75
97053 811 66 696 50 2278 8488 4376 1282 711 92 194 3984 1551 892 1023 0 1668 77 3253 620 124 37 45 2808 2768 80 1770 121 4 12 170 109 214 13 110
97055 799 43 74 4 239 890 466 130 75 9 21 420 166 91 105 0 173 8 343 63 13 3 4 296 295 8 189 12 0 1 18 11 21 1 12
97057 796 43 175 11 582 2141 1099 332 175 20 50 1031 394 229 276 0 433 16 818 152 30 8 11 704 708 19 441 32 0 3 43 29 51 3 31
97058 790 43 144 9 478 1741 912 266 143 17 40 829 320 183 220 0 340 13 670 124 25 6 10 572 571 16 374 27 0 2 33 23 45 3 24
97060 787 43 230 17 773 2834 1493 428 238 32 63 1345 526 302 340 0 552 27 1092 209 41 13 14 946 926 24 613 39 0 4 59 37 74 4 36
97061 786 45 536 38 1779 6474 3475 986 543 74 142 3069 1203 687 780 0 1280 62 2542 475 91 32 37 2148 2141 58 1416 91 4 8 137 86 166 10 81
97063 775 52 589 45 1977 7284 3944 1069 607 88 162 3429 1362 761 907 0 1453 74 2930 536 101 38 45 2423 2427 66 1598 101 4 10 148 100 187 11 85
97064 965 67 327 25 1108 4039 2145 617 344 49 83 1920 750 431 511 0 815 38 1591 297 58 22 24 1335 1334 34 877 56 2 6 83 52 102 6 48
97065 966 66 138 10 450 1732 897 249 144 20 39 812 316 180 208 0 333 17 680 128 25 8 10 575 566 17 353 23 1 2 35 23 45 2 19
97066 734 29 781 58 2649 9700 5259 1447 823 117 211 4556 1808 1024 1183 0 1940 99 3854 722 138 53 62 3218 3221 90 2134 129 5 14 196 126 250 14 112
97068 736 26 316 24 1091 3941 2150 586 339 48 86 1861 747 408 483 0 781 46 1578 303 56 22 25 1316 1316 39 869 52 2 4 82 51 102 5 44
97069 753 25 271 19 901 3291 1741 508 274 34 74 1580 616 348 425 0 661 30 1284 243 48 14 19 1084 1089 29 714 47 1 5 65 44 83 5 44
97070 733 38 422 33 1410 5237 2793 782 442 65 119 2469 967 551 636 0 1038 56 2056 389 75 27 33 1749 1733 49 1133 71 3 7 108 72 133 7 61
97072 739 39 672 52 2235 8243 4385 1219 693 99 182 3912 1533 869 1033 1 1632 83 3281 593 117 42 49 2729 2724 74 1765 116 5 12 167 112 215 13 100
97074 736 38 796 63 2711 10007 5398 1481 842 120 222 4667 1853 1046 1204 1 1993 107 4006 744 141 56 60 3315 3335 90 2162 133 6 13 204 134 256 15 112
97075 737 38 343 26 1122 4207 2187 628 354 48 96 1987 772 444 517 0 827 39 1630 308 62 21 23 1406 1373 41 888 60 3 5 85 54 109 6 51
97077 763 35 230 18 768 2808 1496 424 246 36 61 1333 526 300 353 0 557 27 1114 210 41 14 17 934 916 29 614 40 2 4 59 36 70 4 32
97078 754 33 642 47 2160 7991 4237 1212 679 98 175 3784 1481 850 964 0 1582 83 3122 589 118 43 46 2675 2629 74 1705 112 3 10 161 102 206 12 98
97082 739 26 36 2 126 473 254 65 42 6 10 222 88 51 58 0 94 5 193 33 6 2 2 160 157 3 105 5 0 0 9 7 12 0 4
97083 731 26 71 5 239 870 473 129 74 11 18 414 162 93 107 0 173 7 347 64 12 4 4 289 287 7 191 12 0 1 18 12 22 1 10
97086 761 38 493 39 1685 6147 3360 905 512 71 138 2886 1151 648 758 0 1237 63 2458 451 84 32 40 2039 2059 55 1364 84 3 8 127 88 157 9 71
97087 761 38 282 20 914 3416 1759 513 280 36 80 1606 624 362 411 0 677 30 1308 248 48 13 18 1130 1120 29 716 49 1 5 69 47 84 5 46
97094 757 34 101 7 340 1259 667 188 105 14 27 593 232 132 143 0 247 12 483 95 17 7 7 416 412 11 268 18 0 1 25 16 33 2 16
97095 736 25 363 27 1208 4456 2355 684 378 53 98 2094 839 478 543 0 887 44 1744 324 65 22 25 1494 1456 40 966 61 2 6 90 56 117 7 52
97096 736 25 731 55 2452 8976 4764 1340 754 103 204 4271 1650 933 1117 0 1793 91 3522 656 127 44 54 2981 2969 80 1919 127 5 13 185 122 227 14 109
97097 737 25 40 3 125 458 252 66 42 6 9 212 92 50 53 0 90 5 183 34 6 3 2 151 148 4 103 6 0 0 10 5 12 0 4
97100 703 32 408 30 1338 4946 2596 748 410 57 111 2318 914 524 584 0 982 49 1917 352 72 24 28 1622 1640 48 1045 70 3 7 102 67 124 7 62
97102 704 32 291 22 958 3585 1912 523 303 42 79 1652 655 371 437 0 711 38 1424 267 50 19 21 1177 1194 33 769 49 2 5 75 49 91 5 41
97103 726 28 904 71 3069 11297 6018 1688 941 133 251 5309 2091 1189 1367 0 2237 122 4461 831 162 59 67 3762 3730 102 2429 156 6 15 228 149 290 17 134
97104 716 25 366 30 1240 4540 2438 674 381 53 101 2157 834 474 568 0 906 44 1801 338 63 24 26 1505 1511 42 982 62 3 6 90 59 114 6 53
97105 709 25 245 16 810 3000 1580 441 246 32 66 1416 556 318 361 0 583 28 1162 213 41 14 16 999 978 28 639 43 1 3 62 38 77 4 35
97109 727 40 104 8 354 1285 684 200 107 14 29 609 239 139 155 0 256 12 495 92 18 6 7 430 426 11 272 18 0 2 26 17 31 2 17
97110 765 31 518 42 1748 6438 3416 939 543 78 144 3020 1200 673 781 0 1278 71 2570 474 88 36 35 2156 2114 54 1388 87 4 8 129 88 163 9 73
97113 762 27 479 32 1611 5839 3058 904 485 63 132 2777 1086 631 734 0 1162 51 2285 426 81 25 32 1917 1915 51 1255 81 3 8 117 78 145 9 75
97114 800 46 1154 89 3895 14295 7664 2131 1219 172 312 6727 2679 1502 1763 0 2849 152 5669 1073 205 76 85 4757 4716 141 3116 196 9 19 297 181 365 21 164
97116 772 25 43 2 142 518 260 82 39 4 12 247 93 55 62 0 104 2 196 35 6 1 2 164 174 4 102 8 0 1 10 7 13 1 8
97117 772 25 204 14 664 2480 1318 361 210 29 54 1160 461 264 299 0 486 24 974 180 35 13 14 833 810 22 537 35 1 3 49 31 66 3 30
97120 769 25 141 10 454 1689 903 255 141 18 36 798 313 177 200 0 336 16 664 119 23 8 11 558 563 16 366 23 1 2 35 24 43 2 19
97122 770 45 37 2 113 437 222 61 38 5 8 204 82 45 51 0 86 4 169 33 6 1 1 151 135 3 94 5 0 0 8 5 11 0 5
97123 772 44 42 2 131 493 250 72 40 5 10 227 89 49 57 0 95 3 185 35 7 2 2 161 159 4 103 6 0 0 11 6 12 0 7
97124 775 34 275 19 908 3343 1752 513 275 36 76 1571 619 356 406 0 663 31 1302 245 48 15 18 1097 1104 30 707 48 1 5 68 45 86 5 43
97128 757 48 166 12 557 2008 1088 302 169 23 45 952 377 211 255 0 403 20 807 149 29 10 12 671 664 17 445 27 1 3 44 27 49 3 26
97130 761 48 528 40 1771 6582 3466 990 548 78 145 3127 1208 689 809 0 1307 69 2591 483 94 33 36 2190 2181 61 1394 87 3 9 133 85 166 10 82
97132 759 48 38 2 124 450 241 70 38 5 8 216 83 46 60 0 87 3 180 32 7 2 2 150 148 3 96 5 0 0 10 6 10 0 5
97133 761 47 96 6 337 1201 646 185 103 13 26 583 230 130 153 0 237 10 473 89 17 5 5 396 396 12 260 16 0 1 25 14 29 1 15
97135 723 25 388 28 1326 4816 2584 729 396 56 109 2308 890 516 611 0 974 48 1937 351 68 24 26 1591 1602 43 1045 68 3 6 100 62 116 7 60
97136 709 25 300 20 996 3614 1942 542 301 42 81 1714 680 381 458 0 722 36 1445 265 53 20 21 1195 1198 33 782 48 2 5 74 48 86 5 44
97138 740 25 493 41 1686 6194 3341 928 526 75 136 2932 1149 637 778 0 1237 72 2470 462 89 34 39 2075 2052 58 1352 82 4 8 128 78 158 9 70
97139 740 25 928 76 3118 11562 6243 1703 976 137 256 5415 2137 1198 1412 0 2300 123 4604 870 162 62 74 3861 3818 107 2534 157 7 15 236 152 299 16 131
97143 737 25 782 60 2639 9670 5184 1458 820 116 218 4597 1803 1022 1173 0 1914 101 3798 725 138 51 58 3229 3176 92 2105 132 5 12 203 128 247 14 114
97145 732 25 42 2 135 509 253 75 40 4 11 237 89 56 61 0 98 2 188 35 7 1 2 164 167 3 100 7 0 0 10 6 12 1 8
97147 733 25 243 17 802 2991 1548 449 247 33 68 1404 546 316 353 0 586 28 1151 223 42 14 17 993 977 28 631 42 1 4 59 39 78 4 36
97149 728 25 420 31 1459 5237 2821 809 434 60 117 2493 986 568 640 0 1041 50 2073 391 76 26 31 1734 1731 48 1142 72 3 8 111 68 132 8 66
97155 723 25 138 8 466 1719 917 255 143 19 40 813 321 184 217 0 346 16 682 124 23 8 10 576 563 15 374 23 1 2 35 22 43 2 20
97157 722 25 245 24 819 3033 1670 437 265 38 66 1427 570 309 371 0 599 38 1237 240 43 17 19 1026 1003 30 675 38 3 2 62 40 76 3 27
97158 720 26 339 22 1127 4161 2184 636 352 46 95 1978 771 446 517 0 826 41 1618 307 63 19 25 1376 1370 43 890 60 2 6 85 53 106 6 53
97160 731 27 564 43 1894 6952 3702 1051 581 81 154 3284 1279 727 846 0 1379 69 2733 514 100 35 40 2292 2311 62 1488 98 3 9 142 89 175 11 86
97162 721 34 360 27 1211 4428 2374 677 370 53 97 2109 831 472 561 0 883 45 1751 320 63 23 26 1468 1457 40 972 60 2 6 93 57 111 7 54
97163 711 25 169 11 573 2059 1111 314 173 25 44 986 386 217 254 0 408 20 819 145 27 10 12 684 691 18 442 29 1 3 42 28 51 3 26
97165 709 25 39 2 132 482 247 77 38 4 11 230 89 53 57 0 97 3 185 32 7 1 2 158 158 3 102 7 0 0 9 6 12 0 7
97166 710 25 355 27 1231 4393 2402 677 368 51 94 2095 827 466 564 0 875 44 1766 324 64 20 28 1457 1458 39 982 60 2 5 89 59 111 7 55
97167 709 25 39 2 122 465 240 69 40 5 10 211 86 50 53 0 89 5 180 33 6 1 2 153 148 4 99 6 0 0 9 6 11 0 5
97168 711 28 107 7 338 1279 655 192 107 14 30 612 233 137 152 0 250 11 484 92 18 5 7 424 408 12 264 19 0 1 27 18 32 2 17
97171 711 25 733 54 2450 8943 4660 1392 738 97 207 4294 1665 959 1130 0 1780 81 3451 645 129 41 49 2947 2908 83 1919 135 4 13 181 112 223 15 121
97173 710 25 143 10 466 1715 912 250 141 19 38 810 315 179 211 0 338 16 672 125 23 7 9 566 565 16 374 23 0 2 36 24 43 2 20
97174 710 25 414 34 1404 5170 2786 749 442 61 111 2439 970 530 631 0 1023 57 2057 389 71 27 32 1750 1696 48 1132 65 3 6 106 70 133 7 54
97175 710 25 266 19 884 3281 1728 487 275 38 75 1548 607 344 416 0 644 33 1283 240 47 16 20 1080 1070 32 702 46 2 4 70 42 80 5 40
97177 708 25 626 51 2152 7824 4289 1163 662 97 169 3690 1483 818 952 0 1552 87 3130 590 113 44 50 2650 2582 72 1736 104 5 10 163 103 205 11 85
97179 708 25 594 43 2008 7347 3881 1122 608 83 167 3491 1362 771 915 0 1470 72 2893 537 105 36 41 2442 2444 69 1583 100 3 10 145 92 183 11 92
97182 713 25 366 26 1209 4518 2384 668 379 52 99 2119 831 477 561 0 896 45 1798 334 63 22 28 1497 1482 42 968 60 3 6 93 64 113 7 52
97183 705 25 1545 120 5246 19167 10226 2905 1604 229 426 9097 3572 2036 2331 0 3801 200 7559 1405 272 103 113 6398 6331 173 4120 264 11 27 389 256 488 28 228
97185 705 25 753 57 2524 9234 4901 1398 783 109 209 4342 1719 967 1128 0 1827 91 3601 687 132 48 54 3067 3025 89 1984 128 6 12 186 119 235 13 114
97189 706 25 247 17 809 3002 1566 446 250 33 67 1411 549 313 368 0 599 27 1169 217 41 13 16 981 996 30 638 42 2 4 62 40 76 4 38
97190 848 76 462 37 1559 5676 3103 844 482 67 126 2698 1067 590 724 0 1130 59 2295 422 81 30 37 1900 1891 54 1268 76 4 7 114 76 148 8 64
97191 848 76 335 26 1092 4074 2170 602 342 46 92 1911 750 426 506 0 803 40 1609 295 59 20 26 1354 1338 37 883 55 2 5 85 56 104 6 48
97192 846 76 930 73 3180 11701 6298 1753 968 139 260 5521 2167 1228 1408 1 2305 123 4603 862 163 62 73 3881 3887 106 2528 160 6 16 239 156 300 18 140
97193 814 25 294 23 974 3562 1951 534 311 46 75 1692 680 376 444 0 712 40 1453 256 50 19 22 1191 1184 34 802 45 2 4 73 45 89 5 39
97194 718 37 1298 93 4334 16002 8447 2408 1336 186 353 7580 2959 1690 1937 1 3141 164 6220 1174 228 84 94 5321 5260 152 3407 227 9 22 326 210 408 24 194
97195 752 37 77 5 248 937 481 138 77 9 22 438 169 99 111 0 187 7 361 67 13 3 5 301 312 7 195 14 0 1 18 13 23 1 12
97197 728 28 1705 127 5724 21053 11119 3197 1757 244 474 9997 3882 2227 2586 1 4178 207 8230 1542 300 106 120 6966 6955 197 4483 300 11 30 430 274 531 33 265
97198 744 33 299 23 1024 3707 1991 565 316 43 85 1740 693 385 457 0 739 37 1477 273 50 18 22 1225 1243 32 801 51 1 5 73 51 94 6 43
97199 734 28 367 28 1209 4491 2355 665 381 53 105 2095 818 471 522 0 889 46 1738 332 63 23 25 1483 1484 42 950 63 2 6 91 58 115 6 56
97200 732 28 821 68 2813 10219 5542 1525 874 126 224 4871 1916 1073 1293 0 2060 112 4115 761 143 59 66 3407 3382 97 2263 138 7 12 210 141 261 15 115
97202 731 28 138 9 469 1714 896 256 139 19 40 822 315 182 218 0 342 15 674 119 24 7 8 566 568 14 361 25 0 3 34 21 44 3 24
97203 732 28 204 14 664 2512 1300 378 208 28 58 1184 463 265 304 0 497 23 964 181 35 12 14 833 824 23 527 36 1 3 48 31 64 3 31
97207 732 28 73 4 237 886 460 134 74 10 20 419 162 92 104 0 172 9 342 63 13 3 5 287 291 9 188 12 0 1 18 11 23 1 10
97208 731 28 249 15 789 2982 1549 441 249 33 64 1386 548 314 353 0 576 28 1155 215 43 15 15 979 974 27 620 42 2 4 63 40 77 4 36
97209 726 47 135 11 463 1709 915 252 153 22 34 798 319 175 200 0 336 20 671 130 23 9 11 579 562 19 376 20 1 2 32 21 46 1 16
97211 733 33 628 47 2097 7681 4077 1158 639 87 176 3631 1426 802 927 0 1523 75 2970 567 104 39 46 2557 2527 70 1650 106 4 11 156 106 192 10 93
97214 731 30 40 2 131 471 245 72 41 5 10 224 92 50 64 0 95 4 186 35 6 1 2 153 152 5 102 7 0 0 10 6 10 0 5
97215 729 30 481 36 1606 5894 3141 877 494 67 134 2778 1094 621 727 0 1168 56 2312 432 83 29 33 1960 1949 54 1260 84 3 8 120 79 151 9 71
97217 733 30 545 44 1866 6761 3675 1033 574 82 151 3234 1277 707 839 0 1348 75 2690 511 93 37 40 2276 2244 64 1485 91 4 9 132 89 170 9 76
97218 724 30 573 41 1916 7081 3753 1054 587 80 159 3335 1289 746 873 0 1400 66 2786 517 99 34 44 2312 2350 63 1515 97 4 10 146 96 173 11 89
97219 746 36 71 5 235 865 453 132 74 10 19 412 164 92 108 0 171 8 340 62 11 4 4 281 288 6 181 11 0 1 17 11 20 1 10
97220 747 36 42 2 133 485 251 74 40 4 11 222 89 51 62 0 96 3 186 33 6 1 2 155 158 3 100 7 0 0 10 7 10 0 7
97221 746 36 96 7 318 1189 605 183 94 12 26 569 214 128 148 0 236 10 458 84 18 5 5 390 390 11 250 16 0 2 26 14 28 1 18
97222 766 42 77 5 244 918 461 140 75 9 21 436 170 98 113 0 179 8 346 63 13 3 4 301 300 10 187 13 0 1 19 12 23 1 12
97226 765 42 198 12 664 2455 1296 364 202 27 55 1171 455 262 313 0 488 22 960 177 33 11 13 810 806 23 525 36 1 3 50 29 62 4 32
97227 756 39 508 37 1728 6334 3457 930 543 79 140 2949 1177 660 768 0 1253 73 2528 475 89 36 39 2110 2107 58 1380 83 4 8 133 87 160 9 71
97228 739 27 437 31 1467 5368 2844 821 448 63 118 2551 997 567 653 0 1071 51 2103 389 77 27 30 1781 1777 47 1144 75 3 7 106 69 136 8 65
97229 800 63 505 40 1693 6208 3263 947 521 70 137 2944 1145 655 753 0 1242 58 2423 450 88 29 34 2063 2044 59 1315 86 4 9 130 85 161 9 76
97230 812 63 434 31 1448 5388 2808 801 457 61 124 2547 986 564 663 0 1056 52 2087 397 77 26 31 1785 1759 54 1141 77 2 7 113 70 135 8 66
97232 762 25 37 3 125 453 242 67 41 5 9 217 86 47 59 0 91 4 186 32 6 1 2 148 150 4 98 6 0 0 9 6 11 0 5
97233 760 25 304 23 1022 3772 1975 550 317 43 86 1780 701 394 464 0 753 35 1488 274 51 18 20 1261 1244 33 802 51 2 5 77 48 99 5 47
97234 767 49 144 10 463 1736 892 257 146 18 39 810 318 182 202 0 332 15 654 128 25 7 9 571 562 15 363 26 0 2 35 23 46 2 23
97235 756 44 189 16 649 2363 1312 353 202 31 49 1107 459 249 288 0 470 28 964 182 32 14 16 796 776 23 535 28 2 3 50 31 63 3 22
97239 757 43 537 39 1792 6586 3482 974 553 77 151 3149 1204 694 822 0 1298 62 2580 486 93 32 39 2179 2176 59 1392 89 3 9 132 89 164 9 82
97240 755 43 101 7 344 1250 669 191 103 13 29 588 230 132 154 0 248 11 486 92 17 5 7 403 411 11 274 19 0 2 24 19 31 2 16
97242 754 42 261 22 905 3240 1760 505 276 38 71 1555 607 346 403 0 648 34 1289 242 48 15 21 1077 1082 29 716 46 1 4 64 41 82 5 39
97243 754 43 345 24 1112 4224 2193 615 356 48 93 1955 775 431 502 0 823 41 1645 313 60 21 24 1391 1377 40 881 59 2 5 87 57 105 6 50
97244 766 42 969 73 3256 11997 6360 1802 1001 139 275 5702 2227 1268 1483 0 2390 121 4719 880 173 62 73 3992 3968 110 2587 166 6 17 241 154 303 18 150
97247 744 34 133 11 451 1670 895 249 141 19 38 784 314 174 198 0 327 17 651 127 22 9 11 559 551 15 367 21 1 2 34 22 45 2 17
97248 742 32 1419 105 4714 17395 9257 2634 1453 200 395 8201 3215 1836 2088 1 3426 175 6805 1272 254 86 104 5795 5734 161 3744 238 8 25 352 225 448 26 214
97250 761 40 138 10 456 1661 908 245 139 20 38 770 310 173 198 0 333 17 684 116 23 8 10 546 552 14 367 21 1 2 35 22 41 2 19
97251 760 34 157 13 537 1939 1067 293 161 25 42 913 367 203 235 0 388 23 769 141 28 11 12 645 650 17 436 26 1 2 40 26 49 3 22
97252 767 42 733 58 2466 8973 4764 1373 755 104 203 4260 1669 943 1106 0 1807 87 3521 663 126 44 52 2968 2980 84 1923 126 4 12 180 116 229 13 111
97253 757 40 1075 80 3601 13257 7079 2017 1102 154 297 6314 2459 1409 1641 0 2622 133 5217 961 190 67 76 4397 4380 122 2849 187 8 19 270 178 334 21 165
97255 762 40 235 18 806 2853 1530 458 241 33 65 1385 539 308 374 0 565 27 1119 214 41 13 16 953 934 27 628 41 1 4 58 37 70 4 36
97256 772 58 205 14 678 2492 1293 385 212 29 55 1178 470 268 299 0 489 25 968 185 35 12 13 829 809 25 530 35 1 3 50 33 66 3 31
97258 760 37 196 13 662 2416 1291 368 202 26 54 1131 451 257 286 0 469 24 932 177 34 12 15 801 788 21 518 36 1 3 48 33 61 4 31
97262 757 34 449 36 1504 5515 2968 822 468 65 122 2607 1038 577 699 0 1102 60 2200 411 80 28 34 1830 1828 52 1214 75 3 7 111 73 138 7 64
97263 762 28 70 5 230 851 441 128 74 9 18 402 160 91 103 0 166 8 327 62 12 4 4 293 266 8 186 12 0 1 16 11 22 1 10
97264 764 28 107 8 347 1304 687 191 114 14 28 613 242 134 154 0 256 13 510 98 18 6 8 435 421 12 282 17 0 1 27 16 33 1 15
97265 745 28 74 5 243 931 478 128 74 9 23 430 162 93 117 0 180 7 365 66 14 4 5 307 304 8 193 13 0 1 18 12 22 1 12
97266 742 28 209 18 715 2637 1459 388 225 33 58 1238 495 272 307 0 521 32 1050 200 36 14 17 883 886 20 583 34 1 3 54 36 70 3 28
97271 775 25 413 28 1370 5120 2671 744 426 58 119 2395 931 542 617 0 1013 47 2001 380 72 26 30 1694 1685 46 1068 73 3 7 103 65 130 7 64
97272 771 25 1214 89 4088 14963 7942 2276 1249 170 340 7100 2762 1577 1854 0 2981 144 5881 1090 215 71 89 4960 4936 133 3251 212 7 22 300 196 384 23 189
97273 733 47 228 17 768 2801 1498 427 236 34 65 1318 520 294 343 0 558 28 1105 199 40 15 16 938 928 23 603 38 1 3 56 36 70 4 35
97274 740 47 201 14 663 2481 1305 368 210 31 55 1162 463 264 302 0 486 24 974 176 35 14 13 835 815 20 527 35 1 3 52 31 63 3 30
97275 724 30 76 5 247 914 470 138 76 8 21 433 167 95 113 0 178 7 350 64 13 3 4 298 297 9 189 14 0 1 20 12 22 1 13
97277 716 25 1825 138 6141 22422 12002 3403 1887 266 497 10564 4184 2387 2784 1 4465 228 8884 1647 318 116 136 7420 7389 198 4891 311 14 31 463 295 570 36 274
97278 736 28 379 26 1238 4595 2407 691 381 51 103 2162 849 486 540 0 900 43 1771 335 66 22 27 1516 1511 42 967 66 2 7 93 62 120 7 60
97280 735 38 1439 113 4924 17842 9588 2722 1491 208 396 8482 3344 1897 2223 1 3565 183 7060 1320 251 91 109 5916 5901 161 3900 255 10 25 366 235 447 28 224
97281 735 38 292 25 1025 3667 1991 566 305 44 82 1757 685 385 461 0 744 36 1470 267 50 19 21 1222 1223 31 809 49 2 5 76 50 91 6 43
97282 741 39 100 7 344 1268 684 191 105 15 27 602 239 135 164 0 252 13 509 91 17 6 7 415 417 13 277 17 1 1 25 17 31 2 14
97283 730 38 326 22 1102 4065 2183 600 338 50 93 1924 746 426 522 0 823 39 1623 292 57 23 24 1340 1346 35 885 59 2 5 80 54 101 6 51
97284 784 58 98 8 335 1226 669 181 107 15 27 584 227 127 154 0 247 13 491 92 17 6 9 407 409 12 272 15 0 1 25 17 31 1 13
97285 750 28 905 69 3023 11249 5990 1677 933 131 253 5319 2079 1174 1386 0 2223 118 4419 818 159 60 67 3752 3729 104 2422 157 6 15 228 149 286 17 132
97287 780 63 646 52 2181 7997 4261 1216 676 97 174 3804 1498 843 1011 0 1601 83 3162 582 113 41 48 2648 2656 75 1726 114 5 11 164 105 203 12 95
97288 780 62 128 8 442 1588 878 237 132 18 37 754 299 168 205 0 317 17 637 118 24 8 9 519 528 15 356 21 1 2 34 20 37 2 19
97289 711 29 1119 79 3729 13739 7183 2063 1158 159 317 6507 2526 1451 1681 0 2713 131 5339 1011 196 67 74 4571 4508 124 2899 195 8 19 271 178 350 21 175
97290 710 28 1081 91 3664 13478 7234 2024 1143 162 298 6381 2501 1418 1666 1 2678 146 5366 1013 195 73 87 4493 4458 130 2931 184 9 18 268 179 349 19 155
97292 718 27 134 9 447 1654 881 247 142 19 37 779 310 175 200 0 325 16 651 123 24 9 10 552 547 17 357 21 1 2 34 22 43 2 18
97295 717 26 368 27 1218 4461 2395 682 379 54 99 2097 844 470 547 0 872 44 1752 334 64 24 28 1476 1471 44 964 64 2 6 91 58 116 7 54
97296 716 27 466 35 1533 5679 3053 847 489 71 126 2642 1058 588 658 0 1124 61 2234 426 78 33 34 1886 1889 53 1230 74 4 7 116 77 148 8 63
97297 800 52 64 5 210 780 430 114 66 9 16 367 146 79 90 0 155 8 311 56 11 5 5 269 257 8 179 10 0 0 16 9 20 1 8
97298 803 52 822 66 2767 10184 5483 1515 866 125 228 4812 1889 1066 1236 0 2022 108 4017 757 143 58 61 3424 3360 92 2207 139 5 13 208 131 261 15 120
97299 782 29 730 60 2479 9067 4888 1352 767 108 202 4297 1708 947 1137 0 1816 97 3613 672 129 48 56 3028 3006 86 1993 124 5 12 187 120 237 13 104
97301 782 29 228 16 777 2797 1527 430 229 32 61 1339 528 292 365 0 567 27 1136 199 39 13 15 910 948 23 612 40 1 3 59 40 66 5 35
97304 779 27 39 2 128 468 253 65 40 6 10 216 90 47 55 0 90 5 185 33 6 2 2 151 154 4 105 6 0 0 10 6 12 0 4
97305 778 27 129 12 453 1625 914 252 137 21 34 793 318 177 215 0 326 20 678 121 23 9 10 547 538 17 379 21 1 1 33 21 44 2 15
97306 779 27 220 18 742 2754 1522 394 231 34 61 1291 530 281 336 0 550 34 1123 212 37 15 16 921 927 27 610 33 2 3 53 39 69 3 26
97307 772 29 73 4 240 888 467 132 72 9 19 422 164 94 107 0 178 7 348 61 12 3 4 281 295 8 188 14 0 1 18 11 22 1 11
97308 775 37 165 11 560 2083 1104 308 176 27 46 993 381 221 254 0 422 22 820 153 28 11 13 690 694 18 445 27 1 3 41 26 51 3 24
97313 750 29 1008 81 3411 12438 6634 1885 1038 144 277 5928 2317 1313 1578 0 2507 126 4917 901 171 63 75 4131 4092 117 2693 174 7 17 253 164 314 19 150
97316 747 27 625 47 2098 7743 4105 1170 653 90 175 3663 1431 819 952 0 1532 83 3027 576 109 39 51 2563 2544 74 1661 112 4 11 156 103 193 11 95
97317 748 25 168 12 542 2062 1076 308 169 24 46 966 377 215 244 0 409 20 801 149 30 10 11 686 682 19 436 28 1 2 44 26 53 3 26
97318 743 25 341 29 1191 4276 2320 660 367 52 91 2023 813 456 540 0 860 46 1724 318 61 23 27 1429 1404 41 963 58 3 5 88 54 109 6 48
97323 744 25 432 32 1437 5271 2777 789 446 61 120 2504 989 555 652 0 1037 54 2064 390 71 27 30 1759 1716 50 1134 74 3 7 105 72 136 7 62
97324 754 25 404 29 1325 4989 2572 742 414 56 113 2361 920 522 622 0 988 52 1931 362 69 25 26 1664 1630 49 1044 69 2 6 100 67 130 7 59
97325 757 40 648 52 2220 8030 4314 1242 683 99 176 3853 1528 863 978 0 1584 85 3174 596 111 46 48 2691 2652 73 1740 108 6 12 160 114 208 10 89
97327 756 39 68 4 231 851 446 127 70 10 19 386 155 89 97 0 168 9 331 60 12 4 4 278 284 6 179 12 0 1 16 11 22 1 11
97332 762 25 937 73 3185 11542 6131 1790 981 132 257 5467 2165 1231 1388 0 2292 116 4521 857 162 58 70 3845 3809 109 2509 159 7 17 227 151 302 18 139
97334 762 25 355 24 1160 4281 2234 647 353 46 99 2037 785 449 548 0 850 38 1666 311 60 18 24 1397 1410 40 903 62 2 6 89 59 102 6 55
97335 764 26 884 67 2953 10874 5804 1636 911 125 250 5125 2033 1148 1335 1 2166 110 4287 793 155 54 65 3604 3603 97 2351 149 5 15 220 142 279 16 131
97336 759 25 165 12 549 2045 1078 309 175 24 44 977 384 217 255 0 399 22 810 153 28 11 13 696 667 21 438 25 1 2 41 27 55 2 21
97338 793 36 1524 126 5190 18878 10266 2852 1601 228 421 8963 3577 1991 2375 1 3792 204 7538 1418 266 102 122 6284 6258 182 4176 254 13 25 392 256 474 27 212
97339 771 25 623 46 2123 7741 4145 1182 639 87 175 3675 1445 831 957 0 1542 77 3050 569 110 38 46 2573 2557 75 1680 111 4 11 159 102 198 12 97
97340 772 25 238 18 794 2905 1536 429 247 34 66 1401 546 311 356 0 573 29 1131 211 41 14 16 981 948 25 636 41 1 4 57 36 75 4 35
97341 761 27 351 30 1217 4402 2397 662 373 53 99 2121 828 459 557 0 883 46 1754 327 63 23 27 1470 1457 44 976 62 3 5 91 58 107 6 50
97342 753 25 569 40 1869 6979 3662 1049 581 78 158 3288 1281 733 840 0 1376 70 2696 513 103 33 42 2324 2283 67 1498 100 3 9 142 89 181 10 85
97343 754 25 617 48 2128 7705 4119 1173 634 88 174 3666 1438 814 950 0 1543 74 3026 558 111 37 44 2544 2561 66 1650 110 3 11 155 106 196 12 97
97345 753 25 469 31 1556 5773 3038 856 478 67 133 2721 1062 611 705 0 1133 56 2250 418 85 26 34 1906 1901 53 1222 84 3 8 114 77 146 8 73
97346 757 29 1185 90 3981 14500 7748 2202 1224 163 323 6864 2709 1530 1839 0 2897 147 5744 1064 207 73 90 4814 4767 142 3192 203 8 19 299 187 370 23 181
97347 757 29 379 29 1280 4642 2542 693 403 58 100 2169 881 488 568 0 928 54 1862 354 64 26 28 1541 1533 43 1046 61 3 6 95 63 118 6 49
97351 760 29 804 60 2706 9871 5303 1492 828 118 224 4688 1842 1041 1240 0 1973 99 3892 724 138 53 62 3294 3243 91 2172 137 5 13 202 126 253 16 121
97352 760 29 229 17 786 2897 1543 428 239 34 64 1367 538 303 353 0 579 31 1143 212 40 16 19 961 957 26 621 40 2 4 58 36 73 4 34
97353 772 25 246 19 848 3087 1690 460 263 40 68 1468 573 319 382 0 623 34 1232 228 42 19 19 1032 1028 26 686 39 2 4 61 40 79 4 34
97354 751 25 72 4 244 884 465 134 73 9 20 425 167 94 108 0 177 7 342 63 12 3 4 295 290 7 189 13 0 1 17 10 22 1 13
97355 753 25 376 27 1251 4605 2427 701 377 50 102 2187 851 494 554 0 909 43 1790 336 62 21 26 1525 1519 42 976 66 2 7 96 63 116 7 59
97356 749 25 176 13 591 2156 1129 335 176 23 50 1031 400 227 259 0 419 19 821 154 30 9 12 720 715 19 447 31 0 3 42 28 55 3 28
97357 749 25 793 58 2647 9776 5125 1487 810 110 222 4676 1795 1046 1186 0 1942 92 3791 714 142 46 56 3238 3231 89 2063 139 5 14 196 133 243 16 126
97358 760 25 547 41 1791 6695 3483 1001 574 76 151 3119 1237 694 785 0 1315 66 2579 503 99 32 40 2235 2182 67 1406 92 4 9 135 84 174 9 82
97359 760 25 1198 85 4009 14634 7834 2221 1201 166 335 6964 2722 1543 1849 0 2932 141 5793 1055 204 70 86 4819 4880 134 3164 212 7 21 300 199 364 24 186
97360 754 27 66 5 220 810 436 120 69 9 17 385 151 83 107 0 160 9 329 62 11 4 5 275 263 7 180 11 0 1 17 10 20 1 9
97361 754 27 490 35 1650 6043 3225 904 510 69 139 2861 1124 636 751 0 1198 60 2389 446 84 30 34 2014 1991 58 1314 86 3 8 127 81 154 9 74
97363 760 28 774 58 2583 9545 5021 1441 785 109 219 4520 1746 1009 1162 0 1894 93 3731 698 137 48 56 3173 3154 85 2031 134 4 13 194 127 241 15 123
97364 743 25 358 29 1180 4345 2335 650 368 52 94 2054 809 458 522 0 861 46 1726 322 62 24 27 1456 1427 40 949 58 2 5 88 56 112 6 48
97366 749 26 37 2 122 453 234 66 39 5 9 212 83 48 53 0 84 5 177 34 6 2 2 151 143 4 98 6 0 0 9 6 12 0 5
97368 749 26 110 7 350 1311 682 195 112 15 28 604 241 135 158 0 255 13 511 98 19 7 7 425 430 13 278 19 0 1 26 17 34 2 16
97369 745 25 99 6 329 1191 653 172 98 13 25 546 221 126 130 0 237 11 466 88 16 6 6 390 395 7 264 16 1 1 25 16 30 1 14
97373 775 39 137 8 448 1690 877 255 137 19 38 793 309 182 205 0 338 15 658 116 24 7 10 554 555 15 357 24 0 2 34 22 43 3 23
97382 775 38 631 50 2102 7745 4114 1175 658 90 175 3669 1459 818 968 0 1539 87 3056 584 108 40 47 2567 2547 76 1681 109 5 11 154 105 198 11 89
97383 768 29 140 9 452 1696 886 247 141 20 39 788 316 175 199 0 334 18 662 121 24 8 8 562 547 15 359 22 1 2 35 23 45 2 19
97384 771 29 544 43 1855 6755 3658 1029 568 83 151 3191 1264 711 839 0 1356 70 2691 505 93 38 40 2240 2251 61 1482 90 4 10 137 89 166 9 80
97386 708 29 686 54 2295 8480 4529 1263 717 102 190 3970 1559 884 1011 0 1658 88 3319 641 121 43 52 2818 2802 78 1811 119 4 11 170 111 217 12 102
97387 706 28 632 48 2123 7852 4189 1154 647 89 174 3660 1437 813 953 0 1556 75 3113 572 110 40 47 2596 2595 72 1682 109 4 10 162 108 200 12 93
97388 750 34 506 38 1673 6168 3271 930 514 73 138 2919 1152 649 782 0 1231 60 2420 453 86 33 35 2039 2022 61 1323 86 4 8 127 82 155 9 74
97389 747 38 191 14 637 2335 1249 346 206 29 51 1093 445 246 284 0 455 27 925 180 34 13 14 798 754 24 516 31 1 3 48 28 64 3 26
97391 714 33 264 20 886 3304 1753 495 279 39 74 1538 604 346 395 0 653 34 1299 246 48 18 20 1102 1084 31 714 43 1 4 68 40 84 5 41
97392 714 33 599 45 2016 7431 3926 1123 627 86 167 3514 1387 779 904 0 1458 79 2903 558 108 40 43 2482 2433 74 1596 102 4 9 149 95 192 10 89
97394 714 33 203 14 662 2484 1309 367 213 30 56 1159 465 259 311 0 491 25 982 183 34 12 16 826 811 26 540 32 2 3 51 32 66 3 27
97395 718 32 472 35 1588 5830 3138 873 493 69 130 2749 1090 613 728 0 1163 61 2299 436 85 32 35 1941 1910 51 1287 83 3 8 119 73 147 9 72
97396 720 33 455 34 1524 5588 3013 824 477 69 122 2675 1041 584 696 0 1110 58 2221 417 78 29 34 1852 1846 53 1216 74 3 7 114 76 141 7 65
97398 720 32 279 21 933 3441 1788 528 285 36 78 1643 622 360 427 0 686 29 1327 252 49 13 19 1133 1131 31 724 50 1 5 71 44 82 5 47
97400 727 32 461 34 1553 5659 3005 871 474 67 127 2710 1055 603 707 0 1131 53 2227 416 82 29 33 1875 1872 53 1227 77 3 8 108 72 142 8 70
97402 729 31 37 2 122 450 234 70 38 5 10 214 84 47 59 0 89 3 178 32 7 2 2 147 147 5 97 6 0 0 9 5 11 0 6
97403 729 31 260 19 870 3195 1703 486 271 39 70 1509 592 339 394 0 636 32 1262 242 48 16 17 1064 1053 31 700 44 2 3 67 41 80 5 38
97404 759 25 464 37 1561 5738 3039 875 481 67 129 2739 1059 606 699 0 1140 57 2248 421 80 29 35 1923 1882 53 1246 80 3 8 113 74 147 8 70
97406 738 31 579 46 1955 7207 3843 1051 613 89 161 3379 1346 753 873 0 1426 81 2882 534 99 41 41 2414 2368 61 1561 96 5 9 144 98 183 10 81
97407 735 29 209 16 693 2548 1350 384 211 28 58 1205 477 262 313 0 505 25 982 182 33 11 13 836 842 23 546 36 1 3 53 36 64 3 30
97408 737 29 267 19 893 3256 1723 495 267 36 71 1527 599 341 400 0 650 30 1274 235 46 15 17 1066 1077 29 697 46 1 5 69 42 79 5 42
97410 737 29 72 5 237 866 465 124 74 9 20 401 164 87 100 0 167 9 340 64 12 4 4 295 280 8 196 11 0 1 17 11 23 1 8
97414 737 29 393 32 1312 4890 2589 732 417 60 108 2303 901 518 592 0 961 55 1922 367 70 27 30 1633 1601 50 1050 67 3 6 97 65 128 6 52
97417 737 29 309 22 1017 3787 1989 558 319 42 84 1772 698 390 468 0 753 36 1488 279 53 18 23 1248 1249 35 817 52 1 5 77 49 95 6 46
97420 727 25 273 23 914 3325 1750 528 277 37 74 1602 624 350 411 0 658 34 1287 249 50 15 19 1101 1101 34 716 45 1 5 66 43 86 4 42
97423 719 34 1651 129 5610 20348 11030 3086 1718 248 442 9609 3822 2151 2502 1 4056 216 8078 1504 292 113 128 6808 6716 186 4465 279 13 27 418 270 520 31 237
97424 732 33 1913 153 6466 23646 12801 3545 2019 282 522 11179 4436 2483 2912 1 4734 257 9474 1772 336 126 147 7922 7862 221 5198 314 15 31 483 313 597 34 270
97427 723 25 96 8 338 1221 664 189 98 14 28 581 227 130 144 0 243 12 481 91 15 6 7 413 414 9 265 16 0 2 25 17 30 1 15
97428 695 29 100 7 340 1221 657 187 104 15 27 566 233 130 142 0 240 13 482 89 16 6 6 401 404 11 273 17 1 1 25 15 32 1 14
97429 744 39 295 24 971 3628 1935 526 313 44 82 1696 672 370 433 0 718 40 1433 276 52 19 23 1214 1191 34 785 47 2 5 74 49 91 5 40
97431 726 28 435 32 1462 5425 2864 813 450 65 125 2570 999 571 663 0 1071 53 2114 398 76 27 31 1800 1781 49 1152 75 3 8 109 72 138 8 67
97432 725 25 393 29 1336 4880 2594 732 419 59 104 2295 904 517 600 0 959 46 1921 364 69 25 28 1627 1596 46 1062 66 3 7 100 64 124 7 57
97433 734 33 282 25 985 3545 1959 538 306 45 76 1709 670 370 458 0 713 38 1437 266 49 21 24 1201 1182 34 801 47 2 4 73 44 93 5 37
97435 730 25 447 36 1505 5472 2999 791 477 71 116 2545 1024 566 631 0 1067 63 2190 413 80 32 32 1846 1815 51 1204 72 3 6 117 71 144 7 59
97436 730 25 588 45 1976 7227 3810 1111 617 84 159 3479 1356 765 913 0 1429 71 2825 539 102 36 42 2411 2366 71 1554 99 4 10 148 97 185 10 89
97438 736 25 201 14 679 2503 1312 373 206 27 55 1179 457 260 301 0 496 24 981 180 34 11 13 823 824 20 528 36 0 4 53 33 62 4 33
97442 732 25 690 51 2309 8442 4547 1256 713 104 189 3956 1569 884 1040 0 1687 91 3388 611 121 45 53 2790 2791 76 1845 117 5 12 172 115 220 13 98
97443 725 33 304 21 1018 3808 2023 560 320 46 85 1797 699 400 474 0 756 38 1509 282 51 21 24 1269 1254 37 825 53 2 5 74 49 97 5 45
97446 722 30 100 7 342 1235 673 183 103 14 29 586 230 129 153 0 246 11 485 91 16 6 10 411 412 10 274 17 0 1 25 19 31 2 15
97447 719 28 676 47 2251 8325 4346 1270 700 95 193 3910 1537 884 1012 1 1656 81 3240 610 119 42 46 2757 2733 80 1754 120 4 12 164 109 211 12 107
97448 719 28 72 5 246 892 473 138 73 10 20 423 167 92 114 0 177 8 362 63 11 4 4 288 303 7 191 12 0 1 18 13 22 1 11
97451 715 25 730 55 2422 8948 4728 1371 754 105 200 4246 1655 944 1087 0 1762 92 3496 663 131 48 54 2974 2948 85 1916 126 4 12 182 113 230 14 110
97452 738 36 664 50 2210 8146 4352 1205 684 95 181 3814 1507 843 1009 0 1614 83 3233 607 115 41 51 2677 2702 75 1751 108 5 11 168 110 201 12 96
97457 605 46 78 5 237 915 468 129 76 10 22 412 161 94 104 0 177 8 359 66 12 5 4 301 293 7 189 12 0 1 17 12 25 1 11
97458 614 49 70 5 242 862 461 135 71 10 20 414 162 90 107 0 171 10 342 64 12 4 4 293 286 7 182 11 0 1 16 12 22 1 9
97461 613 47 326 25 1109 4017 2133 610 335 43 90 1909 752 427 491 0 794 41 1571 298 56 20 23 1346 1318 35 871 57 2 5 85 54 101 6 51
97462 617 47 106 7 346 1275 676 191 108 14 29 608 228 133 162 0 251 12 506 92 17 5 7 415 427 12 271 18 0 1 27 17 32 2 16
97463 619 46 268 19 903 3274 1749 494 269 35 75 1570 601 346 420 0 651 30 1282 238 46 14 20 1082 1082 30 715 47 1 4 69 41 80 5 43
97469 619 46 419 32 1430 5194 2826 785 439 67 110 2456 980 553 636 0 1027 56 2075 382 74 30 32 1740 1713 47 1142 71 3 6 106 67 135 8 58
97471 619 46 37 2 122 463 237 68 40 5 9 215 83 50 52 0 89 4 176 34 6 2 3 159 148 3 99 5 0 0 8 6 12 0 5
97473 622 50 669 54 2282 8303 4520 1249 708 102 189 3957 1547 869 1008 0 1658 90 3289 624 120 46 53 2764 2775 76 1831 110 4 11 169 107 214 12 95
97474 618 45 597 43 1977 7352 3905 1086 621 86 165 3451 1350 765 907 0 1443 71 2887 542 103 38 45 2438 2411 67 1578 101 4 10 149 98 188 11 89
97477 625 41 605 42 1997 7361 3891 1114 615 84 164 3462 1369 785 890 0 1459 68 2868 531 105 35 41 2440 2414 65 1578 105 3 10 152 95 191 12 91
97479 620 41 199 16 670 2449 1307 373 203 30 55 1169 458 263 311 0 489 23 964 175 36 13 14 809 808 22 534 34 1 3 50 31 64 4 30
97482 633 49 493 38 1650 6023 3219 916 512 71 130 2848 1124 636 740 0 1209 57 2362 447 85 30 36 1989 2003 55 1308 81 3 8 124 78 152 9 75
97489 632 48 664 51 2225 8157 4310 1235 686 93 183 3832 1519 859 1000 0 1613 83 3200 602 116 42 50 2733 2674 76 1753 112 4 11 169 107 207 12 98
97492 608 47 457 40 1547 5704 3015 848 486 65 126 2678 1051 597 697 0 1150 59 2270 428 80 28 36 1896 1891 51 1224 79 3 7 116 74 146 8 68
97493 619 47 839 64 2825 10295 5519 1557 876 125 223 4857 1908 1082 1247 0 2029 111 4067 769 150 54 63 3453 3412 93 2235 143 5 14 215 132 262 16 125
97496 607 46 37 2 118 440 233 58 39 5 9 196 83 45 46 0 82 3 172 32 6 1 2 149 139 3 95 5 0 0 8 5 12 0 4
97497 613 44 161 12 541 2020 1073 310 177 24 43 946 377 213 242 0 408 23 800 153 29 12 12 676 660 20 444 26 1 2 42 25 54 3 23
97499 643 52 75 5 237 889 452 137 77 10 18 406 165 96 100 0 169 7 332 67 13 4 5 294 281 8 181 12 0 1 18 11 24 1 10
97500 620 43 421 31 1380 5158 2750 772 437 64 116 2416 955 545 608 0 1020 58 2025 383 76 29 32 1716 1701 48 1107 70 3 6 104 67 134 7 60
97501 621 42 244 16 805 3006 1555 450 247 31 68 1401 541 315 361 0 593 28 1151 215 43 12 16 989 985 26 620 44 1 4 58 42 78 4 39
97502 619 42 892 65 2991 10990 5873 1642 925 130 239 5145 2044 1163 1358 0 2163 113 4335 811 158 57 66 3642 3613 100 2378 151 7 14 229 144 279 16 129
97503 615 38 235 18 773 2906 1524 427 246 34 65 1343 526 303 355 0 568 30 1149 217 41 15 19 961 948 26 625 38 1 3 57 38 77 4 33
97505 613 38 591 47 1977 7304 3861 1089 626 86 165 3452 1364 772 917 0 1445 76 2908 542 104 37 44 2439 2400 73 1584 101 6 9 148 94 192 11 84
97507 617 40 138 9 459 1694 887 256 139 18 39 815 311 182 212 0 335 16 656 123 25 8 10 563 555 15 357 24 0 2 33 23 41 2 22
97510 614 38 487 36 1654 6031 3206 936 496 72 134 2887 1131 652 770 0 1192 61 2374 434 87 30 35 2004 1977 55 1300 84 4 8 121 79 150 10 77
97511 613 38 373 28 1230 4604 2415 692 383 53 104 2170 837 480 560 0 912 44 1794 338 63 23 28 1529 1521 45 985 64 2 6 89 61 118 6 55
97512 614 38 38 3 124 459 237 69 40 5 9 217 84 48 56 0 91 4 180 34 7 1 2 151 147 4 100 6 0 0 9 5 12 0 5
97513 615 38 441 34 1508 5535 3023 824 461 70 120 2617 1036 578 669 0 1113 58 2210 405 78 32 37 1859 1854 49 1218 74 3 8 113 71 143 8 63
97514 614 38 242 15 800 2971 1549 445 247 33 67 1384 549 317 349 0 586 28 1150 223 43 14 15 986 978 27 630 41 1 4 59 36 76 4 37
97515 613 38 177 12 583 2142 1121 322 177 23 49 1000 400 220 257 0 420 20 812 153 28 9 11 702 701 19 451 31 0 3 44 29 54 3 26
97516 634 40 41 2 132 509 254 75 42 5 12 239 91 53 60 0 98 4 191 35 6 1 3 165 166 4 102 7 0 0 10 8 13 0 6
97518 663 40 271 19 887 3307 1720 492 275 38 75 1546 603 343 392 0 643 33 1280 246 48 15 19 1109 1082 29 698 47 1 4 66 40 84 5 41
97521 660 38 106 7 334 1306 661 189 106 14 30 610 232 138 152 0 250 14 497 94 20 6 6 434 425 12 260 18 0 2 26 16 35 1 16
97522 624 38 104 7 341 1231 655 195 106 14 25 584 236 132 160 0 244 11 488 92 19 5 7 405 405 12 274 17 0 1 26 15 30 1 15
97525 636 34 1185 94 4027 14756 8007 2175 1252 183 326 6940 2753 1545 1764 1 2931 165 5882 1108 205 81 90 4914 4912 131 3221 191 10 19 299 199 383 21 160
97526 620 28 426 33 1449 5274 2852 793 446 64 117 2512 983 558 640 0 1047 52 2105 388 74 26 29 1750 1753 47 1142 73 3 7 108 70 131 8 61
97528 614 32 340 24 1128 4149 2218 618 357 50 92 1937 780 436 512 0 803 42 1643 311 60 20 24 1362 1359 43 891 58 3 5 88 54 107 6 48
97533 616 33 451 36 1521 5628 3025 831 474 68 122 2637 1035 583 703 0 1136 60 2258 411 77 31 35 1856 1896 51 1209 74 3 7 114 75 140 9 63
97534 619 32 550 43 1859 6778 3681 1017 569 84 155 3149 1277 708 806 0 1342 74 2704 505 93 36 40 2248 2256 58 1473 92 4 8 139 95 169 10 75
97535 616 32 368 27 1228 4529 2439 672 389 55 99 2110 849 472 558 0 902 45 1816 338 63 24 26 1499 1502 41 990 61 2 5 95 62 118 7 50
97543 616 32 133 9 434 1652 858 237 143 19 36 758 300 171 188 0 317 17 630 129 24 8 9 549 535 15 345 21 1 2 34 20 43 1 18
97544 616 32 469 34 1545 5734 3013 869 476 64 132 2715 1058 610 709 0 1129 52 2232 419 84 27 32 1913 1873 51 1215 82 3 8 115 73 146 9 73
97545 617 32 67 4 231 841 439 124 67 10 18 403 149 88 105 0 171 8 328 57 10 3 4 276 286 6 173 11 0 1 17 11 20 1 10
97546 618 32 1238 96 4161 15274 8125 2308 1295 179 342 7257 2843 1613 1865 1 3032 155 5989 1136 221 80 89 5077 5041 144 3294 212 8 21 311 202 387 23 185
97548 622 35 841 63 2865 10469 5599 1577 867 120 241 4974 1951 1099 1296 0 2093 107 4100 770 143 53 67 3473 3469 96 2260 145 5 15 212 138 259 16 127
97549 626 32 573 46 1923 7042 3730 1081 597 85 159 3342 1318 754 849 0 1387 77 2739 525 102 38 41 2371 2272 65 1519 98 5 9 145 91 184 10 84
97551 616 30 198 16 675 2459 1315 375 207 29 54 1172 467 265 316 0 491 26 988 181 35 13 16 825 813 26 541 34 2 3 49 33 63 3 28
97552 629 38 40 1 136 501 253 76 39 4 12 237 90 52 60 0 99 2 188 32 6 1 2 163 164 4 103 8 0 0 10 6 12 0 8
97555 616 34 37 2 121 449 235 68 38 5 10 211 81 49 58 0 90 4 177 31 6 1 2 147 146 4 96 6 0 0 9 5 11 0 5
97556 616 34 672 56 2305 8416 4618 1260 722 106 181 3957 1590 886 1037 0 1686 96 3400 637 118 49 56 2820 2789 76 1870 108 5 10 174 108 221 13 90
97557 604 29 39 2 129 482 239 73 37 4 11 226 87 51 59 0 94 2 181 32 7 1 2 156 153 4 97 8 0 0 10 6 12 0 7
97558 604 29 356 29 1239 4398 2418 680 373 51 97 2118 834 471 567 0 884 43 1781 324 64 23 28 1458 1469 40 991 62 2 6 89 57 111 6 53
97559 603 28 39 2 125 467 240 71 38 4 9 224 86 49 56 0 90 3 178 33 7 1 2 153 152 4 95 7 0 0 9 6 12 0 6
97561 607 28 566 42 1861 6961 3610 1033 581 79 161 3310 1271 734 854 0 1360 69 2686 512 100 34 38 2322 2263 65 1449 100 3 10 142 92 181 11 87
97563 603 28 318 27 1103 3988 2122 614 338 47 92 1910 753 425 494 0 782 44 1548 298 58 21 24 1341 1304 39 867 56 2 5 79 47 104 5 48
97566 604 28 264 18 862 3210 1686 487 268 38 73 1533 589 337 394 0 633 31 1242 235 45 16 16 1065 1049 29 679 46 1 4 64 43 79 5 39
97569 604 28 105 7 354 1287 668 196 104 13 29 611 243 136 165 0 256 10 505 90 18 5 7 422 422 10 275 19 0 2 25 15 34 2 17
97570 639 29 71 4 242 880 463 140 71 9 20 423 163 95 109 0 173 6 339 61 13 3 4 290 292 9 186 12 0 1 18 10 21 1 12
97572 626 27 596 47 2004 7418 4073 1100 631 99 164 3452 1378 779 908 0 1476 83 2988 551 106 45 48 2471 2462 67 1635 98 5 9 151 96 189 11 83
97574 606 40 474 35 1562 5823 3064 861 485 64 135 2753 1067 608 722 0 1152 57 2293 424 83 27 34 1939 1932 55 1235 81 3 8 119 76 146 8 70
97576 743 48 199 15 669 2440 1315 367 208 29 54 1187 455 257 317 0 489 23 965 181 35 12 15 813 811 25 539 34 1 3 50 29 62 3 30
97580 743 48 466 40 1606 5977 3238 864 495 72 136 2812 1102 613 756 0 1214 65 2414 439 85 33 39 1980 2016 52 1299 79 3 7 118 81 154 9 65
97581 740 45 359 27 1199 4396 2364 663 366 51 96 2094 822 459 548 0 869 45 1728 321 63 22 26 1459 1465 42 953 62 2 6 93 57 109 7 54
97582 740 45 339 23 1142 4239 2202 637 352 47 97 1984 770 448 529 0 844 36 1630 306 61 20 23 1397 1382 40 885 62 2 7 86 55 107 6 58
97586 662 40 274 19 897 3297 1737 496 284 37 75 1570 622 350 392 0 647 33 1274 243 47 16 20 1096 1082 31 708 45 1 5 66 43 85 4 39
97595 663 28 925 65 3080 11384 5987 1711 946 134 257 5401 2085 1208 1378 0 2242 112 4415 828 164 57 65 3796 3716 103 2425 160 7 16 231 148 284 17 141
97596 648 30 457 36 1533 5649 3017 854 479 67 121 2663 1051 597 682 0 1128 55 2209 422 80 30 35 1887 1871 50 1216 78 2 7 116 72 146 9 70
97598 646 29 291 22 968 3590 1895 536 307 43 82 1692 660 381 431 0 714 35 1404 269 50 18 21 1196 1180 31 768 49 2 5 71 45 94 5 43
97604 647 29 181 13 591 2194 1165 329 177 23 50 1047 406 228 273 0 438 21 864 157 29 9 12 723 727 22 473 30 1 2 43 29 56 3 26
97605 647 29 605 45 2035 7463 3962 1122 623 85 168 3494 1373 785 881 0 1476 72 2897 549 103 35 44 2466 2466 66 1583 106 4 11 154 104 185 12 92
97606 635 25 196 16 680 2456 1344 368 210 30 51 1160 468 261 310 0 499 25 992 179 34 14 16 819 825 21 547 31 1 3 50 31 65 3 27
97607 625 25 37 2 125 453 249 68 37 5 10 221 89 48 57 0 87 5 182 32 6 2 2 158 151 4 105 5 0 0 8 5 12 0 5
97608 646 28 442 38 1535 5534 3026 851 463 63 123 2663 1041 586 707 0 1114 55 2200 409 76 30 36 1831 1859 51 1225 74 3 8 111 78 141 8 65
97609 629 52 305 24 1066 3904 2143 568 325 46 88 1845 730 401 490 0 776 45 1580 285 52 21 23 1288 1305 34 861 50 2 4 79 54 97 5 43
97610 629 52 78 5 250 944 466 144 75 9 22 454 172 101 123 0 183 7 357 66 13 3 4 305 307 9 189 14 0 1 19 11 22 1 13
97612 630 52 773 64 2639 9637 5235 1448 816 117 212 4570 1790 1017 1183 1 1921 108 3868 721 132 54 62 3219 3215 90 2120 128 6 12 197 129 250 13 101
97613 630 29 280 21 899 3358 1757 498 285 37 77 1594 623 353 413 0 661 32 1306 248 46 16 20 1116 1089 31 724 49 2 4 63 44 86 4 41
97614 628 28 536 44 1780 6639 3495 993 561 74 151 3174 1219 692 802 0 1306 64 2581 493 97 33 40 2219 2196 64 1417 89 3 8 136 87 165 9 80
97615 628 28 517 35 1697 6282 3283 945 527 68 140 2952 1162 663 764 0 1231 60 2435 460 93 28 35 2074 2057 59 1334 90 4 9 132 80 160 10 81
97616 602 25 302 22 1033 3722 2009 585 306 41 85 1785 703 402 474 0 745 33 1471 265 54 17 21 1225 1236 36 801 54 1 5 78 53 94 6 48
97617 603 25 373 28 1241 4530 2396 700 373 48 103 2193 845 484 583 0 896 40 1770 329 66 19 26 1509 1486 46 979 66 2 6 93 60 114 7 60
97620 598 25 625 49 2093 7752 4098 1164 655 89 172 3652 1422 807 922 0 1530 79 3023 577 111 40 44 2594 2553 70 1658 106 4 10 157 100 196 11 94
97622 622 27 97 7 339 1233 662 189 104 14 27 588 234 129 163 0 245 12 503 90 18 5 5 402 406 12 270 16 1 1 25 17 29 1 13
97624 609 27 376 26 1234 4601 2440 673 388 54 103 2132 844 480 535 0 905 46 1796 338 69 24 29 1536 1516 41 992 63 3 6 92 57 120 6 55
97625 608 25 1083 85 3674 13366 7262 2011 1128 156 295 6312 2517 1416 1630 0 2657 142 5314 991 189 69 83 4448 4419 128 2960 180 8 18 278 177 341 20 154
97626 605 27 208 15 702 2540 1362 381 220 30 55 1199 479 271 315 0 505 23 1006 192 35 13 16 844 827 24 561 34 1 3 50 35 65 4 30
97627 629 32 538 38 1793 6538 3451 1010 544 74 147 3136 1211 701 810 0 1290 60 2539 475 98 30 37 2164 2143 62 1404 94 3 9 131 84 164 10 84
97629 626 29 513 41 1728 6311 3395 950 536 75 140 2991 1196 665 804 0 1260 68 2514 471 91 32 38 2091 2091 60 1386 87 4 8 128 83 157 9 74
97630 602 25 502 38 1677 6169 3260 945 512 69 140 2927 1149 657 783 0 1229 57 2427 455 89 30 36 2049 2038 55 1322 89 3 8 125 79 154 10 80
97631 593 40 103 7 334 1223 655 182 103 14 25 582 226 126 150 0 239 13 486 89 17 5 6 409 399 11 270 16 0 1 26 15 31 2 14
97632 597 42 72 5 234 865 461 129 72 10 20 399 158 87 104 0 172 6 343 60 11 4 4 287 293 5 181 11 0 1 18 11 21 1 11
97633 596 40 1001 81 3375 12383 6630 1868 1035 142 277 5857 2305 1302 1503 0 2468 128 4899 914 174 65 77 4133 4097 115 2682 170 6 17 251 164 317 18 148
97636 596 33 37 2 129 461 238 71 39 5 9 227 87 50 65 0 93 3 187 33 5 1 1 146 155 4 96 6 0 0 10 6 10 0 6
97637 596 32 70 5 220 840 424 125 70 9 19 393 152 86 102 0 167 6 315 61 11 4 4 278 271 8 173 12 0 1 17 11 20 1 12
97639 621 25 265 21 893 3251 1743 492 280 39 72 1542 606 346 391 0 646 34 1297 241 46 17 18 1089 1080 30 707 43 2 4 67 41 82 4 37
97641 675 45 264 20 902 3278 1787 494 270 37 73 1569 597 347 420 0 656 30 1308 238 46 15 21 1085 1096 28 722 46 1 4 67 44 81 5 41
97642 666 38 68 4 229 832 445 123 69 10 19 395 153 86 99 0 168 7 329 60 11 4 4 272 281 6 181 11 0 1 17 11 21 1 10
97643 667 37 376 24 1230 4555 2392 688 380 52 100 2123 831 485 540 0 900 42 1774 334 66 22 23 1494 1507 40 954 64 2 6 91 61 115 8 61
97645 669 33 322 23 1083 3998 2126 588 343 48 90 1894 746 422 477 0 794 42 1569 300 55 21 23 1337 1312 35 856 55 2 5 80 53 101 5 49
97646 662 25 40 3 128 476 242 73 40 5 10 232 87 48 59 0 94 4 183 35 6 2 2 157 157 4 96 6 0 0 8 7 11 0 6
97649 656 25 196 15 666 2412 1310 369 207 30 50 1172 463 254 314 0 477 26 971 177 34 13 15 807 806 25 527 32 1 3 51 31 61 3 27
97650 666 39 160 11 539 2007 1067 294 169 22 45 938 370 210 240 0 395 22 788 150 30 10 12 673 651 18 431 28 1 2 43 24 51 3 24
97654 648 27 469 35 1546 5737 3019 848 482 67 130 2682 1067 603 707 0 1130 56 2248 421 80 30 33 1909 1878 52 1225 78 3 7 116 76 147 8 67
97657 794 25 167 12 551 2077 1065 310 178 24 46 980 375 217 243 0 407 22 786 157 29 10 13 702 677 19 432 30 1 3 40 24 55 3 26
97660 763 25 361 25 1197 4476 2361 657 383 54 96 2090 819 467 539 0 889 47 1755 334 65 24 24 1498 1474 43 957 59 2 5 92 55 116 6 54
97663 735 52 438 32 1471 5342 2872 819 451 62 119 2531 996 560 667 0 1074 53 2108 392 74 26 32 1763 1777 51 1166 74 2 7 107 71 137 8 64
97664 730 39 247 20 851 3039 1684 453 262 36 67 1459 582 314 397 0 611 32 1234 227 44 17 20 1020 1000 28 688 41 2 4 63 39 76 4 35
97666 716 33 583 46 1925 7207 3828 1052 625 90 163 3370 1342 745 863 0 1410 80 2824 547 104 40 42 2421 2352 69 1545 93 4 9 146 94 182 10 79
97667 721 33 621 47 2118 7636 4085 1155 643 87 172 3629 1436 807 983 0 1528 80 3021 563 106 37 46 2533 2511 72 1662 105 4 11 158 102 189 11 93
97673 722 33 127 10 434 1580 871 232 135 20 32 748 304 163 209 0 320 19 656 115 22 9 8 525 529 15 358 20 1 2 32 22 40 2 15
97674 722 33 135 10 466 1684 894 256 143 19 38 808 317 179 208 0 330 17 655 124 24 8 10 567 551 17 366 24 1 2 34 20 41 2 20
97675 741 32 604 44 2016 7434 3914 1121 624 85 167 3531 1388 789 909 0 1460 75 2889 543 107 37 43 2477 2428 74 1582 106 4 10 150 99 188 10 90
97677 698 33 1490 110 4960 18352 9743 2754 1547 218 411 8639 3400 1931 2199 1 3620 190 7190 1369 269 95 108 6124 6057 178 3954 252 11 24 368 242 475 27 220
97684 701 33 378 27 1226 4626 2434 658 389 51 104 2125 845 474 549 0 914 45 1815 344 63 21 28 1517 1520 40 984 64 2 6 92 65 117 6 56
97686 750 50 423 32 1440 5230 2823 791 428 59 118 2467 960 553 636 0 1047 51 2058 379 73 26 34 1731 1747 43 1131 72 2 7 103 70 128 8 66
97687 750 50 111 9 375 1362 720 214 106 12 31 660 250 141 174 0 271 11 532 96 18 5 7 442 458 12 289 20 0 2 28 17 33 2 18
