98558 755 28 109 8 359 1340 690 198 111 13 30 629 243 141 159 0 263 12 505 96 19 5 6 439 432 13 274 19 0 2 29 18 33 1 17
98560 756 28 587 40 1941 7210 3760 1082 597 81 163 3382 1313 756 879 0 1414 70 2802 517 101 33 42 2362 2386 68 1506 98 4 10 146 96 177 11 90
98563 724 28 410 35 1426 5081 2770 793 428 58 112 2465 964 542 664 0 1020 51 2025 377 71 25 30 1701 1681 48 1139 69 3 7 107 67 125 7 59
98564 725 28 431 31 1458 5296 2776 812 440 58 120 2524 993 564 662 0 1043 51 2058 387 73 24 27 1754 1731 46 1127 77 2 8 104 73 129 8 69
98568 790 75 1109 87 3721 13684 7255 2050 1161 159 304 6442 2535 1444 1699 0 2734 134 5378 1028 193 73 83 4548 4485 129 2986 189 8 18 278 173 350 20 166
98569 786 72 535 38 1782 6464 3469 976 547 76 142 3066 1207 680 777 0 1273 66 2525 480 91 33 37 2151 2139 58 1397 90 4 9 132 87 163 9 77
98573 769 61 67 4 236 841 458 128 67 8 19 405 158 91 104 0 163 8 332 60 13 4 5 282 281 7 185 12 0 1 17 10 20 1 11
98574 768 60 1044 79 3473 12783 6851 1894 1087 148 280 5996 2386 1347 1527 0 2542 135 5033 951 189 67 77 4274 4193 115 2795 177 7 17 263 172 336 18 151
98575 809 72 272 20 898 3339 1753 502 281 37 75 1587 623 355 406 0 662 32 1286 249 48 16 18 1110 1090 33 703 47 1 4 68 44 85 5 40
98576 732 39 386 30 1297 4784 2536 717 401 57 105 2259 891 509 590 0 944 48 1901 353 68 26 28 1592 1570 43 1027 67 2 6 98 63 122 7 58
98578 732 39 734 56 2405 8957 4763 1344 748 103 202 4232 1650 935 1060 0 1761 91 3503 668 130 44 53 2958 2967 85 1913 123 5 12 183 120 232 13 109
98579 734 39 439 32 1451 5426 2803 826 454 62 126 2561 996 578 650 0 1067 50 2066 399 78 27 29 1798 1773 49 1128 77 3 8 108 69 139 8 70
98583 741 26 413 31 1346 4953 2617 769 420 57 111 2341 924 529 598 0 970 49 1919 363 72 25 31 1656 1608 48 1054 68 3 7 103 67 127 7 62
98585 731 25 40 2 125 455 233 72 39 5 9 220 89 50 58 0 90 3 178 32 6 2 1 152 144 4 94 6 0 0 9 6 12 0 6
98586 737 27 637 51 2178 7902 4286 1205 671 100 166 3742 1492 845 965 0 1565 85 3152 586 113 46 48 2643 2605 74 1738 107 5 10 163 104 205 13 89
98587 734 25 430 34 1441 5314 2804 789 454 62 123 2512 977 548 626 0 1053 58 2064 399 74 28 32 1770 1747 49 1132 75 2 7 103 69 139 7 64
98588 732 25 838 65 2774 10242 5421 1536 859 116 229 4861 1877 1075 1221 0 2028 96 4011 756 146 51 59 3408 3367 89 2170 143 5 15 213 136 262 15 128
98589 732 25 39 2 125 478 239 72 40 5 11 218 88 51 55 0 90 4 174 35 7 2 2 161 150 5 98 7 0 0 10 6 12 0 6
98590 730 25 98 9 334 1209 644 184 107 14 26 591 239 133 167 0 243 13 496 91 18 6 7 401 394 14 271 16 1 1 24 15 30 1 14
98591 732 25 108 7 356 1325 689 204 106 14 29 636 243 142 163 0 260 11 513 93 19 6 7 432 442 13 273 18 0 2 26 18 33 2 17
98592 730 25 350 27 1169 4295 2325 632 357 51 95 2023 811 443 527 0 853 45 1716 318 59 21 23 1428 1429 38 938 55 2 5 84 61 107 6 48
98594 737 37 212 18 733 2664 1455 401 236 34 57 1278 511 279 334 0 533 32 1067 205 39 15 17 907 874 27 607 34 1 2 53 33 67 3 28
98597 730 33 241 15 786 2918 1538 437 247 34 61 1347 544 306 354 0 577 26 1138 216 40 14 15 963 949 29 628 41 1 4 63 40 73 4 35
98598 731 33 164 12 556 2035 1093 307 174 23 44 959 382 215 253 0 403 22 798 154 30 11 11 683 667 20 444 28 1 3 41 26 50 3 24
98599 730 33 168 11 560 2060 1087 317 172 24 47 973 381 217 264 0 406 19 805 150 29 10 11 688 683 19 444 30 1 3 41 27 51 3 27
98602 730 33 201 16 677 2469 1321 370 211 29 55 1165 466 258 307 0 486 25 985 184 36 11 14 829 808 25 540 33 1 3 53 32 64 3 29
98604 732 33 1141 88 3847 14105 7567 2140 1198 168 317 6684 2634 1493 1749 0 2821 150 5628 1047 199 72 85 4698 4686 131 3064 191 9 19 284 189 360 20 165
98608 730 33 780 60 2623 9688 5177 1456 832 115 218 4615 1797 1030 1192 0 1932 100 3817 724 140 53 59 3252 3188 94 2104 133 6 13 195 123 252 14 117
98610 717 26 746 55 2446 9074 4759 1372 759 102 204 4263 1695 958 1105 0 1784 91 3510 664 129 43 52 2993 2964 85 1943 130 5 12 183 122 236 14 111
98614 715 30 70 4 236 873 457 130 73 9 19 412 159 93 102 0 167 8 339 63 13 4 4 291 285 8 182 12 0 1 18 11 22 1 10
98616 733 25 74 4 241 912 447 140 76 9 20 428 163 97 113 0 177 7 342 64 13 3 4 292 296 10 182 14 0 1 19 12 24 1 11
98617 733 25 1947 148 6560 24115 12873 3629 2023 289 543 11454 4476 2548 3015 0 4812 251 9516 1776 347 128 157 8045 7967 228 5222 333 15 34 492 315 616 37 287
98618 716 25 174 13 570 2128 1127 312 176 23 48 996 392 224 258 0 414 21 824 153 29 10 13 705 697 19 455 30 1 2 44 30 54 3 25
98619 713 25 299 22 989 3654 1935 549 308 43 79 1721 681 394 453 0 723 34 1442 267 52 19 20 1211 1200 33 787 50 2 4 76 46 94 6 45
98622 711 25 348 24 1154 4255 2229 641 355 48 94 2031 790 450 510 0 834 39 1631 313 61 22 23 1423 1401 40 893 58 2 6 86 54 107 6 53
98625 693 25 70 5 228 844 442 126 72 9 17 398 158 89 101 0 163 8 325 62 12 4 4 288 272 8 176 12 0 1 18 11 22 1 10
98628 755 26 129 10 443 1629 870 241 140 21 35 766 304 172 199 0 323 16 643 121 25 10 9 549 533 17 349 22 0 1 32 21 43 2 17
98630 755 26 206 13 678 2482 1308 381 204 28 54 1166 458 263 311 0 492 20 970 176 37 11 13 818 811 22 535 34 1 3 52 33 62 4 33
98632 755 25 105 8 357 1262 682 199 107 14 26 616 240 140 159 0 251 11 496 91 18 6 7 415 413 12 281 18 0 1 25 17 32 2 16
98637 734 28 199 14 667 2486 1326 373 209 30 54 1156 468 259 296 0 492 26 985 182 36 13 13 826 813 24 541 34 1 3 51 32 65 4 29
98639 795 66 205 16 687 2526 1332 381 209 28 57 1197 469 264 304 0 500 24 981 188 34 12 15 832 829 24 546 34 1 3 52 34 62 3 31
98640 795 66 106 9 339 1262 685 182 112 14 27 570 237 127 140 0 248 14 508 97 17 6 8 420 420 12 279 16 1 1 25 17 33 1 12
98641 793 66 488 39 1640 6041 3270 901 518 74 129 2845 1124 633 727 0 1194 63 2382 458 87 33 40 2018 2009 54 1309 82 4 8 126 80 155 9 67
98644 790 58 70 5 247 878 462 144 73 9 19 426 168 95 119 0 178 8 347 64 13 4 5 291 288 8 193 12 0 1 18 11 22 1 11
98646 866 65 171 12 581 2105 1105 324 175 22 47 1027 395 224 268 0 418 18 813 154 29 9 11 692 688 21 450 31 0 2 43 28 56 3 26
98647 861 61 463 36 1545 5729 3032 842 486 66 124 2687 1061 596 696 0 1126 59 2246 431 83 30 35 1907 1882 58 1219 79 4 8 117 77 147 8 64
98652 862 61 948 69 3150 11641 6159 1752 968 131 259 5473 2143 1221 1414 0 2308 111 4531 850 165 54 65 3835 3858 105 2481 162 5 17 236 160 292 18 147
98656 841 40 237 19 787 2911 1550 446 243 34 63 1368 549 305 338 0 570 32 1138 214 39 13 17 968 949 27 633 40 2 3 59 41 77 4 33
98658 857 38 224 20 764 2767 1511 423 235 34 60 1318 531 292 342 0 557 31 1126 210 40 15 16 930 920 26 624 36 2 3 59 35 72 4 30
98659 859 37 565 42 1903 6982 3750 1045 588 81 155 3292 1306 728 868 0 1383 71 2771 518 98 35 43 2294 2318 68 1519 96 5 9 145 95 172 10 81
98660 787 30 390 30 1309 4855 2590 709 405 58 109 2299 911 506 603 0 958 52 1933 359 67 25 28 1620 1601 46 1049 63 3 6 97 65 124 6 53
98661 787 30 475 38 1618 5897 3236 883 498 72 128 2807 1122 614 717 0 1168 66 2383 442 87 32 35 1969 1964 55 1301 76 4 7 122 82 149 8 63
98663 789 29 1706 132 5728 21037 11245 3157 1765 244 479 9948 3908 2203 2608 1 4200 215 8299 1541 296 102 130 6964 6984 198 4547 300 11 29 429 286 535 31 251
98664 804 31 140 9 464 1733 899 256 144 19 41 810 318 180 202 0 332 18 668 127 24 8 10 583 555 17 364 24 1 2 35 24 45 2 21
98665 813 29 102 7 342 1269 661 186 105 13 29 600 235 133 160 0 253 11 495 95 17 5 7 418 416 11 273 18 0 1 27 17 31 2 17
98666 814 29 963 77 3274 11942 6471 1790 1006 144 269 5677 2211 1253 1459 0 2388 127 4731 885 172 65 76 3983 3991 108 2616 160 6 16 240 155 310 17 140
98667 809 25 966 78 3286 11961 6423 1822 1016 142 266 5651 2244 1253 1446 0 2361 132 4717 896 171 62 71 3991 3938 116 2616 163 7 16 241 155 307 17 140
98668 808 26 356 25 1202 4386 2348 669 369 51 97 2051 824 468 496 0 870 44 1715 327 63 22 25 1456 1444 36 948 59 3 6 92 60 112 7 53
98671 818 30 281 21 945 3511 1856 523 293 42 79 1652 644 369 421 0 689 35 1384 257 50 17 21 1160 1168 34 745 49 2 5 68 51 89 4 41
98672 809 30 501 38 1680 6256 3288 943 529 74 141 2932 1158 660 744 0 1219 67 2418 465 92 34 39 2092 2039 63 1335 85 4 8 124 79 165 9 73
98673 807 25 486 38 1679 6086 3302 925 502 68 139 2951 1129 639 764 0 1214 61 2413 451 86 29 39 2028 2039 56 1343 83 2 9 120 81 153 9 76
98676 737 48 231 17 772 2838 1524 419 238 33 63 1330 528 297 346 0 559 29 1113 210 41 13 18 951 930 26 621 39 1 3 58 39 72 4 35
98677 734 27 493 40 1663 6178 3293 908 515 71 140 2918 1130 644 758 0 1220 62 2436 453 87 29 35 2051 2063 58 1314 85 3 8 126 80 159 9 74
98679 722 26 372 28 1239 4586 2407 693 392 53 104 2159 853 479 549 0 901 49 1773 345 68 23 28 1535 1492 45 979 65 3 6 92 58 117 6 56
98680 715 25 324 25 1070 3945 2113 594 338 47 89 1875 738 418 474 0 785 40 1543 295 55 22 23 1319 1303 36 851 55 2 5 81 51 100 6 47
98681 744 36 269 20 910 3343 1769 494 280 37 75 1608 611 341 423 0 666 34 1324 249 48 15 19 1125 1101 31 715 45 1 4 66 43 83 4 40
98682 746 47 563 41 1890 6937 3675 1058 581 79 159 3304 1299 735 858 0 1386 68 2710 512 100 34 38 2309 2297 66 1491 94 4 10 141 90 174 10 85
98683 679 43 841 68 2765 10248 5492 1514 867 121 229 4799 1903 1074 1257 0 2029 115 4065 765 147 53 67 3435 3379 92 2247 136 7 14 207 136 273 14 117
98684 686 46 72 4 236 871 468 133 69 9 18 402 159 91 99 0 172 8 338 62 13 3 4 283 286 7 190 12 0 1 18 12 23 1 10
98685 685 43 208 15 691 2560 1361 380 213 29 58 1207 469 267 310 0 513 24 996 185 35 12 15 835 846 22 554 38 1 4 51 36 64 4 32
98686 680 44 246 15 796 2927 1532 447 242 33 64 1366 539 311 361 0 577 24 1135 209 44 13 15 962 954 26 626 42 1 4 62 39 73 5 39
98690 684 43 492 39 1659 6033 3205 924 502 70 135 2892 1132 644 743 0 1193 62 2373 437 89 30 33 2015 1979 59 1294 83 4 8 123 78 154 9 73
98691 682 43 443 34 1507 5474 2936 828 462 61 125 2626 1030 577 699 0 1100 55 2159 410 79 27 34 1824 1805 53 1213 75 2 7 107 67 139 8 69
98693 695 42 615 44 2044 7545 4101 1115 637 89 168 3541 1406 781 928 0 1484 84 2999 552 106 40 49 2498 2506 71 1639 101 5 9 156 104 194 11 84
98696 695 42 652 52 2171 7996 4237 1237 678 93 180 3804 1491 852 967 0 1580 80 3108 581 116 40 50 2675 2623 70 1722 110 4 11 163 108 207 13 98
98698 695 42 266 19 853 3288 1716 473 271 39 74 1501 603 342 368 0 636 36 1268 246 47 18 18 1095 1074 32 684 43 2 4 67 43 85 4 35
98699 698 42 259 20 891 3232 1767 496 273 39 70 1522 612 345 392 0 641 33 1276 242 48 18 23 1071 1072 33 717 43 2 4 66 42 83 4 35
98701 667 34 435 31 1473 5299 2831 823 439 57 116 2553 1001 569 694 0 1063 49 2084 388 75 24 32 1755 1748 47 1162 79 2 7 107 70 131 9 70
98702 663 31 157 14 534 1935 1088 285 165 23 40 907 368 206 233 0 392 21 798 146 25 12 14 654 647 17 444 25 1 2 41 25 50 3 21
98703 666 31 456 30 1509 5571 2908 852 459 64 125 2628 1026 597 675 0 1108 50 2144 401 81 26 31 1836 1838 52 1170 82 3 8 114 74 142 9 73
98708 697 33 1104 83 3693 13579 7167 2041 1148 158 300 6395 2507 1434 1625 1 2678 138 5283 1010 192 70 79 4532 4466 126 2890 191 7 20 274 179 353 20 164
98709 685 29 2354 178 7874 28970 15545 4332 2437 337 657 13670 5385 3026 3582 1 5760 302 11445 2120 408 144 182 9593 9616 273 6265 407 17 40 593 396 739 43 341
98713 683 29 411 31 1408 5090 2818 759 428 60 108 2384 949 530 610 0 1004 52 2023 377 72 27 33 1700 1698 46 1127 68 2 6 109 69 130 7 58
98714 672 28 170 12 575 2125 1142 315 178 25 45 1019 398 226 266 0 423 22 844 153 30 10 12 707 702 20 468 29 1 2 43 28 51 3 24
98716 669 28 307 23 1022 3764 1999 561 315 44 84 1764 694 395 453 0 736 38 1472 275 55 19 22 1252 1238 36 812 54 2 5 78 51 98 5 45
98718 668 27 266 18 897 3289 1742 507 273 37 76 1552 602 349 390 0 649 31 1276 239 47 16 19 1085 1074 30 704 48 1 5 68 44 81 5 43
98721 673 25 137 10 441 1656 872 242 137 19 35 772 302 173 199 0 329 15 638 120 22 8 11 545 541 14 356 23 0 2 34 22 41 2 20
98722 671 25 409 29 1384 5032 2684 775 422 56 113 2390 939 535 634 0 999 50 1996 368 74 25 30 1665 1660 47 1101 74 2 7 102 69 128 7 64
98723 698 29 731 55 2440 9074 4797 1353 762 107 201 4269 1667 948 1094 0 1796 93 3533 659 131 48 55 3038 2988 87 1941 125 4 12 185 118 240 13 107
98724 663 37 637 51 2152 7950 4233 1190 659 93 178 3707 1472 833 934 0 1579 81 3137 587 111 42 45 2626 2646 70 1689 106 4 11 167 109 204 12 92
98725 662 29 256 20 869 3124 1699 484 265 39 66 1478 596 333 387 0 622 32 1252 230 45 17 20 1036 1037 29 688 44 1 4 63 42 81 5 36
98727 662 29 375 26 1264 4615 2449 699 381 50 107 2186 837 488 554 0 916 41 1799 336 65 20 27 1511 1532 40 971 69 1 7 94 64 117 7 59
98731 669 29 723 56 2424 8949 4768 1335 755 107 201 4187 1643 935 1063 0 1745 91 3492 675 128 45 55 2971 2955 82 1902 127 4 12 180 118 230 13 109
98732 665 33 38 2 121 457 233 70 39 5 9 211 85 48 57 0 89 4 177 33 7 2 2 149 146 4 98 6 0 0 9 5 12 0 5
98733 665 32 229 17 770 2868 1520 423 234 33 65 1345 531 299 345 0 570 28 1134 208 41 15 17 956 950 27 620 39 1 4 60 39 74 4 34
98737 663 29 179 13 603 2210 1159 331 186 23 48 1045 405 227 268 0 434 20 856 165 31 9 14 729 733 23 476 31 1 2 46 29 56 3 27
98738 660 29 872 63 2873 10593 5603 1609 878 120 239 4984 1939 1128 1275 0 2101 100 4108 771 149 52 60 3523 3502 93 2268 152 4 15 218 142 270 16 135
98741 659 29 1588 120 5283 19531 10407 2911 1645 238 433 9221 3622 2054 2385 0 3878 209 7703 1448 281 109 114 6535 6426 181 4198 268 12 27 396 255 497 28 231
98742 668 29 790 61 2654 9680 5228 1469 816 114 212 4562 1821 1020 1180 0 1918 100 3841 714 138 51 59 3213 3189 88 2123 132 7 13 201 130 241 14 113
98743 667 29 535 39 1797 6651 3526 1006 549 79 152 3147 1231 703 818 0 1318 65 2609 484 94 32 39 2201 2190 60 1421 92 4 10 135 89 170 10 82
98751 693 32 922 69 3060 11308 6005 1712 956 134 252 5348 2100 1186 1381 0 2231 118 4437 837 165 61 68 3765 3721 107 2426 157 6 15 231 143 290 17 137
98753 666 25 682 49 2267 8447 4490 1253 699 99 192 3938 1567 883 1041 0 1677 90 3342 610 120 44 53 2793 2786 77 1818 117 4 12 169 117 218 14 100
98754 668 25 321 26 1099 4023 2228 597 338 48 88 1887 769 418 500 0 808 44 1623 295 55 22 29 1334 1346 38 916 53 3 4 81 52 107 6 42
98758 681 30 40 2 133 477 244 76 41 5 10 227 91 51 59 0 94 4 183 33 6 1 2 156 156 4 101 6 0 0 9 6 11 0 6
98759 676 25 73 5 231 899 462 128 76 9 21 427 165 89 119 0 175 8 357 67 13 4 4 306 295 9 187 11 0 1 17 11 22 1 9
98760 675 30 187 16 643 2343 1281 344 206 30 51 1087 440 236 275 0 468 28 929 179 32 14 15 788 784 20 513 29 1 3 48 30 61 3 24
98762 659 25 300 22 1005 3646 1990 559 304 44 81 1748 692 391 474 0 734 38 1469 261 50 20 21 1203 1211 33 809 51 2 5 72 51 92 6 43
98763 689 36 667 47 2221 8145 4349 1224 688 94 184 3880 1518 853 1023 0 1635 77 3203 595 115 41 45 2699 2694 75 1744 118 4 11 164 110 207 13 103
98764 688 37 124 11 419 1552 833 230 137 19 34 734 294 160 180 0 311 19 611 119 20 10 10 533 506 14 344 20 1 2 29 18 43 1 16
98765 712 47 661 54 2288 8323 4564 1238 695 101 179 3937 1545 882 1026 0 1661 92 3352 611 119 48 57 2781 2776 76 1837 113 5 10 170 114 209 13 92
98766 712 47 1316 108 4508 16433 8898 2480 1370 196 366 7790 3088 1725 2032 1 3276 177 6571 1226 226 92 100 5493 5472 146 3609 220 9 22 337 223 417 25 187
98767 676 45 2023 150 6758 24860 13219 3749 2071 288 564 11780 4606 2629 3058 1 4937 256 9758 1812 356 126 151 8290 8220 225 5361 339 12 36 503 330 630 37 306
98768 672 33 1130 82 3789 13875 7363 2127 1148 156 317 6628 2571 1467 1739 0 2774 128 5429 1015 199 66 82 4579 4588 130 2974 194 7 20 281 185 344 22 179
98769 669 32 354 28 1181 4391 2343 651 367 54 98 2054 816 457 541 0 881 47 1758 319 62 23 26 1454 1461 39 947 56 3 5 93 58 110 7 50
98770 682 25 1116 83 3733 13661 7248 2074 1157 161 306 6525 2537 1450 1694 1 2710 133 5319 1006 201 72 79 4551 4486 130 2946 191 7 19 278 177 347 21 169
98772 638 25 858 66 2905 10644 5669 1608 891 120 239 5043 1987 1117 1303 1 2110 109 4183 786 150 54 62 3552 3513 99 2303 146 6 14 211 139 276 15 125
98774 657 30 848 62 2846 10402 5570 1568 885 124 230 4901 1940 1103 1294 0 2059 105 4120 777 151 55 63 3472 3421 97 2263 144 6 14 215 136 266 16 126
98781 695 48 1225 95 4109 15037 8010 2285 1257 172 338 7175 2795 1589 1864 0 2991 146 5862 1115 215 75 90 4990 4977 143 3235 212 8 22 309 200 378 23 183
98783 693 44 109 7 358 1299 683 199 113 15 28 610 251 137 160 0 253 12 503 98 19 5 7 431 417 14 281 19 0 2 26 17 32 1 14
98784 684 35 375 27 1249 4595 2404 706 391 56 101 2169 852 485 553 0 892 45 1784 337 63 24 24 1540 1504 44 957 63 3 6 93 63 115 7 56
98785 678 25 234 21 794 2869 1555 440 245 35 65 1375 542 302 356 0 574 29 1149 210 40 15 18 966 950 27 622 39 2 4 57 38 74 4 32
98786 676 25 175 11 589 2173 1146 330 176 22 47 1015 393 226 266 0 421 20 851 160 31 10 12 712 718 20 464 31 1 3 43 30 55 3 28
98787 708 56 492 35 1636 5983 3241 899 503 72 130 2769 1099 628 708 0 1190 62 2358 437 83 34 38 1970 1992 55 1298 82 3 8 122 80 152 9 71
98791 709 56 239 18 797 2939 1526 444 243 31 68 1404 539 317 360 0 578 26 1136 217 43 13 15 971 969 27 605 41 1 4 62 35 73 4 39
98793 725 57 395 30 1345 4889 2652 749 409 57 108 2326 917 519 609 0 978 52 1955 355 66 23 31 1604 1641 46 1073 67 2 6 97 67 124 7 56
98796 717 59 1395 113 4766 17419 9425 2629 1455 209 385 8229 3259 1830 2121 1 3450 183 6899 1291 245 95 108 5781 5786 159 3807 238 10 24 358 234 446 27 203
98797 744 58 394 30 1334 4882 2619 741 413 57 107 2322 922 522 602 0 966 50 1913 363 72 25 29 1637 1602 49 1062 68 3 7 100 64 125 7 59
98798 750 43 738 52 2476 9042 4814 1366 751 101 207 4288 1673 950 1129 0 1805 85 3559 663 128 43 53 2977 3010 84 1947 129 5 12 187 121 223 14 113
98799 740 43 405 30 1361 4940 2616 754 417 57 113 2354 922 529 599 0 981 48 1904 362 69 24 29 1647 1620 45 1065 69 2 8 96 65 126 7 61
98800 741 43 620 47 2075 7598 4073 1153 645 90 171 3604 1427 801 916 0 1513 81 2989 568 107 39 46 2530 2508 73 1655 105 4 10 153 100 196 11 88
98805 741 43 1036 77 3480 12848 6914 1892 1092 155 288 6020 2378 1339 1579 0 2537 136 5085 954 179 71 79 4268 4237 117 2776 174 8 17 264 175 327 18 150
98806 740 43 1223 93 4051 14986 7968 2268 1258 175 338 7124 2785 1577 1829 1 2957 154 5873 1108 215 76 87 4970 4937 145 3212 208 9 20 304 201 384 22 180
98807 733 43 76 5 252 920 472 146 79 10 19 426 167 98 109 0 179 8 354 69 13 4 4 302 298 9 193 13 0 1 19 11 25 1 11
98809 729 43 135 11 455 1677 883 257 143 19 37 785 307 178 191 0 327 16 635 127 26 7 11 557 551 18 358 23 1 2 35 21 42 2 20
98810 724 43 67 4 237 853 456 129 72 10 18 407 160 91 103 0 170 9 344 66 12 4 5 281 280 7 184 11 0 1 16 10 21 1 9
98812 728 43 784 58 2622 9660 5091 1467 819 113 217 4563 1791 1023 1155 0 1912 99 3752 714 139 47 56 3205 3176 85 2065 134 5 14 193 126 246 14 120
98814 739 52 388 31 1350 4779 2626 749 396 56 102 2285 902 504 628 0 971 44 1928 350 68 24 30 1572 1603 41 1075 69 2 7 101 64 116 8 61
98815 728 42 343 26 1138 4179 2228 638 350 48 94 1980 777 440 519 0 836 42 1648 308 59 21 26 1379 1389 40 907 56 2 6 84 56 102 5 48
98820 728 42 41 2 136 494 254 76 40 5 11 242 91 52 63 0 96 4 188 34 7 2 2 160 160 5 103 7 0 0 10 6 12 0 6
98826 749 43 297 24 1000 3671 1982 541 308 44 80 1747 686 387 458 0 728 38 1452 272 51 20 23 1230 1222 36 799 48 2 4 78 47 92 5 39
98827 748 42 148 9 486 1801 941 270 152 20 41 848 337 189 225 0 356 16 698 130 26 8 10 587 592 18 386 26 1 2 35 24 47 2 23
98829 734 40 108 7 365 1320 687 207 108 14 30 634 245 142 176 0 263 11 514 96 18 5 7 433 426 12 283 20 0 2 25 16 33 2 17
98830 735 41 103 7 343 1267 686 181 106 15 29 586 235 130 146 0 252 14 505 89 18 7 8 425 420 10 279 16 0 1 26 15 34 2 14
98834 708 28 336 27 1167 4242 2306 644 361 53 91 2011 801 449 519 0 847 51 1676 318 58 27 29 1430 1403 35 931 57 2 6 84 55 107 6 48
98835 726 46 146 10 491 1810 936 277 148 18 41 861 330 191 221 0 359 14 703 130 26 7 12 598 598 16 382 27 0 2 36 24 46 2 25
98837 704 25 305 23 1032 3744 1992 578 311 41 86 1799 700 396 454 0 734 34 1454 273 54 17 22 1245 1239 33 802 55 1 6 73 49 94 5 48
98839 708 25 193 16 653 2375 1268 364 202 28 53 1138 448 249 305 0 486 23 939 175 34 12 13 781 783 22 522 33 1 3 48 29 59 4 29
98840 709 25 128 9 421 1529 833 233 132 19 33 716 296 157 194 0 306 17 614 116 23 8 9 507 502 14 340 20 1 1 31 20 34 2 18
98844 716 25 70 5 233 845 451 124 73 8 18 402 162 87 118 0 169 8 342 62 12 3 5 278 274 9 187 11 0 1 17 11 20 1 9
98847 709 25 932 69 3112 11395 6101 1727 951 132 251 5409 2118 1204 1385 0 2256 111 4488 835 161 59 68 3797 3762 103 2470 158 6 15 237 152 294 18 140
98849 709 25 40 3 132 489 256 73 41 4 11 229 90 49 55 0 98 5 189 35 6 2 3 159 161 4 103 7 0 0 9 6 12 0 6
98853 708 25 325 25 1103 4006 2155 611 337 45 90 1902 752 426 485 0 799 43 1582 293 58 21 24 1343 1319 39 869 56 2 5 82 54 103 5 46
98854 741 49 559 47 1891 6897 3708 1041 584 81 154 3275 1295 729 844 0 1376 71 2739 509 96 37 41 2305 2272 64 1508 95 4 9 140 95 175 10 78
98856 732 32 144 10 472 1735 917 267 143 19 39 818 318 189 204 0 342 16 660 124 24 7 10 571 569 16 370 25 1 2 35 25 43 2 22
98857 711 26 343 25 1120 4208 2191 614 359 49 96 1972 774 444 505 0 830 42 1636 317 58 21 26 1397 1372 37 887 57 2 6 84 59 108 6 48
98858 703 25 573 42 1874 7029 3666 1035 591 80 159 3289 1290 735 835 0 1376 71 2731 520 101 37 42 2341 2309 67 1483 98 4 9 145 92 183 10 86
98859 702 25 179 12 603 2197 1158 344 182 23 51 1047 409 235 273 0 433 17 846 155 30 9 12 721 716 22 476 33 1 3 43 31 57 3 28
98863 706 27 39 3 129 491 244 72 43 5 10 221 89 54 52 0 91 4 178 39 8 3 2 166 158 4 97 7 0 0 10 6 12 0 7
98865 707 27 99 8 335 1237 664 183 112 15 27 581 235 129 159 0 244 16 503 99 17 7 8 417 398 13 275 16 0 1 25 15 31 1 11
98866 728 35 98 7 345 1255 672 189 104 15 28 595 238 131 152 0 243 13 494 92 17 6 8 422 414 12 273 16 0 1 25 17 31 1 14
98869 713 25 241 17 796 2947 1552 445 252 35 67 1376 550 306 367 0 578 29 1149 221 43 16 18 987 953 31 625 41 1 4 60 37 75 4 34
98870 712 25 143 9 484 1739 914 271 140 18 39 838 320 187 230 0 348 13 676 123 25 7 8 571 578 14 371 27 0 3 34 21 42 3 26
98872 710 27 898 74 3077 11146 6054 1680 946 135 248 5334 2096 1170 1407 0 2249 118 4471 832 157 60 68 3727 3714 105 2467 150 7 15 227 152 284 16 123
98873 703 25 423 32 1437 5281 2781 802 439 61 117 2494 978 560 626 0 1045 53 2054 386 75 27 30 1770 1727 49 1133 72 2 7 105 69 132 8 67
98874 728 29 1172 92 3963 14641 7822 2171 1248 175 319 6882 2756 1532 1756 0 2891 162 5766 1108 208 78 88 4920 4797 138 3182 192 9 19 299 189 382 20 164
98876 727 28 693 52 2348 8599 4550 1327 715 100 195 4080 1598 914 1062 0 1698 79 3354 633 125 42 47 2858 2811 79 1841 124 4 12 177 114 215 13 112
98877 716 25 797 62 2651 9797 5192 1471 828 118 217 4636 1831 1030 1227 0 1952 98 3859 730 139 53 57 3257 3214 97 2109 134 7 14 203 129 248 14 115
98878 717 25 398 30 1326 4853 2618 725 418 59 105 2298 915 513 598 0 964 51 1946 351 69 24 29 1616 1613 45 1066 64 3 6 100 60 121 7 57
98879 714 32 96 7 326 1184 638 177 102 15 25 565 227 127 153 0 238 13 477 88 18 7 6 401 388 12 263 16 1 1 24 13 30 1 13
98881 710 29 493 39 1664 6128 3252 933 512 72 137 2902 1146 644 746 0 1226 62 2406 453 85 32 34 2036 2019 55 1321 85 4 9 121 82 155 9 73
98882 710 29 679 51 2264 8365 4487 1251 699 99 186 3943 1543 881 1048 0 1671 83 3310 617 120 43 52 2748 2772 80 1819 119 4 12 172 106 208 13 104
98886 734 44 766 58 2552 9402 5028 1400 790 107 209 4459 1746 981 1180 0 1868 94 3719 699 132 46 54 3128 3106 86 2040 127 5 12 194 123 237 13 110
98887 734 43 41 2 134 489 246 79 40 5 12 236 91 53 58 0 94 2 181 35 6 2 2 163 155 4 100 6 0 0 9 6 11 0 6
98890 734 43 1475 111 4900 18077 9545 2754 1527 206 407 8532 3337 1916 2212 1 3573 177 7044 1347 262 90 111 6008 5951 177 3891 255 10 25 369 232 469 27 227
98891 683 25 495 37 1645 6095 3222 916 513 70 136 2885 1126 644 751 0 1201 62 2391 452 87 33 37 2035 2009 58 1319 84 3 8 125 81 158 9 74
98892 684 25 1095 84 3697 13520 7131 2066 1133 152 313 6466 2519 1436 1703 1 2701 130 5289 993 192 64 77 4476 4452 129 2906 195 8 19 272 177 337 21 171
98894 699 28 74 4 247 907 463 138 74 10 21 432 164 96 111 0 178 7 345 62 13 3 4 299 294 7 186 13 0 1 17 12 23 1 13
98895 720 50 498 38 1680 6211 3302 924 516 71 140 2931 1133 642 749 0 1239 60 2437 456 88 31 33 2072 2068 53 1326 85 2 9 124 82 155 9 78
98898 719 49 109 6 366 1361 692 201 110 14 32 649 246 143 170 0 265 9 516 95 19 5 7 449 444 11 280 20 0 2 28 17 35 2 20
98900 716 43 198 13 666 2433 1284 373 206 27 55 1150 456 260 297 0 478 23 935 178 36 12 14 811 789 21 520 36 1 3 47 33 61 4 32
98901 713 43 172 12 577 2116 1112 321 176 25 49 989 389 223 257 0 415 21 819 156 32 11 12 697 698 20 439 32 1 3 44 27 55 3 27
98903 714 46 1862 141 6262 22902 12204 3483 1914 267 514 10884 4266 2423 2842 1 4558 227 9023 1689 324 113 139 7599 7575 213 4958 319 13 32 465 300 574 35 282
98904 712 43 982 76 3318 12237 6585 1839 1028 152 275 5759 2276 1290 1488 0 2432 132 4823 902 175 68 77 4072 4053 110 2640 166 8 17 249 162 314 18 145
98905 711 43 1180 87 3918 14414 7603 2172 1203 163 324 6766 2663 1522 1720 1 2861 139 5599 1051 205 68 82 4745 4767 135 3060 206 8 22 298 196 360 22 181
98907 708 41 560 41 1870 6921 3657 1037 577 79 157 3268 1283 725 844 0 1391 69 2719 510 96 34 37 2298 2285 65 1485 94 3 9 143 91 175 10 85
98910 707 31 340 27 1180 4286 2325 641 361 53 95 2040 811 442 550 0 866 47 1723 315 61 23 26 1416 1435 40 939 58 3 6 88 54 103 6 51
98911 705 31 1368 110 4636 16969 9171 2552 1437 206 377 7987 3179 1785 2139 1 3383 187 6827 1256 240 90 109 5637 5647 164 3737 226 12 22 343 218 431 26 191
98912 704 29 426 34 1440 5203 2824 800 440 62 116 2464 978 552 653 0 1047 54 2079 377 74 26 30 1715 1746 45 1140 72 3 7 104 68 129 8 65
98913 700 29 164 13 540 2027 1069 293 173 24 47 950 373 212 237 0 392 22 788 146 30 12 11 692 655 17 436 26 1 2 41 26 53 2 23
98916 713 30 739 58 2490 9169 4924 1376 767 109 208 4349 1712 970 1143 0 1818 95 3634 670 131 48 54 3050 3042 86 1984 126 5 13 184 123 231 13 108
98918 712 39 413 35 1444 5161 2849 791 432 61 111 2462 984 548 661 0 1038 52 2097 387 76 29 35 1715 1721 45 1169 71 2 7 105 68 133 8 61
98922 709 25 319 25 1102 3990 2166 616 331 49 87 1904 756 424 491 0 800 44 1569 292 57 22 26 1336 1319 39 875 55 2 5 80 52 102 6 46
98923 736 43 925 71 3109 11354 6053 1734 945 134 259 5401 2104 1202 1406 1 2262 111 4474 829 163 56 68 3758 3794 101 2437 156 5 17 235 155 287 17 138
98925 710 25 99 7 330 1223 633 181 105 13 26 572 229 130 156 0 243 12 480 88 18 6 6 399 394 13 262 16 1 1 26 15 30 1 14
98927 709 25 559 43 1897 6862 3674 1067 570 81 153 3260 1295 741 849 0 1370 70 2699 501 99 35 41 2288 2265 62 1504 96 3 10 138 93 180 11 84
98928 710 25 77 4 258 928 481 146 73 9 20 446 175 102 118 0 183 6 363 64 13 3 4 302 306 8 195 14 0 1 18 13 24 1 12
98930 737 39 67 5 229 808 445 123 70 10 16 391 159 86 110 0 162 7 327 56 11 4 4 270 269 7 181 11 0 1 17 10 20 1 10
98931 727 25 391 26 1270 4737 2440 704 391 54 110 2222 858 497 565 0 931 41 1814 344 67 20 24 1566 1548 43 980 69 3 7 97 67 120 7 60
98932 729 25 412 32 1368 5026 2674 763 420 57 114 2371 932 525 627 0 990 48 1972 370 71 25 34 1663 1661 50 1086 72 3 7 102 65 125 7 60
98935 721 25 183 14 592 2241 1130 337 184 22 53 1075 415 237 279 0 433 20 852 163 30 10 12 750 722 22 467 31 1 3 44 30 58 3 27
98936 716 25 1111 83 3761 13765 7428 2067 1163 166 309 6490 2559 1455 1700 0 2753 141 5465 1017 195 75 80 4571 4572 127 3004 191 8 19 290 181 352 21 167
98938 720 25 985 74 3313 12135 6460 1837 1016 139 278 5770 2256 1285 1518 0 2425 123 4763 881 173 59 72 4020 3997 117 2610 174 7 17 247 161 307 18 149
98939 717 25 449 37 1522 5559 3014 849 472 71 118 2632 1063 594 691 0 1108 61 2233 413 79 31 34 1866 1834 53 1232 75 4 7 115 74 148 8 63
98941 717 25 1082 87 3629 13328 7109 2015 1120 155 299 6300 2480 1400 1615 0 2640 135 5215 989 191 65 80 4426 4413 132 2866 187 7 18 274 176 340 19 160
98942 722 25 343 29 1160 4172 2349 620 361 53 85 1960 798 432 502 0 831 51 1696 319 58 24 28 1392 1396 37 948 53 2 4 85 60 106 6 41
98943 720 25 984 75 3277 12072 6451 1812 1035 148 268 5670 2263 1261 1446 1 2399 126 4756 909 171 66 71 4020 3986 118 2610 164 8 16 244 161 307 16 138
98945 714 25 325 23 1112 4027 2146 625 334 46 88 1924 753 433 497 0 802 37 1580 296 59 19 23 1336 1321 37 879 55 2 6 83 50 99 6 53
98948 714 25 38 3 132 466 243 77 38 5 10 227 88 51 60 0 96 4 187 30 7 2 2 156 154 4 102 6 0 0 9 6 12 0 5
98949 713 25 687 54 2343 8556 4554 1292 712 101 193 4056 1585 903 1052 0 1709 90 3375 625 120 45 50 2837 2849 75 1839 121 4 12 173 114 216 13 102
98951 713 25 297 23 1012 3682 1962 572 307 44 84 1758 684 392 445 0 732 36 1447 273 50 18 21 1229 1219 32 794 49 2 5 73 47 93 5 43
98954 708 25 932 70 3076 11400 6007 1724 949 132 259 5365 2108 1202 1387 0 2253 115 4448 844 164 57 67 3771 3734 103 2430 158 7 15 230 154 287 17 137
98955 711 25 99 8 329 1196 659 178 102 15 27 568 232 127 156 0 239 12 485 86 17 6 8 405 388 11 275 16 1 1 25 17 31 1 12
98956 711 25 108 6 360 1335 676 204 109 14 32 638 240 146 163 0 264 12 500 91 19 5 7 444 436 11 274 20 0 2 26 16 33 2 19
98958 717 27 39 2 126 459 233 72 40 5 10 219 91 51 59 0 92 4 180 32 6 2 1 151 144 5 100 6 0 0 8 5 11 0 5
98960 720 25 751 57 2534 9250 4951 1383 774 106 208 4393 1716 972 1144 0 1850 90 3654 682 128 45 58 3053 3059 84 2017 129 5 13 185 128 228 14 116
98964 730 26 463 37 1534 5671 3041 841 474 63 126 2673 1058 587 726 0 1137 57 2264 428 79 27 34 1883 1869 53 1240 78 3 7 117 76 143 8 69
98965 767 31 40 3 136 498 263 79 43 6 10 236 93 52 60 0 102 4 201 35 6 2 3 163 167 4 109 6 0 1 9 7 13 0 5
98966 766 30 1235 88 4110 15085 8017 2283 1262 174 339 7163 2841 1616 1850 0 3001 151 5903 1112 215 78 88 4991 4959 145 3273 215 8 22 310 201 389 23 186
98967 731 25 166 12 565 2058 1092 312 180 26 45 976 387 217 255 0 408 21 804 154 30 10 12 689 667 21 450 28 1 2 40 26 54 3 25
98968 730 25 127 10 422 1576 856 230 140 22 33 745 296 166 186 0 313 19 639 120 22 10 12 526 523 15 353 20 1 1 31 20 42 2 15
98969 660 35 433 32 1480 5450 2901 809 455 63 124 2578 1002 575 664 0 1093 54 2148 399 79 26 31 1807 1813 49 1163 76 3 7 111 71 139 8 65
98970 664 35 1833 139 6185 22627 12020 3434 1917 275 513 10757 4227 2400 2801 1 4463 231 8863 1662 322 121 135 7558 7431 210 4870 321 14 32 452 294 582 35 280
98971 661 34 72 4 239 907 466 135 75 10 21 424 170 98 110 0 178 7 351 66 13 3 5 303 296 10 190 12 0 1 18 11 22 1 10
98973 662 34 1122 90 3747 13854 7365 2092 1172 164 311 6539 2579 1461 1698 1 2755 144 5437 1018 203 75 88 4619 4561 129 2985 191 9 19 280 182 357 20 163
98974 663 34 315 25 1064 3934 2110 581 332 46 90 1848 733 402 486 0 786 40 1546 296 55 20 22 1314 1298 37 859 53 2 5 80 49 100 5 45
98977 674 34 687 53 2309 8605 4527 1276 720 100 194 4068 1574 903 1056 0 1711 85 3391 627 122 44 53 2866 2837 81 1827 117 4 12 170 110 221 12 103
98978 673 34 544 41 1806 6687 3519 1002 562 75 152 3198 1234 698 824 0 1334 62 2594 498 96 30 40 2222 2212 63 1423 94 2 9 128 87 170 9 86
98981 672 34 69 4 227 836 429 127 68 9 18 393 150 91 103 0 168 7 320 59 12 3 4 276 269 7 174 12 0 1 18 11 19 1 11
98985 724 43 204 15 692 2538 1351 384 211 29 58 1200 463 265 301 0 495 24 987 189 37 12 15 835 840 25 537 38 1 3 49 33 63 3 31
98990 724 43 39 2 134 487 253 76 39 5 12 228 90 53 58 0 99 3 191 34 6 1 2 158 162 4 103 6 0 1 9 7 12 0 7
98991 722 42 467 33 1563 5738 3042 856 491 68 127 2723 1074 602 708 0 1134 55 2241 426 82 29 31 1911 1879 56 1226 79 3 8 115 72 141 8 68
98997 713 29 532 42 1783 6484 3465 1005 553 78 145 3077 1211 691 771 0 1272 65 2525 487 97 34 37 2170 2138 62 1391 92 3 9 134 86 166 10 81
98998 713 29 701 57 2348 8651 4649 1300 743 110 192 4092 1627 912 1038 0 1699 99 3403 645 123 49 53 2914 2854 78 1869 120 6 12 174 112 227 12 100
99000 655 29 1173 92 3949 14508 7756 2195 1227 169 322 6851 2696 1523 1755 0 2891 152 5695 1079 212 74 90 4799 4798 139 3161 202 8 20 299 189 371 21 175
99003 660 29 757 55 2526 9331 4924 1402 788 108 208 4407 1733 982 1157 0 1836 94 3663 686 134 49 55 3093 3058 91 2009 131 6 12 193 124 238 14 114
99004 659 27 528 41 1750 6529 3477 954 546 78 151 3041 1201 673 770 0 1288 67 2559 486 89 34 40 2200 2141 60 1405 85 4 8 131 89 168 9 74
99005 665 25 1688 133 5705 20917 11204 3174 1747 247 467 9927 3899 2203 2547 1 4145 220 8253 1563 296 113 126 6989 6919 196 4531 288 11 29 420 280 535 31 247
99007 658 25 191 16 654 2365 1282 357 200 28 53 1123 442 252 298 0 472 23 935 177 36 12 14 781 777 19 524 33 1 3 47 33 60 3 28
99008 661 25 143 9 461 1711 891 253 145 19 38 806 313 180 212 0 333 16 663 123 26 8 8 567 556 17 363 24 1 2 36 21 41 2 23
99009 655 25 364 28 1200 4491 2350 660 373 51 97 2088 822 470 550 0 886 44 1761 329 63 23 27 1482 1466 41 949 62 3 6 93 59 115 6 53
99010 647 25 541 42 1871 6792 3679 1032 568 79 148 3247 1270 718 837 0 1360 69 2687 499 97 35 42 2253 2277 62 1478 95 4 10 140 92 174 10 79
99011 703 113 184 18 667 2325 1356 353 196 29 47 1128 451 240 337 0 488 25 1002 172 32 14 18 769 803 23 562 28 2 2 48 30 62 3 20
99012 710 113 230 18 792 2914 1554 432 240 34 68 1368 529 302 350 0 580 27 1147 215 40 14 17 953 985 25 620 39 1 4 58 41 71 4 34
99014 656 59 1763 134 5954 21814 11726 3285 1841 262 487 10301 4052 2296 2679 1 4350 224 8638 1616 312 117 126 7241 7241 200 4729 302 13 30 456 285 555 34 264
99016 672 56 324 27 1084 4061 2115 599 337 46 92 1922 752 426 497 0 813 42 1596 298 57 21 26 1367 1326 39 869 57 3 5 81 53 106 5 48
99017 682 61 237 17 788 2846 1554 419 239 34 63 1342 538 300 355 0 569 29 1135 208 38 15 17 927 948 25 620 38 2 3 59 39 72 4 32
99019 703 56 39 2 120 459 235 66 39 4 10 210 83 48 55 0 89 4 173 33 6 2 2 155 143 4 98 6 0 0 9 6 12 0 5
99021 765 60 107 7 353 1288 686 197 108 14 29 617 242 138 157 0 252 11 498 95 19 6 7 433 418 11 281 18 0 1 25 16 33 2 16
99022 765 60 169 13 563 2068 1105 303 177 23 45 979 384 219 257 0 404 21 814 157 29 10 14 688 678 21 454 28 0 2 43 27 54 3 25
99023 767 55 1111 84 3695 13763 7298 2062 1139 160 311 6513 2545 1442 1693 0 2720 143 5393 999 196 72 79 4588 4559 127 2940 192 8 18 281 183 350 21 163
99024 723 57 141 9 463 1711 894 258 144 20 37 801 321 181 200 0 334 17 655 127 25 8 8 571 560 15 364 22 1 2 35 22 44 2 22
99025 719 50 74 6 258 907 494 147 72 9 21 447 169 98 129 0 184 6 363 62 13 4 5 292 306 7 199 14 0 1 19 12 21 1 12
99027 789 68 42 3 135 496 250 80 39 4 11 242 92 53 62 0 98 3 189 34 6 1 2 159 163 4 98 7 0 0 10 6 11 0 7
99030 709 41 280 18 929 3460 1770 531 283 37 80 1632 620 370 404 0 690 30 1302 244 50 16 19 1149 1137 30 716 51 1 5 68 44 88 5 48
99031 688 25 99 8 341 1215 656 184 109 15 25 579 231 126 145 0 244 13 487 92 17 6 7 406 401 10 273 15 0 1 25 13 31 1 14
99032 687 25 133 12 468 1651 926 254 137 18 35 788 317 175 217 0 341 17 679 120 23 8 12 544 555 16 385 22 1 2 33 20 42 2 19
99033 693 25 771 57 2558 9515 4968 1443 790 107 217 4505 1742 1009 1156 0 1886 90 3681 693 137 47 56 3151 3127 90 2012 138 5 14 191 128 246 15 121
99038 692 25 370 26 1224 4557 2397 676 380 50 103 2145 830 480 550 0 901 43 1768 338 67 23 27 1500 1496 43 967 65 2 6 90 61 118 6 58
99039 687 36 219 14 723 2671 1365 411 221 30 62 1277 482 293 323 0 525 21 1002 189 39 12 14 880 881 23 549 41 0 4 53 33 67 4 39
99040 682 25 274 21 911 3440 1798 504 292 38 78 1620 627 353 415 0 680 35 1333 258 50 16 20 1141 1139 34 719 48 2 4 68 47 88 4 42
99042 680 25 212 14 705 2600 1383 396 215 27 59 1223 477 275 314 0 516 22 1011 189 37 10 16 848 863 24 559 37 1 3 52 35 68 4 32
99047 680 25 163 13 565 2027 1114 305 173 24 43 963 384 212 268 0 414 20 823 151 29 10 12 663 678 20 452 26 1 2 44 26 50 2 22
99048 676 25 203 14 684 2491 1343 387 205 28 57 1193 466 268 298 0 488 24 981 179 35 13 14 834 834 24 545 34 1 3 49 34 62 3 29
99049 646 33 562 41 1882 6891 3691 1037 591 84 150 3257 1292 727 865 0 1366 72 2717 514 99 37 43 2294 2260 67 1507 93 4 9 142 91 174 10 79
99055 657 29 564 42 1894 7003 3750 1042 571 78 159 3303 1287 738 857 0 1386 66 2768 510 101 34 43 2307 2337 63 1502 98 3 10 146 95 178 10 86
99056 659 29 450 34 1540 5612 3010 844 467 67 125 2688 1041 597 713 0 1131 58 2262 412 79 29 30 1853 1862 51 1216 77 4 7 117 74 136 8 68
99057 672 38 941 75 3204 11617 6256 1762 985 137 259 5532 2203 1239 1415 0 2305 122 4569 860 166 61 72 3906 3809 106 2558 157 7 16 236 152 299 16 134
99058 662 31 265 19 881 3249 1745 487 271 39 73 1516 601 345 391 0 650 31 1283 236 46 16 18 1068 1084 28 689 45 2 5 68 44 79 5 40
99059 688 49 515 42 1743 6351 3426 959 540 76 145 3036 1184 668 766 0 1264 66 2494 483 89 34 38 2137 2083 57 1397 87 3 9 127 85 162 9 74
99060 656 29 362 27 1175 4384 2320 661 375 53 96 2045 823 464 506 0 855 48 1702 327 61 23 29 1466 1422 39 944 58 3 6 91 60 116 6 49
99062 688 51 1457 106 4834 17835 9481 2700 1491 205 406 8412 3299 1884 2141 1 3511 179 6975 1303 261 88 106 5938 5872 165 3839 245 9 26 361 232 460 27 220
99064 695 51 801 64 2684 9875 5304 1485 826 119 223 4640 1813 1040 1207 1 1971 100 3889 729 140 51 61 3281 3266 83 2137 136 4 14 203 133 250 16 121
99065 603 53 98 8 336 1219 641 188 104 13 29 588 227 128 154 0 245 12 477 87 16 5 7 409 400 11 261 15 0 1 24 16 30 1 14
99066 603 53 262 20 881 3195 1711 494 269 38 74 1533 595 337 384 0 633 32 1245 233 45 16 18 1080 1054 27 693 44 1 4 63 42 81 5 38
99067 617 56 42 2 136 512 250 79 39 4 11 241 88 56 64 0 97 2 184 34 7 1 2 161 165 4 100 9 0 1 10 7 11 1 8
99069 617 56 315 24 1070 3921 2114 589 326 45 91 1846 725 414 473 0 781 41 1555 285 55 19 23 1307 1299 34 854 54 1 5 81 53 100 6 47
99070 629 60 105 8 359 1265 694 200 106 13 28 609 242 136 169 0 254 10 511 90 19 5 7 409 420 12 278 19 0 2 27 16 31 2 16
99072 630 60 271 24 939 3393 1896 511 287 40 74 1605 638 358 412 0 680 39 1378 253 48 19 22 1135 1138 30 760 42 1 4 72 46 85 5 35
99074 630 60 300 23 996 3676 1968 545 310 45 81 1740 679 383 440 0 730 38 1456 270 49 20 19 1219 1223 35 785 49 2 4 78 50 92 5 42
99078 619 53 720 57 2413 8918 4893 1320 762 119 198 4141 1666 938 1083 0 1774 102 3590 665 127 54 56 2963 2952 81 1969 118 6 11 182 116 226 13 99
99081 619 53 487 38 1671 6046 3247 928 502 70 134 2911 1127 638 766 0 1205 59 2382 442 86 31 35 2011 2014 56 1302 85 3 9 124 82 150 9 75
99082 619 53 194 15 658 2379 1266 367 208 30 53 1134 450 258 302 0 474 25 941 177 34 13 13 810 768 22 524 31 1 3 48 31 59 3 27
99083 620 53 400 33 1333 4954 2651 726 421 56 112 2345 904 511 580 0 975 48 1948 373 69 25 31 1649 1664 45 1055 65 2 6 101 67 122 7 58
99084 619 53 73 4 237 909 475 135 76 10 20 413 169 97 103 0 172 8 347 66 13 3 6 299 293 8 193 12 0 1 19 12 24 1 10
99087 624 53 166 12 558 2036 1085 304 171 23 45 954 380 215 252 0 404 19 795 150 31 10 12 686 659 19 439 28 1 2 42 25 52 3 26
99088 670 55 265 21 881 3206 1721 495 275 37 69 1506 607 344 390 0 638 31 1257 242 45 16 18 1062 1053 30 698 44 2 4 70 42 77 4 39
99089 693 33 174 12 568 2122 1111 318 176 23 46 1003 395 225 248 0 418 18 807 154 30 10 12 706 689 21 453 31 1 3 41 27 54 3 27
99091 888 55 202 15 663 2510 1308 358 214 29 55 1167 457 261 299 0 498 25 986 186 35 13 15 840 814 20 537 34 1 3 51 32 65 3 30
99093 889 55 197 15 677 2511 1343 382 202 30 54 1171 461 261 295 0 495 25 986 182 33 13 16 826 837 19 530 33 1 3 51 35 63 4 28
99094 872 52 555 41 1860 6926 3671 1022 581 81 151 3249 1267 728 824 0 1365 70 2692 513 101 36 47 2316 2267 67 1487 96 4 9 143 91 181 10 83
99096 879 52 1381 106 4680 17139 9203 2608 1433 200 386 8108 3181 1813 2127 1 3414 179 6797 1253 247 88 110 5686 5689 159 3732 236 10 23 349 226 443 27 206
99097 849 33 37 2 123 468 238 69 38 5 10 219 85 50 59 0 91 4 179 34 7 2 3 156 151 4 98 7 0 0 8 5 12 0 6
99098 852 33 1287 94 4261 15725 8264 2366 1312 177 353 7383 2904 1661 1875 1 3117 151 6091 1147 223 74 89 5182 5191 149 3332 226 9 24 324 212 396 24 197
99099 850 33 295 24 990 3655 1961 540 310 44 80 1735 677 379 463 0 729 39 1468 270 52 19 22 1225 1209 36 792 49 2 4 75 49 92 5 42
99100 850 33 821 64 2806 10129 5472 1564 858 125 227 4812 1897 1071 1239 0 2014 107 4004 751 142 55 63 3366 3362 92 2200 140 6 13 206 133 259 15 119
99101 850 33 696 50 2304 8572 4463 1291 697 90 201 4022 1545 903 1032 0 1686 81 3321 626 124 39 49 2823 2830 77 1793 122 3 12 172 113 218 13 113
99102 854 33 66 4 235 835 458 128 71 10 18 395 159 89 100 0 164 8 324 63 12 4 4 287 272 6 185 12 0 1 17 10 22 1 10
99103 854 33 173 13 581 2109 1119 317 176 24 46 1005 395 220 270 0 427 20 833 155 27 9 11 686 701 19 462 30 1 3 42 27 52 3 26
99104 792 25 490 38 1668 6104 3320 932 517 77 130 2915 1160 653 754 0 1217 69 2435 456 88 37 37 2036 2004 58 1358 86 4 8 127 83 158 9 70
99105 663 28 203 15 669 2465 1310 378 210 29 52 1157 469 263 295 0 475 26 960 188 36 12 15 825 800 24 539 35 1 3 50 31 63 3 29
99107 663 28 426 34 1420 5203 2817 784 439 63 116 2476 965 546 640 0 1035 51 2050 384 72 29 33 1734 1734 43 1128 71 3 7 106 69 133 8 62
99108 661 27 1010 77 3350 12336 6579 1845 1048 141 279 5810 2281 1290 1537 1 2453 121 4886 917 174 63 78 4089 4084 114 2667 170 8 17 250 166 314 18 145
99111 662 28 333 28 1084 4086 2174 602 348 49 92 1920 752 418 482 0 810 44 1613 312 58 21 24 1359 1356 39 876 52 2 5 83 53 106 5 46
99112 664 28 107 7 343 1270 657 192 106 15 27 598 233 135 163 0 253 12 490 90 18 6 6 411 416 11 265 18 0 2 26 17 30 2 17
99114 678 30 359 27 1216 4467 2369 678 374 53 98 2125 830 473 552 0 892 45 1745 334 63 23 28 1487 1471 43 958 62 3 6 92 60 112 6 53
99115 668 25 599 43 1970 7313 3850 1081 618 86 168 3449 1358 769 900 0 1436 75 2860 540 100 39 43 2431 2378 68 1561 103 4 10 146 100 187 10 86
99118 664 25 40 2 129 479 239 74 38 5 11 226 89 52 58 0 96 3 182 33 6 1 1 158 158 4 97 6 0 1 9 7 12 0 6
99120 671 26 107 7 350 1291 682 194 104 13 28 604 234 132 154 0 256 13 509 93 18 5 7 424 433 11 276 17 0 2 25 18 32 2 16
99121 662 25 76 4 250 939 467 139 77 10 21 450 168 101 115 0 181 7 354 69 13 3 4 308 303 8 185 14 0 1 19 12 24 1 14
99122 659 25 134 9 449 1681 892 250 140 19 39 805 308 181 201 0 330 16 651 121 23 8 9 561 558 15 350 24 0 2 34 25 45 2 19
99123 695 49 489 36 1643 6033 3245 907 511 76 129 2846 1130 642 729 0 1193 65 2395 445 88 35 35 2017 1985 55 1310 82 4 8 124 77 158 9 71
99125 693 48 101 7 352 1237 677 200 103 14 26 600 237 135 159 0 244 12 489 90 17 5 7 415 411 10 274 18 0 2 24 16 30 2 16
99126 693 48 1326 104 4473 16397 8699 2481 1387 196 365 7784 3048 1735 2010 1 3270 165 6419 1214 233 85 93 5466 5404 149 3516 227 9 23 338 218 419 25 202
99127 696 47 39 2 128 471 245 74 39 5 10 231 91 51 59 0 93 4 183 34 6 2 2 154 154 4 101 7 0 0 9 5 12 0 5
99129 695 47 273 19 915 3341 1775 513 278 38 76 1575 627 352 412 0 660 32 1307 244 45 15 20 1095 1098 32 720 49 1 5 67 47 84 5 42
99130 696 41 268 18 897 3328 1748 491 283 40 75 1568 617 351 395 0 647 33 1286 248 46 17 19 1109 1090 30 701 48 2 4 67 41 86 4 39
99132 702 40 223 17 761 2745 1513 421 236 34 56 1274 528 288 331 0 545 32 1106 206 40 14 17 910 913 26 611 34 2 3 58 35 71 4 28
99133 704 40 887 65 3003 10944 5832 1687 904 124 247 5225 2039 1158 1357 0 2189 101 4284 805 156 53 65 3604 3632 100 2345 153 5 16 223 149 271 17 140
99139 702 40 989 75 3333 12254 6517 1838 1031 143 273 5825 2282 1288 1522 1 2442 126 4821 895 176 62 76 4088 4043 118 2652 170 6 17 247 161 322 18 146
99140 702 40 280 21 923 3355 1780 514 278 36 78 1584 625 356 404 0 667 30 1308 246 45 15 18 1117 1103 29 729 47 1 5 66 45 88 5 43
99141 702 40 600 46 2016 7388 3937 1107 629 89 163 3477 1368 778 887 0 1443 74 2915 552 105 38 44 2455 2440 68 1568 101 5 10 150 99 189 10 86
99142 699 40 139 10 469 1707 918 265 141 19 37 815 314 186 219 0 344 14 683 123 24 7 10 559 571 16 369 24 1 2 35 23 42 2 21
99144 699 40 114 6 372 1381 710 208 115 13 30 650 252 147 169 0 274 10 526 102 20 4 7 449 453 14 292 21 0 1 29 17 37 2 18
99145 701 40 727 60 2466 8998 4912 1348 761 112 193 4279 1681 938 1084 0 1799 99 3588 667 125 49 54 3010 3005 80 1983 118 5 11 189 122 225 13 101
99149 706 37 785 63 2670 9687 5275 1460 818 115 215 4605 1830 1013 1244 0 1940 101 3908 716 138 49 61 3223 3227 91 2150 131 6 13 196 128 247 15 111
99150 701 34 297 23 1004 3636 1941 555 306 42 80 1737 680 383 464 0 729 36 1436 265 51 18 22 1204 1197 37 795 54 2 5 73 49 92 5 46
99152 677 33 39 2 129 462 249 72 38 5 9 219 88 50 56 0 93 3 185 33 7 1 2 151 153 4 98 6 0 0 10 6 10 0 6
99153 677 33 80 5 251 940 476 140 80 10 22 444 170 99 115 0 178 8 353 68 13 3 4 310 299 9 197 14 0 1 20 12 23 1 12
99154 678 31 615 44 2033 7490 3917 1135 631 84 165 3552 1393 794 915 0 1477 74 2903 552 107 35 44 2490 2454 73 1598 106 3 10 149 99 194 11 93
99155 678 31 419 31 1409 5169 2773 777 428 64 115 2458 961 552 619 0 1029 55 2046 376 74 28 31 1738 1713 45 1135 72 3 6 107 65 135 8 62
99157 676 31 279 22 955 3520 1918 520 293 44 76 1661 656 369 438 0 709 40 1432 262 49 20 21 1186 1175 30 774 45 2 4 71 47 89 5 38
99159 685 26 106 8 347 1302 681 192 107 14 29 615 239 136 147 0 257 13 500 94 18 6 8 432 430 11 274 18 0 1 26 17 35 2 14
99160 684 25 756 57 2565 9311 4981 1443 777 108 210 4438 1735 993 1154 0 1858 94 3660 680 131 46 53 3069 3079 85 2024 132 5 14 187 128 234 15 117
99163 685 25 279 20 950 3465 1806 540 284 37 82 1672 635 373 438 0 686 29 1334 244 50 15 19 1137 1135 33 735 51 1 5 69 45 85 6 48
99164 686 25 257 20 862 3158 1701 472 267 36 69 1469 592 329 401 0 631 36 1273 235 47 16 20 1057 1038 30 691 42 2 3 61 42 82 4 35
99165 685 29 1027 78 3457 12616 6710 1933 1047 149 288 6011 2340 1338 1561 1 2514 123 4957 918 182 62 74 4179 4209 113 2706 174 6 19 262 172 318 19 155
99167 718 37 63 6 221 816 448 125 71 9 18 383 153 84 101 0 169 9 334 62 11 4 5 274 275 7 182 10 0 1 15 10 20 1 8
99169 716 36 508 40 1689 6195 3318 926 511 70 140 2940 1139 642 743 0 1237 59 2453 452 86 28 35 2042 2064 52 1318 86 2 8 131 82 154 9 79
99173 715 36 244 16 797 3037 1583 440 248 33 72 1414 548 312 380 0 601 31 1195 221 42 13 16 993 1012 28 633 42 1 4 59 42 77 4 37
99174 712 34 959 78 3222 11913 6385 1776 1000 140 268 5614 2219 1259 1472 0 2378 124 4729 891 171 63 71 3982 3912 109 2592 165 6 16 247 157 305 18 138
99176 713 34 703 56 2343 8663 4561 1310 726 100 193 4101 1594 917 1051 0 1718 84 3387 630 124 43 52 2869 2857 82 1848 124 5 12 177 117 225 13 108
99177 713 34 142 9 475 1734 917 270 141 17 39 830 321 183 211 0 339 17 670 126 24 7 9 572 566 17 363 25 0 2 34 24 44 2 21
99178 712 34 382 28 1312 4790 2611 696 405 57 103 2259 886 502 577 0 956 48 1935 357 67 25 29 1598 1601 40 1046 63 2 6 98 62 118 7 56
99179 712 34 723 56 2404 8854 4700 1352 752 102 199 4214 1650 938 1075 0 1748 87 3447 650 128 47 55 2973 2898 83 1918 121 5 12 181 117 230 14 108
99180 679 32 106 7 358 1312 696 204 108 14 29 614 243 142 156 0 264 11 520 93 18 6 8 424 436 10 283 19 0 2 26 19 32 2 17
99181 682 32 42 2 135 509 254 78 40 5 11 242 92 55 65 0 99 3 190 35 7 1 3 163 164 5 103 8 0 0 10 6 13 0 7
99182 762 40 311 22 1021 3783 1971 561 318 42 84 1778 707 398 462 0 738 35 1457 276 53 17 20 1251 1224 35 799 56 2 5 76 48 95 5 47
99183 734 25 733 54 2461 8989 4826 1368 734 101 206 4259 1667 950 1126 0 1811 83 3529 644 126 45 55 2965 2983 82 1952 127 4 13 185 123 222 14 113
99184 733 25 860 66 2865 10549 5659 1585 887 124 230 4978 1965 1103 1306 0 2095 106 4210 774 149 53 65 3509 3494 98 2290 141 7 13 217 141 264 17 124
99186 737 28 1057 78 3564 13030 6924 1993 1086 155 293 6163 2426 1389 1590 0 2592 130 5087 941 188 69 76 4344 4302 115 2782 187 6 18 259 173 337 21 163
99188 735 26 1319 100 4434 16297 8749 2459 1375 198 368 7670 3042 1726 1975 0 3233 175 6416 1211 228 90 100 5407 5377 150 3532 224 11 22 329 213 410 25 191
99191 734 25 240 17 806 2985 1575 445 249 34 67 1393 544 314 354 0 587 29 1189 218 40 14 18 994 986 26 630 40 1 4 62 41 73 4 36
99193 736 25 41 3 135 490 248 80 39 5 11 236 93 52 59 0 94 3 183 34 7 1 2 160 158 5 103 7 0 1 10 6 13 0 6
99194 735 31 112 6 364 1360 707 200 110 15 33 652 245 144 164 0 268 11 531 96 18 5 6 449 454 11 277 18 0 2 27 20 31 2 17
99197 725 26 942 74 3181 11731 6254 1746 994 141 262 5537 2158 1222 1392 0 2314 122 4598 873 167 63 67 3947 3868 105 2523 159 6 15 241 150 300 17 141
99198 728 25 39 2 127 478 257 64 42 6 11 221 89 48 57 0 97 5 193 35 7 2 3 166 154 4 104 6 0 0 8 5 13 0 5
99199 708 25 432 34 1473 5370 2930 806 453 66 120 2522 1000 565 651 0 1054 52 2138 400 77 29 36 1779 1789 50 1179 74 3 8 111 70 135 7 61
99200 731 33 709 53 2384 8776 4718 1332 725 103 194 4157 1634 930 1069 0 1742 90 3474 634 124 44 51 2905 2919 80 1891 121 5 13 181 121 222 13 104
99201 728 31 302 22 1006 3728 1972 555 315 45 83 1737 689 387 439 0 728 40 1463 273 50 18 22 1241 1226 33 792 51 2 4 76 51 95 5 44
99204 645 40 452 30 1493 5511 2906 828 456 63 125 2579 1022 583 687 0 1090 51 2147 401 79 26 31 1792 1809 52 1181 80 3 8 113 77 139 8 68
99206 645 40 577 48 1970 7114 3888 1083 606 85 160 3407 1352 755 920 0 1428 77 2869 533 99 40 45 2374 2360 66 1578 96 4 9 147 96 184 10 77
99208 683 28 280 21 948 3476 1893 515 302 46 74 1650 663 368 449 0 700 38 1402 260 50 22 21 1165 1150 34 766 46 2 4 74 42 87 5 40
99211 665 36 131 10 436 1622 899 234 142 21 34 751 305 170 196 0 323 18 667 122 24 9 10 540 544 15 360 20 0 2 36 20 43 2 17
99212 679 27 496 39 1640 6038 3235 917 513 72 132 2863 1132 641 741 0 1203 61 2376 447 87 30 37 2017 1981 57 1313 84 3 8 123 81 155 9 73
99213 676 27 597 43 1994 7402 3925 1094 624 87 170 3449 1355 776 893 0 1475 75 2912 547 104 37 42 2453 2446 69 1576 101 3 10 150 99 188 11 87
99215 675 28 646 50 2090 7864 4145 1149 673 93 175 3654 1441 811 910 0 1539 87 3060 590 112 42 47 2635 2595 74 1666 103 4 10 160 102 207 10 88
99216 685 28 73 5 245 892 472 135 76 10 21 434 166 96 111 0 175 8 344 65 12 4 5 302 293 8 199 13 0 1 17 11 21 1 11
99217 685 36 196 16 653 2383 1293 356 205 29 52 1110 449 244 288 0 472 27 956 182 32 13 15 798 786 23 534 30 2 3 47 31 60 3 25
99218 686 36 443 31 1467 5410 2845 803 449 60 120 2544 1010 566 659 0 1062 51 2090 396 77 24 30 1783 1769 49 1152 79 3 7 109 69 137 8 66
99220 692 40 975 73 3238 11922 6389 1793 993 139 268 5602 2218 1267 1467 0 2372 126 4712 877 173 62 75 3965 3921 108 2593 163 6 16 250 160 300 19 142
99222 692 40 194 16 682 2417 1339 368 205 29 53 1152 458 254 291 0 485 23 970 183 34 13 14 808 810 22 537 32 1 3 50 30 61 3 27
99224 681 25 417 33 1429 5168 2825 779 430 63 115 2402 958 535 636 0 1045 59 2100 382 69 29 31 1710 1745 46 1131 66 3 6 108 72 131 8 58
99225 680 25 384 32 1268 4768 2563 686 418 61 105 2213 890 496 555 0 952 53 1902 366 65 28 31 1604 1573 42 1043 60 2 6 96 64 129 6 51
99226 704 25 133 10 440 1614 873 239 139 19 34 753 303 171 196 0 324 17 642 122 20 8 10 536 523 14 366 22 1 2 33 22 42 2 16
99227 696 25 73 5 238 909 468 132 76 9 22 425 159 95 111 0 178 8 350 63 12 4 5 302 296 8 188 12 0 1 19 13 22 1 11
99229 694 25 509 42 1720 6341 3384 943 533 75 138 2975 1170 662 768 0 1267 70 2488 466 89 35 41 2130 2093 57 1383 86 3 9 128 82 162 9 74
99230 676 25 190 13 653 2358 1292 359 201 29 52 1128 443 252 285 0 465 25 931 176 35 12 14 791 771 23 527 34 1 3 48 30 61 3 29
99232 665 25 627 47 2099 7735 4171 1137 644 92 173 3639 1445 810 962 0 1539 77 3098 568 107 39 47 2573 2572 70 1693 108 4 11 158 106 199 12 92
99234 660 25 1014 77 3394 12547 6685 1848 1060 153 282 5908 2320 1315 1533 1 2492 132 4967 923 172 69 76 4161 4157 114 2695 173 8 17 255 171 320 19 144
99236 661 25 76 4 244 901 468 139 73 8 21 425 162 95 106 0 179 6 343 62 12 3 4 293 297 6 188 14 0 1 17 14 21 1 13
99237 668 25 590 45 1963 7184 3831 1090 609 85 160 3432 1350 765 882 0 1420 69 2796 522 105 36 41 2400 2365 68 1549 100 4 10 149 93 181 10 85
99239 685 48 303 20 1020 3694 1968 571 308 40 83 1768 699 399 467 0 733 35 1455 274 54 16 21 1234 1214 34 802 53 2 5 77 47 92 6 49
99242 685 48 1200 87 4014 14757 7908 2201 1249 171 332 6923 2737 1549 1756 1 2912 151 5811 1099 213 77 93 4905 4883 134 3196 203 9 20 301 200 377 22 176
99244 690 43 70 4 233 875 449 133 73 10 19 412 156 92 104 0 176 8 334 63 12 4 4 288 283 8 182 13 0 1 18 10 20 1 12
99245 667 25 129 9 446 1590 864 255 131 18 35 759 299 172 194 0 321 16 623 118 23 7 9 530 532 13 349 22 0 2 32 22 40 2 19
99248 662 25 303 22 1004 3720 1946 560 312 41 81 1748 684 390 445 0 726 39 1432 277 54 19 21 1250 1208 35 790 52 2 5 74 50 97 5 46
99249 649 25 433 33 1428 5376 2822 795 451 65 122 2519 990 565 635 0 1057 60 2095 397 78 28 32 1795 1750 52 1149 72 3 6 107 73 142 7 59
99250 653 48 613 48 2058 7552 4063 1119 646 90 167 3552 1407 792 895 0 1496 80 2992 571 107 40 45 2522 2495 66 1641 101 5 9 157 98 192 11 88
99251 659 47 569 42 1909 6971 3680 1070 583 76 155 3296 1297 743 840 0 1376 65 2696 518 100 34 39 2305 2283 65 1491 99 3 9 148 89 172 10 89
99253 655 47 1116 84 3752 13759 7331 2093 1141 161 314 6512 2536 1452 1687 0 2724 141 5413 1005 195 71 82 4535 4525 123 2965 194 7 19 278 187 351 22 169
99255 655 44 437 30 1442 5396 2856 781 448 60 123 2507 989 559 643 0 1070 51 2111 401 75 24 32 1774 1779 48 1152 76 3 7 109 74 135 8 68
99257 659 55 971 73 3245 11900 6369 1784 994 136 270 5606 2210 1243 1483 0 2369 125 4713 880 165 58 72 3929 3946 110 2589 164 7 17 252 162 297 18 141
99260 638 25 73 4 238 891 451 136 74 9 19 417 159 95 108 0 174 7 336 65 13 3 4 287 286 9 182 13 0 1 19 11 22 1 11
99261 633 25 158 10 554 1992 1081 303 167 23 46 960 377 214 244 0 397 19 787 146 30 9 9 654 672 18 428 27 0 2 41 25 48 3 25
99262 693 40 202 16 674 2457 1321 372 211 28 54 1163 460 257 286 0 486 27 960 182 36 12 15 819 815 23 532 32 1 3 49 31 65 3 28
99264 687 32 163 11 544 1967 1103 287 171 27 43 922 375 208 227 0 379 21 786 147 27 13 11 660 653 16 424 24 1 2 42 25 46 3 21
99266 668 30 961 71 3188 11788 6161 1787 966 126 274 5559 2145 1239 1429 0 2324 112 4578 865 170 55 68 3896 3887 105 2482 166 5 17 238 158 300 18 155
99267 668 30 39 2 128 474 234 73 39 5 10 227 87 52 61 0 93 3 179 33 6 2 1 157 151 4 100 6 0 0 9 5 11 0 6
99268 659 27 1078 86 3671 13375 7204 2037 1124 158 298 6374 2504 1415 1681 1 2684 135 5281 990 192 71 82 4446 4436 124 2922 183 7 19 276 180 341 21 162
99271 646 26 613 48 2083 7605 4109 1148 642 90 169 3604 1423 803 952 0 1504 77 3045 563 108 38 49 2538 2523 73 1679 104 5 10 159 98 193 11 88
99272 652 27 1008 80 3427 12646 6838 1873 1065 157 280 5947 2357 1327 1561 0 2499 138 5028 934 181 72 83 4195 4194 114 2742 173 8 16 260 169 319 19 143
99273 646 25 61 4 207 750 407 116 66 9 16 360 143 81 91 0 147 8 299 58 11 4 4 250 244 7 168 10 0 1 14 9 19 1 8
99274 628 27 1141 88 3858 14133 7600 2136 1166 164 320 6690 2617 1487 1774 0 2849 139 5598 1021 196 75 88 4664 4717 130 3060 195 8 19 289 192 348 23 170
99275 632 26 37 2 125 462 242 70 39 5 10 217 88 49 57 0 91 4 185 33 6 1 2 154 149 3 99 6 0 0 10 6 11 0 5
99276 637 28 388 31 1311 4817 2586 715 410 62 108 2259 899 500 586 0 963 55 1923 355 64 27 28 1599 1607 44 1050 64 3 6 99 65 122 7 52
99277 639 28 367 28 1220 4470 2405 678 380 53 98 2123 827 467 550 0 892 49 1763 331 63 23 28 1486 1502 43 968 61 2 6 89 59 116 6 51
99279 705 44 1876 150 6262 23073 12292 3473 1946 272 516 10911 4309 2434 2858 1 4598 234 9088 1705 331 123 143 7664 7598 214 4995 318 15 33 473 307 588 34 275
99288 620 55 559 45 1869 6868 3673 1035 588 83 151 3257 1281 727 836 0 1366 72 2736 498 98 36 43 2303 2272 63 1502 91 4 9 139 86 177 10 80
99290 636 55 332 25 1113 4052 2162 630 339 48 89 1916 763 441 480 0 800 41 1580 301 59 21 26 1354 1333 38 866 56 2 6 80 55 106 6 49
99292 627 54 917 74 3069 11208 6073 1674 975 134 242 5315 2125 1187 1391 0 2236 128 4501 854 163 60 70 3786 3683 109 2492 149 8 14 232 145 289 15 125
99293 624 54 98 7 328 1239 656 182 102 15 29 573 228 134 142 0 251 12 486 90 17 7 6 418 407 10 263 16 0 1 24 17 33 2 14
99294 624 54 821 64 2778 10230 5454 1527 857 116 228 4860 1917 1076 1275 0 2038 106 4057 758 148 52 62 3424 3358 99 2233 137 6 13 210 135 262 15 121
99297 629 54 1326 106 4449 16354 8755 2437 1399 196 362 7713 3073 1706 2038 0 3260 174 6517 1227 230 88 100 5460 5389 158 3575 219 11 22 341 213 417 25 188
99298 628 54 188 14 664 2392 1321 355 196 27 52 1151 453 247 314 0 482 26 985 172 32 11 15 777 809 23 534 31 1 2 51 31 57 3 27
99302 628 54 267 20 911 3300 1749 505 273 37 74 1592 618 356 426 0 662 30 1315 238 46 15 21 1098 1094 28 709 46 1 5 68 45 81 5 42
99303 652 59 938 78 3195 11708 6334 1760 1001 144 253 5551 2205 1239 1468 1 2345 128 4677 877 166 66 76 3891 3892 113 2566 157 8 16 241 153 303 17 133
99306 656 59 228 17 781 2862 1485 445 238 32 65 1372 521 312 355 0 571 28 1106 209 43 14 17 963 932 26 609 39 1 4 55 35 72 4 36
99307 652 59 122 9 439 1568 879 240 128 18 34 753 298 166 199 0 313 14 630 115 22 8 10 518 531 15 357 20 0 2 33 19 40 2 18
99308 654 59 266 19 907 3297 1752 510 272 37 75 1568 614 350 414 0 653 32 1288 239 48 14 19 1102 1086 28 712 47 1 5 63 42 83 5 43
99309 581 33 826 64 2766 10263 5381 1529 861 116 235 4826 1890 1085 1247 0 2034 102 4012 761 147 52 63 3404 3365 96 2180 141 6 14 205 135 262 15 124
99312 631 33 406 29 1366 5013 2648 755 413 55 111 2350 920 530 602 0 1003 47 1949 360 71 24 29 1649 1662 44 1068 72 2 7 105 71 130 7 63
99315 626 28 139 11 477 1692 915 264 142 20 38 832 318 180 223 0 337 14 675 120 23 7 9 566 568 14 363 23 0 2 34 23 42 2 22
99316 623 28 192 16 647 2359 1277 364 205 30 50 1117 445 247 296 0 471 27 937 176 33 13 15 792 779 23 515 30 1 3 47 31 57 3 26
99317 624 28 616 49 2090 7585 4097 1145 643 91 169 3593 1429 806 952 0 1518 77 3026 564 108 40 47 2533 2504 69 1670 106 4 10 156 101 197 12 90
99318 623 28 42 2 137 494 248 79 40 4 11 237 90 54 59 0 93 3 181 35 7 1 2 161 159 4 104 8 0 0 10 6 12 0 8
99320 602 30 219 17 726 2725 1483 390 240 34 58 1253 513 279 310 0 533 33 1089 211 39 18 16 916 894 23 599 35 2 3 54 36 70 3 29
99321 690 65 101 7 341 1253 673 189 108 15 27 592 236 131 154 0 250 12 491 92 19 6 8 417 411 12 278 17 0 2 25 16 34 2 14
99322 698 35 99 7 332 1223 646 183 103 14 28 579 228 126 147 0 236 13 473 91 17 6 8 417 396 11 267 15 0 2 24 15 32 1 14
99323 691 32 561 43 1864 6931 3644 1025 581 80 153 3251 1277 735 870 0 1374 68 2734 502 99 35 40 2284 2268 65 1484 95 5 9 145 89 178 10 80
99325 689 32 105 6 359 1297 676 204 107 14 29 631 239 140 164 0 255 10 493 91 17 5 7 427 426 11 270 19 0 2 24 17 31 2 18
99326 690 32 1182 93 4033 14688 7920 2210 1238 173 327 6968 2765 1550 1880 1 2946 157 5882 1081 211 77 94 4872 4857 143 3221 204 9 20 298 193 373 23 172
99328 690 32 74 4 239 886 465 132 75 9 21 411 163 92 108 0 172 8 339 64 12 4 4 288 286 8 187 14 0 1 17 11 22 1 12
99329 691 33 74 4 235 898 457 130 76 10 19 420 163 97 107 0 172 7 337 65 13 4 4 297 284 8 184 14 0 1 19 12 23 1 12
99333 694 32 335 24 1116 4107 2172 621 337 45 94 1941 756 429 505 0 820 38 1597 294 56 19 24 1341 1362 37 874 60 2 5 83 57 101 7 53
99335 687 33 488 38 1696 6142 3274 942 505 68 141 2939 1143 652 782 0 1228 58 2410 452 87 30 38 2042 2025 54 1341 90 2 9 122 80 155 9 78
99336 684 37 565 48 1926 7028 3854 1060 593 84 153 3314 1333 742 846 0 1403 77 2822 525 100 41 46 2342 2351 64 1555 93 4 9 145 96 183 10 78
99339 678 32 105 7 352 1294 686 195 105 14 30 624 241 136 159 0 256 11 499 93 17 6 8 434 418 10 278 19 0 2 26 18 33 2 16
99343 600 28 41 2 134 503 244 75 41 4 12 237 92 53 62 0 97 3 184 35 7 1 2 166 159 4 101 8 0 0 10 6 12 0 8
99344 639 30 448 39 1524 5549 3004 847 466 64 124 2647 1037 587 688 0 1114 59 2199 411 77 29 37 1825 1839 53 1217 76 3 8 115 77 141 8 64
99345 628 29 1032 76 3422 12714 6671 1908 1064 148 289 5933 2327 1328 1489 0 2500 121 4902 933 182 64 73 4222 4166 120 2689 179 7 18 259 163 329 20 158
99346 689 38 544 45 1854 6794 3642 1034 571 80 152 3239 1276 719 836 0 1337 70 2672 509 100 35 42 2286 2236 68 1485 90 3 9 139 87 174 9 80
99348 652 25 105 7 334 1276 666 192 105 14 29 592 231 134 156 0 257 11 498 89 18 5 7 406 433 11 262 17 0 2 26 18 30 2 16
99349 652 25 697 52 2322 8476 4572 1304 709 100 185 4014 1600 902 1049 0 1672 84 3340 622 120 44 53 2824 2789 78 1844 121 4 12 171 120 219 14 103
99350 654 25 228 16 772 2828 1505 420 236 33 63 1334 524 294 344 0 565 26 1112 203 38 14 14 934 934 26 605 38 1 4 58 37 70 4 37
99351 652 25 76 4 241 895 465 134 76 9 21 420 164 95 104 0 176 9 340 65 12 4 5 297 289 7 190 13 0 1 16 13 23 1 10
99352 652 25 592 46 2001 7289 3925 1110 620 88 156 3473 1365 770 899 0 1450 75 2917 540 104 39 45 2426 2425 67 1596 99 4 10 149 96 183 10 85
99353 655 25 239 17 802 2919 1566 447 243 35 67 1393 543 309 354 0 580 27 1140 213 41 15 16 974 965 27 627 41 1 4 59 38 73 4 36
99354 655 25 1282 106 4396 15851 8669 2408 1351 191 345 7530 2996 1660 2052 0 3193 170 6436 1177 223 84 104 5260 5289 153 3518 212 11 20 324 210 405 24 176
99356 656 25 324 25 1088 4000 2156 600 339 49 89 1901 744 422 500 0 806 40 1603 300 57 22 24 1320 1337 37 871 53 2 5 81 56 101 5 46
99357 661 25 467 37 1540 5698 3019 854 492 66 125 2660 1058 591 687 0 1125 61 2229 427 82 29 32 1902 1866 51 1231 76 3 8 117 76 144 7 66
99361 660 25 1512 115 5072 18595 9891 2833 1568 221 411 8759 3478 1972 2240 0 3673 187 7273 1387 266 97 109 6199 6104 172 4000 261 12 25 377 253 476 27 222
99363 637 25 449 32 1486 5452 2873 819 460 61 124 2603 1015 575 665 0 1076 51 2114 398 75 26 32 1798 1791 52 1162 77 2 8 110 73 138 7 66
99364 660 33 491 36 1620 6022 3156 904 511 72 133 2840 1110 639 708 0 1181 61 2340 444 88 31 32 1995 1978 52 1265 84 3 9 122 80 154 9 74
99365 674 44 388 29 1262 4710 2448 706 398 54 109 2234 866 504 558 0 927 46 1812 350 66 21 29 1559 1541 42 993 65 3 7 94 68 122 6 56
99366 666 32 298 22 1012 3713 1983 568 314 46 85 1763 692 392 448 0 736 35 1467 270 52 19 23 1234 1235 35 797 51 2 5 75 49 93 5 46
99367 664 32 97 7 322 1168 637 174 102 15 24 538 222 120 135 0 231 12 454 91 17 7 6 400 383 8 261 15 0 1 25 15 29 1 13
99368 663 33 110 7 364 1325 681 205 112 14 28 628 246 141 166 0 261 11 515 94 20 5 6 436 435 12 277 19 0 1 28 17 32 2 17
99369 662 32 70 5 236 834 452 126 73 10 17 399 155 89 110 0 167 7 337 61 12 4 4 273 279 9 181 11 0 1 18 10 20 1 11
99370 644 26 759 58 2539 9441 4967 1403 787 108 218 4473 1733 990 1187 0 1867 95 3707 688 132 46 53 3117 3117 90 2014 135 5 13 189 125 242 14 115
99373 643 30 631 45 2152 7744 4183 1189 648 87 168 3679 1453 825 966 0 1529 77 3059 569 113 35 50 2576 2552 69 1712 109 4 10 158 105 196 13 99
99374 643 30 968 73 3263 12036 6435 1801 1007 145 273 5661 2232 1263 1490 0 2398 126 4750 887 168 63 74 3997 3969 108 2593 166 8 17 240 159 306 18 143
99375 632 25 166 13 553 2030 1073 306 167 22 46 950 374 212 260 0 404 19 801 143 27 10 11 674 667 17 437 27 1 3 42 28 51 3 25
99376 632 25 394 31 1318 4853 2596 723 407 57 108 2282 893 505 583 0 953 52 1897 362 67 25 29 1622 1597 45 1053 66 2 6 100 65 122 7 59
99377 632 25 998 74 3341 12221 6540 1854 1021 143 273 5744 2257 1291 1466 0 2426 117 4784 892 175 62 74 4069 4052 109 2625 172 7 18 252 159 311 19 152
99382 633 25 247 22 843 3077 1687 451 269 42 67 1445 585 318 386 0 617 38 1241 234 45 19 22 1037 1014 29 688 41 2 3 64 41 82 4 30
99383 653 35 1274 98 4307 15823 8469 2357 1331 186 351 7416 2946 1668 1911 1 3131 161 6261 1171 221 83 92 5254 5227 144 3411 216 10 21 322 214 407 24 183
99384 633 25 354 28 1176 4383 2342 636 369 55 98 2046 816 453 525 0 870 49 1746 324 60 25 26 1470 1447 39 942 58 3 5 89 57 114 6 50
99385 632 25 310 21 1027 3780 1971 576 309 42 88 1804 692 406 456 0 747 33 1457 269 53 16 22 1242 1248 32 797 55 2 5 75 52 98 5 48
99386 656 25 99 8 340 1225 659 188 104 13 25 598 228 125 167 0 248 10 493 90 15 6 7 408 414 12 270 16 0 1 24 15 30 2 14
99388 644 25 545 41 1802 6685 3529 994 566 77 149 3158 1239 709 808 0 1319 68 2590 496 97 33 42 2226 2202 63 1431 95 4 9 134 92 171 9 78
99390 644 25 377 30 1255 4615 2446 700 386 51 103 2192 860 481 570 0 917 41 1808 339 64 21 29 1519 1532 42 991 65 2 6 93 61 119 7 58
99393 635 26 134 9 450 1645 893 243 141 20 38 764 316 170 194 0 316 17 645 124 23 8 9 550 544 16 356 23 0 2 36 19 42 2 18
99394 633 25 267 19 894 3267 1739 497 273 37 73 1542 604 350 399 0 647 32 1276 235 48 17 19 1082 1077 31 701 47 1 4 69 43 83 5 40
99395 622 27 540 43 1828 6624 3556 1008 556 75 152 3194 1236 705 835 0 1319 66 2605 476 93 32 42 2209 2194 65 1445 93 4 9 134 86 170 9 80
99396 609 25 67 5 223 838 452 116 73 10 19 386 154 85 99 0 160 8 336 66 11 4 6 278 277 8 180 11 0 1 17 12 23 1 9
99398 628 27 965 76 3259 12020 6443 1789 1003 142 267 5662 2206 1253 1492 1 2418 125 4793 877 169 66 74 3970 4030 109 2580 164 7 16 240 160 305 19 141
99400 640 34 967 70 3270 11958 6291 1850 983 132 276 5714 2199 1270 1512 0 2388 106 4662 858 172 54 69 3942 3949 106 2566 174 5 18 239 162 303 19 158
99402 606 25 501 40 1666 6151 3295 916 522 75 134 2883 1156 639 745 0 1203 62 2415 459 86 35 38 2053 2021 60 1340 86 4 8 126 82 158 8 68
99403 619 25 359 28 1218 4430 2371 671 371 52 99 2085 824 467 542 0 890 44 1743 324 62 23 26 1469 1467 39 972 61 1 6 89 57 114 6 55
99404 615 25 128 11 440 1613 882 235 140 20 34 757 304 170 195 0 323 16 652 120 22 9 10 547 523 14 357 21 1 2 33 21 41 2 17
99406 613 25 39 2 134 475 244 74 39 4 11 231 86 51 65 0 93 2 184 32 7 1 1 156 158 3 94 6 0 0 10 6 10 1 7
99407 601 25 132 11 465 1634 900 252 137 20 35 794 312 173 218 0 335 15 664 117 20 9 10 547 554 12 364 21 0 2 34 22 41 2 19
99408 605 25 257 17 855 3108 1669 468 267 37 67 1468 574 330 380 0 617 32 1219 229 48 15 17 1022 1029 28 670 45 2 4 66 40 79 5 39
99409 581 25 168 13 583 2130 1130 323 173 23 50 1021 388 226 274 0 424 21 842 152 30 10 13 710 709 18 457 30 0 3 41 28 54 3 25
99410 595 32 431 33 1462 5299 2824 811 445 61 117 2501 978 554 641 0 1047 53 2087 391 75 27 32 1756 1754 48 1138 72 3 7 107 71 133 7 64
99411 590 25 132 11 452 1658 887 257 135 19 38 790 311 174 205 0 325 15 643 118 23 8 11 548 546 17 356 24 0 2 32 21 42 2 20
99413 648 59 348 25 1147 4245 2228 627 357 46 96 1993 775 444 510 0 831 40 1642 309 61 19 25 1406 1405 41 898 61 2 6 85 57 109 6 53
99415 644 56 1275 96 4288 15730 8446 2372 1335 191 357 7409 2915 1651 1911 1 3120 163 6181 1167 219 81 95 5225 5219 146 3389 217 10 21 323 213 397 23 186
99418 647 56 114 7 362 1370 705 202 110 14 31 638 243 142 162 0 268 11 524 99 19 6 8 443 448 13 287 21 1 2 28 19 34 2 17
99421 658 61 384 27 1262 4653 2443 697 387 51 110 2202 856 497 564 0 923 43 1821 344 67 22 27 1542 1537 41 988 66 2 6 92 61 119 7 58
99422 653 55 1231 95 4150 15220 8132 2307 1273 175 344 7223 2828 1599 1885 1 3035 156 6030 1120 214 75 93 5060 5063 143 3300 207 8 21 307 202 389 23 182
99423 679 67 37 2 122 438 234 68 38 5 9 210 85 47 55 0 88 4 175 31 6 1 2 150 144 4 96 6 0 0 9 5 11 0 5
99425 666 55 578 42 1933 7106 3735 1072 586 77 165 3361 1308 750 897 0 1428 66 2769 517 102 32 43 2330 2335 67 1508 104 3 11 144 95 178 11 93
99426 654 55 785 57 2649 9677 5134 1484 802 112 223 4599 1797 1024 1203 0 1915 96 3768 710 142 47 57 3207 3195 87 2079 137 4 14 199 124 249 16 125
99427 679 50 210 15 687 2558 1328 391 210 27 59 1216 471 275 308 0 503 22 981 185 36 11 15 844 841 23 539 37 1 4 49 36 62 4 33
99428 665 50 982 75 3289 12099 6413 1842 1020 138 274 5747 2248 1273 1493 0 2396 121 4730 896 175 60 75 4034 3984 120 2608 169 7 16 247 157 308 18 149
99429 651 50 172 13 579 2136 1121 329 175 23 49 1013 395 228 251 0 426 20 824 158 30 11 13 711 703 20 455 28 0 3 42 28 55 3 27
99430 652 50 41 2 136 493 254 80 39 5 12 238 90 53 61 0 97 3 183 33 6 1 2 158 164 4 101 8 0 0 9 7 12 1 7
99432 636 31 192 14 647 2370 1263 362 201 29 54 1120 445 255 293 0 468 26 922 174 34 13 14 793 772 22 504 34 1 3 47 32 61 3 28
99433 638 31 575 43 1938 7033 3763 1066 590 78 157 3342 1302 750 858 0 1405 68 2751 522 98 34 39 2338 2320 64 1512 100 3 10 142 97 177 10 86
