114325 740 36 4387 345 14741 54131 28817 8139 4569 631 1210 25681 10047 5691 6713 3 10750 558 21377 4016 767 284 321 18028 17835 513 11677 746 31 74 1109 725 1378 81 653
114327 760 22 194 15 661 2430 1296 353 209 30 53 1153 453 258 294 0 482 26 965 183 35 13 15 825 797 22 536 32 1 3 49 29 63 3 28
114328 759 22 1215 95 4083 14841 7953 2269 1257 171 326 7028 2785 1568 1830 0 2958 154 5857 1103 211 75 90 4945 4882 142 3247 203 8 20 299 187 383 22 179
114329 756 22 179 12 607 2187 1155 340 184 24 50 1048 407 231 272 0 437 19 845 160 31 9 13 715 721 21 474 31 1 3 44 28 55 3 27
114331 756 22 230 18 781 2907 1551 423 244 32 64 1364 537 300 353 0 573 28 1144 217 40 15 18 960 959 28 627 39 2 3 59 40 74 3 31
114333 756 22 3451 278 11696 42664 23004 6443 3606 511 947 20226 8009 4494 5355 2 8535 452 17001 3144 604 228 270 14212 14108 403 9334 591 27 58 870 565 1086 65 494
114335 751 22 935 75 3162 11602 6206 1730 975 139 260 5496 2157 1223 1448 0 2303 119 4623 851 163 62 66 3855 3832 108 2483 158 7 15 241 149 292 18 137
114337 752 22 300 21 1014 3692 1964 569 315 43 80 1768 690 395 475 0 733 34 1455 269 56 16 21 1236 1213 36 794 52 1 5 77 47 91 5 49
114342 778 34 772 60 2590 9587 5076 1439 808 111 213 4556 1773 1004 1208 0 1916 98 3806 710 131 49 57 3179 3173 91 2058 129 6 13 197 124 240 14 114
114344 777 34 764 53 2442 9202 4792 1347 766 104 213 4319 1700 958 1124 0 1814 90 3590 669 128 45 54 3053 3015 87 1940 127 5 12 189 128 235 13 109
114346 777 34 879 69 2977 10830 5886 1640 921 135 234 5127 2028 1144 1315 0 2162 119 4301 807 154 59 67 3631 3601 100 2384 146 6 14 221 139 278 16 125
114348 777 34 344 28 1181 4349 2360 650 364 54 100 2076 809 456 553 0 871 49 1749 323 61 24 27 1437 1458 41 950 59 2 5 89 56 109 6 50
114353 777 34 1079 85 3713 13439 7283 2026 1135 165 291 6354 2521 1424 1670 0 2697 145 5362 991 192 76 86 4493 4452 121 2948 182 8 18 275 177 339 21 155
114354 777 34 2612 206 8872 32460 17412 4884 2741 389 717 15317 6020 3405 4006 2 6495 342 12901 2408 458 173 198 10792 10765 298 7047 445 19 44 662 431 821 49 382
114358 751 29 1570 120 5256 19304 10297 2908 1652 236 433 9130 3622 2042 2343 0 3810 199 7551 1444 273 104 118 6473 6305 182 4210 270 12 25 390 249 505 28 227
114359 751 29 716 53 2399 8892 4714 1329 737 102 196 4166 1632 928 1056 0 1763 88 3483 649 125 45 52 2949 2936 79 1908 122 4 12 181 120 225 13 111
114361 745 23 1252 91 4179 15377 8129 2326 1299 178 344 7298 2857 1622 1916 0 3052 150 6034 1128 221 79 90 5103 5052 151 3290 214 10 22 319 200 395 24 191
114362 746 23 1101 82 3718 13480 7243 2061 1133 155 301 6445 2523 1433 1707 0 2712 127 5354 985 192 67 79 4463 4467 124 2933 188 7 19 282 175 337 21 172
114365 745 23 1147 93 3931 14234 7623 2177 1196 168 310 6787 2660 1518 1778 0 2833 145 5618 1048 203 76 87 4751 4692 132 3103 201 7 20 293 185 358 23 176
114367 746 23 661 47 2198 8082 4298 1212 689 95 180 3817 1488 848 1001 0 1598 82 3188 603 113 41 49 2680 2656 76 1747 112 4 11 164 107 207 12 96
114369 737 22 862 66 2897 10620 5643 1597 894 126 241 4993 1978 1107 1299 0 2117 110 4198 778 154 53 64 3539 3502 100 2289 149 6 14 212 140 272 15 128
114372 739 22 1514 118 5115 18897 10035 2841 1575 221 429 8931 3503 1988 2286 1 3739 193 7426 1398 271 98 112 6296 6275 176 4041 254 11 28 390 248 480 28 227
114374 738 22 2973 231 10051 36916 19825 5519 3129 444 818 17448 6890 3878 4537 2 7318 392 14644 2729 526 192 232 12330 12203 347 8009 503 24 50 756 491 947 54 426
114378 739 22 673 48 2238 8183 4359 1250 684 97 186 3878 1510 871 1008 0 1626 80 3216 592 116 43 47 2694 2693 74 1761 119 4 11 165 111 208 13 101
114379 736 22 1300 99 4329 15899 8450 2403 1336 183 358 7554 2963 1685 1942 1 3148 158 6224 1168 227 77 93 5293 5238 148 3430 226 9 22 328 215 402 25 197
114380 895 57 329 24 1086 4052 2125 609 338 46 90 1919 740 423 496 0 800 41 1573 294 61 21 25 1347 1329 39 854 57 2 5 82 50 101 6 51
114381 895 57 900 69 2987 10988 5834 1665 918 127 243 5197 2046 1158 1370 0 2189 115 4331 811 157 54 66 3634 3618 103 2365 153 6 15 228 147 276 17 132
114382 896 57 1957 156 6622 24178 13040 3655 2043 290 538 11421 4527 2554 3031 1 4814 257 9657 1791 343 129 152 8032 8032 231 5292 327 17 32 488 313 615 37 277
114383 898 57 325 26 1074 3962 2132 597 341 48 86 1863 752 416 483 0 787 42 1568 294 57 22 25 1320 1297 38 859 54 2 4 80 51 101 5 46
114384 820 28 1168 92 3924 14419 7636 2200 1218 170 328 6846 2691 1527 1792 1 2850 152 5675 1082 205 73 87 4810 4746 136 3099 200 8 20 284 183 367 22 172
114385 820 28 191 16 664 2401 1320 354 207 30 52 1166 461 253 303 0 479 26 977 181 33 14 16 804 798 23 538 31 2 3 47 31 61 3 24
114391 820 28 304 23 1024 3748 2000 558 320 41 81 1778 701 394 469 0 751 36 1483 275 53 18 22 1243 1228 36 820 53 2 5 77 49 94 5 47
114392 811 22 313 23 1068 3883 2119 577 327 48 83 1843 725 411 459 0 773 42 1535 287 55 24 22 1309 1286 32 853 52 2 5 78 51 97 5 46
114394 820 43 494 38 1661 6077 3284 916 520 73 134 2883 1138 636 765 0 1219 63 2419 449 86 32 40 2004 2027 60 1335 84 3 8 124 78 154 8 72
114404 813 34 169 12 573 2060 1110 316 173 23 44 974 388 215 250 0 412 20 815 154 28 10 10 677 687 19 449 28 0 2 43 24 48 3 25
114405 813 34 1373 106 4574 16766 8985 2545 1411 198 372 7963 3137 1773 2053 0 3348 171 6620 1238 237 89 103 5569 5552 152 3652 231 11 23 337 224 430 25 197
114406 813 34 804 61 2664 9826 5230 1480 831 116 219 4662 1825 1037 1184 0 1932 104 3838 727 143 52 61 3298 3225 95 2123 136 5 13 200 128 252 14 118
114408 814 34 2083 157 7057 25677 13776 3903 2165 299 569 12169 4798 2733 3156 1 5081 257 10110 1888 366 133 151 8542 8469 229 5572 356 14 37 525 343 655 40 317
114409 813 53 1040 82 3483 12922 6828 1924 1080 151 291 6132 2384 1361 1603 1 2565 128 5114 951 183 64 82 4307 4259 122 2796 180 8 17 263 169 334 19 154
114410 813 53 1430 108 4789 17497 9343 2653 1465 203 395 8311 3251 1849 2160 1 3473 176 6884 1285 248 89 102 5808 5777 164 3774 243 9 24 361 235 438 26 213
114411 816 30 108 7 363 1349 702 199 109 14 32 644 244 142 172 0 265 12 525 97 20 5 7 440 445 12 282 20 0 1 26 18 33 2 17
114413 816 30 582 45 1973 7263 3914 1082 610 86 159 3428 1348 757 900 0 1451 78 2904 538 103 39 43 2392 2429 71 1583 98 4 9 147 95 180 10 79
114416 815 28 369 25 1250 4579 2458 690 379 54 99 2156 836 483 546 0 917 43 1801 325 66 22 28 1519 1523 42 986 63 3 6 97 61 115 6 55
114417 802 28 2050 158 6888 25214 13521 3831 2125 295 558 11943 4693 2659 3186 1 5045 258 10056 1855 364 127 155 8340 8349 246 5488 347 16 34 519 327 638 40 301
114418 771 22 955 74 3207 11781 6287 1772 996 139 265 5617 2179 1242 1463 1 2336 120 4645 872 168 60 71 3943 3888 113 2547 166 7 16 239 151 307 17 141
114419 771 22 2432 187 8193 29783 16010 4553 2496 345 675 14150 5561 3152 3695 1 5944 294 11745 2166 421 148 181 9840 9890 283 6469 428 18 42 613 395 755 46 366
114422 771 22 1025 78 3383 12609 6699 1879 1053 146 285 5969 2320 1320 1504 0 2484 127 4938 935 181 63 76 4162 4178 121 2688 172 7 17 259 168 324 18 152
114425 770 22 630 49 2181 7873 4291 1191 659 98 176 3763 1475 826 978 0 1587 82 3131 571 111 44 48 2631 2624 68 1730 107 4 11 159 107 199 11 96
114426 770 22 202 15 673 2554 1330 368 210 30 57 1189 461 263 311 0 507 28 1013 188 35 14 15 850 847 24 527 35 1 3 50 32 66 3 31
114430 766 27 686 51 2295 8445 4464 1273 713 98 190 3974 1562 887 1000 0 1674 86 3288 619 120 41 49 2805 2785 74 1813 116 4 12 169 110 216 12 104
114431 801 28 178 12 616 2196 1185 334 178 23 50 1047 407 232 272 0 442 18 861 154 30 9 12 719 741 18 465 33 1 3 43 31 54 3 29
114432 801 23 1872 147 6254 23001 12272 3448 1940 273 513 10902 4255 2408 2834 1 4599 231 9083 1696 326 120 136 7608 7627 217 4967 319 13 32 470 302 581 34 277
114435 799 23 40 2 132 488 250 74 40 5 10 236 91 52 62 0 92 3 183 36 7 2 2 160 158 5 102 8 0 0 10 5 12 0 6
114438 815 30 797 61 2718 9836 5253 1501 823 113 225 4721 1836 1047 1253 0 1977 95 3894 721 139 49 61 3269 3247 87 2137 142 5 13 198 135 247 16 122
114439 806 23 2748 218 9246 33957 18109 5114 2860 393 777 16100 6273 3569 4166 2 6723 343 13361 2533 480 173 204 11296 11211 316 7334 470 18 48 696 455 858 52 414
114441 821 44 201 13 674 2468 1328 375 203 28 55 1170 455 263 306 0 489 23 973 177 36 12 16 817 820 21 533 35 1 3 47 32 63 4 31
114443 802 26 420 34 1461 5262 2845 805 442 63 117 2510 988 553 661 0 1056 54 2106 387 74 28 30 1752 1749 47 1152 71 3 7 111 70 131 8 62
114444 809 31 1477 109 4952 18165 9651 2763 1517 211 411 8620 3374 1917 2212 0 3621 182 7130 1337 257 96 104 6050 6035 163 3893 258 9 25 365 241 456 28 226
114446 821 31 535 38 1795 6585 3526 980 554 78 146 3085 1222 692 801 0 1298 68 2589 492 91 35 39 2165 2184 60 1412 91 4 9 131 88 164 10 78
114447 816 29 145 8 479 1808 925 268 150 20 41 835 325 191 210 0 353 16 691 132 25 9 10 594 591 16 366 26 1 2 36 24 45 2 24
114450 815 29 898 68 3037 11178 6004 1664 940 134 251 5283 2076 1172 1361 0 2224 117 4442 835 156 60 67 3710 3699 99 2422 151 7 15 230 147 281 16 130
114453 815 29 144 10 479 1758 904 273 146 18 41 857 325 188 227 0 349 14 680 127 25 7 10 585 576 17 367 25 0 3 36 22 43 2 25
114454 784 22 521 35 1720 6384 3288 966 524 70 145 3033 1183 681 788 0 1248 57 2440 454 94 29 36 2115 2064 62 1346 93 3 9 130 81 162 10 85
114455 784 22 2897 219 9788 35778 19097 5405 3007 416 791 16988 6663 3770 4424 1 7153 362 14116 2622 510 183 218 11919 11817 336 7764 494 22 50 734 471 913 55 435
114456 784 22 701 53 2387 8692 4652 1320 717 96 190 4138 1598 918 1110 0 1744 81 3433 630 122 41 53 2864 2889 78 1885 123 3 13 179 119 220 14 112
114458 800 22 629 46 2111 7743 4066 1190 655 89 171 3694 1426 825 937 0 1531 71 2994 560 114 36 44 2556 2568 72 1644 109 4 11 159 99 194 12 99
114460 799 22 668 48 2230 8250 4336 1249 687 93 191 3934 1526 872 1038 0 1619 83 3228 603 116 39 45 2733 2704 79 1755 118 5 11 170 111 205 13 103
114461 799 22 173 12 590 2162 1135 331 176 23 50 1029 399 232 252 0 423 19 827 158 31 10 11 715 705 18 453 34 1 3 44 32 56 3 28
114462 799 22 1636 126 5522 20112 10832 3050 1673 232 457 9553 3734 2116 2468 1 4023 199 7947 1463 283 100 121 6659 6720 178 4335 284 10 28 413 276 508 31 246
114463 799 22 1447 112 4891 17836 9500 2719 1491 203 403 8509 3328 1880 2191 0 3548 181 6981 1316 255 88 108 5920 5889 168 3845 252 9 25 366 238 448 28 222
114464 799 22 2074 163 7016 25710 13906 3833 2180 317 568 12143 4784 2701 3133 1 5085 274 10177 1921 370 139 157 8601 8496 235 5619 344 16 35 529 330 654 38 300
114466 801 22 511 38 1733 6314 3380 952 536 72 145 3026 1188 669 801 0 1265 63 2483 474 90 32 39 2101 2074 62 1392 87 3 8 123 78 160 9 79
114467 802 22 1527 115 5122 18914 10022 2829 1586 219 423 8938 3511 1994 2346 1 3749 195 7456 1392 273 99 114 6265 6236 185 4067 262 12 25 393 244 481 28 228
114470 804 24 3502 261 11770 43101 22974 6547 3607 504 973 20470 8040 4561 5391 2 8587 423 16939 3177 622 220 260 14294 14277 408 9309 602 23 62 885 567 1099 67 534
114472 766 31 775 61 2601 9468 5138 1411 809 114 209 4442 1787 987 1155 0 1898 104 3782 713 129 52 59 3167 3120 87 2108 124 6 12 197 131 244 14 104
114473 824 44 952 73 3197 11768 6292 1764 988 133 268 5574 2187 1230 1440 0 2325 117 4643 874 168 57 72 3926 3891 108 2549 160 5 17 238 155 305 17 142
114474 826 44 1561 118 5230 19323 10291 2860 1630 230 437 9108 3582 2027 2359 1 3846 200 7613 1440 275 102 118 6401 6385 176 4169 266 10 26 393 255 492 28 232
114475 794 23 685 49 2275 8412 4466 1270 701 100 193 3962 1537 886 1017 0 1667 84 3267 613 119 42 47 2776 2785 73 1790 117 3 12 169 112 211 13 105
114476 793 22 826 61 2807 10222 5464 1551 849 117 232 4857 1900 1088 1279 0 2032 101 4032 743 146 50 61 3385 3363 97 2215 144 6 14 212 137 257 16 127
114480 791 22 2052 152 6878 25169 13393 3811 2108 293 568 11939 4662 2663 3115 1 5018 249 9908 1842 359 123 147 8332 8323 231 5417 353 14 35 516 333 636 39 312
114481 786 22 1471 113 4930 18097 9714 2722 1529 219 398 8556 3381 1907 2180 1 3579 195 7127 1342 261 99 114 6047 5991 165 3926 250 11 24 371 240 478 26 208
114482 784 22 963 72 3191 11719 6222 1790 970 134 265 5543 2159 1249 1427 0 2330 112 4559 852 165 59 69 3905 3876 105 2521 168 5 16 240 156 299 18 149
114485 787 22 1037 76 3468 12706 6750 1929 1067 145 288 6029 2374 1347 1565 0 2521 127 4978 930 178 63 74 4235 4161 117 2729 177 7 17 269 173 318 19 159
114487 788 22 395 32 1342 4912 2616 748 405 55 112 2375 913 515 623 0 983 48 1934 363 69 24 29 1633 1643 46 1065 67 2 7 99 65 124 7 60
114488 785 22 487 39 1631 5911 3158 899 507 72 130 2821 1118 621 750 0 1177 62 2335 439 85 30 34 1974 1946 58 1293 81 4 7 120 74 151 8 68
114489 785 22 1076 85 3640 13348 7171 1998 1124 155 294 6319 2475 1398 1683 0 2673 137 5357 986 185 70 82 4413 4432 125 2900 178 9 17 270 178 335 19 154
114490 790 23 1001 77 3370 12362 6592 1866 1048 147 280 5854 2305 1298 1506 0 2473 131 4829 917 177 66 74 4122 4085 119 2689 169 6 16 252 161 319 18 148
114492 785 22 2139 165 7216 26436 14123 3979 2215 309 589 12527 4931 2793 3271 1 5271 277 10461 1942 379 138 158 8826 8733 241 5740 365 15 36 537 347 669 41 317
114493 785 22 335 27 1127 4143 2178 637 348 49 96 2012 769 443 500 0 812 45 1603 305 57 21 24 1387 1356 40 890 57 2 5 84 56 106 5 48
114495 784 22 690 51 2326 8453 4545 1274 716 101 191 4045 1568 896 1062 0 1683 88 3354 634 120 44 48 2828 2800 74 1825 116 4 12 171 113 214 13 102
114496 785 22 546 43 1874 6786 3708 1021 571 80 152 3262 1270 716 838 0 1363 69 2697 502 97 37 39 2259 2256 63 1492 96 3 9 141 92 175 9 80
114497 784 22 1023 74 3465 12600 6776 1917 1061 148 282 5975 2348 1321 1544 0 2507 124 4977 934 181 65 74 4175 4194 114 2717 174 7 18 258 170 314 20 156
114498 736 23 897 67 3011 11132 5952 1675 938 137 249 5268 2071 1174 1344 0 2203 116 4378 811 161 59 63 3695 3669 106 2404 154 7 15 231 149 287 17 133
114499 737 23 1193 95 4053 14813 7963 2230 1243 177 329 7003 2755 1559 1798 1 2914 153 5855 1105 210 78 92 4937 4902 136 3210 205 8 19 301 195 382 21 177
114500 736 22 3397 258 11359 41769 22143 6321 3524 492 946 19728 7765 4409 5086 2 8284 420 16335 3094 594 216 245 13914 13766 390 8956 585 25 58 855 550 1066 62 510
114501 823 56 1132 88 3836 13932 7585 2108 1170 166 306 6643 2601 1472 1783 0 2799 142 5599 1028 195 72 86 4609 4651 124 3077 194 8 18 284 188 352 23 166
114503 821 55 1277 99 4270 15737 8383 2367 1315 185 353 7489 2948 1664 1953 1 3128 160 6188 1154 224 78 93 5248 5174 148 3395 218 10 21 316 213 405 24 189
114505 737 25 1061 82 3559 13026 6955 1980 1099 151 295 6174 2427 1372 1585 0 2568 130 5101 966 187 66 77 4335 4307 124 2789 181 7 18 269 174 334 19 158
114506 741 24 1086 87 3671 13495 7272 2017 1139 161 300 6364 2509 1410 1622 1 2673 147 5358 1003 190 71 86 4505 4454 119 2936 183 8 18 271 179 352 19 157
114508 742 23 207 12 697 2538 1330 391 209 26 58 1212 467 272 316 0 506 20 968 181 35 10 13 832 830 21 533 38 0 3 52 35 63 4 34
114510 739 23 673 48 2243 8223 4345 1240 694 98 183 3901 1528 886 1011 0 1633 79 3221 602 115 43 44 2744 2695 72 1754 116 4 12 167 109 210 12 103
114511 739 23 760 61 2579 9392 5074 1410 799 117 207 4460 1771 993 1164 0 1877 98 3736 688 129 54 56 3133 3084 86 2064 127 6 12 194 124 241 14 111
114512 755 22 1669 129 5624 20684 11005 3113 1740 246 463 9767 3837 2180 2513 1 4116 212 8127 1525 294 109 122 6878 6822 186 4456 283 13 29 425 272 520 30 246
114513 754 22 1405 103 4641 17115 9060 2585 1435 200 389 8134 3165 1809 2095 1 3394 167 6669 1253 242 86 101 5677 5646 162 3646 239 10 24 343 232 428 25 212
114514 754 22 324 26 1089 4004 2130 613 332 46 90 1907 747 424 479 0 790 42 1556 292 58 20 24 1342 1314 37 861 57 1 5 82 53 102 6 51
114515 831 58 1682 136 5766 20975 11269 3186 1759 251 459 9984 3911 2225 2636 1 4192 217 8329 1539 297 115 131 6976 6955 196 4568 292 12 29 430 274 525 34 251
114517 834 58 1835 152 6287 22794 12317 3464 1926 279 499 10815 4276 2413 2800 1 4561 248 9064 1696 324 127 140 7633 7509 204 4996 309 15 30 469 303 581 35 264
114520 847 45 338 24 1149 4170 2222 650 347 44 93 1978 769 446 524 0 827 36 1639 304 61 19 25 1368 1379 41 898 62 2 6 83 55 107 7 55
114523 852 44 518 43 1765 6481 3482 971 547 74 142 3043 1197 675 788 0 1283 70 2575 488 91 33 40 2167 2150 60 1408 87 4 8 132 87 166 9 75
114524 854 44 690 53 2315 8422 4425 1304 694 91 197 4065 1546 906 1058 0 1680 74 3265 616 119 38 48 2788 2780 73 1793 122 3 13 168 112 208 13 113
114526 850 44 437 33 1496 5374 2870 838 450 62 122 2568 1017 578 660 0 1072 52 2113 387 79 26 29 1796 1770 50 1164 74 2 8 107 69 139 8 67
114527 850 44 1919 147 6481 23758 12782 3577 2015 286 537 11242 4448 2512 2938 1 4717 253 9425 1759 339 124 146 7872 7886 222 5168 323 15 33 495 313 596 37 283
114528 849 44 2411 186 8093 29705 15822 4438 2480 346 672 14076 5481 3116 3707 2 5907 295 11741 2185 420 148 178 9817 9853 270 6387 414 16 41 607 396 745 46 364
114530 849 44 164 14 578 2071 1139 318 179 26 44 986 401 220 261 0 416 23 839 155 29 12 14 691 689 20 460 26 1 2 41 29 54 2 20
114531 849 44 1411 111 4751 17487 9362 2631 1482 210 391 8278 3270 1837 2168 0 3482 185 6951 1304 249 91 106 5839 5769 165 3799 235 12 24 356 235 452 25 201
114533 819 24 466 35 1572 5746 3068 871 478 70 131 2722 1059 601 712 0 1141 57 2259 423 80 30 35 1912 1892 49 1226 79 2 7 115 77 143 9 70
114534 819 24 258 22 878 3224 1716 482 277 39 71 1526 598 330 388 0 648 35 1272 243 45 16 19 1080 1065 28 702 43 1 4 63 39 83 4 37
114536 819 24 892 69 2963 10886 5832 1626 919 124 243 5126 2021 1150 1353 0 2174 108 4315 806 158 53 69 3618 3593 105 2387 152 7 14 225 143 274 17 132
114537 822 24 165 12 561 2072 1113 300 172 23 46 986 386 213 257 0 418 20 826 153 28 10 13 683 697 18 452 26 1 2 43 26 49 2 24
114538 822 24 388 26 1287 4754 2469 717 388 51 110 2250 874 504 579 0 934 41 1836 339 69 21 28 1562 1566 46 989 71 2 7 96 65 124 7 62
114540 822 24 1012 77 3388 12504 6665 1884 1054 150 280 5830 2327 1327 1517 1 2494 131 4943 924 177 66 79 4123 4138 113 2714 173 7 18 254 169 323 19 146
114545 806 44 540 39 1785 6605 3468 987 554 74 149 3131 1215 696 822 0 1307 67 2592 472 95 30 39 2178 2170 60 1408 94 4 10 135 86 169 10 83
114547 806 43 1965 149 6654 24169 13048 3653 2039 290 541 11484 4501 2547 3009 1 4839 244 9553 1790 344 126 150 8035 8026 218 5274 339 14 34 498 317 609 38 293
114552 806 43 432 31 1444 5294 2827 787 443 59 122 2484 980 557 660 0 1057 53 2088 388 75 25 34 1739 1743 45 1137 75 2 7 109 74 132 8 65
114554 806 43 277 21 919 3419 1800 509 283 37 78 1632 623 354 424 0 680 30 1342 245 48 15 21 1126 1146 32 723 46 1 5 71 46 90 5 43
114556 805 43 1275 101 4338 15863 8502 2361 1330 189 352 7504 2950 1663 1954 0 3167 158 6265 1158 219 85 93 5291 5260 145 3433 219 9 22 321 214 404 24 189
114557 806 43 969 74 3230 11958 6382 1797 1007 142 270 5629 2211 1260 1434 0 2356 127 4689 888 168 64 74 3987 3940 108 2578 162 8 17 242 159 307 18 139
114559 805 43 2496 196 8389 30807 16577 4617 2596 363 693 14629 5731 3243 3806 1 6139 313 12218 2287 431 163 187 10223 10259 284 6672 428 19 42 625 413 787 46 362
114560 805 43 1330 107 4507 16432 8880 2486 1395 196 366 7815 3092 1726 2071 1 3279 174 6561 1234 231 88 101 5461 5439 155 3614 222 11 22 342 218 415 24 190
114562 805 43 1535 119 5150 18847 10108 2852 1585 219 416 8915 3530 1986 2332 1 3741 192 7456 1389 275 97 116 6274 6205 178 4118 259 12 26 392 250 470 29 226
114563 807 43 39 2 135 483 266 71 39 5 11 235 92 48 61 0 100 3 196 34 5 2 2 153 167 3 106 6 0 0 9 6 11 0 6
114564 814 38 191 15 648 2398 1310 345 208 30 53 1109 444 245 286 0 476 29 970 190 33 14 17 797 794 22 527 29 1 3 49 32 62 2 23
114566 806 37 1629 123 5466 20139 10676 3011 1681 234 460 9551 3707 2123 2532 1 3997 198 7921 1466 284 99 116 6643 6673 190 4295 287 12 28 410 272 507 31 245
114567 807 37 291 23 990 3576 1920 558 302 44 77 1710 672 387 440 0 719 37 1422 261 51 18 21 1187 1192 32 780 47 2 4 74 46 92 5 41
114568 811 37 514 40 1754 6366 3445 963 539 76 144 3033 1207 665 800 0 1260 63 2527 475 90 33 40 2126 2099 59 1398 87 4 8 129 85 164 9 73
114569 807 37 1468 112 4909 18114 9614 2733 1531 214 406 8558 3371 1903 2243 1 3577 190 7148 1345 254 93 106 6055 5948 176 3920 248 12 24 369 233 460 27 214
114570 788 36 171 12 582 2127 1141 322 177 23 49 1012 393 226 260 0 420 19 826 157 29 9 12 694 713 20 462 31 0 3 42 30 54 3 27
114573 788 36 267 19 886 3273 1713 492 276 39 72 1550 608 345 410 0 649 33 1272 244 48 17 18 1085 1075 32 691 46 2 4 66 41 81 4 41
114575 793 36 996 74 3358 12260 6542 1863 1034 140 274 5829 2271 1298 1504 0 2435 117 4804 900 179 58 73 4066 4055 114 2649 172 6 18 251 159 315 19 152
114577 798 36 3077 238 10435 38050 20444 5756 3186 450 849 18085 7076 4026 4766 2 7582 386 15115 2796 540 197 221 12630 12613 346 8238 527 22 52 789 500 961 61 459
114579 795 36 366 26 1232 4486 2391 678 380 53 100 2126 841 480 561 0 899 43 1775 329 64 23 24 1486 1477 41 971 62 2 6 91 59 109 7 54
114580 803 38 138 10 451 1683 891 251 141 19 36 805 315 176 197 0 331 18 653 123 23 8 9 551 559 15 356 23 0 2 33 22 44 2 19
114583 767 23 1460 116 4895 18015 9583 2692 1522 210 405 8519 3342 1882 2214 1 3565 186 7060 1334 253 92 107 6028 5946 171 3868 247 10 25 364 237 459 26 212
114584 770 23 736 58 2518 9219 4984 1379 780 111 206 4337 1723 960 1105 0 1826 101 3655 689 129 51 56 3097 3056 84 2012 123 6 11 187 124 242 13 101
114596 773 11 961 77 3293 11908 6416 1827 1005 140 266 5685 2239 1268 1493 0 2391 122 4707 888 169 61 76 3987 3934 112 2606 165 6 17 242 149 303 18 144
114602 808 30 2795 210 9388 34258 18222 5212 2888 400 767 16250 6356 3617 4186 2 6800 339 13392 2550 490 171 203 11398 11301 316 7379 476 19 50 697 446 863 51 425
114603 807 29 996 73 3361 12295 6514 1855 1045 143 275 5840 2286 1307 1527 0 2427 119 4820 909 172 59 75 4087 4051 113 2660 172 7 18 251 158 318 19 151
114605 807 29 170 13 561 2118 1097 313 178 25 49 1007 392 219 261 0 416 23 816 159 30 9 14 708 690 20 436 30 0 2 42 29 54 3 25
114606 803 27 720 52 2426 8927 4761 1357 747 105 199 4221 1647 952 1094 0 1783 91 3520 651 131 46 54 2957 2949 82 1931 124 4 12 183 118 228 14 110
114610 807 27 944 76 3168 11620 6223 1761 994 139 256 5554 2185 1226 1458 0 2315 124 4585 866 169 60 74 3888 3827 116 2549 159 8 14 238 151 300 17 131
114614 802 27 903 67 3030 11101 5826 1711 927 125 251 5285 2058 1184 1379 0 2200 106 4296 812 157 52 65 3689 3645 98 2367 159 5 16 219 147 285 17 142
114635 782 21 163 15 563 2070 1090 306 182 25 47 978 386 219 256 0 409 23 806 155 27 12 13 708 670 18 446 26 1 2 39 25 54 2 22
114637 776 21 2426 181 8155 29827 15837 4502 2516 349 672 14148 5540 3146 3707 1 5927 305 11714 2225 424 152 178 9960 9819 276 6430 409 18 43 610 393 753 44 368
114638 775 20 71 4 240 874 454 135 72 10 19 426 162 91 116 0 171 7 336 63 12 3 4 292 285 8 184 13 0 1 17 11 22 1 11
114662 793 16 2736 206 9202 33758 17973 5122 2842 391 761 15948 6282 3582 4092 2 6683 344 13202 2498 484 173 209 11236 11106 307 7289 472 19 47 686 448 869 52 412
114663 792 15 238 17 798 2917 1568 442 241 34 62 1376 553 312 359 0 579 27 1158 212 41 15 17 964 965 26 633 39 1 4 60 37 75 4 35
114664 792 15 2656 199 9005 32770 17631 4959 2760 389 732 15578 6122 3443 4049 1 6545 330 12982 2424 468 168 193 10889 10923 307 7112 454 19 46 671 443 828 50 392
114665 763 13 534 37 1786 6567 3449 990 542 74 149 3102 1201 695 813 0 1307 65 2557 483 93 32 37 2179 2170 59 1411 94 3 9 134 88 164 10 83
114672 749 19 4947 381 16665 61194 32650 9221 5165 721 1371 28958 11374 6468 7551 4 12168 630 24139 4517 870 319 366 20306 20188 577 13201 850 37 86 1259 820 1558 94 741
114683 814 49 966 80 3290 12010 6471 1819 1010 142 268 5733 2260 1266 1483 0 2413 128 4760 886 169 63 77 4006 3991 114 2633 160 7 16 243 162 306 16 137
114718 782 11 756 56 2552 9335 5025 1398 787 106 212 4419 1723 978 1125 0 1866 91 3669 692 132 48 53 3094 3102 82 2018 134 3 13 192 124 236 14 113
114720 895 45 870 64 2947 10645 5685 1646 897 123 243 5087 1999 1146 1349 0 2140 101 4229 781 151 53 61 3506 3525 97 2321 149 6 16 208 138 265 16 131
114731 794 26 261 21 864 3260 1720 474 275 38 73 1531 604 343 391 0 636 35 1291 246 45 16 20 1081 1075 32 687 43 2 4 66 43 84 4 36
114732 793 26 723 56 2404 8897 4720 1321 745 102 207 4215 1649 933 1090 1 1771 91 3493 654 126 43 54 2943 2950 83 1907 121 4 12 180 117 227 13 108
114733 793 26 893 71 3016 11027 5882 1668 929 129 249 5256 2060 1156 1358 1 2186 112 4346 818 159 56 64 3683 3632 103 2390 147 6 15 222 146 277 15 129
114735 783 20 231 18 784 2835 1565 431 239 34 62 1349 528 298 342 0 564 29 1136 210 39 14 18 929 958 26 617 38 1 3 60 41 69 4 32
114738 783 20 3100 234 10401 38155 20372 5703 3188 446 861 18033 7088 4023 4697 2 7608 386 15077 2784 538 195 232 12692 12615 348 8269 528 22 54 782 511 971 59 461
114739 782 16 1893 145 6306 23230 12447 3474 1985 285 513 10992 4353 2455 2847 1 4606 244 9171 1719 336 126 140 7808 7623 219 5082 313 14 30 473 300 600 34 272
114741 781 16 103 9 352 1252 674 197 107 15 30 617 239 135 161 0 249 11 484 95 17 6 7 418 407 11 272 18 0 1 25 16 31 1 14
114742 815 60 687 52 2337 8490 4577 1279 707 98 187 4037 1577 891 1064 0 1693 81 3368 629 119 42 50 2805 2833 79 1856 118 4 12 176 111 207 13 106
114744 816 60 782 63 2610 9637 5155 1423 817 110 218 4539 1787 993 1181 0 1915 102 3833 722 136 48 60 3209 3196 89 2093 127 5 13 195 130 244 14 112
114746 815 60 539 40 1809 6633 3564 993 567 82 145 3129 1245 701 801 0 1307 71 2609 497 96 38 40 2219 2181 59 1433 92 4 9 136 84 171 10 78
114747 828 59 2791 214 9430 34559 18551 5210 2910 411 771 16403 6451 3660 4299 2 6852 352 13705 2571 496 183 212 11455 11436 333 7505 475 23 46 716 459 875 53 405
114749 828 59 208 14 693 2513 1358 385 210 31 53 1187 475 269 313 0 501 23 1006 178 34 13 13 823 834 23 543 36 2 3 53 35 63 4 30
114751 829 59 1988 154 6628 24463 12966 3678 2063 285 556 11589 4534 2582 3020 1 4864 248 9589 1815 344 126 146 8157 8036 229 5274 343 14 34 499 325 631 37 295
114755 820 59 192 16 656 2387 1301 363 201 27 52 1143 450 250 306 0 483 24 968 178 34 12 14 792 801 24 528 32 2 3 49 32 59 3 26
114756 820 59 504 38 1710 6219 3362 923 534 74 134 2931 1167 656 770 0 1236 64 2483 467 87 33 38 2061 2073 60 1350 84 4 8 126 86 160 8 70
114759 819 59 316 24 1059 3954 2056 597 318 41 95 1886 718 408 492 0 782 33 1526 284 56 18 21 1305 1308 35 815 57 1 6 79 56 97 6 51
114760 818 59 710 50 2375 8783 4618 1319 726 101 198 4194 1616 926 1107 0 1754 85 3432 641 125 45 51 2908 2909 84 1853 123 4 12 179 116 223 13 111
114761 818 59 637 47 2170 7897 4195 1198 664 90 180 3773 1459 835 981 0 1564 74 3074 579 110 39 48 2619 2601 72 1694 113 4 11 155 104 199 12 99
114762 832 61 104 7 334 1245 670 182 108 15 28 599 233 127 150 0 242 13 498 94 18 7 6 420 410 11 268 17 0 1 25 16 32 1 14
114766 825 59 1504 117 5097 18743 10058 2785 1567 223 423 8841 3475 1966 2261 1 3724 195 7408 1393 260 98 111 6230 6222 167 4035 251 11 25 378 257 482 28 214
114769 825 59 105 6 348 1281 678 192 107 14 29 606 240 137 148 0 248 12 499 92 18 5 6 419 417 11 272 18 1 2 27 16 31 2 16
114770 878 65 634 49 2120 7778 4166 1159 657 92 178 3646 1447 805 937 0 1541 77 3063 576 107 37 45 2569 2560 75 1670 111 5 11 160 105 196 11 90
114771 826 54 457 34 1531 5750 3071 849 474 65 131 2692 1060 605 679 0 1137 58 2254 426 81 29 35 1905 1910 52 1236 77 2 7 115 81 148 8 65
114772 831 54 841 65 2812 10386 5561 1549 882 125 235 4891 1938 1088 1282 0 2040 113 4129 776 147 56 65 3459 3425 102 2262 142 7 14 208 137 264 14 115
114774 830 55 544 41 1819 6700 3540 1005 560 79 152 3184 1258 708 820 0 1316 67 2610 492 94 35 39 2236 2221 61 1423 93 4 9 137 92 175 10 79
114776 830 54 1589 126 5380 19557 10622 2947 1635 229 438 9323 3648 2043 2435 1 3931 199 7785 1442 279 100 124 6511 6537 178 4305 273 10 26 400 261 495 29 235
114779 829 56 663 48 2257 8221 4364 1253 693 98 183 3919 1524 883 1027 0 1637 77 3212 596 117 42 49 2714 2712 78 1764 119 4 12 165 104 211 12 106
114780 854 28 1199 93 4043 14686 7969 2227 1237 174 328 6945 2770 1555 1811 0 2921 150 5830 1089 207 77 90 4867 4851 137 3222 208 9 21 306 199 372 22 175
114783 848 18 354 30 1203 4414 2385 659 375 53 100 2099 822 465 540 0 881 47 1757 334 62 22 30 1473 1464 44 964 59 2 6 89 59 113 6 49
114785 831 18 244 16 813 2971 1558 453 244 31 67 1421 549 318 370 0 590 27 1158 217 43 11 16 972 980 27 629 44 1 4 60 40 73 5 41
114786 829 18 2063 157 6902 25451 13620 3819 2149 301 567 12096 4746 2687 3158 1 5064 262 10069 1892 362 130 159 8453 8401 248 5531 351 16 34 518 341 653 39 295
114787 758 44 1008 79 3389 12424 6627 1882 1043 144 279 5895 2309 1317 1553 0 2490 124 4903 904 177 63 76 4098 4099 113 2683 177 6 17 254 166 314 19 149
114790 761 47 553 43 1862 6815 3636 1034 573 81 152 3245 1271 717 844 0 1366 73 2684 509 98 34 40 2264 2243 64 1479 95 4 9 140 90 171 9 84
114791 761 47 1344 101 4544 16704 8966 2532 1412 203 372 7903 3091 1767 2030 1 3325 180 6588 1235 246 88 101 5587 5532 153 3626 228 10 22 343 219 432 26 197
114794 764 44 1046 78 3450 12753 6726 1896 1071 148 285 6001 2353 1344 1530 0 2517 125 4940 940 182 62 75 4229 4183 114 2734 181 6 18 259 169 332 18 158
114795 767 44 397 32 1360 5002 2668 752 419 57 115 2371 919 520 627 0 1003 53 1988 370 71 24 32 1643 1682 50 1073 71 3 7 97 63 127 6 60
114797 762 45 40 2 131 483 248 72 39 5 11 235 90 50 61 0 98 4 185 34 7 1 2 156 160 5 101 7 0 0 10 6 12 0 7
114798 763 45 276 20 929 3369 1789 517 275 38 76 1615 629 357 421 0 670 30 1319 244 47 16 19 1122 1114 30 719 48 1 4 67 44 85 5 42
114800 768 45 529 43 1772 6545 3480 968 561 78 144 3071 1224 686 786 0 1291 71 2584 500 91 35 42 2195 2156 66 1427 87 4 8 133 85 172 9 75
114802 768 45 885 67 2959 10950 5772 1628 923 127 247 5194 2014 1155 1359 0 2189 107 4290 809 152 56 62 3634 3602 106 2352 152 6 15 223 144 277 15 134
114803 767 44 1512 115 5061 18658 9938 2787 1569 221 417 8808 3435 1953 2313 1 3740 192 7382 1365 262 97 111 6154 6240 173 3993 256 10 26 375 249 475 28 221
114807 782 53 299 23 1010 3660 1973 561 307 41 81 1740 687 393 460 0 725 36 1455 270 53 18 23 1212 1206 34 793 52 2 5 77 49 93 5 43
114808 782 53 296 24 990 3669 1948 550 311 43 81 1720 683 389 439 0 726 40 1442 281 52 18 24 1224 1200 36 800 49 2 5 74 48 97 5 40
114809 807 50 270 18 898 3286 1733 497 278 36 71 1559 618 346 404 0 649 32 1272 244 46 16 18 1091 1072 35 700 46 2 4 67 43 88 4 38
114810 771 44 275 19 909 3362 1767 505 283 37 75 1588 623 350 419 0 658 33 1314 246 46 14 20 1121 1096 32 718 46 2 4 68 46 85 5 41
114812 775 44 136 10 449 1646 856 249 145 19 36 790 316 175 218 0 323 18 657 125 23 7 7 553 522 17 353 23 1 2 34 20 41 2 19
114813 772 44 509 40 1762 6354 3432 971 534 76 144 3042 1202 673 811 0 1270 68 2544 460 90 33 37 2114 2111 58 1393 86 4 8 129 84 156 9 75
114814 772 44 103 9 338 1266 665 191 106 15 29 607 239 132 147 0 250 13 491 95 17 6 6 428 411 12 268 16 0 1 24 16 32 1 13
114816 775 44 1864 144 6325 23068 12365 3498 1925 273 516 10963 4318 2443 2884 1 4607 238 9102 1700 329 121 138 7657 7629 213 4998 326 13 33 473 308 585 36 282
114819 777 44 1992 150 6672 24638 13107 3704 2073 295 539 11639 4578 2609 2988 1 4872 256 9655 1819 353 135 148 8228 8114 232 5307 342 15 34 506 324 633 37 292
114820 775 44 179 13 596 2187 1143 335 181 23 51 1046 404 232 264 0 427 20 836 159 30 8 11 724 712 20 465 32 1 3 43 29 55 3 27
114821 773 45 778 58 2601 9600 5059 1449 805 111 217 4528 1772 1013 1169 0 1903 99 3744 705 136 50 58 3189 3150 88 2049 136 5 14 190 125 249 15 119
114825 763 44 1277 101 4324 15769 8408 2399 1320 181 357 7560 2956 1676 2021 0 3144 159 6253 1154 225 80 94 5264 5172 150 3450 220 9 21 320 204 401 25 194
114827 762 40 513 41 1725 6388 3389 948 544 76 140 2996 1180 669 782 0 1268 66 2522 481 91 36 41 2138 2091 59 1389 86 3 9 129 82 169 9 75
114828 764 40 4171 330 14072 51679 27662 7791 4363 621 1147 24453 9647 5451 6440 3 10306 544 20498 3825 738 273 323 17231 17041 491 11255 711 34 69 1051 681 1338 77 606
114829 762 40 123 9 417 1519 821 231 130 20 33 722 288 160 183 0 311 16 602 113 21 9 7 509 500 12 331 19 1 1 30 20 38 2 16
114830 771 46 371 27 1238 4485 2454 661 375 53 99 2109 844 473 558 0 896 46 1813 331 63 24 27 1477 1494 40 987 60 3 5 94 62 114 6 50
114831 770 45 261 20 869 3217 1761 466 269 38 72 1509 615 330 391 0 639 37 1297 246 44 16 18 1070 1082 30 705 40 2 3 63 45 81 4 33
114833 762 40 228 19 790 2853 1528 434 239 32 63 1364 530 302 355 0 573 27 1116 213 39 14 19 953 937 25 627 40 1 4 55 38 73 4 34
114835 762 40 781 57 2592 9529 5065 1425 816 112 209 4441 1771 999 1138 0 1869 95 3740 712 140 46 55 3156 3139 90 2039 130 6 13 194 127 241 13 113
114837 759 40 1106 82 3732 13628 7218 2069 1151 161 305 6481 2533 1446 1669 0 2699 138 5293 1022 195 69 77 4540 4480 126 2929 194 7 19 281 170 343 21 174
114839 765 41 1497 118 5038 18374 9853 2799 1537 208 409 8777 3441 1929 2310 0 3652 182 7280 1353 262 93 111 6100 6068 176 3961 256 10 24 380 248 467 30 225
114841 765 41 377 27 1254 4580 2435 707 388 54 102 2204 848 484 569 0 907 44 1789 338 64 22 26 1521 1521 42 986 61 2 6 95 59 115 7 57
114842 764 40 2031 158 6856 25024 13422 3790 2105 293 560 11904 4668 2641 3114 1 4988 259 9901 1843 351 126 152 8318 8271 229 5433 346 16 35 511 339 638 39 297
114845 776 21 364 30 1230 4510 2404 679 380 51 101 2147 834 467 589 0 904 47 1802 336 63 21 26 1503 1488 45 980 61 3 6 90 58 113 6 52
114847 776 21 1187 88 4040 14733 7878 2247 1227 172 329 6977 2736 1564 1818 0 2946 149 5807 1078 212 74 94 4893 4882 137 3217 209 8 20 297 198 376 23 177
114851 776 21 1128 87 3799 13915 7437 2090 1176 167 309 6605 2616 1479 1729 0 2768 143 5509 1032 198 72 83 4643 4569 130 3039 198 8 19 283 185 352 21 169
114854 778 21 976 72 3245 11938 6303 1809 993 136 273 5644 2224 1261 1474 0 2366 115 4669 867 167 58 68 3959 3923 108 2560 169 6 17 243 161 302 19 147
114856 778 21 2522 189 8461 31109 16523 4696 2612 363 698 14751 5764 3274 3865 1 6186 311 12199 2289 446 160 186 10315 10266 294 6710 442 17 45 634 402 792 46 386
114857 778 21 1405 108 4717 17265 9228 2606 1440 198 388 8170 3218 1814 2151 0 3430 175 6826 1274 240 84 105 5720 5713 159 3744 241 10 24 361 234 434 26 207
114859 775 21 1269 107 4309 15712 8512 2360 1332 189 344 7443 2941 1654 1964 0 3162 165 6284 1172 220 86 101 5245 5204 149 3470 212 9 21 326 206 402 23 183
114864 763 19 454 35 1531 5540 3006 838 478 68 120 2618 1047 580 684 0 1108 61 2204 422 76 29 34 1840 1831 52 1235 72 3 7 114 74 141 8 61
114866 761 18 1726 134 5824 21399 11500 3191 1802 255 482 10067 3980 2254 2598 0 4251 220 8416 1592 303 112 137 7129 7083 197 4664 298 13 29 438 286 550 33 254
114867 760 18 594 42 1999 7295 3883 1105 614 88 165 3461 1364 775 885 0 1458 71 2848 542 104 39 41 2422 2404 62 1574 105 4 10 150 97 183 11 89
114898 699 16 457 35 1535 5642 3019 834 481 69 123 2623 1054 589 693 0 1116 59 2228 419 77 31 33 1872 1843 53 1221 79 3 7 118 73 145 8 65
114899 706 16 1673 129 5665 20748 11056 3131 1763 243 466 9852 3857 2195 2564 1 4098 209 8150 1540 295 111 123 6902 6833 199 4483 287 12 29 423 278 533 33 248
114900 710 19 776 57 2567 9425 4962 1446 784 109 218 4463 1739 1003 1156 1 1867 93 3668 683 134 45 53 3127 3103 86 1995 134 5 13 194 122 239 15 119
114901 742 19 268 22 893 3264 1725 499 276 38 75 1556 602 346 412 0 661 32 1285 238 45 16 19 1089 1083 29 705 46 1 4 65 43 80 5 41
114902 727 16 575 44 1994 7173 3908 1088 602 84 158 3432 1348 759 926 0 1447 72 2898 528 97 35 45 2375 2399 63 1595 97 4 10 146 95 182 11 83
114903 720 17 235 16 801 2914 1546 449 238 33 65 1366 539 308 360 0 576 30 1146 209 42 14 17 950 967 27 624 42 1 4 59 36 74 5 38
114904 718 16 1574 120 5239 19423 10340 2912 1625 231 438 9195 3614 2044 2385 1 3846 200 7624 1414 279 105 115 6485 6417 182 4184 268 12 26 398 259 496 30 231
114905 724 16 337 25 1146 4165 2228 640 344 46 94 2020 777 443 540 0 842 39 1646 303 59 19 25 1367 1391 42 904 60 2 5 84 52 105 6 55
114906 718 16 171 13 570 2130 1115 310 183 25 48 1005 383 222 262 0 423 22 843 154 30 11 12 702 704 21 447 29 1 3 42 27 53 3 25
114907 751 25 335 26 1128 4170 2189 622 347 47 95 1975 760 442 507 0 823 41 1635 309 61 20 24 1390 1385 38 889 55 2 5 82 51 107 6 52
114908 733 16 193 15 659 2424 1302 356 200 28 54 1137 445 253 289 0 483 27 961 182 33 12 15 816 806 21 524 31 1 3 45 32 59 3 28
114912 729 16 590 43 2010 7337 3919 1096 613 84 165 3494 1353 770 918 0 1469 73 2898 535 106 37 43 2423 2434 69 1582 102 3 10 150 96 181 11 89
114915 727 16 1310 96 4412 16207 8601 2448 1347 192 367 7685 3019 1720 1969 0 3216 163 6319 1189 229 83 92 5361 5335 148 3470 230 9 23 323 217 413 24 200
114917 727 16 43 2 136 511 252 74 43 4 12 243 91 55 62 0 99 3 189 36 7 2 2 167 163 5 102 9 0 0 9 6 12 0 7
114918 726 16 275 17 919 3350 1746 509 278 36 76 1598 613 355 427 0 679 27 1306 245 49 14 18 1098 1112 27 706 47 1 5 67 42 80 5 47
114919 726 16 565 42 1889 7070 3716 1035 582 78 159 3310 1286 736 863 0 1403 71 2784 523 100 36 43 2337 2344 64 1491 96 4 10 142 92 181 10 85
114920 729 16 542 38 1787 6606 3488 1001 545 77 151 3133 1242 702 795 0 1294 63 2555 478 94 33 38 2208 2170 58 1398 92 3 9 137 90 170 10 83
114921 705 11 209 15 692 2536 1358 377 209 28 58 1187 462 268 294 0 501 25 994 184 34 11 15 831 847 24 544 35 1 4 54 35 63 3 30
114922 728 17 3221 246 10733 39767 21153 5923 3334 475 898 18777 7368 4174 4908 2 7902 409 15666 2911 571 212 238 13253 13141 368 8565 544 24 54 814 525 1012 60 474
114923 727 17 500 37 1678 6127 3317 901 525 74 133 2874 1154 641 766 0 1210 63 2440 455 83 33 38 2048 2026 58 1344 84 4 7 127 84 161 9 69
114924 727 17 245 15 787 2946 1519 446 250 32 67 1399 546 308 359 0 577 29 1127 216 43 14 17 989 945 28 621 41 1 4 57 36 76 4 37
114925 727 17 953 73 3197 11723 6241 1781 984 139 264 5575 2181 1242 1455 0 2316 115 4610 863 169 59 74 3906 3882 112 2522 166 6 17 235 151 301 18 143
114926 720 11 38 2 126 469 241 69 40 5 11 228 87 49 60 0 90 4 179 34 6 2 2 157 153 4 98 7 0 0 9 4 12 0 6
114928 713 11 126 10 431 1551 871 224 138 22 30 722 299 162 179 0 311 17 633 118 21 10 9 524 520 13 352 18 1 1 34 20 40 2 15
114931 718 11 2005 152 6748 24868 13216 3746 2072 287 563 11827 4593 2611 3112 2 4936 249 9816 1825 351 123 148 8237 8229 237 5356 344 14 35 507 330 626 37 301
114932 718 11 899 73 3093 11124 5985 1720 946 136 245 5358 2108 1183 1399 0 2240 114 4399 819 159 60 67 3725 3677 103 2445 152 6 15 221 143 281 16 131
114935 714 11 1161 89 3906 14290 7663 2129 1198 164 321 6762 2662 1504 1770 0 2845 139 5659 1051 201 70 86 4724 4748 130 3102 201 8 20 296 194 365 22 173
114938 715 14 656 50 2217 8126 4311 1233 685 94 182 3879 1521 856 1011 0 1614 81 3180 606 115 41 47 2712 2673 80 1747 112 5 11 166 106 204 11 97
114941 709 11 74 5 245 900 482 138 76 10 19 432 170 99 112 0 174 8 358 66 12 4 5 295 302 9 193 13 0 1 19 12 23 1 11
114942 711 12 262 20 865 3221 1708 483 272 40 72 1517 597 334 381 0 638 34 1262 239 45 19 17 1077 1064 28 680 43 1 4 67 43 81 4 37
114943 749 15 397 29 1334 4886 2620 727 413 57 107 2319 911 512 621 0 984 47 1944 363 70 25 28 1606 1622 47 1068 66 3 6 101 64 124 7 59
114949 749 11 669 52 2303 8325 4520 1262 695 103 187 3985 1557 874 1031 0 1675 85 3301 602 117 46 49 2782 2776 71 1821 114 4 11 168 113 210 12 103
114975 698 25 465 38 1571 5740 3094 864 491 69 128 2732 1081 608 721 0 1150 59 2288 426 82 30 38 1926 1903 55 1265 78 3 7 112 73 151 7 65
114976 699 25 1520 114 5088 18735 9970 2823 1579 224 423 8833 3482 1978 2281 1 3698 192 7376 1387 270 100 111 6208 6184 179 4022 260 12 25 386 248 483 28 226
115036 738 30 1223 91 4089 15104 7882 2300 1249 171 342 7204 2776 1618 1844 1 3000 141 5852 1102 218 73 86 5003 4973 139 3177 216 8 22 305 203 378 24 196
115039 715 11 652 45 2162 7993 4202 1187 669 90 178 3743 1467 831 961 0 1583 74 3102 587 110 39 48 2634 2627 73 1714 112 3 11 161 106 204 12 99
115049 670 12 909 68 3041 11203 5976 1691 941 135 251 5291 2063 1183 1379 1 2227 114 4391 822 161 57 69 3708 3719 101 2422 154 5 15 227 142 285 17 142
115050 668 11 506 39 1770 6375 3490 987 540 80 136 3053 1192 677 801 0 1271 62 2566 472 93 33 41 2120 2150 61 1409 85 4 8 130 81 163 9 75
115073 632 17 148 10 473 1800 918 267 148 19 43 855 329 188 220 0 355 15 688 127 25 8 10 596 590 17 373 25 0 3 37 24 45 2 23
115074 663 11 1205 90 4072 14831 7949 2248 1253 178 331 7053 2782 1568 1798 1 2936 152 5839 1097 213 77 83 4928 4899 137 3220 207 9 20 306 198 376 22 177
115079 650 19 619 48 2104 7592 4056 1156 634 87 167 3638 1411 801 978 0 1511 72 3018 552 108 39 42 2530 2507 71 1655 104 4 11 158 101 189 12 94
115080 652 18 3268 253 11000 40244 21535 6038 3371 469 904 19091 7451 4232 5026 2 8011 397 15925 2953 572 202 245 13313 13361 364 8707 562 22 55 828 539 1015 63 489
115081 651 18 1229 97 4111 15215 8139 2265 1272 178 344 7157 2827 1603 1865 0 3034 156 6032 1136 216 79 87 5065 5013 139 3293 211 8 20 314 201 387 23 178
115085 715 26 850 67 2892 10568 5734 1592 897 129 231 4985 1978 1114 1296 0 2107 113 4215 790 149 58 66 3524 3501 97 2317 141 6 14 219 136 275 16 121
115086 716 26 494 40 1704 6113 3342 908 518 75 138 2914 1141 645 738 0 1220 59 2437 455 85 32 38 2047 2048 54 1343 83 3 8 125 79 158 8 72
115088 716 26 1324 101 4438 16213 8676 2472 1366 193 359 7674 3044 1713 1976 0 3204 164 6394 1204 233 85 93 5392 5344 150 3508 225 10 22 334 217 413 26 195
115089 716 26 2005 153 6740 24579 13140 3752 2067 284 554 11766 4590 2603 3057 1 4891 250 9666 1820 357 119 149 8204 8144 227 5338 340 13 34 497 319 623 37 303
115090 715 26 2219 164 7497 27315 14695 4131 2290 318 612 12993 5096 2884 3437 1 5440 274 10768 2006 393 140 167 9086 9057 248 5963 385 13 39 558 358 694 43 334
115091 699 20 893 66 3011 11026 5867 1672 916 127 250 5272 2053 1158 1397 0 2201 106 4355 800 153 54 64 3644 3648 98 2364 152 6 15 221 152 274 17 135
115098 695 14 2415 180 7991 29436 15634 4411 2479 342 661 13823 5462 3095 3621 2 5838 300 11565 2160 418 154 174 9768 9664 273 6366 412 16 39 607 389 749 46 361
115116 688 17 755 56 2505 9253 4914 1376 792 115 199 4333 1718 982 1087 0 1832 97 3626 692 132 51 56 3094 3031 82 2005 126 6 12 191 119 242 13 109
115117 688 17 490 41 1682 6072 3310 927 511 71 132 2883 1150 646 753 0 1217 69 2422 456 87 32 40 2035 2005 57 1370 82 3 8 126 78 155 9 70
115118 688 17 2733 202 9183 33644 17957 5056 2843 393 764 15891 6276 3535 4119 2 6683 339 13221 2484 484 175 209 11199 11100 311 7292 468 21 47 688 443 857 50 411
115119 688 17 656 53 2214 8069 4328 1221 680 94 185 3827 1509 844 990 0 1602 83 3186 606 113 41 49 2705 2668 74 1758 109 4 11 161 107 203 11 95
115120 689 17 329 25 1077 4038 2147 593 339 47 93 1901 758 420 493 0 791 44 1586 304 57 21 23 1343 1328 39 881 54 2 5 82 50 102 5 47
115122 689 17 811 62 2678 9885 5206 1502 840 115 219 4665 1822 1046 1192 0 1944 99 3841 733 143 49 57 3297 3245 90 2108 137 5 14 202 127 250 14 122
115125 689 17 133 10 444 1637 874 246 135 19 36 769 308 169 186 0 321 17 634 121 23 8 8 544 542 14 344 22 0 2 37 22 42 2 21
115128 688 17 165 12 568 2051 1104 307 174 23 44 990 383 215 262 0 407 21 817 152 30 9 11 684 681 18 442 30 1 2 43 25 52 3 26
115130 689 17 3681 277 12381 45380 24102 6890 3802 532 1016 21554 8404 4801 5549 2 8993 450 17790 3332 643 231 264 15071 14982 420 9703 635 27 64 921 602 1153 71 562
115156 709 25 1081 83 3655 13277 6974 2060 1110 149 307 6381 2493 1422 1671 0 2629 129 5138 973 193 64 74 4413 4318 127 2864 194 7 18 266 163 335 21 173
115159 709 23 1971 150 6641 24234 13004 3686 2033 285 540 11470 4536 2559 3006 1 4814 243 9568 1794 344 125 143 8053 8011 222 5239 342 14 34 495 319 611 38 296
115167 680 19 938 74 3199 11668 6267 1757 984 138 261 5594 2177 1229 1458 0 2333 119 4626 866 166 61 70 3878 3877 111 2539 158 6 15 241 153 291 17 136
115169 680 19 1568 119 5317 19378 10385 2938 1627 225 431 9231 3631 2051 2415 1 3875 198 7650 1435 281 98 117 6475 6407 179 4209 273 10 27 393 259 493 30 237
115171 687 20 2500 190 8363 30689 16441 4631 2592 377 672 14528 5758 3259 3801 1 6112 313 12123 2258 439 165 181 10221 10103 284 6706 422 19 41 636 401 780 47 370
115172 679 19 247 17 827 3060 1574 456 254 34 73 1454 568 318 383 0 606 28 1177 221 43 14 16 1010 1003 29 633 44 1 4 62 41 74 4 37
