115996 692 27 3488 270 11664 42949 22786 6481 3618 503 974 20400 7967 4538 5307 2 8537 436 16834 3184 605 220 256 14300 14108 398 9273 602 25 60 873 569 1098 66 521
115998 694 27 407 33 1409 5133 2825 769 424 61 111 2457 959 545 664 0 1024 54 2080 379 75 27 35 1713 1707 49 1144 70 3 6 108 69 131 8 57
115999 694 27 530 37 1770 6494 3472 976 557 75 141 3080 1209 676 815 0 1298 65 2572 481 91 33 37 2148 2144 62 1416 88 4 8 134 87 161 9 76
116000 694 27 3661 285 12344 45186 24260 6824 3816 536 1002 21394 8416 4768 5529 2 8985 455 17838 3351 648 238 281 15061 14925 416 9856 624 26 63 929 596 1167 69 536
116003 737 28 428 32 1405 5260 2755 781 444 63 117 2474 967 554 645 0 1028 54 2045 386 79 27 32 1758 1703 47 1124 72 3 7 107 68 136 7 62
116004 737 28 576 40 1946 7025 3732 1090 586 78 161 3372 1315 754 888 0 1395 64 2736 510 101 32 38 2326 2312 65 1511 100 3 10 146 94 175 11 90
116006 739 28 436 32 1503 5435 2925 828 453 60 119 2586 1015 575 673 0 1087 55 2145 400 77 27 32 1804 1806 49 1189 74 2 7 110 71 138 8 65
116007 689 14 116 7 378 1414 705 212 115 13 33 667 255 146 164 0 272 10 521 101 20 5 7 463 457 13 282 22 0 2 28 19 37 2 19
116010 688 13 1000 72 3387 12384 6745 1838 1041 148 279 5820 2302 1294 1507 0 2466 125 4922 905 173 67 75 4111 4132 109 2709 170 7 16 254 166 318 19 146
116015 712 41 845 65 2868 10409 5606 1573 877 121 240 4963 1934 1105 1334 0 2096 101 4137 762 147 51 63 3432 3449 94 2279 145 5 15 219 142 255 16 130
116017 712 41 690 53 2358 8573 4628 1300 732 103 191 4070 1603 908 1046 0 1700 90 3404 643 123 46 58 2855 2847 82 1900 120 5 11 177 112 221 12 98
116020 691 36 1900 149 6390 23474 12492 3550 1964 276 526 11111 4359 2476 2895 1 4687 237 9247 1716 335 123 144 7771 7757 218 5073 326 13 33 473 309 607 36 284
116021 692 36 2175 162 7333 26861 14242 4052 2274 318 609 12767 5001 2843 3277 1 5309 265 10506 1993 384 139 157 8950 8846 249 5761 375 16 38 542 347 685 39 332
116022 727 21 691 52 2294 8499 4497 1276 719 100 188 4003 1568 892 1048 0 1686 87 3345 630 123 42 51 2814 2797 80 1829 116 5 12 175 113 215 12 100
116025 726 21 1711 132 5770 21216 11276 3209 1766 245 481 10054 3930 2250 2621 1 4232 216 8332 1550 302 107 131 7005 6996 197 4568 302 12 30 428 281 537 32 253
116028 611 12 491 37 1630 5983 3196 906 510 75 131 2791 1125 628 738 0 1186 64 2389 443 83 32 36 1981 1974 58 1306 79 5 7 122 78 153 9 66
116029 611 11 1139 86 3799 14044 7437 2106 1186 160 319 6640 2599 1480 1682 0 2779 138 5473 1051 202 72 85 4693 4642 131 3017 192 7 19 283 182 357 20 170
116040 628 16 1207 92 4011 14752 7863 2204 1256 171 328 6938 2750 1549 1827 0 2930 153 5810 1100 209 78 91 4916 4827 142 3220 206 8 19 305 191 380 22 177
116041 628 16 2464 190 8247 30442 16192 4571 2551 356 684 14356 5633 3194 3721 1 6023 309 11959 2238 441 151 181 10116 10040 283 6556 426 16 41 622 411 782 45 365
116042 628 16 2027 150 6798 24885 13263 3749 2095 291 554 11773 4634 2622 3114 1 4969 248 9854 1834 357 126 146 8234 8246 235 5372 348 15 34 507 326 635 37 304
116044 628 16 1350 100 4583 16805 8948 2535 1400 196 383 7984 3104 1780 2093 1 3338 167 6599 1246 239 83 104 5560 5571 160 3618 238 9 24 337 227 424 25 205
116045 628 16 1997 149 6654 24555 12977 3687 2088 289 556 11585 4559 2587 3043 1 4877 253 9644 1829 350 126 147 8161 8079 237 5292 341 15 34 502 321 629 35 293
116046 652 23 975 74 3244 11876 6389 1806 1005 144 259 5670 2229 1267 1497 0 2362 123 4755 873 172 60 68 3962 3910 114 2607 164 7 15 244 154 305 19 139
116047 643 13 1411 115 4741 17425 9325 2635 1483 213 382 8261 3238 1839 2094 1 3463 181 6842 1298 251 95 108 5833 5771 157 3756 235 9 24 350 228 457 26 206
116048 641 13 328 24 1134 4126 2193 641 341 48 93 1984 768 442 537 0 821 42 1628 294 61 21 25 1374 1353 40 903 59 2 6 80 50 111 6 52
116049 641 13 2771 216 9309 34175 18231 5166 2870 404 769 16238 6363 3600 4278 1 6788 355 13464 2534 487 177 205 11386 11246 315 7414 471 20 47 695 454 867 53 413
116050 633 13 946 74 3183 11689 6198 1802 974 135 265 5572 2165 1254 1400 0 2322 120 4564 865 169 62 71 3901 3857 108 2514 164 6 17 236 151 299 17 142
116053 635 13 677 50 2292 8336 4490 1276 693 100 185 4001 1556 889 1016 0 1663 86 3302 604 120 43 49 2795 2763 75 1824 117 5 11 173 108 214 13 102
116056 631 13 1030 81 3478 12679 6863 1889 1087 152 279 6020 2391 1329 1616 0 2545 137 5110 948 177 69 77 4232 4182 120 2807 174 7 17 266 163 321 20 145
116057 629 13 604 44 2017 7417 3919 1115 615 83 165 3500 1378 779 923 0 1475 73 2919 547 103 36 45 2450 2444 68 1591 105 4 11 148 100 189 11 91
116063 629 13 1282 98 4342 15994 8607 2374 1338 195 362 7560 2980 1669 2009 1 3164 170 6364 1175 228 85 98 5302 5298 148 3465 217 10 21 324 214 398 24 185
116064 630 13 1372 107 4655 16986 9175 2576 1432 200 374 8088 3184 1791 2118 0 3394 179 6774 1261 244 87 104 5655 5651 156 3713 235 10 23 353 226 429 27 199
116065 626 14 1447 113 4904 17875 9617 2724 1503 214 402 8464 3305 1881 2181 0 3571 180 7070 1311 253 93 107 5925 5942 159 3875 245 11 24 365 234 449 28 215
116067 626 14 1159 84 3874 14283 7551 2180 1189 162 321 6777 2635 1516 1755 0 2839 139 5587 1042 206 70 85 4720 4717 135 3065 206 8 21 291 190 367 23 180
116070 629 13 77 5 249 915 477 139 75 9 21 432 166 96 113 0 183 6 348 64 13 3 4 296 301 7 194 14 0 1 18 12 21 1 13
116071 643 13 526 37 1780 6480 3468 981 544 77 148 3069 1197 688 802 0 1304 64 2558 475 94 32 36 2158 2155 56 1408 91 3 9 131 85 166 10 82
116090 680 25 407 30 1346 4972 2632 749 415 58 110 2346 924 529 602 0 992 46 1953 363 69 26 27 1646 1645 44 1063 68 2 7 101 64 126 7 64
116091 603 15 254 21 881 3181 1713 494 268 38 69 1549 606 336 409 0 637 34 1266 231 44 16 18 1073 1058 33 701 41 1 4 65 39 79 4 37
116110 636 12 853 67 2906 10579 5706 1612 886 128 238 5014 1984 1122 1320 0 2131 112 4216 784 148 57 63 3513 3510 97 2322 145 6 15 217 137 265 15 127
116112 642 12 3015 227 10123 37213 19831 5650 3124 433 835 17621 6909 3931 4651 2 7400 376 14699 2729 539 185 228 12323 12274 362 8043 519 23 52 760 484 949 59 451
116113 643 12 2889 216 9735 35613 18948 5370 2995 416 798 16888 6619 3764 4441 2 7116 351 14086 2617 512 178 211 11802 11800 333 7662 499 21 50 727 469 907 54 437
116168 584 15 622 48 2116 7725 4137 1177 641 90 177 3704 1442 821 976 0 1543 75 3046 556 111 40 46 2562 2574 72 1683 108 4 11 158 105 197 12 95
116173 624 16 2188 170 7385 27012 14461 4074 2281 319 602 12910 5046 2831 3378 1 5377 279 10687 2001 384 139 163 8991 8942 258 5865 370 16 36 548 357 686 39 315
116175 624 16 744 57 2531 9258 4990 1381 779 111 206 4388 1737 973 1181 0 1856 95 3714 680 130 49 57 3064 3078 85 2011 126 6 11 186 118 231 14 109
116176 621 11 145 10 473 1790 902 263 146 18 42 858 321 189 225 0 355 15 690 129 25 7 9 592 581 17 371 26 1 2 34 23 47 2 23
116177 621 11 1035 85 3512 12835 6850 1940 1072 149 287 6130 2403 1356 1614 0 2567 137 5067 946 182 65 80 4277 4246 120 2796 176 7 17 257 170 328 19 151
116178 618 11 1712 138 5807 21175 11433 3223 1791 249 470 10065 3962 2222 2713 1 4260 225 8509 1568 301 110 135 7029 7034 208 4643 286 13 28 430 276 538 32 244
116179 619 11 664 48 2226 8169 4368 1229 688 94 185 3807 1490 862 989 0 1626 81 3208 607 117 40 53 2699 2695 70 1757 114 4 11 165 111 209 13 99
116201 663 14 658 48 2197 8069 4262 1213 684 97 182 3791 1507 854 983 0 1605 87 3183 591 112 42 44 2686 2648 72 1740 113 4 11 163 110 209 12 95
116203 573 19 1603 123 5393 19688 10577 2985 1649 230 440 9365 3667 2081 2438 1 3914 208 7788 1446 274 99 124 6553 6497 184 4291 272 12 27 405 273 497 30 231
116206 573 19 133 9 452 1645 885 243 136 19 37 793 300 171 205 0 331 16 644 118 22 8 9 542 547 13 348 23 0 2 32 23 40 2 20
116208 574 19 2161 166 7308 26736 14276 4058 2248 309 609 12740 4959 2829 3304 1 5339 265 10520 1977 385 137 160 8886 8867 246 5764 377 14 37 535 358 679 41 330
116209 576 19 604 47 2043 7498 4055 1110 638 91 167 3521 1409 785 923 0 1494 84 2978 567 106 40 45 2479 2481 73 1646 102 4 9 154 95 186 11 88
116210 576 19 2253 175 7565 27848 14934 4150 2343 329 627 13142 5187 2941 3425 1 5549 289 11026 2077 397 148 165 9243 9175 260 6058 387 15 38 582 369 707 42 329
116211 573 19 243 17 787 2900 1512 437 245 32 66 1366 539 304 364 0 580 27 1118 209 41 13 14 964 934 28 618 42 1 4 59 38 74 4 37
116213 573 19 655 51 2203 8033 4340 1201 675 92 179 3807 1506 846 1007 0 1613 83 3207 585 115 40 49 2673 2668 77 1761 114 5 11 166 110 206 11 95
116217 573 19 449 31 1464 5459 2837 833 447 59 130 2584 995 584 664 0 1072 48 2095 397 81 24 30 1798 1786 48 1144 82 2 8 111 70 139 9 75
116220 573 19 205 15 691 2534 1356 393 211 28 56 1178 472 271 297 0 498 24 995 187 35 13 16 846 835 23 543 33 1 3 52 35 64 4 29
116267 595 15 239 18 827 3027 1607 465 255 35 67 1469 574 323 379 0 606 29 1197 222 42 14 19 1004 1008 29 650 40 2 4 60 38 78 3 33
116273 686 20 2466 189 8287 30316 16142 4561 2563 356 678 14386 5645 3205 3767 2 6009 313 11951 2235 433 155 188 10102 9986 287 6569 420 17 41 616 392 777 45 364
116274 687 20 932 77 3177 11571 6263 1743 980 138 255 5540 2189 1215 1450 0 2325 126 4606 852 164 61 73 3860 3844 111 2556 154 8 15 235 157 293 15 128
116275 686 20 288 22 959 3555 1908 527 307 43 78 1645 664 378 431 0 702 38 1420 271 51 18 22 1179 1168 32 781 47 2 4 75 47 91 5 39
116276 690 20 2050 155 6889 25380 13442 3857 2137 299 574 12017 4690 2684 3049 2 5041 267 9887 1870 369 132 149 8465 8377 238 5437 359 14 35 506 334 652 37 312
116338 699 25 338 24 1149 4167 2243 647 342 46 96 2008 770 446 522 0 826 38 1651 301 60 20 24 1383 1401 39 912 60 1 5 81 56 105 6 54
116344 691 15 1467 105 4888 18048 9525 2683 1512 208 409 8555 3307 1903 2232 1 3565 169 7066 1322 255 88 108 5940 5955 166 3844 251 11 25 367 241 449 27 226
116345 690 15 926 70 3103 11442 6166 1691 975 141 256 5385 2134 1188 1366 0 2258 120 4521 853 164 61 68 3843 3778 109 2472 152 7 15 234 150 291 17 133
116346 690 15 428 32 1443 5252 2808 807 430 58 115 2501 979 552 647 0 1044 53 2059 380 74 26 31 1730 1747 51 1131 77 2 7 106 67 134 8 66
116348 691 15 536 38 1772 6525 3498 970 544 73 143 3086 1209 681 811 0 1295 64 2584 477 93 30 36 2142 2178 63 1411 91 4 8 140 87 161 10 79
116350 686 11 2077 166 7025 25569 13797 3868 2164 304 564 12148 4783 2679 3158 1 5111 264 10149 1887 356 133 160 8582 8492 235 5579 351 15 35 523 337 655 39 302
116352 688 11 431 34 1420 5254 2844 768 445 62 113 2456 972 545 641 0 1046 55 2098 389 76 29 35 1732 1739 47 1147 72 3 6 108 71 136 8 60
116423 684 15 1585 117 5361 19594 10531 2957 1651 236 434 9219 3659 2079 2391 1 3887 209 7766 1441 279 102 120 6513 6458 180 4259 274 12 27 402 258 499 31 232
116425 691 27 534 42 1807 6597 3587 987 556 79 148 3135 1244 689 840 0 1313 73 2649 490 94 36 44 2206 2183 65 1468 90 4 8 134 84 168 10 73
116426 688 24 2114 162 7133 26134 13887 3950 2214 305 591 12386 4865 2752 3232 1 5185 260 10268 1936 375 132 155 8705 8633 250 5642 364 15 36 538 340 661 39 321
116428 688 24 456 36 1527 5655 3003 860 483 69 126 2680 1057 602 699 0 1125 58 2237 413 80 32 35 1894 1858 53 1225 77 3 7 115 74 149 8 65
116430 689 24 2811 214 9491 34630 18552 5265 2919 409 771 16447 6483 3652 4268 1 6884 344 13629 2562 496 178 207 11534 11459 324 7515 482 21 48 704 460 876 53 420
116432 688 24 635 47 2122 7822 4154 1167 658 91 177 3679 1435 816 974 0 1555 81 3084 569 113 39 44 2572 2592 75 1680 110 4 11 157 102 195 12 96
116445 616 14 528 38 1791 6517 3429 1005 546 75 148 3119 1220 702 798 0 1291 63 2509 479 92 31 37 2187 2125 59 1407 92 3 9 131 84 164 10 84
116447 618 14 1191 90 4020 14760 7928 2239 1241 175 329 7052 2767 1565 1830 0 2933 153 5832 1078 211 76 88 4922 4875 139 3219 206 8 21 299 198 376 22 176
116448 682 33 984 79 3268 12062 6489 1817 1033 151 264 5712 2248 1271 1500 0 2399 131 4783 891 169 65 80 4032 3987 110 2632 162 9 16 247 159 311 18 138
116449 663 20 1042 77 3456 12664 6723 1912 1067 147 285 6024 2359 1326 1569 0 2508 127 4944 934 184 64 75 4206 4145 122 2730 183 7 17 256 167 319 19 159
116450 656 15 1022 79 3451 12566 6772 1873 1064 154 278 5976 2347 1329 1530 0 2494 128 4994 930 178 68 77 4204 4170 114 2725 173 7 17 257 164 326 19 149
116457 682 36 1437 109 4807 17645 9397 2660 1494 214 394 8326 3293 1879 2126 1 3476 185 6904 1303 258 93 100 5889 5786 165 3809 246 11 24 363 230 456 26 214
116458 682 36 809 58 2680 9926 5275 1474 830 115 227 4619 1822 1033 1190 0 1967 98 3873 740 140 51 57 3273 3281 96 2105 142 6 13 200 133 250 14 119
116459 682 36 109 8 363 1353 712 207 107 13 32 636 246 143 163 0 268 11 523 98 18 6 7 440 452 11 287 20 0 2 27 18 34 2 18
116460 683 36 619 47 2095 7661 4113 1141 660 92 169 3637 1442 806 953 0 1525 83 3040 579 109 43 49 2591 2507 74 1709 103 5 9 152 95 196 10 88
116464 703 21 375 28 1238 4553 2367 698 387 54 104 2183 847 480 560 0 898 45 1744 331 67 22 25 1527 1475 44 964 66 2 6 92 58 119 6 56
116465 705 20 72 5 243 893 456 137 74 9 21 437 168 97 112 0 173 8 344 64 12 3 5 303 286 9 187 12 0 1 18 11 23 1 11
116466 704 20 1149 85 3818 14138 7435 2112 1186 161 321 6701 2594 1483 1755 1 2818 140 5554 1040 195 70 82 4678 4672 131 2997 198 8 20 286 186 357 22 177
116467 703 20 108 7 364 1291 687 198 106 13 28 626 243 137 170 0 260 11 498 94 18 5 7 418 422 11 281 19 0 2 27 17 32 2 17
116468 704 20 204 16 676 2471 1302 371 209 27 54 1173 458 262 300 0 487 22 963 181 32 11 12 819 809 21 530 34 1 3 48 34 64 3 30
116471 702 20 319 24 1099 4009 2166 607 340 50 89 1900 747 430 496 0 804 43 1599 294 59 21 25 1335 1321 38 889 57 2 5 79 50 105 6 48
116473 702 20 2710 213 9188 33528 17945 5083 2839 394 744 15995 6268 3514 4170 1 6710 334 13226 2491 479 172 194 11172 11089 318 7246 470 19 46 684 442 848 51 409
116476 695 11 1549 123 5228 19217 10371 2878 1634 235 425 9094 3607 2022 2365 0 3839 207 7661 1427 273 104 124 6407 6382 177 4204 260 11 26 393 256 494 28 218
116477 694 12 358 27 1217 4405 2410 671 363 52 96 2095 828 457 560 0 894 45 1776 317 61 22 25 1439 1491 37 970 60 2 6 92 63 107 7 53
116478 695 12 1552 111 5196 19132 10003 2897 1600 217 441 9075 3527 2021 2355 1 3775 179 7413 1406 272 93 106 6350 6265 178 4057 274 9 29 387 255 490 28 246
116479 694 12 1273 93 4257 15661 8286 2341 1300 183 358 7447 2882 1649 1915 0 3103 155 6118 1146 223 79 91 5229 5167 139 3342 221 8 21 315 207 399 25 196
116480 695 12 363 28 1197 4438 2335 667 377 52 100 2105 814 462 539 0 890 48 1735 327 64 23 27 1483 1454 43 960 62 2 6 90 57 120 6 54
116483 689 11 303 22 1008 3681 1954 572 307 44 83 1737 683 388 419 0 724 37 1433 274 53 20 22 1234 1216 34 779 51 2 5 74 48 94 5 44
116485 689 11 2234 177 7488 27370 14650 4177 2300 317 609 12985 5128 2888 3367 1 5444 278 10787 2025 393 142 164 9129 8999 255 5944 379 18 38 563 363 700 41 330
116486 689 11 616 46 2092 7722 4100 1172 635 92 172 3605 1417 814 919 1 1514 79 3017 569 108 42 45 2555 2551 64 1643 105 4 10 160 104 196 12 91
116491 689 11 210 16 702 2579 1346 391 216 27 60 1231 478 270 321 0 522 25 1006 186 36 11 14 847 851 24 551 39 1 3 51 34 68 4 33
116493 697 12 605 44 2021 7465 3936 1132 626 86 172 3559 1386 796 920 0 1478 72 2903 550 106 39 43 2495 2440 70 1601 103 3 10 149 99 194 11 93
116494 619 35 999 69 3329 12238 6521 1848 1025 144 279 5796 2261 1280 1507 0 2418 119 4795 905 172 60 70 4034 4056 114 2624 170 7 18 249 169 300 18 147
116495 648 34 212 14 697 2596 1343 400 215 28 62 1239 474 275 320 0 508 22 988 187 36 11 15 853 847 24 540 38 1 4 48 36 65 4 33
116500 642 34 993 74 3302 12170 6417 1841 1024 140 276 5694 2254 1283 1467 0 2401 125 4723 907 172 63 73 4082 3981 109 2600 169 6 17 244 162 318 18 147
116502 637 34 428 32 1449 5297 2841 788 442 60 121 2513 987 553 696 0 1069 51 2140 383 73 26 31 1742 1756 50 1155 73 3 7 111 71 133 8 61
116503 535 33 1518 112 5102 18712 9984 2823 1561 221 424 8875 3461 1975 2313 1 3731 186 7376 1373 264 96 113 6207 6223 169 4023 262 9 27 383 251 474 29 231
116504 535 33 239 16 805 2979 1553 447 246 35 67 1409 548 315 361 0 596 29 1158 219 43 15 16 980 993 27 621 41 1 4 58 38 74 4 37
116506 546 15 934 70 3158 11543 6108 1748 961 130 264 5501 2157 1232 1448 0 2280 114 4523 846 163 56 63 3846 3774 110 2479 162 7 16 235 152 285 17 143
116507 548 12 1247 93 4179 15351 8142 2317 1282 179 344 7215 2852 1626 1839 0 3030 155 5983 1134 220 80 90 5098 5045 135 3276 216 8 21 309 207 400 24 190
116562 543 21 1150 87 3782 13915 7333 2123 1180 160 317 6594 2587 1470 1696 0 2739 136 5414 1022 199 66 79 4620 4567 132 2965 199 7 20 283 185 352 21 174
116568 697 59 463 34 1563 5705 3059 851 475 62 126 2691 1055 601 700 0 1146 55 2257 414 80 27 34 1884 1898 49 1250 82 2 8 118 77 146 8 72
116569 698 59 628 50 2108 7793 4147 1169 664 92 175 3677 1437 810 953 0 1575 79 3090 573 111 40 46 2585 2604 75 1690 107 4 10 155 99 202 11 91
116570 698 59 1788 144 6072 22195 11912 3368 1872 269 495 10571 4172 2346 2777 1 4431 236 8771 1651 315 118 132 7413 7314 206 4838 304 13 31 449 295 562 34 267
116574 698 59 952 74 3228 11730 6264 1788 981 133 264 5558 2189 1251 1477 1 2349 116 4631 865 169 57 74 3893 3854 105 2551 167 6 17 239 155 299 19 147
116578 698 59 309 22 1042 3767 1999 583 315 42 87 1827 717 407 502 0 755 38 1501 268 54 17 20 1258 1239 36 821 54 2 5 74 51 92 6 49
116579 694 59 1694 129 5748 20905 11195 3184 1744 239 471 9973 3888 2200 2638 0 4193 205 8277 1523 298 100 129 6928 6928 191 4578 293 11 30 421 277 540 32 257
116580 695 58 279 20 937 3416 1763 534 288 37 77 1652 637 369 431 0 680 31 1316 249 50 15 17 1135 1111 35 723 50 2 5 67 46 85 5 44
116587 620 21 1545 122 5182 19102 10207 2868 1619 228 422 9007 3563 2015 2303 1 3806 204 7511 1424 272 104 121 6336 6310 180 4161 259 11 25 394 249 491 27 223
116606 586 17 39 2 133 477 239 74 39 4 11 231 89 52 61 0 95 3 179 34 6 1 2 156 149 4 98 7 0 0 9 6 11 0 7
116607 589 17 458 32 1572 5677 3035 872 472 65 131 2705 1072 603 714 0 1141 55 2234 411 81 29 32 1904 1877 50 1240 79 2 8 111 73 144 9 70
116609 571 19 173 13 561 2071 1076 311 176 21 47 983 392 220 260 0 413 19 802 153 29 8 10 677 672 19 445 30 1 3 41 28 51 3 26
116610 575 17 3429 261 11523 42255 22548 6375 3530 487 948 19934 7833 4459 5200 2 8393 415 16643 3100 600 216 258 14017 13966 382 9145 587 22 60 857 569 1087 66 516
116616 604 11 389 29 1326 4793 2551 749 398 57 109 2280 885 511 580 0 958 48 1870 348 67 22 26 1582 1591 40 1023 67 2 6 98 64 117 8 60
116629 611 24 1051 83 3517 12968 6822 1968 1094 147 291 6165 2380 1368 1547 0 2557 127 4998 963 189 63 77 4310 4295 122 2752 182 6 18 264 165 329 18 164
116630 613 24 3772 283 12682 46404 24723 7016 3899 540 1041 21998 8622 4917 5720 2 9247 464 18292 3410 658 239 277 15433 15348 428 10029 654 26 64 949 621 1182 72 567
116631 613 24 2374 185 7961 29195 15679 4364 2460 351 647 13736 5436 3066 3571 1 5792 310 11554 2162 411 152 183 9697 9641 268 6371 400 17 39 598 401 744 43 337
116632 612 24 2865 227 9599 35327 18892 5281 2994 429 796 16704 6602 3715 4325 2 7017 370 13925 2631 496 192 218 11756 11667 332 7655 488 22 49 714 466 913 52 417
116639 612 24 1154 90 3878 14225 7584 2153 1201 173 308 6724 2668 1516 1734 0 2835 147 5574 1051 204 75 86 4732 4665 127 3091 196 8 20 293 187 367 22 174
116640 614 24 380 28 1259 4659 2403 715 387 51 111 2221 857 495 573 0 922 40 1796 337 65 20 25 1545 1532 42 977 70 2 7 92 61 120 7 62
116657 645 12 724 51 2388 8839 4596 1337 736 99 200 4211 1651 942 1082 0 1731 83 3390 639 130 42 51 2942 2874 87 1875 126 4 13 178 113 225 13 113
116663 632 20 170 12 565 2095 1096 321 173 23 47 1002 388 226 260 0 409 20 810 157 30 10 12 695 693 20 447 29 0 3 42 26 54 3 27
116666 633 20 4311 321 14370 53069 28191 7942 4449 619 1187 25129 9830 5572 6528 2 10501 541 20797 3915 762 270 326 17658 17464 503 11422 743 32 73 1091 695 1354 81 644
116667 635 20 1838 140 6164 22599 12091 3423 1903 267 506 10703 4203 2405 2742 1 4473 230 8853 1679 320 118 133 7525 7457 203 4894 312 13 32 463 301 574 35 273
116675 626 11 645 49 2218 8032 4361 1216 664 92 182 3848 1504 851 1000 0 1614 85 3191 592 116 39 48 2664 2685 73 1753 114 4 11 162 110 204 12 96
116676 626 11 5834 444 19509 71677 38203 10780 6046 844 1611 33806 13320 7525 8746 4 14258 717 28150 5298 1022 361 426 23749 23686 670 15462 1001 41 101 1463 958 1825 109 871
116685 678 25 524 39 1765 6435 3435 986 538 74 146 3063 1204 687 794 0 1291 64 2520 469 89 32 37 2114 2125 58 1397 90 3 9 128 88 163 10 79
116686 678 25 257 21 856 3190 1712 476 271 39 68 1522 596 335 383 0 635 35 1265 233 44 18 20 1061 1063 29 699 42 2 4 64 42 83 4 35
116690 679 25 287 19 946 3479 1817 523 285 36 82 1650 635 365 418 0 685 31 1337 253 47 14 19 1148 1150 30 728 49 1 5 71 48 84 5 46
116691 667 20 2145 165 7263 26501 14214 4023 2233 311 588 12544 4955 2806 3312 1 5281 274 10492 1958 378 134 167 8791 8762 252 5772 372 16 37 543 353 678 40 321
116784 664 54 605 44 2033 7464 3899 1144 614 82 172 3542 1374 790 918 0 1487 69 2898 543 102 35 42 2472 2461 65 1559 107 3 11 149 99 189 12 98
116785 661 51 1574 122 5310 19375 10382 2965 1637 224 433 9247 3625 2052 2438 0 3874 199 7707 1432 276 96 116 6449 6414 185 4212 269 12 27 392 260 492 29 234
116786 660 51 1546 122 5257 19122 10356 2912 1606 228 423 9069 3572 2019 2348 0 3816 202 7620 1414 271 102 121 6379 6333 178 4209 261 12 26 389 258 484 29 225
116788 662 51 863 71 2925 10723 5732 1633 911 129 242 5127 2009 1136 1332 0 2128 111 4221 796 152 57 69 3601 3520 104 2319 147 6 16 214 145 276 15 123
116792 662 51 392 25 1271 4707 2453 703 390 51 110 2205 862 494 567 0 929 42 1830 345 65 21 25 1556 1555 43 993 66 2 7 91 64 123 7 59
116794 663 51 974 73 3241 11930 6369 1788 1005 142 269 5622 2222 1260 1483 0 2354 126 4696 878 172 63 70 3964 3920 108 2579 167 7 16 246 156 300 19 144
116797 660 51 1052 76 3522 12940 6884 1964 1100 155 287 6128 2403 1374 1593 0 2553 129 5069 955 190 66 74 4314 4251 123 2771 183 7 18 266 167 333 21 161
116798 658 51 435 32 1477 5375 2870 805 450 62 120 2535 1004 568 644 0 1072 52 2118 405 75 27 30 1787 1788 48 1156 74 3 7 110 71 135 8 64
116799 660 51 433 32 1444 5285 2824 798 448 59 117 2537 979 554 665 0 1054 51 2084 388 75 25 30 1758 1739 50 1157 72 3 7 108 66 137 7 64
116800 660 51 843 65 2848 10421 5598 1559 874 123 230 4934 1957 1103 1303 0 2077 107 4153 775 149 54 62 3461 3437 96 2281 148 6 14 213 141 262 16 126
116801 663 51 2085 161 6970 25646 13602 3855 2168 301 577 12216 4768 2711 3180 1 5107 254 10056 1885 366 130 147 8543 8446 247 5536 356 15 36 526 336 655 37 310
116827 549 15 1632 125 5490 20113 10612 3068 1707 237 454 9578 3746 2134 2461 0 3984 198 7840 1478 285 101 119 6715 6600 190 4304 284 12 28 404 260 512 29 250
116847 649 56 3638 277 12188 44541 23915 6736 3747 517 1006 21140 8328 4700 5475 2 8875 446 17555 3293 634 223 271 14808 14718 417 9682 626 25 61 909 594 1130 69 539
116850 645 51 3162 249 10659 38894 20940 5874 3284 456 849 18389 7248 4091 4788 2 7751 401 15412 2877 558 201 240 12937 12895 365 8484 538 24 52 804 526 1000 59 458
116851 635 14 931 73 3145 11587 6151 1748 964 134 262 5439 2134 1224 1367 0 2309 113 4522 849 165 61 70 3822 3850 107 2462 159 5 17 238 155 293 17 141
116852 632 12 2331 186 7866 28840 15478 4325 2450 352 653 13671 5373 3030 3504 2 5736 307 11417 2159 408 153 171 9619 9541 270 6263 394 19 39 587 389 737 42 333
116853 632 12 587 46 1954 7119 3789 1088 613 86 157 3385 1339 750 889 0 1408 74 2802 531 103 36 41 2369 2345 71 1549 99 5 9 146 87 182 10 84
116856 632 12 1744 137 5843 21563 11595 3204 1824 260 474 10146 4005 2257 2630 1 4289 224 8553 1607 310 114 133 7162 7156 196 4686 294 13 30 449 289 559 32 254
116858 633 12 1412 107 4738 17406 9387 2572 1452 206 388 8161 3230 1824 2155 0 3466 178 6936 1277 246 88 111 5782 5777 158 3802 243 10 24 359 235 449 27 208
116859 634 11 1093 85 3658 13495 7197 2033 1130 162 307 6390 2522 1420 1656 0 2685 141 5293 999 190 71 82 4510 4431 125 2922 183 7 19 274 178 343 21 161
116860 630 11 1143 86 3809 14053 7412 2094 1190 167 313 6685 2605 1493 1749 1 2787 138 5525 1020 204 71 84 4661 4632 129 2990 199 8 21 284 186 363 22 176
116862 630 11 975 69 3284 12035 6341 1820 1003 137 275 5707 2229 1274 1446 0 2377 117 4669 879 172 60 67 3996 3956 105 2561 169 6 16 243 157 302 17 149
116865 635 11 660 50 2200 8117 4304 1227 686 95 183 3825 1497 863 986 0 1617 81 3193 600 115 43 48 2691 2674 72 1745 114 4 11 163 111 208 11 97
116866 636 11 749 65 2561 9446 5151 1386 803 117 206 4434 1758 975 1171 0 1904 108 3838 708 131 52 61 3151 3172 84 2080 124 6 11 186 126 239 13 99
116867 636 11 276 19 942 3384 1775 513 289 38 78 1617 626 353 407 0 665 29 1306 255 48 14 17 1112 1113 29 706 50 1 5 68 45 84 5 45
116868 636 11 71 5 235 854 443 135 70 9 19 424 157 92 111 0 171 6 330 58 13 3 4 283 280 8 183 12 0 1 18 9 21 1 12
116875 677 16 1251 96 4221 15463 8215 2344 1289 180 348 7326 2864 1633 1891 1 3085 151 6072 1137 220 82 90 5131 5101 144 3315 211 8 22 319 207 394 23 188
116878 677 16 4405 338 14907 54377 29130 8221 4593 647 1210 25703 10138 5737 6735 2 10819 570 21485 4037 773 285 334 18127 17961 504 11800 745 34 76 1120 720 1372 82 653
