116937 604 14 3144 238 10578 38686 20646 5849 3212 450 878 18300 7185 4089 4775 2 7718 388 15219 2824 547 193 228 12797 12799 348 8301 544 22 56 792 527 979 62 469
116939 603 13 1446 112 4822 17657 9416 2665 1497 203 392 8338 3298 1854 2168 0 3512 184 6956 1313 249 90 105 5884 5801 168 3835 239 10 23 358 227 456 26 210
116940 604 13 4422 347 14866 54572 29044 8211 4604 635 1220 25897 10128 5740 6771 3 10839 561 21544 4047 774 285 323 18172 17981 516 11770 753 31 75 1118 731 1388 82 660
116942 605 11 828 67 2814 10296 5572 1552 866 124 223 4858 1919 1088 1260 0 2049 114 4102 777 146 57 65 3425 3417 95 2246 138 6 12 208 137 262 16 117
116980 632 17 3531 279 11837 43562 23436 6517 3696 527 959 20535 8157 4588 5342 2 8687 470 17282 3243 626 237 271 14507 14433 402 9504 590 25 59 883 580 1119 66 508
117015 648 42 362 28 1229 4448 2400 671 380 52 99 2122 836 471 558 0 886 44 1752 330 62 23 26 1473 1466 39 967 62 2 6 93 59 113 7 53
117018 648 42 2903 234 9820 35924 19262 5403 3034 429 795 17044 6702 3759 4419 2 7130 389 14232 2687 509 191 220 12034 11903 336 7832 485 20 48 732 473 908 53 424
117019 648 42 416 31 1371 5090 2693 771 420 55 116 2391 924 541 602 0 1007 46 1975 370 73 23 29 1679 1696 44 1088 75 1 7 102 71 129 8 66
117020 706 38 2857 231 9716 35631 19214 5296 3027 433 788 16780 6651 3752 4337 2 7089 389 14196 2676 508 194 218 11894 11803 329 7758 473 23 46 727 458 929 53 402
117021 697 24 1427 108 4775 17559 9341 2662 1470 203 392 8308 3249 1856 2105 1 3488 177 6858 1282 252 90 104 5843 5805 165 3758 246 9 25 353 235 447 26 219
117022 698 24 643 48 2113 7876 4114 1189 659 90 180 3718 1444 835 948 0 1555 77 3032 571 114 37 46 2622 2583 73 1667 116 4 11 157 98 202 11 100
117025 647 17 300 20 1029 3706 1965 569 318 45 83 1775 706 402 461 0 730 35 1432 278 53 18 20 1245 1211 33 802 51 2 5 75 50 95 5 45
117042 532 12 700 56 2330 8533 4534 1313 720 98 193 4086 1593 902 1053 0 1696 88 3324 631 121 44 55 2856 2801 83 1851 118 4 11 168 113 222 13 104
117050 551 11 278 20 912 3372 1771 505 286 40 77 1598 628 360 410 0 667 34 1310 247 49 16 18 1120 1103 33 726 47 2 4 67 44 87 4 41
117059 543 17 796 63 2643 9840 5294 1450 830 123 215 4630 1834 1021 1225 0 1974 110 3923 728 139 55 65 3269 3263 92 2144 131 7 12 202 128 250 14 114
117062 543 17 1055 79 3597 13071 6993 1986 1087 151 298 6240 2438 1391 1646 0 2615 130 5161 947 185 64 79 4335 4317 122 2830 182 7 19 266 176 328 20 163
117063 543 17 1219 90 4100 15068 8077 2262 1275 183 334 7094 2806 1574 1827 1 2979 158 5956 1122 218 78 91 4999 5001 146 3232 206 11 19 310 205 384 21 175
117066 538 14 1515 112 5078 18615 9926 2835 1553 211 418 8860 3468 1969 2337 0 3686 181 7325 1360 263 90 111 6190 6152 173 4011 258 10 26 378 248 472 29 228
117067 537 14 242 17 800 2973 1534 450 245 31 69 1422 545 315 365 0 585 27 1139 218 42 13 16 985 975 28 613 43 1 4 57 40 74 4 39
117118 578 49 910 66 3006 11036 5936 1648 923 133 247 5200 2074 1168 1358 0 2196 113 4384 812 157 58 66 3663 3653 106 2397 153 7 15 223 152 289 16 128
117119 560 25 277 21 937 3402 1774 532 282 36 78 1639 635 366 439 0 681 29 1320 242 47 14 19 1119 1112 33 733 49 1 5 69 43 86 5 46
117121 552 23 1236 89 4182 15192 8075 2326 1283 172 338 7226 2849 1619 1844 0 3001 141 5899 1126 220 75 84 5060 4986 141 3277 213 8 22 313 197 380 22 189
117122 555 23 476 37 1628 5934 3182 895 502 71 131 2817 1106 633 754 0 1188 61 2369 436 86 32 36 1997 1954 55 1289 79 3 8 121 78 150 9 70
117123 555 23 1865 148 6282 23093 12366 3472 1960 280 513 10942 4321 2436 2816 1 4574 248 9086 1705 330 130 144 7707 7609 212 4981 323 15 32 470 305 598 34 271
117124 554 23 225 16 792 2829 1578 422 243 35 63 1346 536 293 352 0 564 30 1150 210 40 15 18 939 960 25 638 37 1 4 55 36 72 4 33
117125 553 23 946 74 3194 11624 6219 1791 970 135 260 5556 2157 1230 1478 0 2337 114 4577 857 172 58 69 3851 3839 112 2519 167 5 17 237 150 288 18 152
117128 552 23 1346 104 4538 16595 8931 2521 1397 199 370 7870 3110 1759 2054 0 3305 175 6573 1234 238 89 102 5526 5467 157 3639 226 11 23 333 216 426 25 196
117131 551 23 1016 73 3435 12504 6642 1926 1039 146 286 5963 2332 1325 1572 0 2476 122 4883 913 184 60 74 4139 4133 116 2693 177 5 18 257 161 322 20 161
117132 552 23 1933 154 6491 23693 12765 3597 1989 284 529 11314 4410 2511 3008 1 4744 244 9435 1731 333 124 149 7884 7867 214 5188 327 14 33 482 312 603 39 288
117134 645 18 538 45 1847 6645 3652 1022 565 78 143 3135 1270 706 819 0 1334 69 2664 502 93 38 41 2200 2206 61 1481 92 4 8 142 88 166 10 76
117135 631 18 99 7 339 1231 657 184 104 14 26 587 230 130 148 0 241 12 475 92 17 6 8 412 399 11 269 15 0 1 25 14 31 2 15
117138 634 25 660 48 2197 8101 4318 1194 678 96 183 3814 1498 849 978 0 1599 86 3184 582 114 45 49 2698 2681 73 1738 115 4 10 163 108 210 13 97
117139 663 33 112 6 357 1331 673 201 112 13 31 622 241 142 157 0 260 10 496 97 20 4 6 435 432 12 274 20 0 2 25 16 34 2 21
117140 663 33 2015 153 6771 24909 13198 3763 2108 290 567 11824 4618 2632 3068 2 4921 251 9755 1845 353 131 143 8278 8203 238 5343 346 15 35 504 334 637 39 302
117144 665 33 137 10 453 1693 878 252 138 17 38 802 311 176 202 0 331 15 646 123 23 7 9 561 556 14 354 24 0 2 35 22 43 2 22
117145 664 33 1624 123 5413 19968 10599 3024 1669 234 449 9442 3704 2109 2482 1 3969 203 7873 1461 285 103 120 6619 6590 190 4313 281 12 28 405 266 514 32 239
117146 664 33 481 34 1585 5880 3068 887 492 67 134 2787 1081 622 714 0 1160 61 2285 432 82 26 30 1946 1930 56 1241 83 4 8 117 78 145 8 72
117147 667 33 519 34 1740 6420 3346 972 527 66 150 3073 1171 676 791 0 1266 59 2459 466 93 27 37 2138 2113 58 1368 94 2 9 125 82 166 9 86
117149 665 33 179 12 580 2169 1125 327 177 23 49 1035 401 228 254 0 428 21 828 157 29 9 11 708 717 18 450 31 0 3 42 28 56 3 27
117150 675 35 931 72 3104 11417 6091 1712 965 133 253 5409 2115 1193 1409 1 2271 112 4511 855 161 60 68 3813 3779 109 2460 158 6 16 233 151 294 17 138
117151 675 35 607 52 2044 7451 4079 1108 638 93 164 3554 1425 785 958 0 1501 83 3016 555 104 41 47 2492 2462 73 1668 100 4 9 155 101 192 11 82
117153 675 34 42 2 132 494 253 75 40 5 12 234 91 53 62 0 99 4 188 35 6 2 2 158 161 4 106 7 0 0 10 7 12 0 7
117155 675 34 1135 83 3771 13977 7407 2075 1173 163 314 6531 2564 1458 1711 1 2777 140 5492 1035 200 71 84 4599 4644 134 2995 197 8 20 283 184 356 21 171
117156 675 33 602 46 2058 7528 4024 1132 631 86 170 3579 1397 787 928 0 1492 77 2979 555 103 39 46 2508 2500 68 1624 103 3 10 153 102 195 11 86
117158 674 33 6805 523 22856 83791 44803 12592 7068 995 1866 39744 15597 8821 10403 4 16694 867 33111 6229 1188 437 515 27881 27696 792 18156 1152 53 117 1717 1110 2130 127 1001
117159 664 32 169 13 575 2067 1095 324 175 22 48 995 393 220 258 0 415 20 803 153 29 9 11 688 669 19 457 29 1 3 40 27 51 3 25
117161 664 32 1316 103 4490 16334 8797 2459 1377 197 358 7738 3059 1728 2011 1 3277 172 6486 1215 232 91 99 5439 5409 147 3545 227 9 22 334 215 413 25 196
117247 597 17 1237 101 4220 15456 8279 2343 1279 180 351 7386 2880 1621 1911 1 3079 163 6117 1144 214 81 92 5153 5145 146 3350 214 7 21 310 208 391 22 182
117249 592 12 623 47 2085 7678 4114 1139 655 91 171 3632 1439 808 985 0 1541 79 3070 571 109 39 49 2535 2538 77 1685 109 5 10 157 102 193 11 92
117251 592 12 417 32 1405 5138 2753 771 442 61 110 2445 959 544 631 0 1019 55 2047 389 75 28 32 1730 1685 51 1125 68 3 7 107 64 135 7 61
117252 593 12 935 72 3122 11560 6138 1731 974 134 262 5446 2133 1217 1380 1 2288 118 4538 856 166 56 70 3836 3838 106 2475 157 7 15 235 149 295 16 138
117254 603 12 99 7 327 1197 635 184 101 14 26 557 225 123 142 0 240 12 461 88 16 5 7 384 401 10 257 17 0 1 23 16 30 1 14
117255 603 12 2527 195 8508 31285 16591 4705 2613 366 699 14905 5805 3306 3907 1 6208 318 12333 2293 444 159 186 10415 10304 288 6719 439 18 43 636 409 797 50 386
117313 604 17 456 36 1540 5612 2991 871 473 64 127 2680 1057 600 674 0 1108 61 2182 415 81 28 32 1890 1828 53 1206 78 3 7 112 73 147 8 66
117315 602 15 1184 91 3948 14540 7704 2205 1222 167 329 6907 2715 1536 1852 0 2888 149 5710 1078 209 73 88 4794 4776 144 3134 207 9 20 296 189 361 22 180
117317 601 15 2452 194 8385 30487 16476 4627 2584 361 680 14481 5727 3225 3798 1 6118 324 12164 2259 435 163 195 10166 10085 283 6719 415 19 40 617 398 777 46 354
117327 624 22 2763 219 9342 34226 18375 5144 2880 408 763 16177 6369 3616 4270 3 6825 360 13615 2522 486 181 211 11365 11335 313 7463 471 21 47 705 452 869 53 406
117334 542 42 300 23 988 3726 1966 551 317 43 86 1742 686 385 441 0 723 42 1443 282 53 20 23 1254 1223 38 786 51 2 4 73 50 99 4 41
117335 602 35 1809 133 6092 22292 11871 3383 1880 262 505 10587 4131 2358 2746 1 4440 222 8726 1647 320 109 138 7415 7369 208 4832 316 11 33 454 292 567 34 277
117336 600 34 988 73 3314 12187 6513 1821 1027 142 270 5776 2255 1275 1473 0 2419 128 4787 906 168 61 73 4041 4035 111 2613 167 7 17 247 162 308 18 142
117337 599 34 3849 309 13027 47596 25425 7225 4005 559 1074 22648 8911 5038 5935 2 9509 491 18811 3519 678 246 291 15848 15712 451 10340 656 28 66 963 623 1203 72 574
117338 601 33 1464 112 4913 18073 9539 2718 1525 212 405 8557 3345 1918 2245 1 3588 176 7079 1329 258 94 104 6001 5935 165 3884 251 9 25 365 231 458 29 223
117339 592 22 1163 92 3972 14334 7700 2184 1202 169 320 6791 2692 1507 1791 0 2861 147 5680 1063 202 73 85 4769 4728 130 3139 198 8 20 292 189 352 22 171
117341 588 22 410 32 1399 5082 2798 768 425 64 114 2403 947 534 598 0 1002 54 2018 373 71 28 28 1687 1715 43 1104 69 2 7 108 70 126 7 58
117344 588 22 621 46 2065 7676 4082 1138 644 93 175 3593 1427 795 943 0 1533 81 3038 566 108 40 46 2551 2529 73 1652 103 5 10 152 100 202 11 88
117345 587 22 1500 113 5047 18564 9803 2785 1554 218 420 8775 3436 1937 2266 1 3672 185 7248 1361 261 94 108 6159 6115 177 3975 258 10 26 369 244 477 26 225
117346 579 22 2350 184 7954 29070 15653 4386 2452 350 646 13754 5438 3057 3545 1 5789 313 11514 2159 408 157 183 9716 9589 270 6377 398 18 39 588 385 743 43 338
117347 573 22 2669 194 8935 32902 17437 4938 2734 379 749 15575 6055 3483 4065 2 6545 322 12940 2403 471 162 195 10872 10907 299 7050 468 16 47 670 441 835 52 414
117348 573 22 727 58 2429 8917 4759 1340 750 101 201 4224 1654 937 1110 0 1779 88 3508 655 128 43 56 2978 2938 84 1942 124 5 12 180 116 224 13 109
117350 579 24 1071 80 3581 13226 6944 2012 1088 149 302 6288 2459 1401 1647 0 2629 124 5161 958 188 63 77 4383 4357 123 2817 187 7 19 273 180 338 21 167
117351 577 22 4730 371 15908 58367 31184 8799 4932 686 1313 27585 10864 6153 7228 4 11615 599 23104 4310 831 302 353 19392 19291 551 12638 809 35 83 1192 776 1486 90 707
117353 574 22 167 12 556 2018 1093 303 174 24 44 943 375 208 249 0 398 21 803 150 28 11 12 670 668 18 440 28 1 2 42 26 50 3 23
117355 573 23 2341 181 7854 28734 15449 4339 2419 340 631 13561 5353 3020 3470 1 5692 298 11303 2146 408 150 184 9565 9504 272 6244 398 15 39 585 379 739 43 344
117358 679 25 1363 100 4532 16679 8836 2507 1411 196 370 7861 3108 1752 2021 0 3288 168 6500 1234 239 86 99 5565 5463 158 3569 236 11 23 339 223 430 25 199
117371 619 29 350 25 1148 4246 2216 643 352 48 98 2025 773 451 514 0 828 38 1626 307 60 19 23 1413 1402 38 887 62 1 6 88 56 109 6 55
117372 619 29 493 37 1667 6086 3270 940 513 70 137 2881 1127 634 731 0 1201 63 2386 453 85 30 37 2009 2019 57 1317 85 3 8 127 81 154 9 75
117373 619 29 2868 226 9641 35121 18848 5334 2962 417 788 16767 6553 3722 4436 1 7019 358 13893 2572 493 183 215 11698 11603 319 7661 489 20 49 713 465 898 56 428
117374 619 29 1386 106 4655 17149 9138 2563 1456 201 383 8063 3172 1794 2084 1 3383 177 6720 1286 247 90 105 5723 5672 163 3694 235 10 24 345 227 433 25 206
117375 650 30 354 28 1208 4371 2339 677 369 50 96 2084 819 465 559 0 879 46 1748 318 60 21 27 1449 1451 38 958 58 2 6 91 59 106 7 51
117376 651 30 617 48 2081 7701 4093 1161 654 90 175 3659 1427 803 952 0 1526 80 3021 572 107 40 45 2574 2543 72 1641 106 4 10 153 102 199 11 92
117390 591 19 1620 119 5364 19793 10465 2970 1685 231 446 9389 3672 2084 2377 1 3894 199 7684 1480 285 102 115 6628 6487 187 4239 277 10 27 402 259 513 29 238
117391 590 18 1337 99 4484 16445 8887 2440 1394 199 371 7732 3065 1723 2020 1 3268 166 6520 1213 233 90 100 5473 5457 149 3591 225 10 21 342 216 421 25 196
117395 616 11 41 2 134 494 245 77 39 5 11 241 89 53 64 0 96 3 183 34 7 2 1 159 163 4 96 8 0 0 8 6 12 0 8
117408 611 24 2222 178 7517 27511 14807 4156 2323 331 613 12984 5143 2905 3421 1 5469 292 10958 2038 390 148 173 9138 9131 262 6003 373 19 37 555 361 700 41 317
117409 611 24 305 23 1017 3703 2002 543 315 45 83 1725 691 384 448 0 732 37 1465 275 51 19 23 1211 1236 33 810 52 2 5 77 49 94 5 44
117411 611 24 622 46 2072 7694 4098 1145 647 90 172 3652 1412 813 949 0 1530 75 3047 563 107 40 48 2580 2544 69 1666 103 4 10 153 103 198 11 90
117412 611 24 639 51 2159 7986 4263 1196 676 98 179 3743 1484 842 959 0 1582 86 3141 594 116 45 48 2662 2621 73 1721 108 5 10 161 105 206 11 91
117413 622 21 730 48 2403 8868 4642 1338 737 98 202 4192 1638 936 1079 0 1746 82 3437 645 128 40 51 2933 2915 88 1876 130 4 13 181 122 226 13 114
117417 622 21 362 27 1235 4510 2459 662 382 53 98 2127 835 467 569 0 898 45 1810 328 62 23 28 1501 1502 39 996 62 2 5 91 62 117 7 52
117418 622 21 737 59 2487 9110 4917 1356 776 114 200 4300 1698 953 1105 0 1800 98 3611 675 127 50 53 3069 2995 79 1999 123 5 11 185 123 235 13 105
117420 631 21 793 64 2690 9842 5216 1477 835 114 228 4695 1840 1038 1218 0 1955 102 3857 732 137 51 58 3297 3226 92 2114 134 5 14 201 132 246 14 120
117422 631 21 1193 91 3944 14607 7783 2186 1234 175 325 6837 2702 1537 1782 0 2907 153 5762 1083 208 77 88 4842 4812 136 3181 202 8 20 303 198 371 21 175
117423 668 24 224 18 740 2738 1465 407 234 33 60 1294 517 285 346 0 554 29 1094 202 38 14 16 912 902 25 602 37 2 3 57 36 70 4 31
117426 669 24 174 12 581 2101 1091 330 175 23 48 1014 390 226 255 0 423 18 804 156 30 8 10 696 685 17 446 31 0 3 42 27 51 3 29
117428 669 24 748 59 2530 9194 4981 1380 776 108 201 4368 1722 966 1141 0 1835 94 3667 681 129 46 57 3062 3059 82 2030 128 5 12 189 125 233 13 110
117432 625 16 1233 96 4137 15129 8177 2261 1272 183 339 7119 2806 1597 1871 1 3024 155 6015 1118 215 81 93 5021 5010 131 3300 205 8 20 311 205 384 24 179
117435 637 14 811 56 2705 9972 5258 1497 831 112 229 4734 1841 1050 1224 0 1972 92 3893 731 141 47 58 3302 3308 89 2102 138 4 15 203 135 250 16 128
117436 640 14 563 41 1893 6953 3699 1070 580 79 153 3278 1295 735 848 0 1376 69 2740 513 101 33 41 2303 2272 66 1505 97 4 9 145 90 177 11 87
117437 640 14 596 51 1999 7422 4017 1100 637 92 164 3480 1391 773 898 0 1480 87 2968 558 106 44 47 2498 2439 69 1629 97 4 9 149 101 193 10 80
117441 642 18 399 28 1332 4903 2628 726 413 58 109 2284 908 507 600 0 969 49 1920 366 69 26 29 1632 1616 43 1047 64 2 6 101 68 121 7 58
117442 642 18 200 15 665 2458 1313 372 205 28 56 1165 451 256 293 0 490 25 954 182 34 12 15 817 823 23 522 33 1 3 50 33 61 3 29
117443 641 17 227 18 775 2795 1537 423 234 32 59 1329 521 287 330 0 557 29 1112 209 37 14 17 934 935 24 618 35 1 3 57 39 70 4 31
117445 631 13 406 30 1349 5023 2614 753 415 56 114 2398 911 530 620 0 994 45 1954 364 71 23 29 1658 1666 46 1059 73 2 7 100 70 127 7 64
117446 642 13 296 21 982 3663 1957 551 306 42 83 1727 673 391 442 0 714 38 1443 271 54 19 22 1217 1218 36 785 50 2 4 73 49 95 5 41
117451 618 13 1380 101 4580 16779 8911 2530 1412 196 378 7990 3127 1760 2077 1 3324 166 6554 1235 242 85 97 5578 5500 161 3605 241 10 23 339 220 423 26 209
117456 618 13 692 54 2323 8571 4500 1321 712 97 197 4084 1585 915 1024 0 1698 84 3303 628 123 42 49 2858 2797 79 1821 122 4 13 172 109 226 13 109
117459 668 29 511 39 1744 6412 3406 967 538 76 144 3016 1186 677 773 0 1289 66 2538 467 89 34 37 2130 2134 57 1369 85 3 8 129 83 161 10 77
117462 668 29 178 11 596 2181 1107 339 181 21 51 1059 399 233 280 0 435 17 831 157 31 8 11 714 709 20 447 32 0 3 41 29 54 3 31
117466 668 29 428 31 1419 5186 2803 762 442 64 114 2431 986 554 639 0 1031 54 2058 378 74 28 30 1717 1703 46 1138 71 3 7 107 68 134 8 61
117468 668 29 721 52 2383 8859 4731 1305 739 104 200 4149 1638 926 1114 0 1756 91 3517 654 129 45 58 2932 2902 85 1906 122 5 12 179 124 224 13 104
117469 668 29 442 29 1485 5447 2871 811 464 63 123 2564 1004 574 660 0 1076 53 2118 400 76 27 30 1797 1787 48 1161 78 3 8 109 72 134 8 69
117470 670 29 453 36 1517 5594 2964 835 477 67 122 2629 1045 598 691 0 1122 59 2221 418 81 30 32 1857 1842 53 1208 76 3 8 115 71 147 8 64
117475 670 29 1184 92 3951 14604 7724 2189 1221 165 339 6926 2703 1524 1804 1 2906 148 5721 1070 208 73 90 4849 4829 136 3114 202 7 20 293 192 372 22 180
117478 670 29 1137 92 3839 13987 7547 2121 1186 169 314 6660 2621 1473 1744 0 2771 146 5573 1045 199 73 87 4671 4628 127 3058 189 9 19 284 192 360 21 159
117479 666 27 103 7 351 1293 689 200 107 15 29 614 238 136 150 0 253 13 498 94 17 5 7 423 437 11 275 17 0 1 25 16 33 1 15
117481 664 17 679 48 2291 8367 4370 1275 698 93 194 3990 1537 883 1022 0 1651 79 3250 619 120 38 45 2769 2752 74 1759 121 4 12 168 110 211 13 111
117482 665 17 115 7 397 1410 717 227 111 13 34 689 259 154 189 0 285 9 535 97 18 5 6 455 465 11 288 22 0 2 26 18 33 2 21
117483 665 17 403 33 1389 5061 2738 756 429 65 112 2409 959 526 649 0 1019 56 2027 373 72 28 31 1677 1681 48 1111 69 3 7 104 63 124 7 59
117484 683 19 594 47 2005 7313 3880 1126 616 86 168 3478 1380 779 891 0 1442 74 2856 540 102 35 44 2438 2403 69 1569 103 4 11 148 96 186 11 87
117487 685 16 73 5 239 883 455 137 77 10 20 423 165 92 112 0 169 7 337 66 13 3 4 293 284 9 184 12 0 1 17 11 23 1 11
117488 687 16 67 4 229 815 451 120 70 9 18 387 153 85 96 0 161 10 326 63 12 4 5 275 270 7 182 11 0 1 16 11 21 1 9
117491 669 15 1452 119 4921 18024 9680 2712 1516 212 409 8576 3331 1883 2239 1 3598 189 7172 1338 254 94 111 6019 5997 168 3921 240 10 25 363 237 457 26 209
117494 669 15 531 41 1795 6574 3452 994 548 75 145 3120 1208 697 792 0 1297 59 2532 479 94 31 35 2195 2152 55 1391 94 2 10 135 85 167 10 87
117500 670 15 388 31 1309 4825 2571 731 412 59 110 2311 906 509 591 0 945 54 1896 357 66 26 27 1624 1596 44 1034 67 3 6 94 65 128 6 53
117502 669 14 164 12 557 2032 1097 312 174 23 47 958 377 216 238 0 408 20 792 152 30 10 14 668 681 18 447 27 0 3 39 26 51 2 24
117504 668 14 1234 93 4145 15191 8111 2281 1276 177 345 7175 2825 1602 1876 0 3008 153 5985 1117 215 77 89 5025 5032 140 3280 213 9 21 307 206 386 23 184
117505 669 14 608 47 2011 7456 3964 1102 626 84 171 3522 1376 777 931 0 1469 74 2959 547 106 36 46 2480 2473 71 1600 104 4 10 152 100 187 11 88
117507 669 14 879 65 2946 10799 5743 1631 898 120 242 5146 1992 1141 1370 0 2153 101 4261 787 151 52 63 3569 3583 94 2313 152 5 15 216 149 270 17 137
117527 772 57 625 47 2103 7718 4099 1179 657 94 173 3664 1440 818 969 0 1541 79 3057 576 108 40 45 2559 2550 71 1656 105 5 11 153 102 196 11 91
117530 764 48 2197 175 7455 27062 14655 4107 2298 325 593 12869 5090 2841 3471 1 5417 283 10889 1995 383 144 173 9000 8975 263 5952 367 19 35 552 359 698 41 307
117532 762 48 416 32 1417 5121 2790 778 432 63 113 2406 958 537 625 0 1018 52 2050 376 76 27 30 1692 1721 47 1120 69 3 6 107 68 131 7 60
117533 766 48 1956 156 6680 24222 13118 3674 2043 285 536 11505 4525 2542 3069 1 4863 245 9715 1785 344 122 152 8025 8090 232 5294 328 15 32 500 325 612 38 283
117534 758 32 938 70 3163 11685 6143 1763 973 129 263 5546 2165 1235 1446 0 2312 117 4574 847 168 57 68 3873 3838 115 2500 166 6 16 239 152 300 18 146
117602 665 18 819 66 2797 10097 5451 1542 842 116 226 4819 1906 1058 1317 0 2025 100 4039 739 144 49 62 3360 3332 95 2226 145 5 14 206 133 259 16 127
117603 663 17 1336 100 4440 16399 8745 2446 1383 191 367 7694 3045 1713 2012 0 3252 175 6468 1220 230 84 101 5440 5409 155 3559 224 10 23 342 220 415 23 190
117604 665 17 431 33 1443 5256 2821 804 451 62 119 2501 994 549 659 0 1040 55 2069 391 72 28 32 1767 1725 49 1141 72 3 7 108 72 139 7 59
117605 664 17 668 49 2272 8283 4363 1274 684 92 190 3954 1528 878 1019 0 1651 78 3227 599 116 40 49 2752 2734 72 1756 119 3 12 165 108 209 13 109
117606 671 15 194 14 660 2408 1269 373 203 28 54 1158 455 257 305 0 481 26 941 174 33 12 12 806 787 23 506 32 1 3 48 29 59 4 30
117609 676 39 577 45 1948 7130 3804 1095 606 87 159 3411 1334 751 876 0 1419 75 2805 529 104 38 43 2379 2361 69 1541 98 4 9 141 92 185 9 84
117611 674 37 873 67 2930 10746 5674 1634 896 119 250 5109 1976 1133 1329 0 2120 105 4167 785 152 51 60 3563 3556 98 2280 153 5 15 220 142 270 16 137
117612 674 37 695 52 2336 8556 4561 1294 706 98 194 4090 1585 913 1087 0 1712 82 3392 624 122 42 48 2827 2857 76 1838 121 5 12 175 114 215 13 107
117613 673 37 230 16 782 2841 1499 440 238 31 64 1367 528 302 360 0 561 27 1102 211 41 14 16 944 935 25 607 41 1 4 53 35 70 4 36
117615 673 37 258 21 871 3201 1702 491 271 40 71 1536 614 342 404 0 638 33 1258 240 45 18 19 1082 1034 31 694 42 2 4 63 44 82 5 35
117616 672 37 1031 82 3502 12684 6856 1944 1074 158 286 6092 2383 1360 1643 0 2563 126 5076 929 180 69 74 4208 4209 113 2789 177 7 17 254 167 318 21 155
117617 672 37 2092 166 7064 25922 14027 3882 2197 323 567 12247 4843 2726 3173 1 5166 286 10353 1925 366 145 163 8651 8605 239 5699 346 17 33 536 347 663 39 293
117618 672 37 956 82 3262 11889 6467 1782 1015 145 263 5667 2254 1241 1468 1 2388 132 4750 886 167 65 76 3975 3963 113 2619 156 8 15 240 160 301 16 128
117623 672 37 1288 99 4336 15781 8455 2406 1334 192 352 7486 2958 1678 1954 1 3142 157 6258 1162 223 81 91 5246 5211 146 3418 218 11 22 326 207 401 25 188
117626 673 37 2232 171 7505 27449 14681 4160 2309 322 606 12997 5125 2901 3424 1 5471 286 10866 2033 392 140 170 9098 9069 256 5940 381 16 38 561 368 695 42 330
117631 673 37 167 12 563 2056 1087 314 174 25 45 975 380 218 251 0 406 22 799 152 29 10 12 691 674 18 447 28 1 3 40 26 53 3 24
117632 672 37 1696 128 5714 20859 11137 3153 1750 247 469 9848 3887 2206 2543 1 4131 212 8195 1543 299 109 124 6947 6875 185 4493 292 11 29 417 278 538 33 256
117633 675 36 378 27 1251 4591 2429 694 382 50 102 2204 842 480 581 0 918 43 1805 335 63 19 27 1503 1516 40 979 67 2 6 94 60 113 7 61
117636 675 36 2410 185 8046 29516 15754 4453 2475 344 656 14011 5487 3115 3658 1 5872 297 11607 2173 422 151 179 9799 9756 270 6381 413 14 42 599 395 754 47 366
117640 675 36 205 16 681 2521 1329 372 211 28 56 1199 465 256 309 0 505 25 997 181 35 12 14 835 836 23 536 34 1 3 50 34 63 3 30
117641 674 36 1940 148 6479 24058 12796 3599 1983 277 548 11372 4433 2529 2945 1 4761 241 9454 1753 342 124 142 7986 7990 219 5144 335 13 34 491 322 612 37 291
117643 663 21 239 17 794 2948 1505 455 242 31 67 1406 539 315 352 0 582 27 1111 216 40 13 16 980 958 27 610 43 1 4 57 39 74 4 40
117651 663 21 2905 222 9880 36091 19356 5462 3023 429 809 17187 6730 3819 4496 2 7212 373 14371 2644 514 189 216 11993 11962 336 7828 492 21 50 737 480 916 56 433
117674 624 12 192 16 677 2407 1331 360 208 29 52 1154 456 255 297 0 487 26 988 176 32 13 16 817 801 21 551 33 1 2 47 30 65 3 26
117681 623 11 578 44 1902 7100 3738 1051 584 81 163 3356 1298 737 872 0 1424 65 2777 509 100 34 43 2334 2374 63 1506 99 3 11 145 98 182 10 88
117682 623 11 688 54 2383 8572 4646 1296 720 100 192 4068 1594 892 1051 0 1703 85 3401 633 122 45 52 2858 2856 83 1869 119 5 11 175 108 216 13 100
117687 622 11 493 40 1664 6066 3240 926 514 71 133 2912 1133 640 756 0 1211 61 2396 447 84 31 35 2027 2014 55 1298 84 3 8 121 77 155 9 71
117710 663 16 74 5 257 911 485 143 76 11 20 438 174 96 117 0 183 8 357 66 12 4 5 300 300 7 197 13 0 1 17 11 22 1 11
117712 634 26 1699 128 5725 20985 11191 3192 1760 243 471 9967 3901 2208 2585 1 4157 213 8233 1550 301 107 123 6979 6917 196 4533 296 12 30 432 274 535 32 259
117754 534 17 1014 76 3380 12464 6630 1870 1046 141 277 5896 2316 1313 1554 0 2478 125 4904 914 183 62 76 4166 4092 119 2713 172 7 17 257 164 316 19 152
117756 533 16 74 6 241 899 454 138 73 9 20 427 169 95 108 0 179 7 343 64 12 3 4 296 290 8 185 13 0 1 17 11 23 1 13
117760 533 16 515 38 1714 6326 3412 936 532 78 135 2983 1179 671 777 0 1259 66 2526 463 91 38 40 2121 2094 56 1384 87 4 8 131 81 165 10 73
117764 533 16 973 72 3251 11926 6361 1786 1010 139 267 5671 2223 1253 1512 0 2375 116 4703 882 166 62 71 3965 3949 114 2588 168 7 16 241 159 308 17 145
117768 532 16 1369 98 4622 16839 8934 2572 1410 189 378 8004 3150 1781 2054 0 3325 154 6548 1243 242 81 94 5600 5544 154 3626 235 9 24 347 220 424 25 211
117771 532 16 1133 87 3776 13840 7407 2086 1185 162 311 6534 2581 1453 1736 0 2761 138 5490 1028 194 73 88 4601 4575 129 3009 190 9 19 281 186 353 20 161
117772 533 16 2110 162 7093 26052 13876 3917 2181 300 597 12333 4833 2732 3239 1 5190 262 10256 1907 366 126 159 8627 8619 248 5624 371 15 37 531 351 662 39 314
117774 534 16 1904 145 6364 23378 12460 3522 1993 284 522 11058 4391 2476 2849 1 4623 238 9158 1743 331 126 142 7830 7646 220 5091 326 14 31 473 300 612 34 277
117776 532 15 277 19 907 3422 1786 505 282 39 80 1594 617 354 403 0 669 31 1311 246 48 17 20 1137 1122 29 708 47 2 5 68 47 84 5 42
117779 532 15 244 15 775 2937 1494 438 248 33 64 1375 532 309 348 0 575 30 1115 216 42 15 14 978 951 26 611 42 1 3 60 38 78 4 36
117780 531 15 994 74 3299 12186 6420 1846 1017 139 275 5776 2262 1286 1537 0 2414 117 4762 888 172 58 71 4036 4000 118 2617 173 6 16 249 165 313 20 152
117785 535 15 250 15 827 3026 1575 465 252 32 69 1453 564 322 381 0 591 27 1164 216 44 14 16 998 987 31 643 46 2 4 59 41 79 5 39
117791 534 15 3484 264 11704 42766 22813 6478 3553 496 972 20237 7950 4525 5280 2 8532 426 16814 3124 603 213 251 14157 14141 386 9192 602 25 62 873 580 1086 68 521
117794 533 15 1522 116 5113 18627 9918 2833 1564 217 411 8847 3470 1968 2269 1 3712 183 7279 1375 268 93 111 6196 6153 171 4027 268 10 27 381 241 474 28 235
117795 577 23 532 41 1786 6526 3445 1000 551 75 145 3125 1217 698 825 0 1299 67 2576 484 94 33 37 2160 2150 63 1414 92 3 9 130 88 167 10 80
117799 576 22 1236 92 4091 15121 7929 2268 1278 176 343 7111 2795 1586 1800 1 2989 151 5869 1121 215 77 86 5028 4963 140 3206 216 8 21 302 197 387 22 190
117801 582 26 133 8 454 1653 878 258 141 19 37 802 312 177 199 0 331 16 637 121 24 8 8 555 543 16 357 23 0 2 32 21 42 2 21
117802 578 22 134 9 435 1603 843 236 136 17 38 758 297 164 205 0 321 15 621 119 22 7 9 527 518 14 350 24 0 2 32 19 40 2 22
117803 579 22 2792 215 9379 34464 18506 5155 2902 407 763 16221 6392 3600 4173 2 6847 353 13571 2567 485 182 212 11457 11433 317 7453 473 19 48 706 457 874 51 414
117815 542 14 1423 108 4800 17335 9320 2664 1465 204 384 8265 3251 1831 2131 0 3445 175 6808 1283 247 87 103 5769 5718 158 3763 246 10 24 350 233 445 27 213
117816 542 13 2097 163 7030 25725 13774 3883 2173 306 573 12196 4795 2706 3192 1 5126 271 10168 1887 361 133 160 8565 8477 241 5602 355 15 36 524 351 663 39 297
117818 542 13 162 12 561 2060 1112 304 174 25 46 994 394 218 254 0 411 23 828 152 28 10 13 703 686 19 449 25 2 2 39 27 54 2 21
117821 501 11 1102 84 3671 13651 7259 2036 1138 160 309 6466 2524 1426 1669 0 2695 141 5350 996 192 72 82 4557 4513 124 2937 190 7 18 278 182 347 21 162
117849 558 11 1556 119 5191 19119 10077 2895 1606 221 434 9049 3533 2016 2357 1 3789 187 7452 1411 274 97 112 6342 6284 179 4083 275 10 27 387 255 489 29 235
