118852 723 14 319 25 1086 3952 2114 604 339 46 86 1881 747 413 494 0 799 40 1563 292 57 23 27 1328 1301 39 865 53 2 5 81 52 104 5 46
118854 724 14 2043 156 6866 25052 13310 3825 2100 284 567 11879 4667 2655 3138 1 5000 254 9850 1829 356 126 151 8327 8223 237 5453 353 13 34 512 328 638 39 313
118882 744 12 1114 82 3687 13644 7159 2038 1146 157 307 6432 2533 1441 1663 1 2691 137 5311 1012 197 71 81 4533 4481 133 2902 192 8 18 277 181 351 20 167
118886 738 18 937 64 3130 11513 6063 1751 950 130 256 5464 2113 1217 1419 0 2292 112 4491 840 165 58 69 3794 3810 105 2447 164 6 17 233 153 288 18 147
118888 738 18 455 36 1563 5676 3050 873 475 65 130 2697 1055 606 710 0 1133 54 2248 421 80 29 36 1896 1880 52 1252 80 3 7 112 74 142 9 71
118889 740 19 5245 402 17671 64728 34563 9798 5441 766 1451 30632 12011 6849 7902 4 12857 656 25577 4770 920 339 383 21501 21426 594 13919 897 40 91 1325 859 1646 101 780
118890 740 18 1221 91 4111 15188 8041 2288 1255 177 344 7220 2788 1600 1894 1 3018 150 5964 1100 217 77 91 5037 5046 141 3223 217 8 21 305 198 386 23 187
118891 741 18 1507 117 5037 18548 9825 2792 1550 216 423 8838 3420 1943 2250 1 3666 186 7244 1364 263 94 105 6175 6138 171 3949 266 10 25 374 245 467 28 228
118894 741 18 507 40 1681 6213 3271 925 526 72 141 2958 1147 650 789 0 1229 61 2436 456 85 29 36 2045 2060 58 1315 87 4 8 128 82 153 9 74
118925 668 11 173 13 595 2118 1111 335 175 23 49 1027 398 227 263 0 420 19 809 156 29 10 11 702 688 19 458 29 0 3 40 29 54 3 28
118960 655 13 3494 277 11814 43193 23140 6508 3653 516 966 20498 8077 4544 5355 2 8613 456 17020 3217 614 234 274 14448 14226 408 9390 600 27 60 874 562 1108 62 507
118993 784 57 667 49 2234 8203 4288 1261 690 92 183 3919 1507 874 995 0 1621 74 3162 591 120 38 46 2705 2716 77 1735 117 4 12 168 105 205 12 107
118995 785 50 2888 226 9710 35459 18969 5365 2996 422 791 16810 6635 3741 4376 2 7065 370 14044 2609 496 183 211 11874 11723 325 7708 490 22 48 732 472 908 54 422
118996 784 50 564 42 1882 6913 3647 1049 587 79 150 3276 1283 731 882 0 1380 65 2728 514 99 32 41 2308 2263 69 1493 96 4 9 139 88 176 10 84
118998 786 50 1141 87 3841 14062 7529 2137 1193 165 310 6704 2621 1486 1731 0 2795 147 5530 1042 201 74 83 4677 4657 135 3059 196 8 19 285 183 363 21 168
119000 784 50 4913 373 16513 60464 32216 9153 5080 711 1354 28692 11236 6390 7425 3 12004 607 23754 4447 859 310 360 20095 19976 558 13005 845 37 85 1228 805 1539 94 741
119002 784 50 200 15 676 2428 1291 387 203 26 53 1175 456 254 301 0 485 23 952 181 33 11 13 804 804 25 518 33 1 3 50 32 60 3 29
119023 758 27 231 18 794 2885 1536 448 246 33 65 1398 541 311 358 0 571 28 1117 214 39 15 17 963 948 28 623 40 1 4 57 36 76 3 35
119026 755 26 1042 81 3498 12815 6779 1945 1071 148 291 6111 2365 1354 1568 0 2538 125 4996 937 180 62 71 4259 4215 114 2725 183 6 18 263 167 327 19 161
119097 689 24 767 64 2574 9471 5084 1424 798 113 209 4451 1776 993 1181 1 1887 106 3767 703 133 50 61 3135 3118 91 2072 129 7 12 193 128 242 14 106
119098 676 14 490 37 1627 5969 3182 901 506 68 134 2819 1100 620 749 0 1187 61 2353 440 84 29 36 1957 1976 53 1296 83 3 8 123 80 151 9 72
119124 675 15 1207 93 4061 14905 7920 2244 1259 175 334 7049 2784 1573 1804 0 2953 156 5859 1106 212 76 87 5004 4884 139 3222 208 8 20 301 199 381 22 177
119149 699 21 2908 220 9663 35572 18899 5351 2988 409 799 16765 6587 3732 4409 2 7072 357 13990 2609 504 178 211 11782 11711 332 7689 501 19 49 737 467 899 56 443
119182 656 12 591 45 1985 7247 3897 1094 607 88 157 3427 1349 763 874 0 1427 81 2839 533 105 39 44 2418 2395 69 1583 102 4 10 147 97 187 11 87
119211 664 17 2229 178 7580 27605 14953 4172 2322 325 609 13087 5169 2903 3530 1 5549 287 11098 2030 391 140 178 9134 9188 263 6091 382 17 37 564 369 703 43 322
119212 659 11 1452 110 4856 17922 9529 2657 1520 216 394 8409 3322 1869 2164 1 3533 189 7057 1327 255 96 108 5972 5910 168 3863 248 10 24 373 237 465 26 214
119213 742 23 2640 211 8909 32720 17582 4873 2761 390 720 15451 6072 3425 4053 1 6487 347 12968 2428 471 175 208 10923 10804 305 7152 443 21 43 680 432 839 48 379
119216 743 23 789 57 2615 9667 5068 1456 807 105 218 4551 1770 1016 1189 0 1909 89 3755 711 140 46 59 3201 3185 86 2054 137 4 14 195 128 243 14 126
119218 743 23 696 54 2324 8592 4503 1285 720 97 194 4063 1583 908 1073 0 1712 84 3367 643 121 44 50 2852 2810 81 1847 120 4 12 170 110 220 12 105
119219 743 23 317 22 1045 3826 2019 581 325 43 83 1798 722 406 465 0 750 36 1471 279 56 19 24 1271 1246 35 826 54 2 5 79 52 99 6 48
119220 719 15 468 34 1548 5728 3017 865 482 68 127 2678 1057 605 696 0 1112 55 2233 421 83 29 33 1890 1874 53 1224 82 3 8 118 77 148 9 72
119254 731 23 942 72 3137 11625 6068 1753 970 131 267 5512 2143 1231 1424 1 2299 115 4503 851 167 57 71 3846 3812 115 2456 165 6 17 235 154 298 17 145
119279 839 46 1052 81 3526 12967 6864 1963 1071 149 296 6136 2420 1373 1602 0 2592 125 5090 948 182 66 77 4292 4284 118 2798 181 6 19 260 175 334 20 163
119280 871 34 1198 90 4004 14764 7873 2220 1253 177 326 6952 2751 1560 1808 1 2925 154 5820 1092 213 79 88 4919 4858 135 3190 203 9 20 301 191 377 22 175
119282 870 32 1184 92 4008 14673 7897 2217 1231 173 325 6960 2731 1545 1821 0 2937 148 5810 1088 208 77 90 4874 4888 140 3173 200 8 21 305 197 369 22 175
119285 869 32 207 14 675 2525 1331 370 210 29 59 1190 463 262 312 0 502 25 999 185 34 12 14 841 842 22 534 34 1 3 50 34 63 3 31
119286 822 20 564 41 1877 6868 3656 1049 578 77 152 3285 1285 732 840 0 1368 66 2682 513 101 33 40 2278 2259 64 1494 97 4 9 143 91 173 10 88
119288 813 24 41 2 138 494 248 76 41 6 11 243 89 54 68 0 100 3 189 34 7 1 1 160 164 4 96 7 0 0 10 6 11 0 7
119290 817 24 339 25 1131 4110 2202 612 352 48 91 1943 767 435 511 0 815 40 1609 308 61 21 24 1355 1352 42 903 58 2 6 86 54 101 5 51
119291 841 17 406 29 1326 4941 2586 724 420 59 105 2327 911 518 595 0 971 47 1927 362 70 26 28 1645 1605 48 1052 68 3 6 102 63 130 7 59
119292 837 14 767 59 2557 9402 4992 1417 797 112 209 4462 1746 994 1138 0 1847 97 3677 690 133 49 54 3142 3098 88 2007 129 6 12 193 128 245 13 111
119315 715 17 822 62 2768 10143 5456 1515 856 116 229 4789 1873 1062 1217 0 2024 99 3991 754 143 53 58 3364 3365 91 2197 143 4 14 209 134 258 15 122
119322 749 13 934 72 3138 11542 6199 1757 963 134 254 5454 2158 1224 1392 0 2294 118 4561 837 165 59 71 3820 3837 106 2504 160 7 17 239 159 298 18 137
119352 734 29 2117 166 7106 26152 13915 3942 2202 309 584 12404 4856 2747 3220 2 5174 271 10304 1935 374 136 157 8694 8665 252 5614 363 16 36 543 345 666 39 316
119358 734 27 326 27 1079 4017 2126 594 336 47 90 1884 745 423 493 0 805 38 1573 295 56 21 25 1325 1329 35 860 56 2 6 82 54 101 6 49
119359 735 27 2168 163 7313 26781 14343 4061 2251 319 595 12707 5002 2848 3339 2 5296 273 10587 1979 388 141 166 8876 8835 256 5805 374 17 37 555 356 684 41 316
119378 768 16 774 58 2580 9543 5062 1426 808 112 210 4532 1774 996 1182 0 1897 102 3764 714 135 50 54 3170 3155 90 2036 130 6 13 193 123 239 13 113
119440 728 20 1354 106 4597 16768 9075 2491 1427 206 366 7900 3138 1769 2032 1 3338 177 6675 1252 236 92 103 5601 5565 156 3659 227 10 22 346 218 428 25 193
119451 755 20 584 46 1982 7234 3915 1090 613 87 161 3444 1362 765 891 0 1444 78 2898 526 103 38 44 2406 2395 71 1601 96 4 9 147 92 186 11 81
119452 756 20 3539 272 11841 43532 23104 6577 3677 512 970 20590 8066 4602 5317 2 8620 434 17058 3225 618 226 258 14470 14335 406 9333 597 25 62 891 574 1104 67 529
119453 748 16 200 16 666 2463 1285 370 206 28 53 1157 459 258 297 0 489 25 951 180 36 13 13 825 805 22 518 34 1 3 51 32 62 3 30
119454 876 84 443 34 1466 5379 2880 809 455 64 122 2561 1001 563 668 0 1074 52 2122 396 73 28 32 1786 1799 48 1174 72 3 7 107 71 136 8 65
119455 829 29 911 72 3086 11212 6042 1707 949 132 255 5323 2115 1179 1382 0 2242 117 4440 838 161 57 68 3738 3703 110 2459 151 7 16 224 148 283 16 131
119456 816 23 1312 97 4411 16219 8619 2436 1351 187 361 7707 3005 1721 1995 0 3244 163 6391 1185 231 82 92 5380 5343 148 3492 229 10 22 332 211 404 24 201
119459 821 23 207 14 682 2513 1304 379 212 28 57 1193 465 267 311 0 501 22 967 186 36 10 12 829 819 24 530 37 1 3 50 33 64 4 33
119462 818 23 962 77 3153 11822 6218 1722 1003 140 276 5535 2159 1229 1448 0 2330 125 4646 875 170 61 69 3939 3885 114 2543 162 6 16 240 153 304 16 139
119463 851 31 3276 258 10964 40329 21530 6051 3415 485 909 19067 7526 4244 4941 2 8016 415 15878 3002 568 214 246 13397 13322 378 8717 561 24 56 815 533 1038 60 481
119468 843 27 2930 224 9885 36176 19400 5449 3037 431 818 17160 6738 3819 4527 1 7245 363 14328 2668 512 190 220 12046 11984 333 7855 501 22 51 733 480 915 56 438
119470 843 27 104 8 355 1274 681 197 108 15 28 616 249 137 175 0 258 12 509 93 17 6 6 423 413 13 280 17 1 1 25 16 32 1 13
119472 837 23 650 51 2176 8011 4250 1212 684 95 180 3791 1493 839 972 0 1598 85 3123 600 113 42 48 2674 2630 78 1733 110 5 11 163 102 206 12 97
119473 827 29 2538 203 8427 31223 16518 4653 2628 366 711 14700 5778 3277 3799 2 6168 327 12275 2298 443 158 185 10402 10267 293 6720 430 18 42 639 415 799 46 371
119475 852 37 233 17 764 2840 1484 420 246 35 62 1304 531 304 341 0 557 28 1111 215 41 15 17 948 918 25 613 38 2 3 59 38 74 4 31
119476 852 37 2213 173 7451 27292 14655 4121 2307 325 607 12897 5076 2875 3371 1 5432 283 10786 2019 388 144 168 9095 9005 248 5912 381 15 37 560 359 695 43 330
119478 852 37 1204 94 4032 14748 7943 2227 1249 173 326 6980 2765 1558 1817 0 2943 154 5840 1085 211 75 90 4929 4883 130 3213 200 8 20 306 192 371 23 176
119479 839 23 1063 76 3570 13029 6944 1997 1101 158 290 6199 2412 1374 1600 0 2575 128 5108 959 190 67 73 4319 4303 120 2823 183 7 17 263 168 328 20 162
119542 741 15 816 60 2728 9951 5368 1492 846 121 219 4705 1868 1049 1214 0 1972 105 3942 747 140 53 58 3313 3283 90 2178 134 5 13 205 135 252 15 117
119546 739 12 615 48 2106 7658 4157 1168 645 92 168 3652 1430 806 957 0 1526 85 3053 560 108 40 48 2547 2559 70 1673 106 4 10 150 100 200 12 86
119566 729 21 549 39 1858 6739 3574 1052 548 72 154 3234 1250 722 866 0 1343 57 2634 485 95 31 39 2200 2232 63 1454 100 3 10 137 91 168 11 89
119587 728 15 609 42 2031 7450 3963 1126 633 88 169 3527 1390 789 929 0 1453 72 2921 546 108 36 44 2456 2444 75 1601 107 5 10 153 96 191 11 91
119588 728 15 4961 390 16673 61071 32713 9224 5142 716 1364 28970 11393 6416 7539 3 12172 628 24171 4514 869 317 373 20367 20150 578 13244 841 39 83 1254 810 1565 92 723
119589 736 14 1945 154 6541 23985 12828 3590 2054 289 531 11322 4523 2513 2998 1 4779 254 9536 1792 339 128 145 8014 7893 232 5240 326 17 32 496 313 618 36 276
119590 736 14 1877 147 6380 23092 12323 3551 1957 275 516 11070 4336 2450 2879 1 4625 234 9057 1704 329 119 141 7698 7621 221 5023 319 13 33 465 304 581 33 278
119596 665 30 1301 106 4433 16142 8704 2437 1357 189 357 7650 2988 1710 1992 1 3220 170 6418 1204 225 85 106 5384 5344 147 3540 221 9 22 326 218 415 24 182
119597 673 30 109 7 348 1323 668 194 109 13 31 627 235 140 167 0 262 10 506 96 19 5 6 428 431 12 269 20 0 2 25 17 34 2 18
119598 672 31 666 45 2214 8207 4323 1236 681 91 187 3924 1502 867 1012 0 1614 79 3199 599 121 38 48 2741 2708 80 1755 117 4 11 165 107 211 13 103
119600 693 14 809 58 2668 9960 5226 1476 839 114 227 4676 1845 1051 1216 1 1963 103 3891 743 140 48 57 3292 3270 96 2125 138 6 14 201 134 259 15 119
119601 693 14 349 24 1168 4261 2230 653 356 46 99 2068 789 453 538 0 837 40 1654 312 62 18 24 1406 1397 39 907 63 2 6 87 57 105 6 55
119669 685 12 874 65 2945 10878 5784 1646 904 127 247 5157 2007 1154 1331 0 2152 108 4258 786 155 55 61 3603 3596 99 2325 152 5 16 222 145 273 17 133
119670 685 12 664 48 2211 8133 4297 1228 679 94 185 3893 1505 854 1029 0 1630 78 3200 593 117 41 45 2689 2705 77 1737 113 4 12 169 108 203 12 103
119671 686 12 2692 204 8925 33018 17544 4923 2802 397 741 15557 6126 3460 3994 1 6521 337 12912 2449 472 175 196 11040 10812 309 7138 452 20 44 670 429 848 49 396
119672 720 21 783 58 2645 9698 5146 1462 815 114 215 4615 1796 1033 1186 0 1936 93 3794 715 134 51 56 3233 3211 85 2077 133 6 15 191 131 249 14 116
