120537 777 52 1588 116 5364 19504 10455 2984 1609 224 442 9292 3635 2054 2440 1 3914 192 7713 1413 273 95 114 6449 6502 176 4238 275 9 27 394 263 489 31 241
120538 777 52 403 28 1353 4975 2616 761 418 58 114 2362 925 527 607 0 979 47 1913 369 70 25 26 1654 1623 48 1054 71 2 7 99 65 125 7 62
120540 778 50 970 77 3245 11914 6368 1811 1000 140 265 5674 2223 1257 1508 0 2382 124 4718 868 172 59 74 3971 3915 117 2599 165 7 16 248 156 302 18 144
120543 778 50 164 13 554 2016 1079 304 173 24 43 969 372 210 266 0 405 20 814 153 28 11 12 668 668 20 449 27 1 2 40 24 52 3 24
120544 778 50 1893 136 6332 23297 12317 3522 1953 267 532 11071 4305 2445 2900 0 4641 228 9123 1698 331 113 135 7707 7687 217 5010 329 12 34 476 307 588 36 294
120545 781 50 740 58 2503 9128 4942 1380 783 112 197 4316 1722 968 1113 0 1829 100 3633 690 130 51 59 3054 3006 84 2038 124 6 11 183 117 236 13 104
120547 780 50 135 11 465 1690 905 255 143 20 37 812 315 177 213 0 338 15 662 123 24 8 11 558 561 15 367 23 0 2 35 21 39 2 22
120549 779 50 2386 179 7964 29315 15463 4430 2481 346 668 13902 5457 3106 3583 1 5807 294 11427 2157 414 150 167 9773 9598 269 6258 409 18 41 596 392 748 44 362
120551 758 29 505 39 1675 6181 3257 931 520 70 139 2927 1145 651 747 0 1217 63 2391 451 89 29 35 2055 2027 59 1314 88 3 8 128 83 158 9 78
120552 764 26 1214 94 4110 15101 8027 2278 1266 177 340 7207 2804 1601 1857 0 2999 151 5912 1118 214 80 91 5047 4993 139 3255 208 7 22 306 204 395 23 184
120553 687 14 403 28 1367 4969 2630 757 409 55 112 2384 918 536 610 0 985 48 1919 357 69 23 26 1653 1621 44 1062 74 2 7 102 65 121 7 65
120555 686 14 311 22 1023 3803 1957 577 322 42 88 1826 702 403 483 0 754 35 1455 276 56 17 21 1259 1246 38 801 54 1 5 78 49 93 5 49
120567 725 11 487 37 1637 6029 3210 915 516 76 131 2844 1123 639 731 0 1192 65 2359 451 86 35 36 2017 1973 56 1296 82 3 8 117 79 156 8 70
120569 729 14 1250 91 4195 15398 8240 2328 1283 178 351 7310 2866 1620 1928 0 3090 147 6068 1130 222 76 93 5091 5100 142 3318 218 8 21 314 205 389 24 192
120581 755 26 1418 107 4756 17381 9222 2646 1462 204 394 8256 3255 1852 2131 0 3436 172 6782 1279 249 86 103 5796 5704 160 3745 245 10 25 357 226 442 27 216
120586 683 17 703 52 2365 8637 4526 1337 729 98 197 4114 1602 918 1072 0 1720 82 3354 631 126 43 53 2856 2847 83 1834 126 5 13 177 111 219 13 112
120587 714 14 109 6 366 1332 676 214 106 13 32 643 247 144 175 0 264 10 503 94 19 5 6 432 429 11 281 21 0 2 27 17 33 2 21
120617 736 47 3763 293 12711 46192 24695 7054 3906 545 1024 21981 8681 4917 5813 3 9196 468 18234 3403 664 236 284 15348 15205 435 10062 645 29 66 939 613 1166 70 554
120618 736 47 741 61 2510 9134 4927 1379 778 111 202 4371 1721 962 1152 0 1824 96 3625 682 132 50 55 3043 3020 87 1998 127 5 12 190 116 232 13 108
120621 736 47 2390 188 8078 29606 15842 4458 2488 354 660 13987 5517 3139 3652 1 5890 305 11737 2181 419 159 176 9831 9800 271 6386 404 18 41 612 393 747 45 355
120622 745 40 174 11 568 2113 1079 323 175 24 49 1024 391 231 264 0 419 19 808 152 30 9 10 699 683 20 444 33 1 3 42 27 53 3 29
120649 710 18 739 57 2485 9047 4849 1379 756 104 203 4335 1696 961 1151 0 1821 90 3608 662 127 44 54 2997 3000 87 1972 123 5 12 188 122 228 13 109
120651 714 18 78 4 263 957 488 147 78 9 22 460 173 103 123 0 187 6 362 68 14 3 4 311 313 8 199 15 0 1 18 12 23 1 15
120652 714 18 873 63 2878 10575 5652 1590 897 124 238 5010 1986 1104 1289 0 2090 109 4158 789 151 52 65 3514 3490 104 2308 148 6 14 213 140 273 16 128
120653 714 16 451 31 1515 5608 2896 848 459 61 128 2655 1021 593 669 0 1079 51 2131 413 80 26 30 1872 1819 53 1171 81 2 7 114 73 144 8 72
120654 711 16 430 32 1458 5316 2863 797 446 64 123 2513 993 556 656 0 1063 54 2103 389 78 28 34 1765 1776 50 1155 73 3 7 107 69 138 7 63
120655 716 16 110 7 349 1317 682 191 106 14 31 619 241 137 164 0 257 13 509 94 19 5 7 432 429 12 277 19 0 1 26 18 32 2 16
120656 707 11 1930 148 6442 23700 12564 3576 2000 276 535 11211 4409 2495 2907 2 4687 237 9305 1745 339 117 140 7888 7837 227 5087 326 14 33 484 307 603 36 287
120657 704 11 1865 146 6308 23068 12365 3478 1955 281 517 10951 4324 2430 2854 1 4620 244 9133 1708 332 129 135 7729 7624 215 5028 312 15 30 469 301 593 34 274
120663 715 17 194 14 662 2443 1303 367 207 29 56 1183 463 258 315 0 490 24 964 181 33 13 12 815 801 25 534 34 1 3 49 30 60 3 28
120700 686 12 1293 92 4286 15723 8302 2395 1315 178 358 7446 2908 1666 1957 0 3137 145 6158 1155 221 75 87 5192 5187 148 3365 227 8 22 318 207 400 24 199
120701 686 12 129 10 446 1600 864 243 137 20 34 781 304 166 225 0 320 16 650 116 23 9 8 528 530 17 352 21 1 2 33 21 38 2 18
120703 685 11 2683 204 9001 33099 17557 4941 2786 378 741 15718 6135 3474 4079 2 6553 334 13014 2449 468 165 200 10988 10906 316 7095 466 20 45 681 441 839 49 402
120704 692 12 1246 95 4198 15379 8275 2297 1294 180 346 7247 2860 1614 1892 0 3068 156 6079 1129 218 76 93 5099 5102 141 3345 212 9 20 323 210 390 23 186
120706 692 12 196 15 642 2351 1260 363 202 30 50 1103 440 249 285 0 463 27 931 174 34 12 13 783 772 21 506 31 1 2 49 30 61 3 27
120707 692 12 3036 236 10205 37440 19985 5639 3132 440 842 17755 6955 3949 4621 3 7435 385 14749 2773 529 193 231 12429 12397 345 8068 518 22 53 759 513 956 57 446
120720 732 22 141 12 467 1735 881 268 142 18 40 843 321 185 215 0 343 17 657 126 24 8 9 577 558 18 364 26 1 2 33 20 45 2 22
120751 674 11 813 60 2709 9976 5226 1504 843 114 224 4743 1864 1056 1223 0 1953 100 3874 735 144 50 57 3332 3255 102 2123 143 6 14 203 133 256 14 121
120768 701 25 209 14 716 2609 1355 405 211 27 62 1244 479 278 336 0 518 23 1014 187 37 12 14 865 853 25 554 40 1 4 50 33 67 4 35
120770 701 25 2682 212 8889 32947 17409 4911 2772 386 752 15526 6093 3457 4015 2 6510 344 12936 2426 467 166 194 10973 10830 310 7077 455 19 44 672 439 843 49 391
120773 803 47 1574 118 5289 19367 10337 2941 1640 229 428 9209 3610 2059 2417 1 3868 206 7665 1428 277 99 122 6432 6404 185 4208 272 11 27 390 257 493 29 233
120776 802 31 137 11 474 1681 916 263 139 18 36 817 315 179 212 0 342 16 662 121 23 7 10 558 562 16 375 23 0 2 34 21 41 2 21
120786 775 24 1495 116 5042 18444 9881 2777 1572 220 409 8688 3434 1937 2274 1 3654 194 7287 1379 259 97 114 6165 6083 169 4003 253 11 25 374 245 472 28 216
120788 778 16 3696 288 12418 45635 24509 6850 3841 540 1023 21666 8488 4825 5620 2 9092 470 18046 3381 648 241 280 15181 15156 422 9904 637 28 63 929 605 1173 70 544
120789 777 18 491 36 1645 6035 3212 925 507 68 133 2895 1129 642 754 0 1206 62 2373 447 87 29 33 2012 1994 59 1311 87 3 8 125 78 152 9 76
120790 774 16 1367 104 4611 16820 8979 2561 1398 193 378 8014 3138 1772 2136 0 3357 165 6638 1228 238 83 98 5558 5578 157 3639 237 9 24 346 219 422 27 210
120793 773 16 1397 109 4733 17167 9239 2582 1459 208 380 8112 3222 1810 2089 1 3406 185 6778 1275 239 91 103 5693 5667 165 3743 237 11 23 355 232 436 25 197
120794 773 16 742 50 2473 9088 4784 1385 753 103 204 4290 1678 966 1097 0 1799 81 3520 665 129 43 49 2996 2984 76 1922 131 4 13 188 123 226 14 119
120796 773 16 263 19 888 3275 1730 495 276 39 72 1540 608 351 393 0 646 35 1274 245 46 18 19 1112 1070 29 708 44 2 4 64 41 89 4 38
120800 776 16 1117 84 3789 13797 7363 2113 1167 161 308 6557 2574 1459 1697 0 2761 138 5424 1019 200 71 88 4607 4565 130 3008 191 8 19 278 179 355 21 172
120802 773 16 501 36 1709 6191 3304 951 511 72 140 2955 1152 655 767 0 1237 58 2426 451 86 32 33 2054 2063 54 1319 90 3 9 127 80 154 10 79
120878 680 16 479 34 1569 5751 3032 877 478 62 132 2728 1071 611 700 0 1131 53 2221 420 84 25 33 1897 1873 54 1242 82 3 8 119 74 142 9 75
120887 699 24 887 70 2990 10921 5786 1675 922 125 243 5209 2047 1154 1391 0 2171 111 4294 811 154 54 65 3649 3577 107 2373 151 6 15 220 139 276 16 132
120888 702 25 1141 90 3852 14117 7504 2179 1180 167 321 6758 2637 1515 1748 0 2818 143 5529 1032 202 74 83 4712 4630 132 3056 200 8 20 282 180 368 23 176
120938 731 24 1650 122 5513 20202 10680 3076 1706 239 457 9578 3781 2159 2470 0 3988 200 7863 1494 292 102 117 6733 6608 188 4340 284 12 30 413 263 515 32 251
120939 730 24 40 2 136 492 249 75 41 4 11 235 90 52 65 0 96 3 189 36 6 1 2 159 156 4 103 7 0 0 9 7 11 0 6
120940 736 23 1668 132 5592 20431 10955 3072 1733 240 450 9680 3849 2148 2596 1 4066 208 8145 1510 288 104 126 6776 6727 201 4458 281 13 27 425 274 521 32 240
120941 731 23 1097 89 3694 13599 7264 2042 1152 166 302 6458 2542 1425 1690 1 2703 150 5383 1012 194 77 85 4563 4474 129 2931 187 9 18 269 173 352 20 154
120942 732 23 1488 116 4971 18312 9778 2750 1555 222 407 8626 3410 1933 2230 1 3631 193 7217 1355 260 97 108 6108 6053 170 3963 257 11 25 369 242 475 27 217
120943 733 23 2467 180 8233 30285 15998 4597 2554 353 687 14355 5590 3197 3688 2 6017 302 11798 2214 430 155 175 10044 9985 277 6473 421 17 43 610 403 764 48 373
120945 738 26 2677 203 8930 32874 17385 4944 2763 382 746 15635 6102 3465 4069 1 6532 323 12843 2401 465 164 186 10913 10837 315 7060 457 19 46 672 435 834 48 402
120946 738 26 1199 86 3995 14680 7817 2180 1225 169 332 6940 2719 1537 1857 0 2928 143 5805 1074 207 71 87 4833 4860 136 3174 211 8 20 298 194 369 22 181
120947 738 26 3170 239 10647 39141 20776 5927 3293 454 884 18471 7272 4149 4726 2 7735 398 15267 2899 560 200 241 13036 12863 359 8425 545 22 55 795 516 1008 59 476
120948 750 26 437 31 1470 5402 2831 835 449 60 128 2584 997 570 668 0 1070 52 2086 399 76 23 29 1789 1781 51 1140 77 2 8 106 72 139 9 71
120950 737 25 136 10 444 1629 861 249 134 17 35 784 300 174 186 0 319 15 621 119 23 7 9 539 533 15 353 22 0 2 35 22 43 2 21
120951 737 25 1158 93 3927 14277 7648 2171 1203 166 319 6788 2672 1512 1794 0 2833 145 5610 1053 204 69 90 4771 4695 133 3113 199 8 20 289 189 367 22 174
120952 738 25 1617 125 5430 19965 10580 3007 1683 232 449 9420 3709 2091 2417 1 3939 201 7788 1481 287 98 118 6650 6570 185 4283 275 12 28 402 262 505 29 242
120954 739 25 828 60 2768 10178 5380 1556 845 118 234 4858 1880 1075 1271 0 2019 99 3961 751 148 52 58 3382 3362 92 2166 145 5 14 204 135 253 16 130
120955 748 26 1229 94 4157 15214 8186 2306 1284 182 343 7177 2846 1607 1861 1 3023 164 6026 1126 216 82 94 5059 5041 148 3313 210 9 21 309 202 391 22 173
120956 772 23 874 66 2964 10797 5789 1645 924 131 244 5107 2019 1142 1343 1 2162 113 4275 811 150 58 64 3570 3570 101 2354 144 7 15 220 144 271 15 126
120957 761 17 1296 99 4363 15952 8556 2421 1349 194 352 7604 2982 1700 2001 0 3183 167 6358 1173 231 83 93 5318 5266 148 3478 220 10 21 320 209 405 25 189
120961 760 14 2135 167 7158 26279 14039 3944 2241 313 582 12390 4896 2760 3230 1 5191 280 10383 1971 371 138 160 8800 8644 242 5699 357 17 35 535 354 674 39 304
120985 702 16 133 11 449 1634 888 244 136 18 33 789 313 170 224 0 331 15 669 121 21 8 10 547 544 16 368 22 0 2 33 21 42 2 18
120986 702 16 900 70 3054 11137 5962 1678 942 129 247 5299 2087 1178 1393 0 2229 119 4430 820 159 58 67 3720 3693 105 2426 153 8 15 224 147 281 17 130
120987 707 17 2087 152 6964 25539 13557 3899 2146 290 581 12062 4737 2711 3152 1 5060 251 9985 1885 369 127 157 8450 8409 244 5521 365 13 36 518 332 652 40 317
120988 706 17 1095 81 3663 13505 7146 2038 1128 154 307 6399 2487 1417 1667 0 2679 130 5265 979 197 68 80 4490 4459 126 2876 195 7 19 277 179 345 21 172
120990 713 16 2222 168 7478 27414 14644 4107 2308 325 612 12976 5096 2890 3336 1 5442 278 10789 2000 389 140 168 9140 9057 253 5939 378 16 38 564 364 706 40 327
121023 697 24 404 28 1323 4906 2544 752 419 55 111 2340 902 525 599 0 961 45 1877 355 75 22 26 1628 1606 46 1034 71 2 7 100 61 122 8 65
121024 699 24 2520 192 8550 31324 16709 4741 2623 366 709 14871 5810 3314 3902 2 6228 318 12336 2315 450 159 196 10372 10382 299 6769 439 19 45 632 416 798 48 381
121025 702 24 237 16 777 2867 1502 436 239 33 63 1356 530 307 344 0 561 30 1100 211 41 15 16 962 933 25 609 40 1 4 57 36 76 4 36
121026 744 32 207 15 695 2526 1311 399 210 26 57 1216 470 272 326 0 509 22 980 188 36 10 13 831 833 22 531 37 0 4 50 31 61 4 35
121029 738 26 383 30 1315 4793 2564 730 404 56 109 2252 888 507 596 0 948 48 1888 352 68 25 31 1580 1579 45 1029 67 2 7 95 62 124 7 59
121032 738 26 562 43 1873 6852 3663 1039 577 83 153 3255 1267 730 853 0 1356 70 2701 499 97 37 41 2266 2244 62 1487 97 4 9 142 93 175 11 83
121033 732 22 1275 99 4287 15772 8373 2362 1326 180 356 7504 2914 1649 1953 0 3134 156 6199 1174 221 78 97 5251 5197 147 3402 219 9 22 325 209 398 23 197
121035 745 24 541 37 1816 6659 3496 1021 546 71 153 3184 1233 708 839 0 1323 63 2592 491 92 30 37 2185 2196 62 1423 94 3 10 129 87 166 10 86
121036 739 22 438 33 1449 5377 2849 801 445 58 118 2573 997 567 689 0 1077 52 2126 396 77 26 31 1783 1775 52 1150 76 3 7 110 73 139 8 65
121037 740 22 1026 79 3459 12698 6809 1905 1074 149 279 6002 2365 1346 1567 0 2496 134 5035 939 183 68 77 4217 4196 115 2751 174 7 17 256 167 330 19 152
121039 750 22 351 27 1187 4365 2296 662 372 51 96 2055 812 464 546 0 874 44 1720 319 62 23 24 1457 1429 41 934 58 3 6 91 56 112 6 52
121040 746 22 1441 114 4856 17853 9538 2677 1492 208 401 8471 3332 1876 2239 1 3569 183 7068 1313 256 89 107 5949 5917 165 3876 247 11 24 366 234 452 27 216
121041 744 22 275 18 913 3321 1772 505 286 39 74 1551 623 358 405 0 657 31 1307 245 47 16 20 1091 1090 30 720 46 2 4 69 43 82 5 42
121042 744 22 1591 121 5425 19850 10667 2960 1657 234 448 9373 3671 2080 2442 1 3970 197 7872 1460 279 104 119 6568 6647 175 4288 270 11 28 409 268 498 30 238
121044 739 22 1437 104 4772 17602 9325 2661 1465 207 406 8295 3234 1878 2167 0 3502 166 6860 1277 255 89 100 5798 5807 161 3767 252 9 25 359 229 450 29 225
121045 738 22 862 65 2888 10603 5649 1587 892 126 239 4992 1975 1116 1289 0 2109 106 4163 791 146 55 62 3515 3509 96 2263 148 6 15 221 141 265 16 131
121046 738 22 1316 95 4427 16221 8631 2459 1347 188 370 7687 3011 1714 2004 1 3227 159 6365 1191 233 79 95 5378 5368 151 3484 227 9 24 331 217 409 25 205
121047 737 22 834 62 2814 10283 5581 1544 863 123 228 4891 1925 1084 1258 0 2048 108 4094 758 146 53 60 3416 3430 92 2247 139 7 14 218 140 257 16 119
121049 735 22 272 20 891 3273 1737 503 283 40 73 1574 616 342 415 0 650 34 1290 241 45 16 16 1090 1076 32 696 45 2 4 64 41 81 4 40
121051 734 22 1829 137 6154 22596 12057 3415 1897 264 502 10721 4204 2386 2777 1 4492 232 8870 1677 326 117 137 7519 7446 217 4879 317 13 31 469 297 584 35 276
121052 762 32 658 49 2205 8047 4295 1219 691 96 178 3800 1511 847 986 0 1601 86 3167 607 112 41 48 2671 2647 76 1761 106 5 10 164 108 206 11 91
121054 744 22 719 58 2465 8974 4844 1347 746 105 199 4305 1678 940 1122 0 1810 91 3546 649 126 46 53 2985 2998 80 1956 124 5 12 182 120 224 13 104
121061 740 22 1229 98 4087 15157 8103 2245 1287 181 333 7114 2805 1578 1857 0 3006 160 5981 1130 211 82 96 5074 4980 144 3274 206 10 19 308 202 387 22 175
121062 739 22 356 28 1194 4417 2390 647 373 53 96 2082 838 456 543 0 873 51 1766 339 61 23 25 1473 1472 45 959 57 3 5 88 60 112 5 46
121063 755 22 796 67 2721 9973 5388 1504 846 120 218 4733 1869 1044 1271 0 2001 109 4015 745 140 54 64 3318 3311 98 2190 134 6 12 201 130 256 14 112
121065 754 22 1107 79 3677 13701 7246 2031 1157 162 316 6392 2515 1433 1655 1 2712 141 5391 1013 193 68 79 4530 4538 128 2905 188 7 19 275 182 349 20 158
121068 748 22 768 60 2567 9459 5009 1423 787 108 215 4500 1742 988 1181 0 1876 96 3698 694 129 46 59 3138 3115 91 2032 132 5 12 190 133 242 14 113
121070 747 22 1285 95 4338 15891 8431 2402 1333 185 357 7516 2944 1699 1956 1 3140 153 6252 1176 228 82 92 5252 5209 150 3418 230 9 23 324 206 402 25 196
121071 748 22 236 17 814 2956 1576 440 246 34 68 1427 547 309 377 0 584 29 1162 224 42 13 18 978 978 28 642 40 1 4 57 40 73 4 35
121163 786 15 542 42 1867 6726 3653 1013 570 80 149 3194 1275 701 827 0 1338 75 2669 510 95 37 42 2240 2236 64 1476 90 4 8 137 89 173 9 77
121165 786 15 1434 106 4761 17546 9270 2640 1463 203 404 8294 3232 1847 2149 1 3477 172 6868 1280 250 88 102 5837 5787 155 3741 250 8 25 349 233 449 27 220
121198 711 19 1154 88 3911 14392 7651 2169 1184 161 325 6823 2656 1522 1774 0 2860 138 5663 1050 206 71 86 4775 4763 131 3089 201 7 21 297 193 367 22 180
121199 711 19 1030 78 3418 12621 6699 1902 1056 145 290 5963 2339 1331 1518 1 2509 130 4944 922 181 63 77 4179 4164 118 2703 173 7 17 254 173 322 19 152
121200 711 19 1002 80 3463 12448 6692 1931 1038 143 278 5975 2339 1327 1598 0 2508 120 4917 911 176 61 77 4121 4120 114 2734 175 7 19 254 164 307 19 156
121201 707 18 1212 92 4090 14963 8077 2247 1268 184 326 7061 2815 1592 1826 0 2982 157 5911 1115 215 81 89 4995 4927 139 3296 202 8 20 311 195 381 23 181
121203 707 18 1039 83 3516 12848 6924 1952 1087 150 280 6078 2402 1347 1633 0 2571 137 5154 954 183 65 81 4250 4262 126 2810 173 8 17 261 168 327 19 147
121208 710 18 408 29 1352 5039 2613 755 419 58 114 2364 929 540 585 0 985 49 1947 370 72 26 27 1686 1642 44 1060 72 2 7 104 66 131 7 63
121211 704 18 808 63 2683 9943 5229 1500 834 118 224 4696 1840 1048 1198 0 1976 105 3875 739 139 54 56 3321 3246 86 2113 136 5 14 199 134 257 15 122
121213 705 19 3217 236 10725 39516 20973 5963 3311 457 888 18706 7302 4156 4917 2 7837 386 15577 2914 565 193 234 13062 13065 371 8487 556 23 56 807 523 998 62 487
121214 705 18 1627 127 5447 20092 10681 3032 1684 233 451 9519 3730 2129 2479 1 4008 202 7884 1471 288 102 124 6669 6608 188 4320 283 11 28 409 265 514 30 242
121216 704 18 1087 77 3672 13506 7095 2048 1115 151 308 6381 2481 1429 1664 1 2686 129 5246 976 195 67 76 4488 4450 124 2881 189 6 20 270 176 341 20 171
121218 704 18 333 27 1102 4086 2171 604 355 49 94 1937 763 427 508 0 806 44 1609 309 58 22 24 1380 1337 38 888 54 2 6 77 53 106 5 45
121219 703 18 452 36 1553 5620 3029 856 468 67 123 2697 1053 592 704 0 1130 62 2221 408 79 28 34 1871 1857 51 1230 75 3 7 114 75 137 7 63
121220 705 18 743 60 2506 9208 4842 1402 779 105 203 4368 1705 984 1133 0 1812 93 3590 683 133 48 59 3102 3007 88 1970 127 5 12 189 123 234 14 113
121221 704 18 929 65 3098 11426 6043 1717 957 132 256 5425 2115 1209 1453 0 2281 110 4499 837 166 58 67 3770 3768 115 2447 163 7 16 235 149 284 17 142
121223 704 18 392 28 1326 4817 2569 738 398 55 111 2286 893 515 598 0 956 46 1885 349 69 23 30 1597 1584 45 1063 70 2 7 98 62 122 8 61
121225 717 16 1347 108 4539 16704 8838 2555 1401 194 381 7963 3111 1772 2017 0 3311 168 6507 1234 235 86 97 5573 5491 163 3580 232 10 24 337 220 433 25 201
121226 718 16 240 16 802 2927 1513 449 247 32 65 1395 544 315 373 0 577 24 1126 214 43 13 14 966 958 27 627 43 1 4 60 38 74 4 39
121227 712 11 2877 223 9648 35500 18785 5357 3000 413 810 16846 6583 3735 4372 3 7019 359 13890 2633 503 185 206 11828 11686 338 7623 493 21 49 713 472 907 54 428
121228 712 11 1722 129 5758 21279 11275 3184 1802 249 477 10011 3925 2235 2580 1 4204 216 8296 1587 306 110 128 7081 7033 201 4559 294 12 31 427 282 539 31 259
121229 712 11 496 38 1686 6138 3252 935 508 67 140 2931 1136 645 786 0 1226 58 2414 449 87 28 34 2030 2034 54 1309 89 3 10 127 78 152 9 78
121230 712 11 1220 92 4116 15061 8065 2303 1258 180 336 7160 2807 1605 1875 0 2999 151 5964 1093 214 75 90 4989 5001 140 3244 208 10 21 310 198 382 23 184
121231 712 11 1262 92 4176 15397 8151 2324 1299 180 349 7198 2855 1624 1856 0 3049 156 5996 1139 220 80 93 5129 5054 142 3314 216 8 21 315 204 403 23 186
121234 677 11 352 26 1193 4336 2350 664 367 52 96 2086 809 459 548 0 872 44 1727 314 63 22 26 1441 1440 38 953 61 2 6 88 56 111 7 55
121236 678 11 618 47 2110 7721 4103 1175 653 90 174 3685 1446 816 951 0 1533 82 3031 578 111 41 45 2584 2529 76 1675 105 5 10 153 100 196 10 92
121238 723 21 2010 146 6790 24792 13096 3801 2054 282 557 11805 4586 2637 3073 1 4940 242 9660 1820 354 121 144 8189 8175 229 5312 359 13 36 505 326 620 39 321
121240 721 20 331 26 1101 4062 2185 610 344 48 89 1926 758 425 491 0 804 43 1600 304 57 21 25 1355 1345 36 888 53 2 5 79 57 105 5 46
121280 712 12 930 67 3079 11367 6013 1719 952 132 256 5409 2115 1211 1397 1 2261 111 4456 840 162 57 69 3768 3748 108 2448 160 7 15 228 151 285 17 141
121307 766 25 1689 126 5706 20882 11149 3138 1756 244 465 9932 3872 2213 2585 1 4148 210 8205 1537 301 108 124 6953 6880 196 4517 295 12 28 433 266 528 31 258
121309 761 23 1958 144 6540 24045 12793 3639 2030 286 533 11391 4496 2540 2926 1 4758 247 9428 1765 347 125 141 8007 7899 231 5175 339 15 33 496 317 623 36 291
121358 674 15 80 4 260 969 481 147 79 9 23 463 174 103 124 0 184 7 358 68 14 3 4 315 308 11 199 15 0 1 19 13 23 1 13
121359 674 15 876 64 2958 10771 5726 1647 890 120 246 5155 2002 1150 1334 0 2151 101 4217 784 153 50 63 3561 3568 99 2319 154 4 16 213 145 273 16 135
121360 674 15 508 41 1727 6393 3400 954 537 76 138 2991 1193 679 788 0 1272 69 2526 474 91 34 39 2113 2100 62 1385 87 4 9 131 85 164 9 72
