121373 685 15 1019 83 3425 12572 6782 1886 1079 155 271 5923 2376 1318 1550 0 2497 141 4990 932 180 70 79 4206 4127 118 2767 171 9 15 254 162 330 19 142
121374 685 15 1075 79 3552 13149 6866 1979 1114 151 302 6238 2407 1389 1601 0 2606 127 5077 974 186 64 76 4373 4306 118 2760 188 7 19 264 174 329 20 166
121375 709 31 300 21 1020 3725 1950 571 311 42 83 1780 687 392 472 0 749 36 1450 272 52 18 20 1234 1227 34 792 51 2 5 75 49 95 5 49
121376 709 31 746 56 2519 9279 4926 1394 784 111 206 4396 1718 974 1130 0 1840 95 3639 687 129 49 55 3088 3044 85 1985 128 4 12 187 121 231 14 113
121377 709 31 2157 170 7271 26713 14251 4025 2243 311 601 12636 4969 2810 3265 2 5296 276 10527 1984 373 140 161 8879 8810 247 5771 367 16 36 544 354 678 39 317
121378 709 31 1386 110 4664 17127 9120 2569 1433 204 381 8075 3188 1802 2088 0 3395 175 6734 1256 242 90 97 5730 5635 152 3711 236 9 23 351 228 442 26 208
121379 709 31 1412 110 4709 17447 9273 2593 1472 205 396 8219 3225 1826 2092 1 3458 176 6853 1301 248 91 106 5802 5769 160 3733 238 9 24 356 231 443 26 212
121380 710 31 242 16 790 2947 1524 435 245 32 70 1408 544 308 353 0 572 27 1127 213 44 14 15 991 953 27 625 42 1 4 59 38 74 4 38
121382 699 13 2459 193 8262 30467 16302 4570 2580 370 682 14348 5659 3199 3722 1 6017 321 12041 2282 435 159 188 10158 10073 287 6572 418 20 42 619 405 787 44 354
121387 699 13 1200 95 4021 14862 7929 2226 1250 174 333 7032 2764 1572 1851 0 2954 154 5888 1108 216 78 87 4963 4873 143 3228 209 8 20 308 194 382 22 173
121429 680 14 699 51 2376 8659 4581 1322 731 102 193 4133 1610 932 1088 0 1723 81 3378 628 124 44 51 2860 2848 83 1857 127 4 13 173 109 223 13 112
121430 678 13 459 34 1549 5640 3032 846 473 67 125 2670 1055 599 691 0 1114 57 2235 412 76 29 33 1878 1868 51 1234 77 3 7 114 75 145 8 65
121431 682 11 2166 168 7243 26592 14158 4004 2239 311 600 12614 4949 2809 3261 1 5272 267 10418 1968 384 133 158 8828 8775 256 5717 373 16 37 542 352 671 38 321
121454 687 14 526 44 1827 6625 3674 980 559 80 148 3152 1262 693 828 0 1333 78 2698 504 91 36 40 2236 2221 66 1488 83 4 7 137 84 168 9 69
121456 688 13 937 76 3162 11558 6197 1738 976 136 256 5500 2174 1220 1436 0 2305 119 4585 861 165 61 70 3887 3812 106 2527 160 7 15 237 152 307 17 136
121458 688 13 1842 143 6167 22680 12075 3423 1902 266 509 10733 4215 2386 2785 1 4512 232 8949 1668 327 117 139 7564 7494 209 4893 318 13 31 467 298 579 35 275
121459 696 12 1643 127 5510 20328 10904 3021 1723 244 453 9552 3780 2116 2458 1 4018 214 8029 1517 291 107 126 6749 6724 196 4388 277 15 26 421 278 523 28 231
121461 702 12 1451 109 4886 17818 9590 2687 1512 212 397 8440 3358 1891 2207 0 3554 185 7074 1328 256 92 111 5938 5876 169 3946 249 10 24 361 230 454 27 218
121462 694 12 369 26 1222 4579 2378 677 388 53 102 2139 846 480 569 0 910 45 1806 342 66 23 26 1509 1492 45 968 62 2 6 89 59 114 6 54
121463 699 12 1393 100 4585 17018 8846 2593 1416 190 392 8072 3124 1803 2059 0 3357 157 6539 1242 245 79 91 5613 5586 156 3563 246 9 25 347 226 431 27 223
121467 694 12 39 2 129 473 236 73 38 4 10 232 88 50 62 0 93 3 177 33 7 1 1 155 152 5 100 6 0 0 9 5 11 0 6
121470 750 53 7237 563 24339 89375 47741 13461 7510 1055 2004 42342 16623 9417 10986 6 17748 927 35222 6632 1277 463 548 29769 29597 833 19353 1237 50 125 1815 1187 2289 135 1070
121471 749 52 478 38 1617 5983 3217 883 504 72 134 2809 1106 630 711 0 1189 64 2377 451 84 33 36 1991 1978 54 1294 78 4 7 123 78 152 8 66
121472 749 52 1548 115 5210 19208 10255 2910 1610 235 438 9098 3555 2054 2362 0 3831 200 7560 1403 275 103 113 6368 6347 175 4142 269 11 27 391 251 481 30 236
121474 741 48 1503 110 4962 18377 9756 2719 1544 215 413 8610 3390 1922 2217 0 3641 178 7194 1347 263 93 110 6108 6034 166 3962 255 10 25 375 241 476 28 227
121475 741 48 1598 126 5359 19703 10526 2975 1658 228 443 9360 3666 2068 2442 1 3929 206 7796 1457 277 97 122 6548 6533 189 4276 269 11 27 400 264 509 29 231
121477 742 48 613 45 2026 7499 3942 1131 618 84 165 3508 1384 791 924 0 1491 70 2951 555 105 36 44 2462 2472 68 1602 102 4 11 153 102 187 11 93
121483 688 15 570 43 1895 7007 3688 1053 585 79 160 3306 1269 728 833 0 1390 68 2729 514 101 35 42 2313 2330 65 1483 99 3 9 140 93 180 11 88
121490 703 20 2033 159 6830 25185 13529 3785 2127 307 565 11879 4681 2637 3106 1 5006 264 9974 1867 361 135 159 8375 8355 236 5460 341 15 35 510 330 642 37 297
121491 704 20 1096 82 3657 13581 7107 2023 1147 159 302 6404 2490 1421 1638 0 2679 141 5271 1002 194 70 82 4515 4452 121 2880 191 7 19 270 181 344 20 169
121494 701 18 1153 85 3835 14200 7496 2145 1191 162 318 6685 2618 1501 1727 0 2815 138 5529 1045 205 72 85 4698 4673 132 3045 202 9 20 289 190 366 22 175
121496 718 13 994 77 3322 12297 6517 1829 1029 138 277 5821 2262 1286 1511 0 2434 118 4842 903 175 59 67 4077 4070 112 2636 173 5 17 252 160 307 19 155
121498 712 11 2049 159 6804 25242 13442 3746 2135 294 564 11872 4686 2651 3073 1 4992 268 9960 1878 360 130 159 8404 8321 242 5470 347 17 34 517 336 646 37 294
121499 708 11 866 65 2923 10734 5787 1609 917 133 238 5097 2007 1131 1297 0 2122 116 4238 802 153 59 64 3599 3544 100 2344 142 7 14 219 144 269 15 121
121553 689 19 253 21 864 3140 1716 472 266 39 66 1487 583 330 388 0 629 36 1261 234 43 18 20 1062 1048 28 692 40 2 4 63 40 80 4 34
121554 689 19 1178 90 3958 14494 7743 2203 1228 169 321 6917 2701 1532 1792 0 2878 151 5695 1072 208 76 84 4819 4794 140 3149 203 8 20 294 188 374 21 174
121557 689 19 1289 97 4340 16006 8434 2430 1324 179 366 7589 2934 1695 1958 1 3183 155 6250 1163 226 77 96 5296 5291 150 3408 228 9 24 323 216 409 25 203
121560 686 18 1564 117 5279 19304 10437 2893 1630 232 424 9163 3637 2021 2422 0 3855 203 7735 1430 271 101 116 6385 6413 179 4197 261 13 26 398 262 484 28 221
121567 689 18 1230 92 4143 15169 8065 2285 1278 183 338 7194 2817 1607 1874 0 3017 154 5979 1114 216 81 90 5047 4997 137 3272 212 9 22 309 200 383 23 185
121568 686 18 713 52 2362 8735 4581 1309 716 94 200 4136 1604 919 1060 0 1725 85 3388 636 124 40 52 2883 2877 80 1847 126 4 13 177 119 221 14 114
121569 686 18 111 6 353 1351 682 196 110 13 31 632 239 142 161 0 265 9 512 97 18 5 6 436 448 12 270 20 0 2 28 19 34 2 18
121571 699 14 3170 246 10669 39100 20884 5908 3299 460 864 18527 7283 4115 4880 2 7812 402 15443 2907 562 209 243 12974 12923 367 8498 542 25 54 789 518 995 59 467
121573 688 14 1996 156 6673 24534 13102 3682 2098 296 543 11622 4606 2586 3057 1 4871 254 9672 1825 352 132 148 8164 8045 243 5335 337 16 33 504 320 632 36 282
121577 688 14 351 25 1152 4277 2198 645 356 47 99 2028 778 454 511 0 839 40 1632 309 61 19 23 1414 1398 39 889 63 2 6 87 55 106 6 57
121578 688 14 836 63 2790 10212 5412 1554 857 115 232 4841 1900 1084 1255 0 2031 101 3973 750 146 50 63 3380 3352 99 2199 144 5 14 209 134 253 15 128
121579 690 14 445 34 1485 5419 2859 813 450 61 124 2595 1006 575 668 0 1076 49 2108 394 77 26 31 1807 1782 51 1161 77 3 8 114 75 138 8 69
121582 688 14 484 33 1599 5963 3115 887 494 68 136 2808 1083 624 717 0 1188 56 2296 440 82 28 35 1961 1963 54 1263 85 3 8 119 79 153 8 75
121583 689 14 164 14 540 2040 1080 299 173 24 44 948 378 216 236 0 401 24 802 156 29 11 13 694 668 19 440 25 1 2 38 27 53 2 20
121646 720 11 274 21 888 3363 1746 495 282 39 76 1568 612 350 413 0 672 34 1313 244 48 17 21 1113 1097 33 720 45 1 4 65 42 88 4 38
121659 666 12 2945 229 9958 36502 19614 5478 3085 441 814 17294 6852 3826 4499 2 7250 394 14440 2703 511 195 225 12152 12050 353 7975 501 24 48 744 487 944 53 418
121677 697 12 786 65 2718 9893 5371 1484 823 117 217 4709 1831 1051 1235 0 1987 107 3958 724 141 56 66 3321 3285 88 2171 135 5 12 200 130 251 15 113
121718 642 19 735 53 2433 8972 4714 1364 753 102 201 4245 1654 955 1106 0 1778 85 3488 658 128 42 50 2955 2950 85 1928 128 4 12 182 114 224 14 117
121719 643 19 4001 316 13505 49588 26596 7407 4198 595 1104 23377 9234 5223 6062 3 9855 529 19665 3698 711 263 304 16517 16399 457 10763 667 31 67 1014 643 1283 75 574
121720 641 19 1305 98 4360 16138 8607 2424 1355 190 366 7621 2985 1701 1957 0 3190 171 6338 1202 233 85 103 5355 5320 159 3488 225 9 22 327 211 411 24 195
121721 641 19 1314 99 4367 16123 8546 2436 1366 190 364 7620 3009 1704 1987 0 3191 166 6314 1203 234 83 98 5389 5275 158 3487 222 9 22 331 211 417 23 194
121724 642 19 243 17 825 3005 1542 464 248 32 68 1453 553 326 384 0 596 25 1154 214 43 13 16 990 988 27 623 44 1 5 59 39 73 4 40
121725 653 19 395 32 1357 4931 2643 744 418 58 116 2374 928 514 622 0 979 52 1950 370 68 26 30 1654 1621 52 1081 69 3 6 97 64 124 6 57
121727 656 19 1046 80 3511 12854 6843 1966 1079 151 286 6079 2413 1362 1588 0 2555 131 5060 965 185 69 77 4294 4227 118 2795 178 7 18 260 166 330 20 157
121728 643 19 228 17 766 2787 1495 421 232 31 65 1345 511 296 357 0 550 27 1098 207 40 13 17 923 924 25 609 38 1 4 56 36 71 4 37
121733 652 19 1251 95 4189 15433 8198 2328 1287 179 350 7384 2875 1622 1957 0 3079 152 6090 1125 217 76 92 5120 5092 142 3313 214 9 21 311 209 388 23 187
121734 649 19 893 65 2993 10996 5841 1631 933 132 244 5185 2059 1160 1352 0 2157 112 4341 824 155 56 63 3648 3607 106 2360 150 8 14 232 146 279 15 126
121735 644 19 661 47 2205 8118 4289 1227 683 92 192 3839 1483 858 1023 0 1632 79 3178 597 115 38 46 2677 2684 70 1748 117 3 12 166 109 198 13 103
121740 644 19 107 8 358 1310 689 197 111 15 28 637 251 138 170 0 257 14 520 95 18 6 7 435 428 13 286 18 1 1 24 17 35 2 14
121741 645 19 590 42 1949 7286 3755 1088 601 78 171 3445 1326 765 890 0 1421 65 2815 526 104 33 40 2406 2386 69 1516 104 4 11 146 95 189 10 94
121742 645 19 704 57 2417 8794 4749 1291 748 107 192 4136 1636 922 1080 0 1755 99 3542 663 121 51 57 2947 2911 78 1927 118 6 10 181 119 226 13 95
121746 644 19 509 35 1637 6126 3203 918 528 72 138 2857 1141 649 715 0 1209 62 2357 463 89 33 33 2041 1989 57 1308 88 3 8 122 79 159 9 76
121747 644 19 507 34 1697 6256 3287 955 517 73 144 2982 1145 674 772 0 1241 55 2416 453 92 31 34 2071 2060 58 1315 91 3 9 124 79 158 10 82
121749 653 25 685 50 2282 8357 4507 1241 722 102 184 3924 1568 879 1045 0 1660 92 3330 622 118 44 50 2767 2755 78 1843 114 6 11 168 112 213 12 95
121750 653 25 2150 164 7251 26551 14160 4010 2223 311 595 12577 4934 2798 3237 2 5290 267 10430 1959 374 136 155 8815 8777 241 5736 369 16 38 543 354 670 40 326
121751 695 30 741 57 2507 9118 4840 1398 769 106 202 4365 1703 976 1147 0 1805 84 3584 680 129 46 53 3044 2989 85 1969 129 5 13 188 121 232 13 110
121753 692 28 6099 465 20384 74879 39905 11263 6317 881 1683 35327 13926 7864 9166 4 14903 750 29441 5533 1067 379 448 24810 24740 702 16162 1046 43 105 1528 1001 1908 114 908
121755 691 28 1284 98 4353 15917 8569 2388 1355 196 356 7533 2961 1666 1929 1 3162 168 6305 1193 224 88 99 5325 5259 150 3457 213 10 21 319 205 407 23 185
121757 699 29 1095 77 3679 13414 7146 2025 1119 149 300 6382 2500 1414 1709 0 2675 127 5302 986 190 66 79 4427 4441 125 2903 187 7 19 275 180 330 21 168
121758 699 29 175 14 602 2174 1128 341 180 23 51 1059 398 231 278 0 437 18 845 160 31 10 13 716 722 19 452 32 0 3 42 28 51 3 30
121760 695 12 3592 279 12189 44445 23910 6739 3733 523 996 21125 8271 4689 5551 3 8887 447 17636 3276 631 223 271 14707 14811 419 9631 614 25 61 910 596 1125 68 531
121802 647 18 1968 150 6589 24165 12873 3648 2060 293 540 11451 4546 2563 2962 1 4782 245 9464 1800 343 130 147 8094 7899 229 5264 337 14 32 489 309 631 36 288
121805 647 18 177 11 582 2181 1112 324 178 22 50 1032 392 235 265 0 420 16 825 152 32 8 10 711 708 19 444 33 0 3 46 28 53 3 30
121807 647 18 1373 111 4674 17016 9167 2569 1429 198 377 8069 3147 1802 2100 1 3390 179 6755 1268 237 89 110 5670 5639 157 3728 233 10 23 346 228 437 26 194
121808 647 18 416 31 1409 5207 2764 765 439 60 121 2476 969 547 634 0 1021 55 2037 394 72 26 30 1733 1701 50 1120 71 3 6 103 69 132 7 61
121810 733 44 1027 73 3431 12552 6700 1898 1034 143 281 5900 2325 1323 1541 0 2507 123 4929 907 175 60 76 4137 4174 113 2699 178 5 18 258 165 316 21 160
121812 751 42 1182 90 3916 14532 7656 2194 1221 173 323 6862 2694 1525 1765 1 2887 151 5687 1068 207 74 81 4847 4793 133 3082 203 8 20 297 196 374 22 176
121814 751 42 280 22 942 3461 1815 529 284 36 79 1645 633 364 427 0 686 31 1339 256 48 15 20 1141 1139 32 737 50 1 5 71 44 89 5 42
121815 754 44 1365 102 4533 16734 8812 2531 1403 194 380 7883 3104 1774 2029 0 3316 163 6526 1231 238 87 99 5579 5499 155 3577 230 9 24 340 218 430 25 205
121819 754 42 1298 97 4329 15966 8353 2408 1334 178 364 7569 2944 1680 1970 1 3161 149 6205 1176 221 76 93 5314 5235 151 3399 225 9 23 325 215 402 24 197
121821 740 28 950 72 3216 11746 6249 1795 989 133 264 5596 2192 1235 1475 0 2335 115 4622 863 169 58 72 3907 3879 117 2549 164 6 15 239 152 300 18 146
121824 739 28 445 28 1469 5437 2820 819 449 62 125 2560 990 574 661 0 1062 49 2092 393 81 24 30 1787 1785 50 1132 80 2 8 109 71 134 8 74
121826 739 28 396 31 1329 4915 2692 719 417 61 105 2287 905 512 588 0 969 53 1979 372 69 28 32 1622 1657 47 1070 65 3 6 101 66 124 7 54
121828 739 28 2060 151 6909 25268 13344 3846 2124 292 561 12017 4709 2686 3149 1 5014 243 9855 1857 361 125 148 8387 8283 242 5431 366 15 36 518 326 639 39 318
121829 740 43 77 5 253 941 481 146 76 9 22 462 179 103 121 0 186 8 360 66 14 3 4 310 305 10 198 14 0 1 17 11 24 1 12
121830 740 43 585 43 1914 7118 3677 1066 599 81 166 3375 1315 747 867 0 1399 67 2730 525 99 32 39 2363 2313 66 1490 104 4 10 144 91 181 10 91
121831 739 43 2223 166 7446 27271 14460 4189 2286 315 616 12931 5068 2895 3347 1 5394 267 10628 2024 387 136 158 9054 8966 258 5855 387 15 39 566 359 691 42 343
121832 738 42 1300 104 4445 16135 8753 2464 1378 201 354 7688 3047 1714 1963 1 3204 174 6406 1202 230 93 103 5397 5345 152 3537 217 11 22 329 216 419 22 184
121836 737 42 3067 235 10288 37750 20034 5688 3187 443 843 17871 7034 3989 4668 2 7494 387 14832 2798 534 195 222 12565 12410 350 8115 531 21 54 769 493 967 58 458
121837 738 42 823 62 2739 10008 5343 1511 842 116 227 4759 1872 1059 1245 0 2003 100 3945 730 142 50 58 3314 3307 91 2157 141 6 14 207 134 252 15 121
121838 738 42 2780 211 9316 34256 18174 5172 2886 406 771 16185 6376 3623 4169 2 6798 358 13473 2517 487 178 197 11397 11286 313 7378 472 22 47 705 454 869 51 411
121839 738 42 1770 137 5970 21827 11694 3319 1838 259 490 10299 4062 2303 2668 0 4323 223 8592 1621 311 110 131 7250 7246 207 4710 304 12 31 457 285 555 34 268
121842 737 42 1228 99 4164 15238 8178 2297 1275 173 341 7290 2840 1609 1929 1 3050 150 6009 1111 218 75 95 5062 5055 147 3312 217 8 21 313 202 392 23 185
121843 737 42 301 22 981 3729 1943 537 307 43 84 1748 669 387 448 0 734 36 1455 273 51 19 19 1233 1235 32 770 51 2 4 77 52 92 6 43
121846 738 42 2358 189 7987 29196 15796 4390 2468 347 648 13817 5479 3067 3629 2 5833 315 11637 2174 415 158 185 9753 9676 276 6399 394 19 39 594 395 749 43 330
121847 737 29 234 17 784 2859 1500 432 234 29 66 1355 523 296 375 0 583 26 1129 205 38 12 15 928 941 25 615 42 1 4 57 37 68 5 40
121850 737 29 468 37 1566 5757 3085 864 477 64 131 2717 1063 600 711 0 1152 58 2262 425 81 29 38 1910 1902 57 1256 77 3 7 113 78 142 8 67
121851 736 29 554 40 1806 6713 3517 1004 559 77 153 3164 1221 696 828 0 1334 64 2592 486 94 32 36 2225 2207 63 1421 98 2 9 135 90 170 10 86
121852 738 29 331 25 1128 4106 2201 620 352 48 89 1959 772 436 503 0 819 41 1606 308 59 20 24 1380 1349 42 904 58 2 5 86 52 108 5 48
121853 734 27 3696 286 12400 45540 24421 6856 3833 548 1028 21545 8543 4796 5631 2 9053 476 18060 3361 642 243 274 15193 15020 424 9889 622 30 63 925 606 1174 68 531
121854 773 51 277 18 898 3371 1758 505 282 39 75 1592 620 357 411 0 669 33 1306 248 49 17 19 1119 1111 31 717 47 2 4 68 43 87 4 40
121855 721 28 104 7 349 1277 679 204 106 15 29 627 240 137 160 0 254 12 494 93 16 6 9 421 423 13 280 17 0 2 24 18 32 1 15
121856 721 28 525 39 1781 6468 3437 991 544 75 142 3099 1214 691 814 0 1290 65 2544 474 94 33 39 2175 2118 64 1392 91 4 9 134 81 168 9 77
121857 721 28 807 64 2661 9907 5286 1468 852 125 225 4635 1856 1026 1168 0 1954 112 3883 745 140 56 60 3317 3254 95 2129 132 6 13 198 132 254 13 109
121860 721 28 729 51 2463 9072 4785 1372 746 99 208 4339 1675 960 1128 0 1792 89 3506 663 128 44 52 3013 2979 86 1941 131 4 13 182 118 232 14 116
121861 722 28 2122 167 7182 26307 14037 3986 2218 310 582 12505 4904 2766 3249 1 5224 276 10395 1939 369 135 161 8741 8676 247 5682 364 16 36 539 350 666 40 316
121928 727 12 1256 95 4136 15156 8061 2324 1271 175 340 7194 2823 1612 1864 0 3006 149 5919 1107 216 77 93 5029 4984 143 3257 213 10 22 313 205 387 23 190
121929 729 12 1054 77 3513 12969 6856 1947 1080 155 290 6121 2403 1367 1617 0 2573 127 5108 947 185 68 74 4307 4250 122 2779 177 8 17 265 171 327 21 158
121955 787 51 1167 92 4018 14507 7762 2243 1208 165 327 6953 2722 1541 1861 0 2918 141 5722 1061 207 70 89 4807 4791 134 3174 203 8 22 293 190 361 22 181
121956 786 47 109 6 349 1295 666 202 106 14 30 612 240 139 156 0 256 9 489 94 18 6 6 431 421 11 274 19 0 1 26 17 33 2 17
121957 789 47 2623 197 8758 32111 17122 4864 2701 378 712 15187 5983 3406 3910 1 6380 324 12624 2360 460 158 184 10643 10599 303 6938 449 20 45 663 424 807 51 390
121959 789 47 3524 265 11866 43448 23008 6559 3664 498 980 20561 8088 4594 5327 2 8591 427 16981 3195 619 215 256 14447 14308 407 9338 612 26 61 880 565 1108 65 537
121960 789 47 884 67 2962 10859 5730 1649 908 126 246 5152 2008 1142 1350 0 2179 109 4255 794 148 55 63 3622 3566 98 2327 151 6 15 219 148 274 17 133
121963 766 32 2066 152 6961 25584 13783 3832 2152 317 575 12030 4750 2696 3118 1 5075 266 10119 1888 365 140 153 8502 8487 228 5543 346 15 35 523 330 647 39 307
122014 770 15 175 13 586 2155 1103 338 179 23 50 1026 400 233 272 0 423 20 828 158 31 9 10 705 699 21 445 31 1 3 44 25 51 3 29
122076 787 20 1717 128 5724 21126 11046 3180 1771 239 479 10005 3900 2225 2574 1 4178 200 8205 1551 302 102 119 7016 6918 203 4484 297 13 30 433 284 537 32 263
122078 787 20 584 45 1990 7224 3894 1085 608 86 158 3451 1354 767 924 0 1448 74 2906 528 101 36 43 2415 2396 65 1570 99 5 9 150 98 180 11 85
122087 733 13 1234 98 4106 15159 8060 2261 1266 174 345 7155 2797 1598 1887 1 3016 151 6014 1109 214 75 91 5021 5028 141 3258 208 9 20 312 205 383 23 179
122088 733 13 1843 145 6214 22683 12214 3449 1912 271 509 10809 4216 2387 2800 1 4534 233 8997 1663 319 119 140 7534 7549 211 4929 310 15 31 464 302 573 34 266
122091 773 17 132 10 440 1650 877 248 142 21 35 772 313 177 210 0 322 17 660 126 24 9 11 556 530 16 366 21 1 2 35 20 44 2 16
122092 773 17 663 48 2229 8158 4370 1218 695 97 184 3874 1523 859 1024 0 1625 82 3230 598 117 41 48 2722 2712 76 1773 113 4 11 164 102 205 12 101
122093 773 17 1392 108 4676 17097 9105 2605 1428 195 384 8161 3182 1808 2134 0 3409 166 6694 1262 245 84 104 5667 5666 164 3692 241 10 25 353 227 431 26 209
122098 727 14 860 60 2844 10540 5462 1589 870 114 240 4967 1948 1109 1265 0 2063 96 4013 766 152 47 60 3485 3436 98 2217 156 4 15 210 133 270 16 137
122120 700 20 1054 83 3564 13038 6935 1961 1093 145 296 6228 2417 1375 1619 1 2580 130 5134 973 184 65 79 4353 4302 121 2808 181 7 18 268 175 330 19 158
122124 696 16 527 39 1806 6583 3505 1007 542 74 152 3130 1217 694 811 0 1302 64 2581 484 95 33 40 2185 2169 60 1431 95 3 9 129 85 167 10 83
122126 694 12 104 7 354 1276 672 201 107 14 29 624 242 134 172 0 256 12 505 87 18 6 6 420 421 12 278 17 0 2 24 15 31 2 16
122127 699 12 1039 83 3586 13009 6993 1970 1095 156 291 6190 2434 1378 1617 0 2586 136 5159 955 182 71 79 4341 4297 117 2846 178 7 18 269 172 328 20 157
122128 699 12 101 9 343 1219 646 189 104 15 28 595 235 129 158 0 249 13 491 91 17 6 7 411 400 11 273 16 1 1 23 15 31 1 13
122151 749 18 420 35 1439 5253 2854 786 451 66 118 2506 994 556 641 0 1050 58 2095 395 75 30 34 1776 1740 48 1164 66 3 7 110 69 135 7 57
122152 747 18 1006 81 3394 12474 6737 1872 1063 151 275 5896 2333 1317 1546 0 2491 138 4981 924 184 66 80 4178 4111 120 2750 170 8 16 260 161 320 19 144
122168 759 40 2057 163 6905 25419 13594 3805 2152 303 568 12003 4742 2671 3165 2 5056 270 10099 1901 359 136 154 8429 8400 240 5517 346 17 34 525 339 647 38 295
122170 758 40 772 65 2612 9591 5216 1452 794 112 217 4562 1786 1007 1190 0 1936 97 3841 698 135 52 63 3196 3209 91 2102 129 5 12 195 128 246 15 111
122173 759 40 710 59 2442 8895 4783 1369 757 107 195 4236 1666 939 1126 0 1785 98 3552 664 126 47 55 2966 2946 88 1944 119 6 12 177 115 228 13 99
122176 759 40 236 16 784 2852 1506 443 240 32 63 1371 539 305 370 0 567 29 1126 205 39 12 15 945 935 27 622 39 1 4 56 38 72 4 34
122181 759 40 2415 178 8018 29715 15675 4492 2488 347 677 14053 5478 3156 3646 1 5895 293 11584 2184 426 151 173 9826 9773 276 6330 425 15 44 604 392 751 46 376
122182 759 37 308 22 1008 3765 1954 562 318 42 84 1789 702 392 465 0 744 36 1463 280 52 18 20 1253 1224 41 799 52 2 4 76 50 98 5 46
122183 757 36 870 64 2937 10823 5828 1617 903 130 244 5121 2010 1133 1351 1 2138 109 4280 784 154 58 67 3565 3595 97 2329 152 6 14 225 151 269 17 128
122185 758 36 2587 203 8680 31884 16978 4787 2688 379 722 15099 5938 3351 3887 2 6304 327 12513 2359 456 168 185 10651 10505 295 6878 432 19 43 646 418 809 47 379
122188 754 36 1222 101 4146 15124 8175 2258 1285 183 331 7134 2832 1586 1837 0 3007 162 6002 1144 216 80 95 5043 5003 142 3318 205 8 20 310 202 384 22 173
122189 762 20 263 17 883 3273 1732 496 269 38 74 1530 608 348 397 0 644 33 1273 235 46 17 19 1095 1075 26 690 46 1 5 67 44 85 5 42
122190 755 20 737 53 2440 9089 4759 1349 762 102 204 4274 1669 957 1093 0 1795 85 3516 671 132 45 53 2998 2970 88 1931 131 4 13 181 118 235 13 113
122191 745 20 978 75 3308 12063 6512 1815 1013 141 269 5730 2262 1273 1528 0 2415 124 4816 882 169 58 76 3988 4020 113 2656 171 7 17 243 163 307 18 145
122192 740 20 393 31 1354 4913 2610 748 423 56 108 2319 924 513 605 0 975 54 1929 367 73 24 31 1637 1618 50 1076 67 3 6 97 63 127 6 55
122193 740 20 198 17 677 2469 1329 369 211 29 55 1183 462 255 321 0 500 27 981 182 33 13 16 816 815 23 556 34 1 3 49 32 63 3 29
122196 741 20 651 52 2197 8079 4328 1202 682 95 181 3792 1509 851 1010 0 1596 86 3196 602 115 46 53 2700 2662 75 1771 109 5 11 163 106 212 11 92
122197 753 20 1028 76 3489 12753 6754 1937 1076 146 290 6097 2363 1349 1580 0 2532 125 4964 940 179 65 75 4241 4188 122 2737 181 7 18 252 168 328 18 158
122199 747 20 41 2 134 493 244 77 41 4 11 240 92 51 64 0 95 3 184 35 6 1 2 160 157 5 100 7 0 0 10 6 11 0 7
122200 747 20 252 21 870 3130 1700 490 268 38 68 1492 590 332 408 0 630 33 1250 230 45 16 19 1037 1038 29 695 43 1 4 63 39 81 4 37
122204 590 22 676 53 2307 8447 4506 1290 713 99 188 4001 1570 893 1033 0 1664 89 3321 623 122 45 52 2808 2789 78 1819 114 5 11 169 112 219 12 100
122206 592 22 338 25 1152 4182 2232 631 347 48 94 1986 781 443 526 0 829 40 1646 304 58 21 25 1374 1396 39 893 60 2 6 85 58 107 6 51
122207 591 22 6848 537 23190 84838 45399 12795 7160 1012 1903 40196 15784 8973 10395 6 16869 866 33456 6269 1206 447 509 28252 28104 781 18340 1169 51 120 1734 1107 2157 128 1024
122208 593 22 1546 121 5155 18925 10119 2826 1604 223 419 8981 3519 1997 2321 1 3757 197 7466 1404 265 96 114 6294 6234 176 4093 261 12 25 387 261 483 28 228
122209 593 22 756 58 2578 9377 5042 1421 799 112 208 4455 1754 994 1149 0 1861 96 3714 698 135 50 62 3121 3110 90 2068 130 6 13 192 121 242 13 108
122212 592 22 125 11 454 1573 893 242 133 18 35 751 308 164 214 0 323 16 657 112 22 8 10 522 535 13 374 21 1 1 33 20 40 2 18
122213 601 22 923 69 3072 11392 5952 1735 951 132 254 5374 2128 1213 1395 0 2251 114 4406 838 166 58 66 3787 3712 110 2439 162 7 16 227 145 291 17 139
122214 687 34 681 57 2325 8436 4563 1297 710 99 186 4048 1586 894 1078 0 1692 88 3365 621 118 44 55 2808 2796 81 1856 118 5 11 171 112 218 13 98
122216 688 34 294 22 966 3607 1902 519 311 42 80 1689 667 371 447 0 726 38 1431 271 50 18 23 1201 1177 31 788 49 2 4 73 45 92 5 42
122218 687 34 1511 118 5092 18620 9916 2832 1563 218 416 8868 3465 1975 2321 1 3706 193 7333 1374 267 95 114 6194 6156 177 4023 257 11 26 372 242 474 27 227
122220 687 34 2861 223 9605 35230 18807 5299 2955 410 790 16677 6550 3721 4458 2 7031 351 13922 2587 502 179 217 11693 11611 332 7672 500 21 50 721 470 900 54 434
122221 684 30 108 7 373 1363 696 212 108 12 31 665 249 146 176 0 275 10 518 95 18 5 7 444 452 12 285 21 0 2 26 17 35 2 20
122223 687 30 1913 146 6416 23470 12444 3612 1975 272 525 11138 4366 2502 2867 1 4637 231 9162 1730 340 118 144 7839 7691 222 5050 327 13 33 481 309 595 37 294
122225 687 30 1418 116 4829 17651 9461 2676 1496 212 391 8343 3302 1857 2166 1 3506 192 6979 1307 247 94 112 5896 5830 164 3847 242 11 23 358 231 455 26 204
122226 679 33 795 60 2687 9773 5177 1488 828 111 225 4664 1821 1036 1250 0 1946 95 3842 720 139 49 59 3239 3203 93 2131 143 5 13 198 119 248 16 123
122229 649 33 870 65 2897 10741 5772 1601 909 129 240 5048 1990 1122 1271 0 2114 121 4207 804 152 57 68 3587 3545 96 2336 148 5 14 217 145 283 15 122
122230 643 26 223 20 791 2830 1580 432 242 37 61 1357 536 296 363 0 580 29 1160 210 40 16 18 936 962 26 640 38 1 3 57 37 71 4 31
122235 634 21 750 52 2453 9043 4766 1363 746 102 208 4264 1680 960 1118 0 1803 89 3549 651 126 42 51 2976 2977 82 1933 130 4 13 183 121 228 14 115
122237 639 21 268 21 926 3293 1767 519 278 39 75 1617 621 355 422 0 669 29 1300 241 47 16 16 1087 1089 29 715 49 1 5 63 45 78 5 41
122241 640 21 166 13 560 2042 1090 309 172 23 46 980 390 219 266 0 414 21 816 146 29 11 12 682 673 19 452 28 1 2 40 26 51 3 24
122242 635 21 823 57 2753 10088 5340 1516 842 119 228 4754 1868 1067 1228 0 2005 99 3943 739 145 53 58 3351 3332 88 2169 140 5 14 204 133 257 15 128
122243 669 32 141 10 467 1760 897 261 147 20 40 827 320 184 209 0 346 16 669 129 25 9 9 582 572 17 362 24 1 2 34 22 42 2 23
122246 668 31 104 7 345 1295 663 192 112 16 30 625 240 137 169 0 255 13 501 93 18 6 7 437 416 13 273 17 0 1 24 17 33 2 14
122247 670 31 1393 113 4694 17206 9248 2608 1444 202 387 8233 3216 1800 2176 0 3440 172 6802 1265 244 89 102 5709 5709 166 3752 243 10 24 356 224 431 26 205
122249 670 31 928 73 3122 11397 6163 1704 970 141 252 5394 2152 1208 1405 0 2264 121 4540 832 159 65 71 3802 3749 105 2504 154 7 15 238 150 292 17 134
122251 669 31 391 30 1337 4828 2586 752 401 55 108 2326 908 511 614 0 973 49 1907 358 68 24 29 1598 1603 45 1045 66 2 7 100 64 118 7 60
122252 671 31 3483 275 11810 43119 23107 6537 3623 508 962 20514 8032 4542 5383 2 8634 448 17080 3171 614 222 259 14311 14265 401 9368 594 25 60 875 572 1088 66 520
122253 671 31 346 24 1146 4252 2226 625 357 47 98 1968 782 443 511 0 842 40 1651 313 60 19 23 1396 1392 39 894 61 1 6 83 56 109 6 52
122255 671 31 140 8 465 1675 865 270 137 17 38 799 305 182 213 0 332 13 636 119 25 6 9 547 553 14 350 26 0 2 34 21 40 3 25
122256 671 31 689 54 2315 8428 4496 1295 715 101 189 4016 1582 898 1036 0 1679 89 3297 620 119 44 52 2817 2757 81 1835 117 5 12 170 108 214 13 104
122258 668 31 680 51 2298 8374 4487 1282 712 98 187 3996 1559 885 1040 0 1666 87 3306 622 118 41 49 2782 2778 81 1814 115 5 11 170 110 212 12 99
122259 668 31 1313 97 4406 16253 8609 2455 1350 188 364 7676 2989 1718 1974 1 3236 156 6358 1194 230 82 93 5363 5396 143 3459 228 9 23 332 216 405 25 204
