122260 665 22 342 24 1131 4160 2168 626 344 46 94 1981 755 442 502 0 819 37 1597 299 59 20 22 1370 1373 38 880 62 1 6 86 51 104 6 57
122261 673 22 1250 96 4207 15441 8184 2337 1295 179 346 7329 2860 1647 1861 0 3056 155 6015 1138 217 80 91 5156 5059 135 3335 216 7 21 317 204 393 24 191
122262 662 16 993 79 3354 12253 6605 1853 1036 148 270 5815 2294 1305 1523 0 2457 129 4842 899 172 64 77 4081 4050 114 2693 165 7 17 252 159 313 18 140
122263 658 16 361 27 1215 4450 2365 677 376 51 99 2101 835 469 571 0 885 46 1772 330 63 22 28 1487 1456 44 974 62 2 6 91 58 115 6 52
122264 664 17 1973 157 6633 24300 12986 3633 2054 287 542 11544 4523 2569 3063 1 4850 253 9652 1799 348 131 152 8106 8026 231 5297 330 15 33 500 318 623 37 286
122265 658 16 5449 419 18335 67102 35692 10144 5621 784 1514 31881 12441 7078 8375 3 13396 675 26408 4926 950 342 403 22277 22127 618 14484 945 38 95 1360 895 1696 104 819
122267 654 17 366 26 1248 4506 2392 704 381 51 103 2184 836 484 567 0 892 44 1756 335 66 22 26 1495 1487 42 964 65 2 7 90 60 112 7 57
122269 665 16 105 7 348 1292 677 193 109 14 29 620 235 133 160 0 251 12 504 96 17 6 7 431 428 12 272 17 1 1 25 16 33 1 16
122272 665 16 104 6 351 1281 677 194 110 15 28 614 238 136 158 0 250 12 501 94 18 6 6 425 423 13 272 17 1 2 26 15 32 1 15
122273 665 16 457 35 1521 5606 2989 831 481 68 127 2668 1031 584 699 0 1119 58 2212 413 78 29 34 1879 1848 51 1216 76 2 7 114 70 147 8 67
122274 746 51 7662 590 25754 94693 50805 14190 7994 1129 2104 44696 17613 9933 11585 6 18839 988 37416 7042 1344 503 581 31483 31408 871 20542 1290 53 132 1924 1257 2410 143 1130
122275 742 50 538 40 1807 6699 3525 1015 552 78 155 3182 1236 707 827 0 1323 65 2606 490 95 33 39 2215 2203 63 1425 92 3 10 134 88 169 10 82
122276 756 50 2269 177 7674 28152 15091 4243 2359 336 631 13317 5260 2957 3444 2 5562 289 11105 2081 399 152 169 9347 9335 259 6089 391 16 39 577 373 719 44 333
122278 645 21 881 70 2976 10919 5803 1653 917 127 247 5182 2043 1150 1338 0 2176 117 4302 806 155 57 64 3656 3598 102 2367 150 6 14 223 141 276 16 129
122280 652 20 1710 124 5681 20960 11136 3145 1754 237 472 9883 3861 2193 2618 1 4143 203 8237 1554 291 103 124 6927 6919 195 4488 298 11 30 424 280 532 33 253
122281 652 20 267 21 913 3322 1754 499 269 37 77 1609 606 347 423 0 669 31 1313 243 45 16 19 1103 1104 29 708 47 1 4 66 44 79 5 43
122282 648 20 1243 103 4236 15515 8346 2338 1304 182 346 7420 2880 1626 1913 0 3095 167 6149 1152 221 83 97 5221 5159 143 3373 208 9 21 316 207 397 23 183
122284 648 20 1745 136 5867 21522 11500 3226 1839 262 482 10187 4007 2258 2667 1 4289 227 8511 1610 297 116 131 7186 7075 197 4677 296 14 28 443 287 547 31 249
122285 639 18 1522 114 5046 18744 9870 2783 1575 216 417 8819 3445 1971 2293 1 3695 189 7355 1390 269 98 111 6222 6178 176 3989 262 10 26 383 243 482 27 232
122289 640 18 711 54 2410 8842 4730 1327 740 108 200 4220 1658 932 1093 0 1757 93 3494 649 125 47 52 2952 2933 84 1915 118 6 12 175 118 226 13 103
122292 623 21 2002 153 6688 24576 13086 3706 2096 297 550 11633 4618 2602 3000 1 4859 251 9617 1834 348 132 148 8226 8038 233 5346 343 15 33 497 316 640 36 292
122329 666 36 492 39 1688 6134 3319 930 513 73 140 2940 1147 645 784 0 1235 62 2448 454 86 32 37 2037 2038 59 1346 85 3 8 118 81 151 9 73
122331 666 36 2149 156 7242 26498 14070 4019 2213 300 597 12577 4948 2807 3263 1 5259 251 10351 1940 377 130 157 8796 8716 246 5734 375 15 38 548 352 675 39 328
122337 644 12 1767 138 5953 21864 11682 3314 1834 254 489 10313 4052 2297 2684 1 4355 224 8597 1619 311 114 135 7263 7223 208 4737 300 12 30 447 291 551 32 263
122340 640 24 1685 143 5749 20825 11267 3181 1755 245 476 9925 3912 2182 2569 1 4171 222 8255 1547 292 108 131 6943 6918 198 4570 284 12 28 422 277 521 30 242
122342 641 24 2991 228 10047 36893 19591 5573 3104 429 840 17514 6837 3884 4560 2 7309 369 14440 2718 521 182 221 12255 12170 348 7940 528 21 53 748 493 939 55 450
122344 641 24 1509 110 5074 18591 9897 2822 1582 222 414 8807 3456 1972 2295 0 3673 186 7288 1374 271 95 107 6197 6109 176 3991 262 10 26 381 241 471 29 232
122345 641 24 906 64 3032 11178 5883 1697 929 129 254 5338 2065 1181 1406 0 2229 112 4367 819 159 57 64 3713 3696 109 2368 156 6 16 231 146 283 17 140
122346 642 24 956 73 3196 11765 6299 1765 990 136 265 5543 2171 1224 1437 0 2332 115 4611 871 168 60 74 3896 3887 107 2551 162 6 16 241 157 291 17 144
122347 640 19 2045 152 6808 25135 13207 3791 2103 291 571 11928 4639 2667 3070 1 4987 239 9778 1845 358 128 143 8351 8276 232 5318 356 14 36 510 333 634 38 311
122350 640 19 2337 176 7803 28720 15274 4334 2401 335 650 13619 5324 3033 3542 1 5697 300 11287 2100 410 148 175 9587 9484 261 6197 391 14 41 582 378 728 43 352
122352 639 19 41 2 131 478 245 76 42 4 10 237 91 50 66 0 96 4 185 35 6 1 2 155 158 5 101 7 0 0 9 6 12 0 6
122353 672 36 3508 265 11774 43118 22982 6503 3585 501 975 20402 8002 4548 5317 2 8603 435 16967 3147 612 215 253 14274 14265 389 9248 605 25 62 883 586 1088 69 525
122354 677 35 605 48 2059 7574 4067 1131 640 91 168 3599 1418 784 938 0 1491 82 3013 567 107 40 48 2535 2499 74 1655 100 5 10 155 101 198 11 84
122391 688 11 501 40 1669 6133 3234 922 518 71 137 2938 1145 642 789 0 1228 59 2404 458 85 30 39 2040 2024 61 1321 84 3 8 127 78 152 8 75
122393 691 11 827 61 2789 10171 5398 1572 840 117 237 4871 1887 1076 1256 0 2037 96 3964 740 140 48 58 3359 3376 88 2170 140 5 14 202 140 252 16 130
122395 689 11 1014 80 3461 12621 6807 1908 1048 147 282 5995 2335 1327 1574 0 2532 124 5025 927 176 64 76 4152 4218 109 2752 179 7 18 260 169 315 20 153
122396 688 11 2730 202 9151 33643 17911 5053 2833 392 746 15937 6260 3551 4216 1 6719 339 13283 2484 488 175 203 11146 11112 330 7268 473 21 46 695 438 851 50 410
122453 672 11 446 31 1495 5448 2839 846 452 58 123 2614 1010 576 670 0 1093 47 2098 405 76 23 29 1802 1794 52 1155 77 2 8 109 72 137 8 71
122461 682 19 2845 215 9520 35049 18597 5279 2946 410 789 16612 6488 3685 4316 2 6953 346 13690 2611 505 181 211 11645 11558 339 7524 490 21 51 716 464 882 52 429
122462 678 14 2934 234 9890 36143 19412 5493 3046 424 820 17250 6751 3817 4518 1 7227 377 14332 2665 512 187 217 12004 12001 341 7884 505 21 50 735 486 912 55 432
122464 678 14 415 33 1415 5188 2762 785 437 63 119 2480 979 549 650 0 1027 53 2039 377 74 26 26 1735 1696 50 1136 70 3 6 106 69 131 7 61
122465 686 14 1170 87 3873 14375 7587 2133 1200 168 326 6814 2633 1506 1747 0 2853 144 5615 1062 206 73 82 4773 4755 136 3068 200 8 20 296 185 368 21 180
122479 665 19 904 65 3009 11068 5880 1672 932 126 250 5254 2058 1165 1377 0 2204 106 4336 812 157 56 63 3675 3648 103 2381 160 6 15 223 149 282 17 139
122480 666 19 774 56 2588 9513 4999 1451 792 106 218 4538 1766 1003 1209 0 1896 94 3718 701 135 45 53 3131 3135 92 2037 134 5 14 193 125 234 14 117
122481 667 20 175 13 597 2148 1124 339 181 24 52 1026 401 226 268 0 428 20 817 157 29 10 11 709 699 20 454 32 1 3 41 30 52 3 27
122483 665 19 2516 189 8430 30832 16432 4658 2573 358 702 14659 5716 3237 3851 1 6157 304 12124 2260 434 157 185 10233 10173 277 6663 438 16 43 630 415 775 49 381
122484 666 19 1836 136 6110 22554 11916 3411 1913 265 507 10745 4196 2375 2796 0 4500 221 8825 1670 324 115 130 7502 7401 221 4872 317 13 31 457 292 571 34 281
122489 666 19 6160 473 20773 75840 40665 11485 6336 894 1712 35916 14136 8015 9359 4 15098 772 29901 5577 1074 391 455 25167 25090 687 16378 1059 44 108 1552 1015 1921 120 916
122492 666 19 160 11 540 1953 1089 294 164 25 43 917 373 207 241 0 390 21 785 141 27 12 14 640 653 19 441 26 1 2 40 26 50 3 21
122494 666 19 841 65 2837 10399 5580 1550 876 124 236 4930 1946 1081 1258 0 2072 106 4105 767 146 55 58 3479 3452 91 2253 142 5 14 213 138 266 15 125
122500 700 22 2317 176 7799 28577 15277 4285 2406 340 638 13535 5318 3018 3478 1 5672 291 11259 2084 404 146 175 9529 9435 263 6197 394 17 39 588 382 736 42 340
122501 700 22 728 53 2434 8979 4692 1364 750 105 207 4299 1654 960 1113 0 1767 90 3479 648 128 43 50 2975 2948 83 1899 131 5 13 179 119 226 14 113
122502 700 22 2162 165 7248 26593 14127 4042 2221 302 605 12645 4900 2809 3306 2 5284 265 10470 1964 379 130 162 8794 8811 245 5738 370 14 38 541 353 675 42 330
122505 700 22 774 59 2585 9469 5036 1438 796 110 217 4512 1752 997 1171 0 1885 88 3712 693 133 48 56 3141 3148 86 2047 132 5 13 188 125 238 14 119
122507 705 21 864 68 2878 10627 5644 1584 910 124 237 4989 1985 1109 1284 0 2101 117 4188 810 148 55 68 3559 3499 104 2321 141 6 14 214 137 278 14 122
122509 698 19 549 42 1843 6726 3577 1027 569 81 149 3193 1255 713 834 0 1342 68 2628 498 98 34 38 2240 2214 62 1453 93 4 9 140 87 168 10 83
122510 698 19 2201 172 7402 27268 14558 4101 2301 329 606 12907 5080 2885 3347 1 5429 279 10774 2011 383 144 165 9099 8998 251 5903 374 17 37 556 355 699 41 327
122511 699 19 1630 128 5505 20017 10734 3037 1694 231 442 9488 3744 2113 2500 1 3993 206 7909 1484 285 103 126 6665 6582 190 4408 275 11 27 413 264 511 31 241
122512 701 19 4137 304 13713 50502 26728 7625 4244 590 1135 23941 9356 5326 6168 3 9987 500 19681 3726 726 258 295 16773 16612 474 10801 713 31 71 1019 671 1273 78 621
122513 701 19 1621 119 5417 19949 10564 2997 1677 232 451 9368 3683 2097 2441 1 3961 200 7826 1479 285 102 117 6610 6593 188 4292 279 11 29 404 262 512 31 245
122516 700 19 302 22 1002 3715 1911 574 309 42 83 1775 688 396 468 0 736 37 1432 274 53 19 21 1227 1211 36 783 52 2 5 73 47 90 5 48
122518 697 19 549 46 1832 6738 3606 1012 563 75 154 3218 1239 702 839 0 1350 68 2668 499 96 33 42 2241 2248 63 1466 92 3 9 139 88 170 10 85
122522 691 17 1208 95 4073 14897 7964 2270 1256 173 328 7056 2776 1566 1888 1 2976 155 5931 1099 212 74 93 4923 4928 145 3236 204 9 20 301 194 380 23 175
122523 690 16 346 27 1154 4224 2229 651 356 48 95 2047 783 449 507 0 825 41 1621 320 62 21 26 1424 1392 43 896 60 1 6 83 54 112 6 52
122524 693 16 794 62 2626 9712 5159 1465 822 117 217 4570 1806 1024 1179 0 1929 105 3788 718 140 52 59 3254 3191 92 2091 134 6 13 195 127 256 13 111
122527 692 16 1443 108 4874 17864 9601 2688 1510 212 400 8445 3331 1900 2184 1 3567 180 7050 1324 252 96 112 5954 5906 165 3893 243 9 25 358 233 461 27 213
122528 692 16 1734 129 5822 21312 11311 3245 1780 244 479 10169 3967 2257 2638 1 4231 211 8329 1563 305 110 128 7077 7023 203 4612 304 12 30 432 278 548 32 267
122533 692 16 828 60 2711 10076 5211 1510 851 116 232 4771 1862 1056 1225 0 1984 97 3878 741 141 47 55 3346 3281 95 2117 143 5 14 202 129 257 14 127
122535 692 16 1373 105 4626 16890 9015 2589 1426 200 379 8073 3163 1803 2128 0 3363 167 6667 1249 246 85 99 5628 5555 161 3659 235 10 24 351 223 430 26 209
122680 802 56 2821 216 9531 34933 18670 5270 2928 412 780 16541 6519 3703 4302 2 6967 364 13794 2567 500 186 210 11658 11545 320 7572 482 20 48 707 455 890 54 418
122681 805 55 1659 126 5626 20596 11051 3100 1738 246 456 9695 3849 2171 2587 1 4116 212 8175 1524 296 110 126 6845 6812 190 4477 285 13 28 420 275 517 33 245
122682 805 55 880 67 2935 10711 5700 1631 906 127 240 5127 2011 1142 1328 0 2123 105 4190 778 156 52 60 3572 3521 101 2318 150 6 15 222 140 273 16 129
122684 805 55 1476 114 4950 18129 9676 2739 1510 207 409 8586 3376 1905 2263 0 3605 183 7160 1335 253 87 111 6004 5998 168 3930 254 10 26 379 245 455 28 219
122685 805 55 1869 139 6270 23073 12125 3508 1940 263 519 10892 4260 2439 2793 2 4564 226 8976 1704 336 110 131 7652 7580 215 4923 325 12 32 469 299 586 35 288
122687 812 55 766 57 2540 9405 5012 1415 796 113 207 4424 1752 992 1125 0 1863 98 3707 703 134 48 59 3111 3108 87 2035 128 6 12 191 128 241 13 109
122689 818 58 1550 126 5239 19152 10279 2880 1611 226 423 9050 3571 2014 2353 1 3818 200 7576 1424 273 100 121 6369 6360 181 4157 261 11 27 389 254 485 28 225
122690 819 59 138 10 482 1736 922 266 144 20 39 830 328 182 236 0 349 16 700 124 24 8 9 572 567 17 384 24 1 2 34 23 41 2 21
122691 834 55 1571 119 5257 19424 10273 2935 1635 224 440 9187 3588 2057 2366 1 3862 192 7599 1429 279 96 122 6423 6408 179 4163 274 10 27 392 259 494 29 239
122693 834 55 363 29 1222 4432 2395 671 368 49 101 2100 826 462 559 0 896 46 1757 321 60 22 29 1473 1462 40 983 61 2 5 88 59 108 7 54
122695 835 55 333 24 1101 4112 2170 618 348 49 93 1926 756 429 488 0 803 44 1608 307 59 21 26 1364 1350 37 876 59 2 6 84 55 109 5 49
122697 832 55 1201 90 4040 14827 7899 2236 1252 170 330 7059 2778 1569 1834 0 2955 144 5815 1104 214 75 89 4937 4872 142 3232 208 8 20 303 189 380 22 185
122698 825 55 1716 128 5737 21109 11175 3162 1775 247 478 10017 3897 2231 2591 1 4199 208 8298 1563 296 107 128 7020 6957 192 4526 292 12 30 419 282 534 32 260
122700 818 55 3303 255 11097 40840 21774 6159 3435 485 916 19327 7598 4299 4987 1 8145 425 16085 3030 583 216 239 13607 13497 376 8779 565 24 57 828 546 1032 60 491
122701 830 55 1497 117 5033 18489 9825 2795 1559 214 415 8771 3433 1948 2271 1 3680 186 7259 1371 265 95 110 6130 6117 172 3992 257 9 26 376 245 467 27 225
122702 830 55 1025 77 3395 12435 6574 1893 1032 143 288 5925 2315 1316 1564 1 2493 115 4885 902 175 57 68 4096 4110 116 2666 177 7 18 247 171 322 18 152
122703 836 58 1351 98 4475 16417 8765 2487 1378 196 363 7730 3049 1735 2012 0 3274 167 6465 1204 234 87 97 5446 5433 149 3539 228 9 24 335 214 423 26 202
122707 824 58 295 22 995 3676 1911 566 306 40 85 1763 685 395 451 0 717 38 1405 271 52 18 20 1236 1185 36 771 52 2 5 76 49 95 5 45
122709 822 55 768 64 2640 9584 5197 1448 818 119 208 4553 1803 1007 1223 0 1930 104 3864 710 137 53 61 3198 3179 91 2116 127 6 12 201 127 243 14 108
122711 818 55 5183 400 17525 64232 34621 9610 5394 773 1440 30297 11914 6746 7903 4 12789 659 25489 4747 911 344 400 21273 21389 577 13905 872 38 89 1320 873 1614 100 768
122712 825 55 1773 124 5931 21757 11489 3319 1809 248 501 10367 4002 2307 2723 1 4342 202 8496 1586 316 105 125 7140 7211 200 4630 312 10 31 436 291 543 35 283
122713 819 55 344 25 1153 4175 2212 646 349 48 95 1991 782 443 517 0 829 37 1614 304 58 21 24 1399 1367 38 902 62 2 6 85 55 107 6 53
122716 819 55 775 54 2572 9578 5049 1418 800 110 220 4505 1767 1000 1185 0 1906 93 3753 694 138 48 56 3160 3167 91 2028 137 5 14 195 131 242 15 122
122717 819 55 2638 207 8971 32570 17481 4971 2742 383 718 15503 6089 3452 4014 1 6518 335 12867 2415 467 174 195 10862 10742 300 7087 450 18 44 663 424 827 50 396
122718 820 55 300 22 980 3620 1910 558 305 44 80 1707 667 383 437 0 717 38 1411 264 51 18 21 1207 1183 32 769 49 1 4 74 46 93 5 44
122719 832 55 69 4 239 854 447 136 71 10 18 410 159 93 112 0 171 8 337 61 13 4 5 281 275 9 186 12 0 1 17 10 23 1 10
122720 821 55 713 57 2438 8896 4802 1352 745 105 199 4184 1666 945 1068 0 1770 93 3516 663 127 47 59 2969 2951 83 1935 120 5 12 176 118 232 13 104
122722 820 55 1807 142 6134 22308 11985 3377 1898 266 492 10597 4190 2364 2748 0 4450 239 8830 1659 314 117 140 7465 7370 208 4868 307 13 31 455 294 572 33 260
122725 820 55 1367 99 4587 16746 8899 2537 1415 198 370 7917 3111 1768 2048 1 3327 165 6560 1242 239 84 98 5556 5532 153 3606 231 10 24 340 220 423 25 208
122726 820 55 1343 99 4489 16514 8767 2479 1384 192 369 7833 3057 1744 2051 0 3281 165 6470 1207 237 84 101 5493 5435 158 3542 231 10 22 337 216 417 25 203
122729 819 55 2398 182 7992 29378 15696 4368 2481 347 656 13763 5453 3079 3613 1 5844 300 11625 2176 414 152 180 9717 9698 273 6398 409 17 40 605 393 749 44 352
122730 819 55 376 26 1231 4555 2388 694 387 53 104 2174 849 477 572 0 898 45 1771 336 65 22 24 1521 1485 44 961 64 2 6 91 57 113 6 58
122731 822 55 1725 142 5905 21501 11608 3248 1804 258 480 10219 4040 2261 2689 1 4298 232 8575 1600 298 119 132 7182 7120 195 4726 291 12 29 442 290 546 32 249
122733 822 55 2533 189 8563 31493 16819 4729 2645 377 705 14920 5830 3336 3857 2 6268 325 12446 2337 451 169 192 10508 10423 293 6816 430 17 43 637 410 801 49 381
122737 877 55 778 64 2631 9607 5208 1440 810 119 209 4549 1798 1007 1200 0 1920 99 3831 713 133 53 57 3200 3188 92 2116 129 6 13 198 129 246 14 110
122738 863 55 135 10 449 1688 890 254 140 20 37 792 306 177 202 0 333 16 656 124 24 9 10 563 560 15 363 23 0 2 33 20 43 2 21
122739 858 55 783 58 2606 9523 5023 1442 815 110 218 4493 1771 1008 1179 0 1887 94 3712 705 140 47 54 3151 3124 96 2048 139 5 14 195 124 238 13 121
122740 858 55 163 13 554 2014 1077 308 169 23 45 961 377 218 250 0 400 20 788 146 29 10 13 668 662 17 435 29 0 3 40 28 52 2 25
122741 857 55 217 19 756 2702 1495 408 233 34 59 1286 519 284 360 0 546 28 1103 203 38 16 19 915 895 23 622 35 1 3 56 34 68 4 29
122742 1011 79 2033 156 6767 24907 13233 3739 2095 289 563 11778 4603 2604 3049 1 4965 242 9782 1835 354 123 146 8228 8265 233 5338 349 13 35 509 333 631 38 306
122744 936 13 2421 182 8087 29741 15694 4499 2516 351 678 14117 5537 3152 3642 1 5893 298 11598 2187 419 152 169 9916 9742 274 6357 414 18 42 605 397 759 45 367
122757 983 30 1045 76 3503 12765 6752 1954 1067 145 286 6048 2374 1361 1595 0 2533 121 4998 927 184 61 74 4222 4195 120 2749 179 7 18 264 167 326 20 160
122767 864 21 1100 83 3711 13655 7333 2033 1144 162 308 6455 2530 1429 1698 1 2703 138 5400 994 195 72 84 4503 4528 124 2938 192 8 18 284 187 343 21 163
122768 861 19 105 7 371 1345 719 203 107 14 30 641 247 140 175 0 276 11 546 96 18 5 7 435 456 11 291 19 0 2 26 20 33 2 17
122769 862 19 3062 238 10319 37799 20207 5692 3195 447 841 18026 7065 3962 4729 2 7515 396 14950 2807 538 196 227 12592 12491 362 8208 520 22 50 767 495 966 56 442
122770 861 19 434 33 1456 5344 2820 809 444 62 117 2550 999 567 670 0 1071 50 2081 385 76 27 31 1774 1751 49 1150 78 2 8 107 71 137 8 67
122772 869 19 5379 406 18082 66226 35262 10028 5558 777 1487 31433 12288 6996 8123 4 13139 662 25983 4874 942 338 394 22013 21886 611 14236 928 40 93 1347 879 1686 102 815
122773 897 22 1419 106 4723 17347 9173 2634 1445 199 397 8242 3219 1834 2145 1 3460 162 6790 1270 247 83 98 5741 5722 164 3718 246 10 25 348 233 447 26 213
122776 900 21 1381 107 4681 17163 9212 2570 1450 209 379 8089 3202 1802 2159 1 3425 185 6871 1273 244 92 110 5688 5687 163 3748 234 11 23 351 221 439 26 200
122777 898 21 319 25 1116 4053 2223 605 340 48 87 1928 759 422 526 0 821 44 1647 297 57 21 27 1344 1365 39 912 53 2 5 80 50 103 6 44
122782 895 21 1358 103 4612 16881 9077 2577 1407 202 384 7992 3138 1783 2085 0 3382 172 6670 1248 243 86 104 5576 5626 154 3663 232 8 24 343 224 428 27 208
122783 900 12 1308 98 4390 16101 8545 2423 1342 188 364 7611 2990 1704 1985 0 3197 160 6345 1189 228 81 97 5364 5314 145 3463 219 10 22 329 211 410 25 192
122784 830 25 329 26 1116 4101 2168 621 344 48 93 1964 761 434 518 0 824 41 1609 301 59 21 24 1362 1340 40 896 58 2 5 86 50 103 6 53
122785 830 25 300 24 980 3660 1932 548 310 43 80 1732 681 390 443 0 720 37 1435 274 54 20 21 1226 1197 35 785 50 2 5 73 47 99 5 41
122787 816 25 846 66 2824 10385 5589 1555 896 129 229 4877 1955 1092 1268 0 2060 111 4108 783 146 61 61 3469 3396 102 2270 140 7 13 217 138 268 15 112
122792 822 32 2058 161 6957 25444 13707 3838 2145 306 557 12064 4751 2683 3148 1 5071 262 10103 1886 364 137 158 8480 8437 241 5525 349 16 35 530 341 645 39 299
122793 822 32 3520 269 11799 43450 23217 6512 3643 518 981 20542 8068 4588 5358 3 8597 448 17147 3190 624 230 268 14413 14350 405 9373 601 27 59 899 585 1098 66 517
122795 841 24 448 34 1492 5468 2864 841 457 59 124 2619 1010 581 693 0 1078 50 2123 401 79 23 31 1804 1792 51 1162 78 2 9 114 73 134 8 69
122797 847 24 909 70 3021 11190 5990 1681 935 130 251 5242 2078 1177 1345 1 2213 124 4427 827 157 58 72 3714 3691 101 2416 151 6 15 229 151 287 17 130
122799 845 24 2782 200 9290 34245 18114 5140 2846 393 782 16211 6300 3629 4236 2 6806 332 13449 2500 490 167 203 11312 11340 312 7328 488 17 50 697 460 870 54 433
122822 782 16 3556 269 11945 43739 23272 6621 3665 513 993 20750 8109 4612 5415 2 8722 438 17200 3208 625 223 262 14528 14415 398 9455 613 24 62 891 580 1105 70 540
122841 832 16 1248 89 4133 15226 8030 2288 1285 179 345 7227 2820 1603 1870 1 3007 156 5953 1116 216 78 89 5055 5015 142 3252 207 9 21 307 199 384 22 184
122843 832 16 1039 76 3523 12827 6756 1973 1067 147 290 6155 2396 1370 1576 0 2560 118 4976 933 179 65 71 4268 4212 118 2737 178 7 18 259 167 324 19 162
122844 832 16 3747 292 12522 46223 24718 6855 3899 545 1039 21740 8580 4833 5681 2 9173 483 18247 3432 658 238 292 15396 15277 427 10037 629 28 65 938 612 1200 67 547
122845 832 16 538 44 1826 6719 3643 1005 574 86 149 3163 1264 704 824 0 1334 76 2681 507 96 39 42 2236 2232 65 1470 90 5 8 139 88 174 9 73
122870 809 23 1030 79 3460 12731 6745 1915 1066 146 286 5991 2342 1347 1534 1 2523 125 4968 939 179 62 75 4214 4209 115 2713 178 7 18 257 172 322 20 157
122874 810 23 660 48 2232 8140 4395 1234 689 94 185 3830 1503 850 979 0 1613 81 3195 605 115 40 50 2692 2702 73 1767 116 4 12 171 110 207 13 100
122875 809 23 670 50 2253 8269 4388 1237 698 95 186 3889 1532 866 1013 0 1644 81 3231 617 115 41 49 2749 2717 81 1788 115 5 10 167 106 212 12 99
122876 819 20 305 23 1024 3705 1996 567 310 43 79 1760 690 394 451 0 731 34 1448 267 53 19 21 1222 1225 34 808 54 1 5 77 50 95 6 47
122878 814 20 1396 105 4657 17069 9081 2585 1409 194 387 8114 3141 1806 2107 1 3397 166 6689 1244 239 85 100 5662 5671 152 3679 243 7 24 346 229 427 27 215
122879 822 21 1948 148 6598 24158 12860 3681 2039 295 538 11441 4507 2580 2979 0 4796 237 9460 1785 350 129 142 8055 7931 225 5227 342 13 35 492 311 618 37 304
122885 816 16 1418 111 4759 17516 9297 2658 1468 205 392 8247 3245 1845 2154 1 3488 177 6907 1295 249 92 103 5829 5782 160 3780 239 10 24 359 234 453 26 208
122886 816 16 518 39 1743 6432 3441 964 539 77 145 3034 1197 674 806 0 1288 67 2567 472 91 33 38 2121 2135 59 1397 84 4 8 133 83 160 10 76
122887 817 16 2473 181 8212 30189 16002 4577 2520 346 677 14281 5608 3192 3635 1 5965 297 11736 2218 425 151 180 10041 9927 278 6478 427 17 43 618 411 777 47 373
122894 812 14 1257 89 4173 15420 8147 2310 1286 174 351 7284 2833 1631 1884 1 3056 146 6036 1123 218 74 87 5090 5115 143 3269 217 9 23 320 209 389 24 192
122952 815 14 680 53 2350 8401 4576 1304 694 97 183 4019 1580 890 1068 0 1695 83 3350 618 118 43 50 2769 2801 75 1859 121 4 12 176 115 208 13 105
122954 827 81 2990 231 10082 36863 19717 5573 3106 435 827 17433 6840 3891 4537 2 7344 375 14594 2711 527 189 223 12198 12192 339 7950 508 23 50 758 487 934 57 442
122955 847 84 142 10 475 1727 904 263 147 19 39 823 322 178 221 0 345 16 670 127 24 7 9 568 572 17 365 24 1 2 33 23 41 2 20
122956 846 81 3270 252 11057 40470 21734 6068 3390 472 904 19121 7513 4246 4984 2 8091 409 16048 2985 570 209 250 13373 13473 372 8792 559 25 56 833 548 1026 63 482
122957 847 81 227 17 784 2789 1526 429 237 34 61 1329 529 298 344 0 553 26 1101 203 40 15 17 932 926 24 621 39 1 3 55 36 69 4 32
122958 840 78 3099 243 10436 38204 20526 5753 3244 463 849 18047 7161 4011 4638 2 7593 410 15093 2853 537 207 238 12780 12582 356 8355 520 24 51 771 505 973 55 442
122959 756 20 954 70 3171 11652 6099 1790 979 132 261 5557 2181 1249 1447 0 2314 117 4540 852 168 56 65 3875 3803 108 2491 163 6 17 238 155 295 18 145
122960 755 19 690 51 2339 8549 4522 1303 717 98 195 4070 1588 902 1067 0 1700 84 3341 628 121 44 50 2857 2807 82 1838 121 4 12 171 111 217 13 105
122963 752 18 1004 76 3396 12403 6619 1864 1041 144 287 5921 2300 1299 1555 1 2483 117 4871 911 173 62 73 4120 4097 114 2668 178 7 18 249 167 314 18 150
122964 752 18 1474 112 4942 18164 9691 2729 1523 216 404 8594 3376 1919 2248 1 3592 178 7163 1334 262 92 116 6032 6020 175 3913 256 10 27 372 238 468 28 222
122965 752 18 2256 168 7610 27883 14909 4226 2335 327 626 13195 5189 2942 3462 1 5558 285 10996 2054 399 141 170 9242 9253 265 6049 390 16 38 570 370 712 43 339
122966 749 20 1808 140 6120 22442 11907 3397 1873 255 506 10639 4142 2374 2720 1 4450 223 8776 1660 314 114 133 7465 7430 201 4811 311 10 32 458 295 565 34 279
122969 753 17 3302 251 11150 40713 21606 6205 3426 472 922 19368 7581 4312 5079 1 8088 406 15949 3009 580 201 238 13517 13421 382 8773 576 23 57 830 533 1027 63 509
122971 780 40 1114 82 3717 13640 7232 2063 1143 157 312 6458 2534 1453 1686 1 2716 137 5336 1008 198 69 84 4539 4485 128 2942 189 8 20 277 180 345 21 170
122972 783 40 1315 96 4403 16242 8657 2459 1360 192 372 7663 3000 1733 2007 1 3210 160 6333 1191 237 84 97 5369 5347 152 3481 231 9 23 334 209 413 25 203
122977 749 37 1923 147 6423 23633 12534 3577 1984 277 536 11275 4368 2491 2945 1 4700 236 9281 1739 339 118 140 7865 7819 220 5058 333 13 34 484 312 602 36 289
122979 748 37 1410 109 4828 17475 9495 2650 1476 214 386 8292 3297 1865 2206 1 3496 183 6981 1292 250 96 110 5870 5768 161 3866 239 11 24 357 230 440 27 208
122980 748 37 74 4 246 894 466 138 75 10 20 431 169 95 122 0 175 8 347 65 13 4 4 292 287 10 190 13 0 1 18 11 21 1 12
122981 748 37 1147 91 3932 14315 7714 2176 1206 170 321 6842 2682 1511 1747 1 2855 147 5653 1046 202 74 86 4774 4749 134 3110 196 8 20 289 190 372 21 169
122982 745 29 2108 162 7117 26086 13959 3927 2210 313 583 12387 4863 2748 3277 1 5220 268 10366 1930 369 143 159 8659 8615 247 5663 357 18 35 536 351 668 39 306
122984 816 23 240 17 794 2945 1551 444 245 33 66 1398 555 314 368 0 584 29 1163 214 42 14 17 965 964 27 637 41 2 4 60 41 75 4 34
122996 765 40 1950 154 6614 24277 13008 3642 2051 292 540 11446 4528 2560 2977 1 4817 257 9640 1814 349 132 147 8123 8017 223 5251 325 14 31 500 307 627 36 283
122997 764 40 801 59 2651 9788 5171 1488 835 112 219 4616 1820 1035 1194 0 1924 98 3811 727 137 49 58 3260 3195 95 2109 137 5 13 198 124 253 15 117
122998 760 37 164 12 562 2054 1082 321 174 25 46 965 387 225 250 0 407 20 806 152 30 10 11 681 668 20 444 29 1 3 42 26 51 3 24
122999 761 37 440 30 1448 5379 2781 823 446 59 121 2545 999 570 682 0 1062 48 2077 386 78 26 29 1778 1744 53 1136 76 2 7 111 71 135 9 69
123000 764 18 362 28 1197 4355 2339 661 371 50 95 2059 826 456 550 0 870 46 1722 321 61 21 26 1433 1441 42 965 62 2 5 91 58 110 6 50
123001 754 15 1288 99 4304 15796 8456 2391 1346 195 351 7497 2966 1679 1948 0 3128 168 6207 1174 228 86 96 5309 5171 148 3440 220 10 22 314 206 410 23 185
123002 741 14 341 30 1201 4275 2336 668 354 49 95 2072 814 454 569 0 871 42 1718 305 59 22 26 1421 1423 38 956 59 2 6 84 57 108 7 51
123003 741 14 2408 188 8073 29672 15826 4485 2492 346 664 13980 5497 3122 3630 2 5905 304 11651 2195 423 153 183 9867 9796 280 6417 408 16 42 606 394 754 44 358
123004 741 14 301 22 1029 3731 1990 564 306 42 83 1763 697 399 497 0 761 35 1490 259 51 18 24 1231 1228 32 815 54 2 5 74 50 94 6 45
123005 740 14 1042 82 3500 12794 6889 1906 1089 157 284 6049 2366 1331 1561 0 2552 137 5061 947 184 70 76 4268 4250 119 2803 173 8 16 264 171 324 19 147
123008 744 14 1435 115 4915 17814 9716 2705 1500 213 396 8438 3338 1886 2204 1 3568 191 7126 1325 253 98 113 5911 5920 169 3940 244 11 23 374 234 447 27 205
123010 742 14 3098 244 10496 38367 20659 5787 3248 472 852 18206 7167 4057 4747 2 7656 408 15205 2836 548 214 238 12849 12695 357 8347 523 25 51 783 500 972 59 454
123011 743 14 439 36 1493 5469 2953 827 459 64 118 2611 1033 579 686 0 1082 60 2165 409 78 29 35 1830 1804 53 1205 73 3 7 113 70 140 8 62
123012 744 14 1710 129 5736 21112 11227 3159 1762 248 481 9989 3904 2237 2571 0 4189 211 8328 1555 302 106 122 7021 6985 190 4531 295 12 28 433 278 539 32 261
123014 741 14 1353 104 4575 16797 9011 2544 1414 202 375 8016 3148 1781 2095 0 3343 176 6658 1228 242 89 100 5604 5546 158 3669 233 10 24 340 224 427 25 200
123015 741 14 304 24 1024 3737 1954 570 314 42 83 1804 696 396 493 0 744 37 1467 275 55 17 22 1238 1219 39 802 53 2 5 78 49 94 5 45
123019 779 16 1721 134 5843 21345 11402 3248 1805 256 480 10169 3998 2258 2641 1 4221 226 8421 1578 302 114 131 7158 7008 201 4661 294 14 29 436 279 543 32 255
123020 773 14 1295 102 4374 16025 8573 2401 1335 187 362 7642 2969 1672 2028 1 3194 163 6344 1170 226 82 92 5306 5343 148 3478 224 8 21 324 212 394 24 197
123021 769 14 769 58 2606 9607 5136 1459 806 114 217 4581 1789 1020 1185 0 1898 101 3756 717 139 50 60 3238 3149 94 2087 128 6 13 193 126 244 14 114
123022 769 14 1182 89 3966 14548 7721 2217 1229 171 325 6855 2698 1543 1786 0 2885 143 5670 1077 208 76 88 4836 4795 136 3118 207 8 19 293 187 371 22 181
123023 769 14 2878 216 9681 35493 18881 5358 2978 416 788 16800 6613 3749 4355 2 7039 359 13953 2617 504 182 210 11767 11702 325 7635 492 23 49 721 463 903 53 431
123025 740 14 571 43 1954 7095 3807 1068 592 79 158 3365 1323 760 896 0 1430 68 2845 519 101 33 43 2333 2372 63 1547 100 4 10 145 99 177 11 88
123026 766 17 75 5 239 898 452 136 76 10 22 433 165 97 111 0 177 9 340 61 12 3 4 299 290 8 187 13 0 1 17 11 23 1 12
123027 745 14 1280 101 4282 15797 8332 2396 1311 181 364 7493 2910 1668 1935 0 3129 158 6142 1157 225 79 98 5268 5194 145 3373 225 7 23 312 208 412 25 199
123029 744 14 3005 236 10182 37116 19935 5609 3150 440 825 17619 6969 3930 4603 1 7411 397 14695 2759 526 196 234 12412 12255 350 8114 511 21 51 758 483 956 56 436
123030 743 14 1329 97 4423 16288 8636 2468 1369 189 363 7701 3016 1717 1975 0 3212 165 6375 1212 239 82 97 5410 5358 159 3498 230 10 23 332 213 416 25 202
123031 746 14 404 28 1347 4962 2632 744 414 58 110 2323 917 524 631 0 979 49 1965 361 72 24 29 1621 1636 48 1061 70 3 6 103 65 129 7 60
123034 744 14 1321 105 4450 16309 8761 2452 1396 202 358 7734 3077 1732 2035 0 3251 177 6479 1212 232 91 101 5470 5344 154 3591 222 11 21 335 209 414 24 190
123036 744 14 1341 97 4464 16510 8675 2477 1386 192 378 7832 3032 1743 2036 1 3284 162 6465 1211 233 82 95 5485 5455 153 3496 230 9 23 325 219 421 25 202
123038 743 14 670 53 2287 8412 4524 1251 709 102 187 3998 1568 878 1079 0 1689 86 3388 622 116 45 48 2787 2808 77 1832 116 6 11 168 113 208 12 97
123039 752 14 661 51 2221 8159 4348 1244 691 98 182 3892 1533 866 994 0 1621 84 3199 602 118 43 49 2749 2689 75 1768 111 4 11 165 105 216 12 97
123040 752 14 573 42 1914 7080 3777 1050 589 83 159 3325 1311 751 847 0 1385 70 2766 517 99 36 43 2347 2345 63 1517 100 4 10 147 99 188 10 84
123041 751 14 842 59 2775 10232 5406 1537 846 117 235 4820 1904 1084 1261 0 2041 103 4021 739 143 48 58 3381 3365 93 2192 145 5 14 207 138 260 16 127
123043 791 36 1599 124 5386 19617 10566 2969 1651 237 438 9328 3684 2077 2425 1 3913 202 7790 1444 277 105 118 6541 6477 185 4267 270 12 27 404 263 498 29 233
123044 763 23 702 51 2323 8469 4447 1319 694 95 193 4065 1570 904 1055 0 1684 75 3280 613 120 38 47 2793 2793 77 1789 125 4 14 170 115 212 13 114
123045 764 23 2759 213 9197 33818 17992 5087 2867 405 751 16097 6300 3572 4169 1 6733 345 13282 2500 485 177 200 11284 11129 314 7295 472 19 48 689 446 858 52 411
123046 763 23 601 44 1951 7330 3828 1109 619 85 165 3443 1359 781 858 0 1434 75 2828 539 101 37 45 2445 2380 68 1556 100 4 11 150 100 192 11 87
123047 762 23 71 5 240 866 455 133 72 10 19 413 161 91 104 0 167 7 335 61 11 4 4 292 284 7 185 12 0 1 18 11 22 1 11
123048 763 23 2502 184 8381 30734 16401 4634 2586 362 691 14567 5722 3245 3825 2 6136 300 12087 2270 439 159 186 10207 10179 294 6636 428 18 44 631 406 775 46 379
123050 764 23 1335 110 4553 16689 9025 2507 1443 211 366 7909 3139 1762 2037 0 3316 186 6648 1267 237 97 107 5618 5496 159 3670 218 12 22 342 216 434 24 180
123051 749 14 857 68 2860 10562 5608 1589 890 119 240 5056 1941 1106 1298 0 2090 104 4133 785 152 53 63 3519 3499 99 2278 143 4 14 214 140 264 16 131
123052 749 14 2386 181 7992 29371 15577 4442 2464 344 666 13961 5486 3111 3655 1 5825 292 11526 2153 423 153 180 9781 9638 278 6346 410 17 42 597 380 756 45 364
123053 750 14 975 76 3314 12076 6477 1840 1018 146 265 5724 2255 1282 1462 0 2402 120 4767 884 172 64 72 4029 4017 110 2597 165 7 16 247 157 310 18 146
123057 750 14 1067 82 3563 13117 7009 1968 1118 161 285 6180 2435 1386 1609 0 2604 136 5160 976 188 72 80 4362 4329 122 2843 181 7 17 268 173 337 20 156
123058 750 14 2079 157 6984 25685 13610 3879 2176 299 584 12206 4762 2715 3165 2 5072 258 10060 1905 366 135 147 8544 8451 246 5509 357 15 36 521 342 655 40 313
123059 740 14 1020 77 3398 12529 6668 1884 1041 150 284 5926 2320 1322 1540 0 2495 133 4926 916 175 67 74 4169 4131 115 2665 174 7 18 256 166 318 19 156
123060 742 14 1228 90 4103 15083 8018 2271 1257 181 342 7124 2793 1586 1848 1 3008 158 5920 1104 212 80 89 5013 4993 140 3207 211 8 22 307 200 384 23 188
123065 741 14 223 18 750 2735 1482 405 236 34 59 1288 527 291 343 0 551 31 1087 202 38 15 17 916 894 28 613 37 2 3 56 35 71 3 30
123069 748 14 1457 115 4865 17963 9534 2716 1514 212 406 8494 3340 1893 2220 1 3578 184 7036 1313 261 96 112 5966 5917 169 3875 250 12 25 360 238 461 26 212
123071 749 14 1252 95 4172 15386 8134 2330 1293 176 348 7307 2872 1625 1954 0 3051 158 6032 1139 220 78 93 5078 5040 153 3311 218 9 21 313 200 384 23 191
123072 750 14 2633 200 8815 32290 17194 4872 2750 387 726 15285 6055 3406 3948 1 6394 326 12646 2407 456 170 196 10775 10583 307 7014 451 19 43 653 416 835 48 387
123077 750 14 400 31 1348 4927 2595 759 414 56 112 2343 925 522 622 0 986 47 1933 359 71 24 26 1642 1612 45 1064 67 3 7 100 70 124 7 60
123078 750 14 1460 118 4929 18022 9665 2736 1518 212 403 8587 3387 1911 2268 1 3592 186 7144 1325 246 94 109 6024 5933 167 3927 252 12 24 371 242 459 26 207
123082 749 14 2538 197 8537 31217 16658 4748 2633 364 705 14778 5828 3304 3826 2 6194 318 12314 2320 446 161 191 10429 10274 291 6769 430 19 44 638 419 807 48 373
123083 745 14 927 64 3052 11362 5992 1687 957 134 252 5320 2092 1197 1385 0 2229 115 4453 838 164 58 67 3770 3725 106 2420 163 6 15 235 151 288 17 141
123090 745 14 2559 203 8602 31562 16858 4766 2675 379 713 14998 5907 3343 3851 1 6257 330 12366 2338 449 165 193 10546 10393 296 6828 433 20 45 640 414 804 46 375
123093 745 14 4399 337 14859 54358 29171 8176 4605 652 1213 25791 10137 5725 6797 3 10855 563 21518 4025 767 291 331 18117 17988 493 11832 753 32 75 1113 719 1383 82 640
123095 742 14 242 16 790 2945 1537 438 246 34 68 1385 539 309 353 0 579 31 1134 217 41 15 16 986 962 27 625 42 1 3 60 37 73 4 36
123098 742 14 1231 92 4204 15275 8178 2318 1282 179 347 7264 2873 1625 1892 0 3039 156 6050 1124 220 79 91 5072 5048 140 3320 213 9 21 311 203 386 23 187
123100 752 14 81 4 246 938 462 142 78 9 23 440 170 100 110 0 178 6 340 66 14 3 4 309 298 9 189 15 0 1 18 12 25 1 14
123101 749 14 1733 133 5815 21354 11376 3215 1797 253 478 10119 3976 2253 2643 1 4232 211 8403 1573 306 109 134 7098 7060 205 4611 303 12 32 435 278 551 33 262
123102 749 14 230 19 794 2868 1562 433 247 35 62 1359 543 298 360 0 574 30 1137 214 38 15 20 944 953 27 627 40 1 3 59 40 72 4 32
123105 750 14 430 31 1464 5363 2859 814 443 61 117 2519 997 559 650 0 1054 54 2098 392 74 27 31 1788 1771 51 1154 73 3 7 113 73 136 8 65
123106 750 14 297 24 1007 3733 1951 560 316 44 86 1766 688 392 437 0 729 38 1435 279 52 20 21 1266 1217 34 788 50 2 5 74 48 94 5 46
123107 752 14 1074 85 3596 13284 7014 1998 1132 161 297 6265 2469 1404 1589 0 2608 140 5160 992 188 72 81 4439 4343 132 2844 186 9 17 266 173 345 18 153
123108 751 14 1226 96 4107 15089 8165 2255 1266 181 329 7067 2806 1580 1849 1 3007 160 6010 1119 210 79 94 4989 5014 137 3295 204 8 20 313 205 382 23 177
123112 761 14 871 70 2957 10813 5740 1641 918 130 242 5150 2024 1150 1345 0 2152 113 4258 817 158 56 66 3626 3559 103 2348 147 6 14 218 135 275 15 130
123113 761 14 2263 171 7563 27925 14817 4184 2370 326 617 13165 5212 2934 3427 1 5551 290 10968 2079 399 145 164 9254 9170 269 6033 385 17 38 574 361 708 42 334
123115 749 14 268 19 890 3249 1716 501 278 39 72 1548 606 349 387 0 644 32 1259 237 48 16 18 1087 1071 27 689 46 1 4 65 41 78 5 44
123116 748 14 598 45 2004 7346 3863 1123 625 86 165 3483 1370 783 915 0 1451 76 2880 543 106 37 44 2439 2402 69 1570 102 4 10 147 95 191 11 88
123119 748 14 1861 144 6221 22947 12235 3427 1939 276 505 10769 4239 2412 2761 1 4529 241 8998 1713 328 121 140 7641 7563 213 4937 318 13 31 465 299 595 34 274
123121 748 14 852 67 2912 10476 5667 1613 872 121 231 5012 1963 1107 1328 0 2107 102 4164 773 147 53 62 3459 3475 94 2308 149 6 15 216 143 259 16 130
123122 755 14 1987 151 6719 24585 13119 3714 2062 288 549 11677 4557 2612 3056 1 4906 254 9717 1805 356 127 150 8186 8123 230 5306 343 14 34 496 326 623 38 298
123124 755 14 335 26 1140 4166 2210 632 346 47 93 1980 778 444 501 0 833 41 1621 304 59 21 24 1395 1377 37 898 58 2 6 82 55 108 5 50
123125 754 14 2273 176 7717 28255 15249 4270 2380 345 639 13399 5289 2973 3487 1 5624 292 11158 2079 400 155 174 9425 9348 260 6141 389 17 40 569 376 711 42 341
123127 753 14 1651 127 5516 20404 10784 3044 1734 245 458 9659 3769 2161 2485 2 4050 206 8010 1494 293 106 121 6774 6725 186 4350 286 11 30 415 267 529 31 252
123128 749 14 1065 80 3520 13108 6883 1947 1106 151 297 6156 2407 1374 1548 1 2592 131 5089 975 183 64 80 4362 4301 120 2781 180 7 17 269 172 334 20 160
123129 749 14 339 24 1127 4214 2202 634 353 49 96 2024 789 450 514 0 836 44 1636 314 60 21 22 1417 1379 44 894 58 2 6 81 54 111 5 50
123130 749 14 1519 115 5110 18746 9895 2888 1564 214 424 8941 3482 1995 2296 1 3717 184 7287 1371 272 94 111 6240 6165 179 4003 270 11 27 382 247 484 29 235
123131 751 14 4513 349 15182 55647 29709 8354 4667 652 1257 26399 10309 5860 6893 3 11066 551 21923 4091 787 281 336 18436 18427 504 12001 781 31 78 1138 741 1405 86 680
123132 749 14 1958 156 6629 24095 13037 3627 2024 288 525 11359 4489 2532 2954 1 4810 254 9566 1779 340 131 151 8019 7995 217 5258 329 12 32 492 318 606 37 287
123135 749 14 3213 248 10877 39564 21190 6018 3342 470 893 18868 7404 4188 4921 2 7900 401 15627 2936 560 206 229 13222 13066 369 8597 550 24 56 805 527 1010 60 477
123136 750 14 104 6 346 1276 669 197 102 13 29 601 232 138 163 0 252 10 493 86 19 5 7 412 418 11 271 19 0 1 26 17 31 2 19
123138 749 14 2112 156 7116 26070 13866 3962 2171 299 596 12394 4847 2761 3256 0 5207 251 10229 1903 369 124 155 8641 8628 242 5612 371 13 39 527 345 661 40 329
