124076 867 68 855 67 2877 10518 5732 1570 901 130 225 4957 1974 1090 1266 0 2091 116 4182 786 147 59 65 3528 3488 96 2323 139 6 13 217 135 274 15 121
124077 868 68 2834 219 9469 34796 18494 5255 2925 405 786 16507 6478 3676 4286 2 6897 347 13637 2575 500 174 205 11527 11470 336 7474 491 21 48 713 462 875 51 424
124082 867 68 1602 125 5465 19978 10764 3025 1673 239 447 9471 3730 2096 2459 1 3984 212 7855 1480 283 109 125 6643 6599 189 4367 275 11 27 412 270 508 30 239
124084 851 63 1374 106 4627 16945 9005 2576 1425 197 380 8018 3163 1795 2068 1 3351 173 6643 1252 240 88 96 5651 5584 164 3634 235 9 24 350 221 431 25 207
124087 852 63 336 26 1118 4133 2177 617 348 44 95 1963 753 426 499 0 820 41 1604 315 58 19 24 1372 1367 37 882 55 1 5 84 53 105 5 52
124114 800 14 451 36 1546 5656 3039 857 470 66 126 2683 1047 597 708 0 1124 56 2237 416 80 30 35 1884 1884 53 1221 76 2 7 118 73 147 8 68
124121 813 34 276 18 907 3324 1749 505 280 37 74 1596 621 349 443 0 667 29 1319 241 45 15 20 1093 1092 33 717 48 2 4 65 46 82 5 40
124124 811 34 108 7 368 1323 704 207 107 14 31 648 241 141 171 0 265 10 504 95 17 5 8 434 437 12 281 20 0 2 26 20 32 2 18
124128 811 34 2827 217 9548 35054 18599 5313 2916 399 796 16598 6467 3717 4284 2 6980 340 13737 2565 492 174 213 11598 11604 327 7529 496 20 51 709 471 895 54 436
124131 811 34 1150 83 3834 14130 7554 2112 1188 168 316 6653 2633 1483 1698 0 2801 143 5568 1042 202 72 80 4694 4664 126 3035 191 9 19 291 191 358 21 170
124132 810 34 766 60 2595 9481 5074 1433 799 109 213 4477 1778 997 1158 0 1880 96 3733 705 131 48 61 3163 3128 88 2052 131 5 13 191 127 243 14 112
124133 811 34 501 35 1690 6169 3264 936 509 70 139 2940 1149 661 762 0 1212 58 2401 445 89 27 35 2049 2020 54 1319 87 3 9 128 85 158 10 78
124136 810 34 227 18 758 2772 1484 425 238 33 60 1305 515 296 328 0 546 29 1091 205 41 15 16 926 913 26 600 37 1 3 57 35 71 4 34
124139 811 34 859 66 2921 10605 5715 1604 890 126 240 5066 1955 1111 1342 0 2121 108 4225 765 150 53 67 3506 3561 96 2308 147 5 14 217 142 273 16 125
124141 811 34 170 12 583 2124 1117 320 171 22 47 1027 390 223 285 0 422 19 846 154 29 9 12 689 705 20 453 32 1 2 44 28 51 3 27
124143 812 35 2819 218 9512 34858 18712 5243 2942 418 779 16546 6502 3654 4328 2 6960 361 13840 2587 491 188 210 11575 11546 330 7581 473 22 46 710 472 891 52 408
124144 812 33 1000 77 3388 12347 6637 1872 1036 143 275 5902 2315 1300 1540 0 2461 130 4870 913 177 65 71 4102 4084 122 2702 175 7 16 256 157 311 18 149
124145 810 33 2264 169 7583 27889 14772 4167 2348 319 635 13246 5167 2943 3442 2 5515 278 10970 2067 395 138 163 9268 9217 261 5988 390 16 39 558 369 702 42 339
124146 814 30 2334 175 7839 28820 15286 4346 2432 337 654 13692 5332 3050 3541 1 5725 291 11271 2131 410 143 178 9594 9514 272 6227 410 14 42 585 380 742 44 356
124147 807 26 2066 165 7087 25612 13872 3897 2161 306 569 12232 4813 2698 3188 1 5131 266 10178 1904 358 136 156 8528 8505 238 5632 347 16 35 525 339 646 38 299
124148 768 13 1779 134 5937 21760 11595 3283 1843 253 483 10280 4059 2292 2669 1 4323 226 8571 1612 310 111 130 7244 7150 205 4716 298 13 29 440 282 560 32 260
124155 767 32 2712 214 9119 33425 17773 5047 2833 392 749 15829 6245 3515 4172 1 6638 345 13176 2480 480 169 202 11110 11038 333 7231 459 21 47 686 430 852 49 401
124159 754 14 2072 162 6960 25593 13625 3876 2162 301 576 12078 4774 2705 3141 1 5098 270 10077 1896 365 134 158 8485 8413 240 5524 351 15 36 531 341 654 40 309
124160 754 14 1005 77 3380 12351 6522 1877 1044 145 277 5898 2292 1307 1507 0 2455 124 4850 899 174 62 72 4126 4071 114 2649 171 7 18 250 160 313 18 152
124162 754 14 1511 118 5070 18647 9950 2793 1564 214 422 8854 3450 1959 2310 1 3690 182 7359 1379 263 92 112 6202 6164 171 4032 261 11 27 381 243 478 29 227
124176 675 19 269 18 903 3331 1740 502 280 36 77 1579 619 353 413 0 659 31 1286 243 48 15 19 1104 1079 32 700 49 1 4 70 41 86 5 43
124180 662 19 582 45 1957 7233 3869 1097 601 82 162 3403 1337 761 884 0 1441 75 2862 538 102 38 42 2414 2395 66 1569 98 4 10 144 98 187 11 87
124184 660 16 3726 290 12646 46172 24797 6984 3866 541 1036 22001 8635 4867 5818 2 9213 482 18293 3410 654 241 281 15382 15305 428 10073 644 25 65 939 612 1169 71 550
124191 712 19 2261 171 7541 27606 14710 4175 2320 324 626 13134 5117 2918 3408 1 5506 272 10825 2024 395 142 165 9159 9139 261 5962 384 17 39 562 368 692 42 339
124212 702 18 2834 223 9613 35067 18750 5324 2973 411 778 16725 6563 3680 4363 1 7012 351 13822 2609 502 179 203 11695 11579 333 7581 491 21 48 716 462 887 53 429
124213 703 18 1943 153 6537 23937 12814 3628 2024 283 529 11328 4471 2514 2965 1 4760 250 9449 1780 339 128 145 7986 7902 230 5191 327 14 33 492 320 607 35 282
124214 704 18 4301 333 14447 53072 28290 7979 4473 631 1188 25208 9832 5567 6539 2 10566 538 20845 3902 755 286 320 17691 17504 495 11436 733 32 74 1089 707 1344 79 637
124217 704 18 3877 303 13193 48064 25930 7262 4051 575 1078 22871 8979 5068 5977 2 9570 490 19044 3560 679 252 302 16015 15937 450 10490 664 28 66 977 641 1231 73 566
124218 700 18 204 15 703 2529 1369 391 208 29 57 1213 471 267 309 0 503 26 994 186 36 12 15 839 852 23 542 34 1 3 50 34 63 4 31
124222 740 19 2233 177 7500 27694 14659 4183 2316 316 628 13145 5135 2919 3407 2 5523 276 10834 2037 399 137 163 9187 9164 260 5928 388 16 39 565 367 704 41 338
124223 740 19 1518 113 5093 18702 9912 2835 1575 221 419 8891 3482 1975 2343 1 3719 190 7333 1390 269 95 111 6221 6168 181 4028 256 11 26 382 239 468 28 229
124224 741 19 447 37 1557 5616 3038 857 472 65 127 2686 1063 593 721 0 1129 55 2245 408 77 28 38 1883 1851 50 1248 76 3 8 113 75 145 8 65
124225 740 19 1357 105 4584 16762 9019 2542 1409 196 373 7936 3120 1771 2056 1 3343 175 6599 1245 237 89 104 5590 5541 159 3649 233 9 23 339 224 430 24 199
124226 738 17 500 38 1708 6200 3329 943 516 72 139 2970 1166 653 778 0 1234 61 2435 458 87 30 39 2066 2042 57 1355 87 3 9 127 85 157 9 74
124230 738 17 2399 194 8105 29762 15919 4456 2505 353 669 14106 5566 3134 3726 2 5917 316 11844 2200 420 160 187 9930 9784 283 6477 410 20 40 601 406 763 44 344
124233 738 17 4446 328 14879 54763 29118 8229 4564 634 1239 25925 10110 5793 6807 3 10885 537 21561 3999 786 274 329 18084 18148 504 11767 776 30 78 1124 738 1385 87 684
124234 843 33 1083 82 3629 13368 7168 1987 1122 159 299 6259 2486 1407 1640 0 2659 136 5329 985 187 72 83 4439 4428 118 2919 178 8 18 268 184 344 21 159
124235 844 33 273 20 914 3376 1770 508 286 39 75 1604 624 354 414 0 663 34 1318 246 48 16 20 1125 1104 32 729 48 1 5 67 44 89 4 40
124239 844 33 1338 101 4491 16467 8837 2498 1382 192 368 7763 3077 1750 2042 0 3278 170 6524 1204 236 82 104 5462 5434 154 3611 229 9 23 342 220 422 25 196
124240 845 33 2742 209 9197 33663 17914 5128 2819 388 764 15934 6251 3560 4192 1 6714 344 13217 2460 478 171 203 11183 11090 312 7299 473 17 47 687 443 854 53 421
124248 870 38 868 73 2966 10749 5825 1634 902 129 242 5149 2035 1123 1371 0 2173 117 4329 793 153 57 68 3586 3590 105 2371 146 7 14 212 143 271 15 122
124249 869 38 1534 119 5159 18984 10092 2855 1604 221 426 9008 3524 1991 2334 1 3768 195 7462 1412 274 98 113 6292 6281 180 4093 264 11 27 383 253 480 28 228
124251 870 38 1260 94 4210 15382 8165 2358 1283 176 346 7288 2843 1639 1861 0 3049 149 5974 1127 217 78 90 5139 5082 139 3301 221 7 22 311 206 393 23 194
124252 871 36 2540 192 8574 31443 16851 4723 2637 378 712 14879 5849 3332 3893 2 6281 325 12494 2322 448 170 191 10470 10422 294 6833 431 18 43 639 412 798 50 376
124253 869 35 2260 167 7538 27865 14690 4187 2322 326 629 13193 5151 2941 3402 1 5525 279 10867 2044 399 142 163 9277 9119 259 5965 387 16 39 563 364 707 42 344
124254 873 38 750 57 2544 9287 4917 1402 790 109 205 4446 1738 980 1175 0 1852 94 3645 693 131 46 56 3105 3040 87 2018 131 5 13 185 121 236 14 115
124255 873 38 1368 104 4575 16724 8904 2550 1397 192 377 7921 3102 1761 2048 1 3318 166 6523 1232 241 83 97 5554 5519 155 3588 239 8 24 345 223 428 26 213
124256 873 38 1248 102 4247 15513 8401 2323 1317 189 348 7336 2902 1608 1948 1 3100 169 6207 1170 218 85 98 5150 5153 148 3397 207 9 21 313 205 389 22 179
124280 692 13 314 27 1086 3951 2132 613 335 48 89 1890 753 421 496 0 789 44 1566 293 56 21 27 1324 1315 38 864 55 1 5 80 52 101 6 46
124288 862 56 670 52 2267 8303 4415 1258 698 97 192 3968 1544 886 1020 0 1646 83 3245 616 117 43 50 2781 2734 75 1787 113 4 11 170 109 210 12 100
124289 851 45 1021 79 3473 12695 6761 1932 1081 150 286 6033 2366 1344 1573 0 2518 130 4987 943 180 67 82 4234 4183 121 2766 177 7 18 257 161 324 18 152
124293 852 45 474 30 1580 5790 3043 872 489 68 130 2737 1060 615 705 0 1149 54 2239 422 87 28 30 1909 1915 52 1223 85 2 8 120 75 148 9 77
124297 854 45 42 2 139 505 257 78 41 4 12 244 93 53 70 0 101 3 195 33 6 2 1 163 165 5 101 8 0 0 9 6 12 0 7
124298 853 45 1668 127 5622 20646 11044 3094 1735 245 463 9790 3847 2172 2520 1 4097 210 8150 1532 287 106 126 6853 6830 189 4457 285 10 29 413 276 520 31 247
124299 844 32 602 45 2043 7423 3931 1143 615 81 169 3576 1388 790 942 0 1480 65 2896 534 105 34 41 2460 2447 68 1598 110 4 10 152 99 186 12 95
124300 744 23 1415 113 4822 17584 9422 2667 1473 209 391 8367 3292 1857 2174 1 3513 187 6947 1296 250 92 105 5877 5814 162 3840 241 10 24 361 228 447 27 207
124318 788 18 2533 192 8459 31239 16662 4673 2640 380 695 14695 5814 3288 3796 1 6178 328 12254 2301 448 169 193 10412 10261 290 6727 437 21 43 638 414 802 47 371
124319 788 18 203 14 670 2469 1322 363 203 29 56 1167 465 261 303 0 490 26 983 177 33 11 13 814 810 22 540 35 1 3 51 33 63 4 31
124320 659 19 1412 109 4724 17389 9261 2639 1470 203 390 8222 3230 1828 2089 0 3457 181 6805 1290 252 88 105 5759 5749 165 3765 243 10 24 357 227 444 25 212
124321 659 19 652 51 2196 8137 4343 1186 695 98 184 3851 1510 845 1012 0 1604 84 3234 615 113 45 52 2723 2685 80 1760 109 5 10 165 110 207 11 88
124322 677 29 1946 141 6469 23768 12588 3600 1980 275 534 11303 4392 2496 2975 1 4736 242 9319 1734 343 122 147 7857 7854 220 5095 338 14 34 482 316 599 37 296
124324 674 28 162 13 582 2031 1126 319 167 23 42 1001 387 220 286 0 411 21 829 148 29 10 12 677 679 18 461 27 1 3 42 26 50 3 24
124325 675 28 621 46 2100 7682 4058 1178 644 88 177 3664 1434 820 950 0 1533 74 2991 563 109 40 45 2551 2517 70 1653 111 3 11 148 98 198 11 100
124327 677 21 632 45 2148 7766 4143 1200 642 90 172 3691 1454 842 955 0 1542 70 3055 576 114 38 44 2563 2558 73 1678 109 4 12 162 102 193 13 100
124328 675 19 210 13 704 2556 1365 389 216 27 57 1214 479 265 331 0 512 22 1007 187 37 12 14 848 850 25 552 36 1 3 50 34 66 4 33
124329 675 19 1930 146 6528 23844 12893 3596 2020 286 529 11329 4452 2507 2962 0 4755 245 9470 1769 336 128 147 7941 7923 224 5204 329 13 33 490 318 606 36 280
124360 802 29 4315 319 14399 52981 28117 8008 4429 611 1193 25115 9793 5581 6598 3 10510 517 20883 3896 759 261 314 17518 17500 497 11379 747 30 75 1086 701 1337 84 656
124361 808 29 626 47 2083 7759 4057 1148 644 88 176 3643 1417 812 965 0 1541 79 3036 565 112 37 44 2556 2556 74 1650 111 5 11 157 100 195 11 96
124362 808 29 174 12 588 2162 1141 325 182 24 48 1020 401 227 276 0 431 20 860 159 31 10 13 720 701 22 473 30 1 3 45 29 56 3 25
124419 798 13 621 44 2047 7605 4024 1133 622 84 176 3591 1392 794 926 0 1505 71 2968 548 106 36 41 2510 2517 70 1617 106 4 10 153 104 193 11 95
124421 798 13 1667 127 5594 20519 10900 3120 1721 236 461 9775 3818 2166 2550 0 4091 205 8067 1519 293 101 128 6816 6761 195 4437 286 11 28 415 274 517 31 256
124539 714 17 1210 86 4018 14852 7825 2235 1232 170 339 7024 2736 1566 1841 0 2939 145 5816 1082 207 73 85 4913 4893 138 3171 208 8 22 296 201 380 23 183
124540 715 17 275 20 893 3302 1727 501 284 38 71 1555 619 345 396 0 643 31 1283 238 46 17 17 1099 1072 30 698 47 2 4 68 45 86 4 39
124541 725 16 987 73 3276 12059 6446 1822 1021 142 267 5661 2263 1276 1504 0 2394 120 4791 889 172 62 76 3980 3975 117 2617 167 8 16 255 160 310 19 144
124542 724 16 1330 98 4461 16409 8724 2477 1372 189 368 7755 3034 1740 2006 1 3267 160 6461 1215 234 81 98 5415 5458 154 3546 225 9 23 332 219 411 24 201
124543 726 17 139 9 484 1744 940 266 140 18 41 850 319 182 222 0 346 14 692 125 24 7 9 565 590 16 377 25 0 2 36 23 42 2 23
124544 722 17 7258 541 24287 89197 47405 13423 7465 1039 2023 42223 16603 9444 10967 4 17755 893 35069 6547 1264 452 530 29637 29414 824 19243 1252 49 126 1816 1184 2279 137 1090
124546 723 16 3689 292 12472 45689 24460 6890 3848 540 1017 21678 8518 4798 5604 2 9057 486 18040 3402 651 239 282 15275 15121 430 9948 623 26 61 927 604 1155 68 542
124547 725 16 1809 138 6026 22319 11870 3350 1868 264 504 10575 4152 2353 2744 1 4422 229 8752 1623 321 119 131 7453 7368 208 4795 309 14 30 456 298 568 34 268
124548 716 16 1708 139 5773 21098 11370 3201 1771 246 476 10108 3958 2211 2685 1 4233 213 8367 1552 300 109 129 7000 7012 203 4629 296 12 30 434 277 530 31 251
124549 745 23 593 45 1977 7290 3886 1082 613 86 165 3415 1356 771 891 0 1460 75 2877 534 101 37 45 2399 2424 66 1575 100 5 10 154 99 184 11 84
124551 725 16 172 11 580 2079 1093 331 177 24 46 985 386 224 250 0 410 17 798 152 30 10 9 686 690 19 434 30 1 3 43 27 51 3 29
124559 725 16 1421 106 4745 17564 9332 2605 1474 204 398 8269 3239 1837 2181 1 3475 183 6923 1290 249 88 104 5828 5797 164 3775 248 10 24 356 234 452 26 212
124582 805 27 541 41 1807 6651 3495 1006 566 75 151 3165 1239 697 830 0 1318 69 2593 491 96 33 40 2212 2165 65 1439 95 4 9 133 87 172 9 83
124585 751 28 276 17 904 3346 1746 514 278 37 76 1581 612 354 403 0 661 30 1280 243 50 14 18 1116 1101 30 708 50 1 5 69 42 86 5 43
124586 751 28 769 57 2583 9477 5013 1439 793 106 217 4520 1757 996 1181 0 1876 92 3689 691 134 46 53 3151 3122 90 2026 133 5 13 195 123 238 14 122
124593 761 23 1236 92 4185 15250 8207 2324 1285 179 338 7269 2854 1615 1880 1 3049 155 6033 1124 213 80 93 5081 5068 141 3330 210 8 21 312 201 386 23 184
124594 761 21 1236 93 4128 15300 8051 2289 1286 174 347 7238 2833 1602 1862 1 3029 150 5952 1119 217 75 87 5104 5034 144 3256 217 8 21 307 204 393 22 185
124597 759 25 726 53 2471 8971 4806 1373 743 106 203 4268 1672 943 1101 0 1795 89 3523 656 125 45 51 2949 2989 78 1935 129 4 13 185 125 220 14 112
124599 739 24 1366 99 4553 16787 8802 2543 1403 191 379 7949 3103 1772 2071 1 3323 162 6544 1240 239 83 97 5557 5523 158 3565 240 10 24 337 218 421 25 210
124655 730 28 826 62 2748 10113 5400 1518 860 119 223 4767 1875 1065 1202 0 1999 105 3961 755 142 54 60 3369 3317 95 2178 138 6 13 207 132 262 15 121
124658 730 28 1098 83 3705 13616 7274 2070 1150 166 307 6464 2519 1440 1705 0 2724 143 5438 995 195 74 82 4541 4525 125 2935 186 8 18 275 180 343 21 166
124663 776 11 75 4 253 921 473 149 78 10 21 438 167 99 113 0 179 7 348 64 14 3 4 299 303 9 190 14 0 1 18 12 23 1 13
124700 710 17 850 65 2855 10430 5600 1581 877 125 232 4949 1953 1111 1282 0 2080 106 4093 758 144 54 63 3469 3441 96 2275 143 6 15 215 137 267 15 122
124705 728 18 270 19 878 3252 1717 489 275 38 74 1532 605 345 396 0 648 32 1257 233 45 16 19 1078 1071 30 695 46 2 4 65 45 82 5 38
124706 727 17 1044 79 3472 12859 6777 1938 1068 149 290 6076 2369 1353 1578 0 2540 126 5033 936 186 66 77 4266 4229 121 2726 182 7 18 260 170 330 21 160
124710 728 17 2452 185 8292 30277 16238 4585 2541 360 673 14302 5650 3206 3754 1 6036 307 12029 2225 429 155 183 10036 10066 274 6542 416 19 44 622 403 769 49 368
124711 727 17 1071 78 3548 13185 6900 1982 1100 152 300 6162 2411 1377 1549 0 2593 124 5076 965 188 65 75 4372 4320 124 2779 186 7 19 268 170 341 20 166
124736 810 42 208 14 701 2573 1322 401 209 28 61 1228 468 276 310 0 509 21 977 184 37 11 12 854 838 23 529 37 1 4 50 33 64 4 35
124737 810 42 1858 147 6269 22943 12309 3506 1937 278 510 10932 4284 2435 2865 1 4591 240 9107 1691 330 121 139 7666 7602 211 4968 315 13 32 468 306 584 36 281
124738 809 42 1957 150 6601 24041 12881 3663 2034 289 535 11477 4512 2555 3022 1 4796 241 9518 1771 348 123 143 8003 7932 227 5232 334 15 34 500 318 614 37 295
124745 692 11 1538 119 5192 19068 10154 2883 1594 223 435 9066 3541 2004 2391 1 3803 191 7530 1393 269 94 116 6313 6302 177 4126 269 11 27 386 256 474 30 233
124751 769 52 1825 143 6172 22594 12089 3411 1904 262 503 10749 4209 2375 2859 1 4517 224 8996 1673 320 114 143 7486 7483 217 4907 306 14 31 460 305 563 34 270
124752 771 52 269 20 903 3299 1731 505 279 37 75 1588 609 352 400 0 651 28 1276 245 46 15 18 1106 1085 31 704 46 1 4 66 43 81 4 41
124754 769 52 162 14 556 2044 1076 304 177 25 45 976 386 220 249 0 406 22 805 154 28 12 12 692 663 19 441 26 1 3 41 26 52 2 21
124755 769 52 499 37 1673 6185 3235 940 520 71 141 2905 1144 654 736 0 1231 59 2405 452 85 32 35 2045 2029 58 1303 84 3 8 125 85 158 9 74
124756 771 52 518 35 1721 6307 3317 955 526 68 147 2987 1152 664 774 0 1248 54 2433 458 88 29 37 2079 2085 57 1343 92 2 9 124 85 158 9 82
124759 770 52 666 49 2244 8238 4336 1264 677 92 186 3917 1519 880 1005 0 1637 81 3185 595 121 40 45 2748 2709 74 1757 120 3 13 167 110 207 13 108
124760 792 56 4136 321 13980 51220 27670 7673 4313 623 1133 24200 9535 5385 6312 2 10198 540 20399 3776 725 275 314 17003 17024 471 11178 695 32 68 1064 682 1295 79 601
124761 801 44 3996 304 13393 48977 26263 7408 4113 569 1108 23232 9147 5166 6023 2 9756 490 19289 3612 697 246 299 16279 16178 457 10631 690 28 67 999 655 1244 76 595
124762 802 40 3128 243 10468 38390 20562 5762 3255 457 859 18230 7187 4045 4767 2 7654 399 15173 2845 544 202 230 12797 12681 362 8355 525 24 53 784 507 975 57 449
124763 800 40 427 33 1472 5246 2821 824 446 63 116 2506 1000 563 662 0 1051 51 2081 386 72 28 31 1754 1730 49 1139 72 3 7 107 71 134 8 64
124765 800 40 8530 660 28658 105062 55961 15927 8862 1246 2378 49902 19631 11114 12857 6 20865 1072 41166 7789 1511 549 621 35010 34626 991 22679 1467 61 148 2137 1374 2690 160 1279
124766 800 40 212 13 685 2578 1327 380 213 28 58 1216 465 274 314 0 504 23 997 182 38 11 14 852 841 23 538 37 1 3 51 33 69 4 33
124767 800 40 488 37 1656 6033 3233 914 507 68 135 2893 1121 635 773 0 1200 59 2382 441 85 29 35 1996 1996 57 1310 84 3 9 125 82 147 9 74
124769 801 40 1784 127 5960 21813 11586 3322 1816 248 495 10329 4030 2316 2684 1 4329 206 8489 1594 315 104 130 7208 7198 201 4681 313 9 32 439 289 552 35 281
124801 707 15 1029 79 3423 12599 6736 1890 1080 152 280 5945 2360 1312 1515 0 2481 132 4931 944 176 68 77 4200 4124 123 2737 174 8 16 259 166 329 18 147
124802 709 15 2975 234 10018 36759 19557 5558 3089 428 820 17509 6839 3889 4531 1 7303 378 14460 2695 523 187 221 12247 12146 340 7893 514 22 50 746 488 938 57 442
124803 708 15 1483 112 4989 18265 9758 2753 1534 210 406 8607 3388 1926 2251 1 3619 185 7206 1350 257 96 112 6049 6031 171 3945 260 11 25 373 250 465 28 220
124805 706 12 1701 134 5705 21011 11198 3143 1769 241 470 9954 3907 2216 2672 0 4192 209 8363 1550 299 102 129 6975 6913 199 4577 293 13 30 431 280 530 33 255
124806 706 12 1349 107 4567 16667 8976 2534 1408 205 364 7914 3114 1769 2073 1 3353 176 6658 1217 234 89 96 5542 5550 148 3618 226 11 23 346 218 420 26 197
124826 698 12 815 64 2758 10053 5407 1530 854 120 221 4800 1889 1068 1237 0 2001 104 3997 737 144 53 63 3364 3327 95 2214 138 6 14 206 132 258 15 120
124828 698 12 299 23 990 3666 1949 553 310 45 83 1738 683 381 439 0 731 38 1435 270 51 20 20 1221 1215 33 776 49 2 4 75 49 92 5 43
124829 704 11 359 27 1214 4426 2351 681 376 54 97 2128 830 474 554 0 871 47 1734 324 65 24 25 1492 1458 42 947 60 2 6 87 59 115 6 53
124830 701 11 1258 98 4223 15502 8258 2346 1320 184 343 7370 2881 1637 1892 0 3065 158 6080 1141 222 79 92 5162 5114 146 3348 213 9 21 313 200 397 23 187
124832 699 11 4284 328 14354 52745 28199 7938 4460 633 1176 25002 9832 5570 6493 3 10479 540 20803 3896 758 278 319 17565 17401 494 11417 730 33 72 1079 701 1352 80 630
124834 698 11 829 60 2761 10109 5394 1533 856 117 229 4823 1894 1065 1265 0 2022 101 3981 740 144 50 56 3352 3334 95 2170 145 5 14 204 134 259 16 126
124835 698 11 1225 85 4070 14983 7817 2285 1250 166 338 7128 2765 1600 1853 0 2960 139 5788 1095 215 68 84 4971 4912 142 3185 216 8 22 301 195 380 22 192
124837 701 11 3111 231 10446 38453 20354 5815 3232 445 863 18176 7126 4061 4722 1 7591 381 15009 2843 554 195 232 12801 12631 363 8253 544 23 54 782 503 990 59 476
124838 700 11 3936 320 13328 48843 26258 7308 4139 595 1104 23137 9088 5122 5962 3 9726 518 19396 3644 685 261 291 16290 16182 454 10626 666 31 67 995 665 1249 73 558
124882 722 11 697 50 2335 8540 4531 1299 722 99 192 4063 1588 918 1047 0 1689 83 3323 633 125 42 52 2835 2817 82 1840 120 5 12 173 111 211 13 106
124893 698 12 1822 141 6140 22524 12066 3402 1910 265 504 10578 4185 2363 2732 2 4443 232 8886 1678 322 119 139 7494 7441 215 4858 311 14 31 462 301 578 33 262
124894 698 12 562 45 1923 7056 3777 1059 589 85 159 3354 1315 740 872 0 1407 76 2792 525 97 39 44 2357 2330 65 1529 96 4 8 143 92 180 10 83
124895 698 12 1683 128 5583 20668 10903 3103 1740 235 475 9792 3815 2165 2540 1 4076 212 8066 1537 296 101 124 6874 6802 198 4433 291 10 29 414 265 527 31 253
124897 698 12 2489 195 8379 30770 16549 4611 2599 362 681 14560 5739 3240 3821 2 6131 319 12225 2289 437 160 188 10230 10182 286 6684 424 19 41 626 415 786 47 362
124898 696 12 2240 171 7450 27437 14648 4121 2333 324 614 12898 5088 2883 3390 2 5454 279 10831 2040 390 145 169 9100 9053 261 5952 380 17 37 568 360 702 41 326
