129178 779 11 397 32 1330 4901 2601 750 416 57 113 2309 907 514 594 0 985 46 1923 363 69 25 28 1625 1636 45 1055 66 2 7 98 64 125 7 58
129204 810 41 1324 108 4503 16411 8818 2492 1381 193 367 7791 3079 1742 2035 0 3260 174 6504 1212 229 87 104 5473 5416 154 3578 226 10 23 334 222 425 24 191
129205 811 41 827 60 2768 10199 5422 1548 853 122 232 4868 1884 1081 1267 0 2041 96 4008 744 148 50 56 3357 3389 96 2185 147 6 14 208 138 254 15 126
129206 765 23 2283 178 7652 28240 14992 4254 2382 336 629 13405 5260 2992 3453 1 5604 290 11079 2084 393 147 169 9422 9292 263 6096 389 15 39 578 366 725 42 342
129209 766 23 801 57 2656 9760 5177 1494 818 110 218 4662 1820 1043 1203 0 1942 92 3803 721 142 47 57 3233 3211 93 2110 141 5 14 199 127 246 15 126
129210 765 23 4001 313 13482 49264 26439 7415 4198 591 1092 23300 9218 5182 6095 3 9834 520 19535 3681 701 263 297 16500 16246 459 10728 677 32 65 1006 652 1252 74 581
129211 766 23 939 74 3215 11576 6293 1758 974 137 260 5499 2198 1213 1497 0 2319 118 4626 847 163 59 77 3840 3822 111 2568 166 7 16 237 153 294 18 142
129212 767 23 675 50 2248 8210 4355 1239 689 95 182 3888 1522 867 1010 0 1632 82 3213 592 118 40 49 2728 2694 78 1772 116 4 11 170 107 207 12 102
129213 791 23 674 49 2266 8347 4412 1250 694 94 189 3948 1541 878 1007 0 1641 81 3246 607 122 39 49 2767 2749 82 1800 121 4 12 171 112 216 12 104
129215 789 22 1034 76 3488 12724 6758 1932 1066 148 289 6068 2380 1335 1574 0 2536 128 4989 938 182 66 71 4241 4204 121 2753 176 7 17 253 164 323 18 154
129216 790 22 1120 88 3824 13984 7498 2119 1157 161 317 6671 2607 1472 1759 0 2778 139 5540 1036 201 71 85 4641 4658 131 3029 194 7 20 280 181 350 22 171
129217 791 22 2192 168 7396 26971 14400 4089 2267 319 599 12815 5033 2851 3294 1 5383 272 10569 1990 387 140 162 8992 8917 249 5839 384 15 38 548 352 690 41 334
129218 793 20 359 28 1196 4356 2346 663 376 53 96 2086 813 455 546 0 866 45 1725 331 62 22 24 1452 1447 44 945 58 3 5 91 57 109 6 49
129222 793 18 1666 128 5628 20514 10871 3140 1722 232 471 9786 3846 2185 2556 1 4085 202 7996 1510 293 103 120 6812 6718 194 4450 293 12 28 415 259 518 32 256
129223 793 18 101 8 335 1258 642 190 102 13 29 602 233 135 156 0 248 12 488 92 17 5 6 420 413 12 258 17 0 2 24 17 32 1 15
129224 794 18 685 57 2320 8466 4576 1271 720 104 187 4048 1594 881 1088 0 1696 95 3383 632 120 46 51 2811 2798 83 1860 113 5 11 174 108 212 13 99
129226 794 18 242 17 794 2921 1509 449 245 33 67 1389 543 314 356 0 579 26 1133 207 42 12 15 956 957 28 611 42 1 4 59 40 75 4 37
129227 672 14 1185 92 3998 14588 7765 2230 1234 173 325 6982 2732 1542 1865 1 2920 147 5754 1068 206 73 87 4824 4833 139 3154 208 9 20 293 192 367 22 178
129229 673 14 1273 93 4233 15671 8324 2349 1312 191 356 7361 2902 1638 1898 0 3101 163 6106 1150 219 86 93 5226 5144 143 3342 217 9 21 321 213 398 24 187
129230 672 14 382 28 1276 4706 2444 717 387 49 106 2243 857 505 571 0 929 43 1821 347 65 20 27 1549 1552 42 985 70 1 7 91 66 116 7 63
129231 732 18 542 48 1842 6739 3673 1025 582 85 144 3261 1286 712 879 0 1356 81 2726 507 95 40 44 2277 2207 68 1501 89 5 8 137 87 178 10 72
129232 735 18 1949 143 6532 23993 12667 3604 2016 279 546 11406 4436 2541 2936 1 4739 232 9361 1765 338 118 140 8000 7897 218 5134 340 14 35 486 313 619 37 300
129234 733 17 2653 201 8925 32624 17430 4965 2734 388 732 15533 6071 3451 4028 1 6477 330 12866 2398 469 167 195 10870 10761 297 7049 452 21 46 663 437 829 50 392
129235 733 17 2591 208 8736 32032 17167 4821 2709 374 710 15203 5991 3379 4010 1 6392 341 12719 2381 452 167 195 10683 10548 307 7003 433 22 43 650 426 820 47 370
129236 736 17 1921 140 6456 23731 12578 3601 1985 274 521 11238 4402 2516 2885 1 4666 239 9236 1738 340 125 141 7883 7813 223 5076 339 14 34 489 314 607 36 287
129239 734 17 849 59 2885 10508 5537 1585 881 117 240 5009 1942 1118 1329 0 2088 99 4112 765 147 49 59 3468 3462 99 2258 150 6 16 217 138 265 16 135
129241 738 17 565 44 1923 6991 3667 1090 581 77 161 3352 1299 754 882 0 1399 64 2715 500 95 31 41 2311 2294 60 1495 100 3 11 139 96 174 11 91
129243 736 17 993 77 3375 12305 6631 1880 1045 147 273 5829 2309 1308 1564 0 2457 126 4885 907 179 66 76 4082 4075 115 2681 175 7 18 253 164 314 19 148
129244 737 17 2130 158 7151 26276 13816 3965 2190 295 601 12469 4857 2770 3234 1 5208 248 10217 1924 366 127 152 8726 8631 242 5600 372 15 38 536 352 661 39 323
129245 735 17 2053 158 6887 25281 13422 3836 2129 294 564 11943 4726 2664 3126 2 5017 258 9954 1869 355 126 150 8388 8326 241 5425 351 16 35 520 337 641 39 297
129247 735 17 1735 130 5873 21532 11484 3244 1801 249 485 10213 3988 2273 2647 1 4288 215 8481 1570 308 108 128 7135 7133 200 4646 299 12 29 444 283 553 32 262
129248 735 17 2881 218 9731 35599 18936 5407 2978 409 803 16925 6641 3762 4385 1 7081 351 13937 2611 505 178 211 11837 11720 333 7705 502 20 51 732 474 905 53 437
129249 735 17 668 53 2226 8127 4349 1227 677 94 182 3858 1506 855 989 0 1619 83 3200 594 116 39 48 2697 2698 73 1750 117 4 11 164 109 208 12 101
129251 725 13 1463 112 4883 17853 9430 2739 1504 208 394 8535 3318 1898 2235 0 3538 168 6979 1317 257 89 104 5938 5871 164 3831 255 9 27 364 236 457 28 227
129252 725 13 2236 167 7443 27506 14535 4125 2294 318 627 13032 5060 2901 3435 1 5451 271 10756 2008 388 135 158 9101 9082 263 5874 393 16 38 560 368 696 42 337
129261 605 23 193 16 656 2358 1241 373 203 30 52 1154 451 255 308 0 478 26 942 173 33 12 12 796 773 22 517 32 2 3 46 29 58 3 28
129262 626 23 829 63 2784 10133 5400 1560 850 115 224 4825 1890 1076 1244 0 2031 102 3979 752 145 50 58 3347 3372 100 2191 142 4 14 207 135 260 15 123
129264 626 23 2870 228 9651 35509 19065 5308 3005 426 798 16798 6623 3724 4362 1 7073 376 14077 2635 505 185 218 11848 11719 332 7734 483 23 48 732 479 915 53 415
129267 682 34 2278 178 7618 28203 15018 4158 2380 340 633 13278 5236 2955 3492 2 5587 299 11161 2096 405 153 173 9414 9288 261 6055 384 17 36 573 371 724 41 326
129268 668 36 440 34 1513 5495 2975 838 473 68 125 2623 1023 576 701 0 1110 55 2195 412 77 30 37 1830 1826 50 1200 75 2 7 107 71 137 9 66
129294 712 33 689 51 2317 8515 4505 1281 709 96 193 4063 1588 912 1050 0 1674 90 3351 626 119 40 49 2845 2778 79 1828 119 5 11 175 112 215 13 104
129296 712 33 582 43 1940 7208 3832 1079 603 87 163 3364 1338 751 890 0 1440 75 2858 526 104 38 43 2388 2374 65 1550 97 5 9 151 95 182 11 85
129297 713 32 938 72 3153 11667 6244 1753 980 140 263 5458 2148 1230 1414 1 2301 123 4605 859 169 63 74 3857 3859 107 2508 162 7 16 234 154 301 18 139
129303 664 14 927 67 3114 11511 6090 1715 965 133 257 5364 2103 1216 1371 0 2276 118 4510 852 164 57 66 3794 3795 107 2452 162 6 16 243 150 297 18 142
129305 666 14 706 54 2320 8649 4521 1306 734 98 197 4063 1595 907 1040 0 1706 87 3342 651 127 42 51 2885 2825 84 1826 120 4 12 172 109 221 12 106
129307 666 14 2581 196 8583 31628 16815 4743 2667 370 710 14900 5890 3332 3891 2 6286 320 12408 2337 448 166 185 10521 10406 291 6816 443 18 42 640 424 812 49 385
129366 663 11 1686 130 5676 20749 11030 3157 1738 236 471 9871 3852 2198 2611 0 4134 206 8172 1533 294 103 130 6886 6821 192 4495 293 12 29 422 274 516 33 259
129388 692 22 1658 119 5538 20377 10781 3104 1714 243 456 9597 3784 2165 2520 0 4063 203 8002 1491 288 105 120 6766 6694 177 4387 282 12 29 419 272 519 33 249
129401 672 21 1552 117 5232 19028 10149 2915 1609 219 424 9051 3567 2013 2342 1 3774 191 7450 1416 273 94 111 6358 6251 178 4123 266 10 27 383 250 488 29 234
129404 672 21 3531 271 11799 43294 23188 6485 3654 516 971 20571 8070 4544 5376 2 8611 442 17109 3194 615 224 257 14409 14283 410 9388 599 28 58 890 573 1102 65 514
129405 672 21 835 60 2780 10245 5393 1549 853 115 235 4817 1880 1081 1244 1 2035 99 4002 752 146 49 59 3365 3395 94 2182 145 5 15 205 136 260 16 131
129431 652 21 936 73 3132 11478 6106 1720 977 132 258 5426 2128 1215 1376 0 2283 116 4503 866 161 58 66 3832 3772 108 2467 157 7 15 236 156 290 16 134
129432 651 21 423 32 1421 5214 2805 779 445 64 114 2445 974 544 638 0 1034 55 2065 388 76 27 31 1730 1723 47 1138 71 3 6 107 68 133 8 61
129433 652 21 107 8 338 1276 650 188 108 14 28 589 237 135 150 0 255 11 483 92 17 6 7 428 406 11 267 18 0 1 26 17 33 1 15
129434 651 21 1339 102 4463 16378 8727 2475 1382 190 368 7726 3056 1722 1991 0 3232 169 6437 1214 234 85 96 5456 5384 149 3521 225 10 22 339 215 417 25 198
129435 652 21 1163 93 3928 14382 7762 2160 1212 173 318 6796 2690 1512 1788 0 2864 152 5732 1079 203 78 90 4767 4767 142 3151 194 9 20 298 195 366 20 164
129439 655 21 331 25 1096 4031 2168 602 336 49 93 1904 752 426 498 0 803 40 1598 291 55 22 23 1327 1340 34 872 58 2 5 82 56 100 6 49
129440 656 21 1197 85 3980 14620 7751 2187 1227 170 324 6906 2717 1540 1812 0 2888 143 5741 1073 208 71 84 4846 4793 134 3157 203 9 20 300 191 368 22 183
129442 668 16 1747 140 5983 21684 11779 3284 1814 259 485 10350 4065 2295 2747 1 4331 219 8671 1601 308 113 137 7244 7203 198 4793 296 13 30 444 292 561 34 252
129443 668 16 101 7 349 1264 675 197 103 13 28 605 236 134 151 0 251 12 492 94 18 5 7 415 421 10 275 17 0 2 25 16 30 1 15
129446 672 15 2017 161 6761 24881 13264 3771 2117 300 551 11767 4661 2615 3037 1 4925 269 9808 1848 350 131 150 8318 8209 233 5383 343 15 34 500 325 647 36 295
129447 666 15 73 4 254 920 474 142 74 10 21 440 166 102 117 0 183 7 349 64 13 4 4 301 300 7 194 15 0 1 19 11 23 1 13
129448 654 17 1140 88 3821 14085 7514 2085 1197 166 318 6623 2617 1464 1731 0 2779 153 5571 1042 201 76 86 4714 4603 134 3068 191 9 18 283 187 366 20 164
129453 654 17 516 36 1759 6393 3364 979 533 68 148 3084 1183 684 827 0 1277 58 2496 467 90 28 38 2108 2104 63 1378 94 3 10 131 83 158 10 84
129454 654 17 150 10 497 1830 915 284 148 19 44 872 333 198 216 0 352 14 666 132 25 8 9 605 586 16 369 29 0 3 36 23 47 2 27
129455 654 17 2394 197 8060 29528 15781 4440 2491 347 660 13927 5470 3074 3634 2 5877 304 11675 2192 410 155 181 9833 9792 268 6373 402 17 41 602 400 750 43 347
129456 657 17 2711 205 9083 33382 17716 4998 2818 396 752 15750 6205 3524 4086 2 6628 340 13112 2474 477 175 205 11164 10975 313 7204 463 21 46 682 439 855 50 400
129457 686 15 256 22 859 3203 1692 480 279 42 70 1519 601 337 391 0 629 36 1255 244 45 17 18 1072 1046 33 685 39 2 3 67 42 82 4 33
129462 685 15 678 50 2333 8404 4554 1298 704 100 185 4046 1581 898 1069 0 1693 84 3356 606 118 42 50 2787 2815 77 1840 115 5 11 172 108 208 13 104
129464 678 15 2112 168 7096 25963 13913 3912 2188 302 579 12282 4861 2715 3245 1 5173 270 10283 1920 367 134 161 8675 8541 245 5685 356 14 34 532 342 663 39 313
129465 721 35 462 37 1550 5715 3019 871 476 64 133 2703 1070 601 700 0 1135 59 2227 422 81 28 36 1906 1864 50 1235 80 2 8 112 78 145 8 69
129472 675 23 1880 141 6302 23241 12234 3517 1957 269 533 11065 4295 2461 2858 1 4617 233 9069 1724 328 115 138 7711 7647 219 4970 331 14 33 470 312 584 34 288
129473 675 23 219 18 736 2648 1472 394 234 34 54 1249 506 273 325 0 532 33 1080 205 35 15 16 884 880 24 603 32 1 3 54 37 66 3 26
129474 675 23 2008 157 6712 24823 13198 3719 2080 301 551 11699 4605 2616 3031 1 4942 259 9782 1829 351 135 150 8301 8195 227 5348 337 15 34 506 329 639 37 294
129475 675 23 1064 81 3566 13038 7030 1946 1106 157 287 6139 2448 1371 1602 1 2602 140 5201 971 182 69 81 4339 4326 122 2872 177 8 17 265 176 331 19 149
129476 677 23 608 39 2011 7464 3918 1128 622 85 168 3502 1366 791 890 0 1468 74 2895 549 108 34 42 2439 2469 67 1578 108 4 11 153 102 186 12 94
129477 675 23 2335 178 7781 28626 15157 4296 2411 328 641 13520 5303 3001 3481 1 5679 280 11202 2120 407 138 170 9478 9463 268 6134 400 15 40 592 383 724 41 356
129478 693 23 142 10 481 1772 915 264 149 20 40 837 323 188 217 0 346 15 685 128 26 8 11 583 585 17 364 26 1 2 37 22 44 2 23
129486 689 18 8000 625 26898 98726 52657 14913 8333 1173 2221 46744 18368 10420 12127 5 19656 1003 38791 7308 1407 518 596 32806 32627 922 21301 1377 59 139 2004 1310 2514 149 1185
129507 689 20 2033 151 6792 25000 13212 3763 2102 289 564 11874 4608 2639 3103 1 4983 240 9822 1836 350 127 148 8275 8258 233 5337 352 14 37 508 330 632 38 314
129703 747 46 2169 165 7295 26688 14153 4067 2246 313 594 12655 4997 2833 3293 2 5297 274 10460 1960 383 134 162 8893 8782 253 5751 374 15 38 543 352 679 40 328
129729 717 26 545 40 1819 6698 3554 1008 568 78 151 3164 1251 706 825 0 1324 66 2609 490 94 33 39 2218 2215 64 1425 95 4 10 138 92 167 9 81
129730 717 26 3714 274 12436 45566 24079 6900 3845 528 1034 21633 8491 4821 5636 2 9019 445 17869 3362 650 226 261 15179 14990 424 9753 635 26 66 918 608 1165 70 563
129731 714 25 2038 156 6809 25180 13365 3782 2113 297 572 11887 4663 2651 3088 1 4990 255 9886 1860 363 131 151 8371 8290 236 5413 355 14 35 514 337 639 38 304
129733 714 25 1086 88 3651 13376 7179 2024 1122 156 302 6349 2501 1409 1674 1 2663 139 5320 980 191 69 85 4451 4437 128 2908 181 8 18 275 181 337 20 157
129734 714 25 370 26 1228 4543 2361 701 383 54 102 2142 841 483 543 0 890 43 1742 335 65 22 26 1503 1487 42 958 65 2 7 90 60 113 6 58
129735 714 25 5239 396 17568 64447 34392 9718 5408 752 1440 30527 11966 6797 7933 3 12806 634 25320 4745 918 328 388 21364 21326 599 13908 900 39 93 1324 860 1647 99 785
129736 713 16 2187 171 7443 27040 14495 4103 2278 319 606 12886 5043 2848 3373 1 5392 269 10706 1986 383 140 160 9021 8963 254 5868 373 16 37 553 355 689 41 326
129739 713 16 355 29 1215 4443 2397 673 381 55 97 2083 831 465 526 0 884 49 1775 343 63 25 29 1482 1471 43 970 58 3 6 90 59 117 6 48
129741 710 16 161 11 553 1999 1077 313 169 24 46 964 381 215 244 0 396 20 774 148 29 10 11 677 653 18 436 28 1 2 39 25 49 3 24
129742 710 16 1387 105 4634 17075 9134 2556 1458 204 380 8038 3175 1785 2084 1 3387 181 6727 1264 241 91 103 5703 5633 159 3696 231 11 22 348 223 438 25 200
129743 710 16 3983 306 13323 48856 26020 7371 4116 565 1093 23059 9068 5138 6071 3 9729 489 19238 3587 697 247 295 16181 16115 456 10598 683 27 67 1005 637 1244 77 606
129744 710 16 1026 80 3410 12585 6658 1894 1064 144 288 5970 2343 1310 1563 0 2500 129 4937 936 179 60 77 4204 4129 119 2723 170 7 18 258 167 321 18 153
129745 710 16 648 52 2203 8022 4324 1226 665 92 177 3802 1512 851 1006 0 1609 79 3196 595 110 40 49 2653 2666 75 1751 109 5 11 161 111 205 12 95
129746 713 16 751 61 2522 9290 4940 1403 782 110 208 4403 1719 988 1127 0 1845 95 3644 685 133 49 58 3102 3055 84 1991 132 5 13 191 123 240 14 112
129747 738 15 1027 77 3445 12649 6718 1916 1051 141 289 6025 2333 1336 1570 1 2532 123 4990 928 180 62 75 4174 4196 118 2713 178 6 18 260 169 314 19 161
129759 568 11 846 59 2844 10435 5478 1600 869 117 235 4954 1936 1117 1281 0 2066 102 4077 764 154 49 58 3467 3437 98 2231 152 5 15 208 137 266 16 135
129768 677 21 980 76 3315 12144 6489 1841 1030 142 272 5747 2278 1279 1480 1 2410 131 4795 908 172 61 75 4050 4012 120 2641 166 7 17 243 157 314 17 139
129786 628 21 3620 281 12103 44559 23643 6728 3756 522 1012 21175 8269 4710 5519 2 8853 452 17459 3305 628 227 266 14836 14624 415 9626 627 26 63 908 590 1138 68 541
129789 617 16 962 77 3262 11898 6346 1811 992 138 268 5700 2197 1249 1476 0 2380 118 4673 873 170 60 70 3970 3935 110 2584 163 6 16 240 157 291 18 149
129795 714 25 315 21 1039 3904 2039 574 326 46 90 1840 718 408 484 0 771 37 1524 287 54 20 21 1292 1283 35 818 53 2 5 76 52 99 5 46
129797 717 25 898 69 2999 11077 5832 1660 927 126 248 5202 2058 1178 1366 0 2203 109 4341 812 159 56 63 3662 3648 104 2354 155 7 16 230 148 286 17 134
129799 715 25 2487 188 8345 30779 16309 4634 2555 347 703 14570 5671 3233 3783 1 6110 314 12082 2274 438 153 183 10223 10189 284 6579 428 14 43 619 405 777 47 382
129800 716 25 498 36 1682 6184 3262 925 516 68 141 2924 1139 654 785 0 1221 59 2420 450 86 30 36 2043 2032 58 1330 86 3 8 129 81 156 10 79
129801 719 25 1839 143 6138 22645 12012 3394 1901 262 503 10701 4195 2389 2726 1 4499 228 8880 1671 317 117 133 7533 7455 201 4848 315 12 31 463 302 576 36 276
129803 677 40 538 39 1800 6664 3534 993 552 76 149 3169 1235 706 832 0 1320 64 2613 488 94 34 40 2220 2200 64 1441 92 3 9 135 88 175 9 82
129808 627 13 1874 143 6313 23048 12321 3475 1920 267 525 10986 4297 2425 2877 1 4595 230 9083 1687 330 113 137 7678 7613 217 4981 326 13 33 475 309 579 35 284
129809 667 39 930 72 3112 11460 6087 1728 968 138 260 5454 2133 1217 1426 0 2282 120 4487 845 162 60 65 3831 3768 107 2465 159 6 15 233 146 291 17 140
129810 673 40 2060 152 6903 25414 13445 3844 2121 290 579 12031 4677 2676 3110 1 5042 245 9901 1850 368 127 148 8425 8388 236 5415 362 14 37 524 341 646 39 321
129814 670 40 566 44 1910 7001 3706 1066 589 81 157 3333 1306 745 884 0 1390 69 2737 512 102 33 45 2334 2303 67 1510 101 4 10 142 90 181 10 87
129815 674 39 219 19 736 2747 1493 390 242 37 57 1291 516 279 340 0 542 33 1118 209 37 16 15 932 906 26 593 33 2 3 58 37 72 3 26
129816 675 39 1779 133 5968 21865 11630 3303 1838 252 491 10402 4092 2304 2775 0 4348 214 8653 1601 308 107 130 7248 7200 214 4736 306 13 29 449 288 557 35 268
129822 675 39 747 56 2517 9278 4884 1414 780 108 212 4446 1733 994 1153 0 1857 97 3643 683 130 49 52 3117 3044 88 1988 128 5 12 186 121 232 13 110
129823 673 39 1732 126 5807 21369 11357 3203 1800 250 482 10104 3988 2257 2600 1 4216 216 8366 1590 300 110 126 7120 7002 204 4610 298 13 29 431 279 551 31 255
129825 673 39 3055 241 10303 37770 20094 5722 3188 440 844 17952 7041 3985 4683 2 7508 384 14846 2786 541 195 225 12602 12412 358 8153 522 22 52 770 499 964 57 457
129826 673 39 171 11 582 2122 1132 325 171 23 48 1006 395 225 260 0 428 19 834 150 29 10 10 682 714 17 448 30 1 3 43 31 51 3 27
129827 684 39 4800 379 16227 59649 31983 8886 5061 717 1317 28104 11144 6273 7237 3 11834 642 23611 4467 848 318 358 19921 19688 553 12925 797 37 79 1218 774 1548 88 685
129828 684 39 628 44 2060 7710 4090 1130 635 89 172 3592 1407 806 918 0 1524 80 3033 560 108 40 45 2563 2547 69 1645 106 4 10 154 106 201 12 91
129829 669 39 2158 168 7325 26732 14290 4045 2237 315 603 12720 5000 2826 3296 1 5336 279 10540 1968 377 139 159 8866 8826 244 5792 365 16 38 540 356 676 40 318
129832 669 39 3762 288 12595 46420 24668 6945 3897 545 1039 21889 8624 4897 5677 3 9166 467 18303 3411 663 242 275 15405 15313 432 9974 644 29 63 963 613 1184 71 562
129834 693 52 335 26 1108 4107 2167 613 353 50 92 1956 764 433 505 0 811 41 1624 309 58 21 23 1379 1345 41 885 56 2 5 83 54 104 6 49
129835 699 50 241 16 811 2955 1564 450 243 31 68 1416 541 315 364 0 577 25 1144 212 42 12 16 976 982 26 626 43 1 4 61 40 71 4 40
129839 699 50 274 19 906 3348 1771 499 281 39 76 1581 617 356 422 0 667 32 1319 245 46 16 17 1103 1103 31 723 47 2 5 66 44 86 5 39
129841 693 50 190 14 658 2391 1270 372 194 28 56 1137 445 251 301 0 473 24 927 175 33 11 13 783 786 19 506 34 1 3 47 34 57 4 30
129842 693 50 244 18 795 2957 1548 446 251 35 68 1408 546 310 349 0 579 28 1141 219 40 13 17 986 971 27 622 40 1 4 56 38 76 4 36
129843 698 50 105 7 350 1277 656 196 107 13 30 622 238 137 163 0 252 11 486 92 18 4 6 413 411 13 266 20 0 1 26 17 31 2 17
129844 696 38 459 36 1582 5702 3148 867 480 73 121 2703 1089 610 708 0 1140 63 2301 422 82 33 37 1927 1895 52 1275 77 3 7 117 72 146 9 65
129845 696 38 2591 201 8628 31796 16785 4801 2683 373 718 15137 5908 3362 3950 1 6334 321 12442 2336 452 164 186 10599 10448 295 6829 443 17 45 642 420 808 48 391
129846 702 38 727 53 2422 8964 4727 1355 747 103 204 4274 1645 943 1093 0 1785 85 3488 658 127 44 50 2947 2975 81 1897 129 4 12 181 122 221 14 114
129847 694 38 398 28 1317 4890 2598 731 414 58 113 2299 908 517 591 0 973 51 1910 366 70 26 28 1627 1605 48 1054 68 3 6 97 66 127 7 56
129848 686 38 682 51 2295 8478 4519 1260 717 100 189 3983 1577 891 1024 0 1681 94 3354 633 123 44 51 2848 2779 81 1826 117 5 10 172 114 221 13 97
129852 710 48 1861 139 6286 22977 12292 3466 1932 269 512 10858 4280 2432 2813 1 4537 234 9047 1705 326 117 140 7645 7593 210 4969 315 14 31 469 306 582 35 275
129858 710 48 3855 292 12889 47377 25118 7167 4000 557 1074 22397 8802 5008 5796 2 9397 476 18554 3511 673 243 278 15773 15610 444 10169 663 28 66 970 624 1209 71 580
129859 730 40 2306 178 7762 28513 15092 4304 2405 332 641 13602 5313 2999 3529 1 5656 288 11183 2106 404 143 166 9495 9386 270 6120 397 16 39 580 378 725 43 346
129860 726 39 1663 126 5591 20483 10845 3133 1696 235 462 9802 3811 2179 2556 0 4059 200 8049 1484 289 98 113 6810 6761 186 4387 288 11 29 415 279 518 32 255
129862 716 39 3007 236 10118 37069 19877 5592 3142 447 831 17558 6905 3919 4562 2 7412 386 14697 2734 528 199 232 12354 12230 345 8038 505 24 51 751 490 946 56 443
129863 711 39 600 45 2026 7342 3901 1114 610 82 171 3484 1361 769 925 0 1466 68 2887 532 102 35 43 2417 2423 60 1574 105 3 11 146 100 180 11 94
129865 711 39 555 44 1894 6879 3693 1045 583 81 154 3302 1293 734 878 0 1382 66 2724 509 97 35 45 2283 2272 67 1508 95 4 10 138 88 176 10 83
129866 716 39 854 67 2871 10507 5658 1577 893 125 236 4953 1962 1107 1286 1 2078 108 4169 781 148 56 65 3484 3501 101 2282 142 7 13 212 139 270 15 121
129867 713 39 277 17 913 3388 1773 506 285 38 77 1583 621 353 404 0 662 34 1309 253 50 16 20 1116 1105 31 717 49 2 4 68 42 85 5 43
129868 716 39 129 10 447 1616 878 247 132 18 37 778 300 172 207 0 329 16 633 114 23 7 9 535 538 12 353 23 0 2 33 22 40 2 20
129870 709 39 3466 281 11671 42782 22747 6446 3616 503 955 20308 7959 4505 5307 3 8501 443 16858 3182 605 220 259 14224 14089 404 9266 595 26 60 869 572 1089 63 509
129871 748 53 1894 144 6298 23248 12306 3489 1960 279 526 10974 4309 2445 2837 1 4614 233 9105 1726 334 120 137 7740 7665 212 4986 325 14 31 474 308 602 35 280
129872 740 44 1505 127 5140 18744 10258 2787 1638 239 398 8844 3554 1977 2294 1 3742 218 7587 1422 273 108 122 6352 6192 175 4181 242 14 23 388 242 486 26 200
129874 733 38 897 64 2956 11005 5788 1643 930 130 243 5169 2029 1160 1328 0 2164 111 4275 810 156 56 67 3672 3587 105 2333 153 7 15 225 146 281 16 132
129875 801 62 1220 97 4160 15049 8047 2312 1267 176 333 7209 2826 1597 1920 1 3008 147 5955 1109 215 75 91 5003 4966 142 3288 211 8 22 308 198 377 23 185
129877 731 11 1584 122 5312 19627 10405 2966 1647 226 440 9313 3640 2062 2410 1 3876 199 7702 1457 273 97 120 6512 6468 193 4212 267 11 26 401 260 500 29 231
129887 625 13 968 73 3278 11933 6388 1826 996 140 270 5643 2227 1270 1459 0 2359 120 4698 868 169 63 73 3972 3953 112 2587 163 7 17 240 157 305 19 145
129889 625 13 9053 691 30415 111593 59310 16863 9362 1303 2513 52920 20694 11783 13859 5 22212 1122 43851 8217 1591 569 676 37094 36786 1047 24086 1567 66 158 2264 1477 2851 171 1362
129890 623 11 71 4 234 878 453 136 74 10 20 425 155 94 108 0 172 7 335 63 13 4 5 293 287 8 179 13 0 1 17 11 22 1 11
129895 721 42 1349 105 4571 16740 8977 2534 1411 195 375 7966 3137 1767 2086 0 3335 173 6622 1242 235 89 107 5541 5542 164 3662 235 9 23 344 220 424 24 200
129900 722 42 220 19 748 2720 1511 400 234 32 59 1285 511 276 341 0 550 30 1103 203 37 15 19 902 918 27 624 35 1 3 57 34 69 4 29
129901 722 42 2964 225 9932 36692 19463 5479 3077 431 827 17233 6778 3849 4497 3 7262 375 14412 2712 519 188 215 12218 12094 342 7869 505 21 51 741 487 935 55 438
129909 666 32 135 9 452 1702 880 251 141 19 40 802 306 178 209 0 334 17 662 128 23 8 10 559 560 16 356 24 1 2 33 24 44 2 19
129911 610 17 785 58 2614 9621 5107 1461 816 115 213 4511 1797 1015 1168 0 1902 102 3760 725 139 52 59 3206 3149 93 2079 130 6 13 194 122 244 14 117
129914 608 16 198 14 686 2428 1326 377 208 29 53 1146 460 254 301 0 478 26 961 181 36 13 14 803 808 23 542 33 1 3 51 31 60 3 30
129915 614 17 169 11 562 2072 1094 303 175 23 46 971 381 220 263 0 404 19 820 155 29 9 13 684 680 21 448 29 1 2 42 26 54 3 25
129917 611 16 774 63 2626 9569 5151 1432 814 111 211 4485 1779 1015 1172 0 1903 96 3815 713 136 51 61 3180 3173 90 2096 132 6 13 198 124 244 14 116
129918 611 16 772 58 2596 9522 5044 1431 801 109 215 4494 1769 1001 1171 0 1889 93 3711 709 132 46 56 3160 3127 94 2052 134 6 12 192 124 244 13 115
129919 617 16 8306 622 27936 102255 54568 15486 8604 1202 2301 48492 19004 10769 12576 6 20314 1023 40205 7558 1459 520 616 33953 33782 952 22093 1421 60 144 2067 1360 2601 157 1240
129920 617 16 1123 86 3778 13775 7349 2096 1163 161 316 6535 2580 1449 1703 0 2748 140 5414 1023 197 68 82 4576 4543 134 2988 190 8 20 275 183 348 20 165
129963 610 11 329 23 1104 4060 2148 602 335 45 94 1940 751 425 517 0 804 40 1587 302 58 20 24 1347 1331 38 874 56 2 6 84 51 101 6 54
129976 618 18 2100 163 7153 26100 13936 3952 2187 303 592 12413 4870 2758 3283 1 5216 261 10327 1918 373 130 151 8611 8662 246 5652 364 15 37 533 352 651 40 318
129980 620 18 1884 147 6349 23297 12496 3519 1971 283 520 11035 4347 2452 2868 1 4648 245 9208 1725 327 128 135 7786 7728 212 5034 318 13 31 484 307 589 35 273
130009 628 15 908 69 3018 11091 5865 1670 937 128 249 5249 2058 1170 1350 0 2197 112 4328 817 155 57 64 3687 3646 107 2373 154 6 15 226 150 279 15 132
