131700 748 23 541 42 1827 6614 3545 1001 550 76 147 3153 1248 695 832 0 1324 61 2621 480 91 32 38 2200 2188 60 1434 94 3 9 133 89 170 10 82
131705 748 23 1589 120 5285 19512 10254 2945 1645 228 443 9208 3629 2067 2371 0 3859 193 7607 1436 280 102 116 6527 6390 183 4173 266 11 28 395 251 502 29 237
131706 748 23 2573 197 8669 31476 16878 4758 2665 375 707 15022 5899 3321 3895 1 6272 316 12381 2322 449 163 185 10498 10387 295 6825 440 18 44 642 410 800 47 381
131707 739 13 637 48 2121 7790 4127 1165 654 92 177 3696 1439 814 969 0 1549 81 3059 565 112 38 45 2591 2555 74 1671 110 4 11 157 106 205 11 91
131708 739 13 2601 194 8720 32021 17033 4863 2675 367 713 15212 5941 3377 3989 2 6372 313 12605 2337 457 155 194 10613 10596 300 6908 446 18 45 650 430 805 50 394
131713 744 23 2608 202 8763 32167 17243 4832 2724 383 710 15231 6018 3398 4001 2 6399 337 12740 2388 462 168 206 10719 10602 310 7041 444 22 44 665 431 825 49 379
131715 735 17 1000 80 3332 12272 6656 1817 1048 148 270 5749 2296 1280 1478 0 2444 133 4893 924 174 67 80 4072 4093 116 2704 166 7 15 253 161 316 19 141
131717 736 17 2038 161 6805 25034 13319 3752 2103 286 568 11882 4648 2625 3072 0 4996 260 9792 1846 355 126 148 8350 8221 239 5428 349 14 34 514 337 642 36 298
131719 721 15 1089 81 3622 13452 7121 2001 1133 159 299 6326 2508 1419 1673 0 2637 140 5283 985 191 70 84 4492 4396 131 2896 185 9 17 275 177 345 20 155
131721 722 15 80 4 254 960 473 144 77 9 23 455 171 104 116 0 187 6 349 66 14 3 4 310 308 8 193 16 0 1 19 12 24 1 15
131722 721 15 1988 151 6642 24530 12926 3717 2056 283 554 11615 4527 2604 3012 2 4869 230 9567 1791 350 123 143 8153 8066 227 5234 347 13 34 500 323 625 37 303
131723 721 15 323 25 1092 4003 2147 608 339 49 89 1900 746 428 487 0 803 41 1575 297 57 22 24 1332 1320 39 875 57 2 5 82 53 100 6 48
131725 723 15 367 27 1226 4547 2392 679 380 51 104 2141 835 477 582 0 909 46 1791 333 66 20 27 1507 1505 43 976 65 2 6 90 59 117 7 57
131726 723 15 198 14 665 2465 1334 361 215 32 52 1143 458 256 306 0 491 28 994 181 36 15 16 821 810 23 540 31 2 2 52 33 63 3 25
131727 722 15 760 56 2517 9316 4866 1404 791 109 210 4416 1713 985 1137 0 1831 91 3613 688 133 47 53 3115 3030 89 1992 129 6 13 191 122 238 14 114
131733 722 15 336 24 1117 4137 2178 629 350 47 95 1960 764 436 512 0 816 41 1607 304 61 20 25 1379 1366 40 873 59 2 5 86 56 102 6 51
131734 722 15 306 22 1011 3670 1968 561 307 42 83 1750 690 390 467 0 731 34 1449 264 50 17 25 1214 1204 35 813 52 2 5 77 51 93 5 43
131735 723 15 1269 93 4210 15626 8216 2350 1311 182 358 7433 2867 1636 1909 1 3091 147 6087 1147 223 77 89 5178 5166 147 3308 217 9 22 316 211 393 24 193
131736 723 15 289 23 971 3598 1913 539 304 45 79 1700 660 377 437 0 722 40 1426 264 49 19 20 1206 1195 32 769 49 2 4 72 46 91 5 42
131737 723 15 2087 160 7009 25853 13796 3888 2165 305 577 12145 4768 2723 3158 1 5131 261 10190 1906 371 135 158 8614 8540 235 5585 358 14 36 532 346 661 41 314
131741 732 15 1374 111 4712 17151 9299 2584 1442 204 383 8174 3188 1791 2160 0 3432 182 6859 1262 242 90 110 5691 5732 160 3771 232 10 22 355 227 437 25 197
131742 742 15 1388 107 4679 17104 9240 2571 1440 204 378 8100 3204 1792 2130 0 3413 179 6803 1264 239 91 105 5684 5672 159 3743 232 10 23 353 227 431 26 203
131743 730 15 300 24 1044 3779 2019 580 311 44 84 1825 707 403 473 0 760 37 1489 273 55 20 22 1273 1251 36 827 54 1 5 75 48 99 5 45
131744 729 15 269 20 895 3292 1736 506 278 37 73 1538 602 351 385 0 653 30 1255 245 50 14 21 1092 1080 32 705 46 2 5 68 42 81 4 42
131745 730 15 2689 204 9027 33294 17678 4982 2817 386 741 15702 6206 3494 4100 2 6629 341 13091 2474 475 174 198 11032 10964 319 7189 458 19 45 680 434 843 50 399
131746 727 15 498 36 1689 6148 3284 938 511 71 144 2952 1144 657 789 0 1227 62 2420 444 85 30 38 2048 2031 58 1329 88 4 9 126 81 152 9 77
131747 729 15 2343 175 7819 28620 15301 4329 2412 333 634 13560 5317 3025 3588 1 5707 280 11290 2114 412 144 173 9484 9476 264 6231 410 16 38 588 375 726 45 354
131761 742 18 475 33 1562 5734 2995 890 481 64 131 2716 1058 606 697 0 1127 55 2204 421 83 26 30 1888 1876 53 1209 81 2 8 116 73 142 9 76
131859 725 15 2315 177 7829 28629 15354 4320 2417 343 634 13500 5328 3018 3491 1 5689 298 11348 2110 412 157 177 9522 9478 266 6202 398 19 38 590 386 724 44 343
131860 725 14 1787 139 6016 22095 11813 3326 1853 260 493 10450 4118 2342 2769 1 4400 226 8746 1632 315 115 136 7352 7297 207 4802 303 14 31 458 294 554 33 261
131861 727 14 5952 456 20031 73225 38928 11101 6131 852 1653 34817 13576 7735 9138 4 14606 732 28783 5376 1037 370 440 24292 24141 676 15793 1039 41 105 1483 973 1850 114 899
131862 725 14 2580 199 8549 31658 16843 4699 2669 374 709 14853 5868 3310 3863 2 6270 334 12445 2358 451 164 198 10516 10432 296 6848 431 20 43 640 414 823 45 373
131863 725 14 333 24 1093 4062 2128 595 348 46 91 1913 751 421 509 0 816 40 1601 301 57 19 25 1347 1324 36 881 56 2 5 82 50 103 6 50
131864 1030 238 1531 119 5163 18815 10087 2860 1581 220 419 8877 3513 1996 2330 1 3744 194 7449 1388 272 95 118 6265 6192 172 4097 261 11 26 384 248 482 29 228
131865 1033 238 1328 94 4426 16310 8641 2443 1373 189 368 7698 3023 1727 1992 1 3230 160 6382 1201 234 79 92 5397 5379 149 3489 234 9 22 331 221 416 25 203
131867 1033 238 130 10 443 1612 848 251 139 19 36 763 304 171 194 0 324 16 620 119 22 9 9 537 529 14 353 22 0 2 31 20 41 2 18
131870 1033 238 634 42 2122 7846 4144 1163 651 91 176 3705 1444 826 987 0 1562 78 3113 568 114 37 43 2582 2597 72 1690 110 4 11 156 103 198 13 99
131872 1032 238 807 59 2706 9911 5253 1513 835 115 228 4679 1839 1048 1212 0 1964 101 3878 726 139 47 58 3273 3281 96 2120 142 5 14 198 132 252 15 122
131873 1036 238 3600 276 12044 44103 23484 6652 3710 508 989 20925 8191 4640 5465 3 8769 438 17323 3266 618 220 258 14629 14587 410 9498 610 26 60 893 585 1115 65 530
131875 1035 238 1333 106 4393 16248 8629 2446 1368 190 362 7674 3006 1710 1961 1 3217 165 6383 1206 229 84 100 5372 5364 149 3492 221 9 24 329 218 416 23 194
131876 1040 239 2371 182 7955 29174 15601 4419 2465 349 651 13783 5442 3090 3551 1 5769 296 11463 2154 422 155 178 9728 9610 281 6282 405 18 41 602 379 751 44 347
131877 1051 237 602 47 1995 7373 3863 1108 617 84 164 3514 1347 779 919 0 1466 69 2866 538 106 37 43 2445 2412 69 1580 107 3 10 152 95 186 11 95
131879 1051 237 2075 159 6978 25527 13597 3877 2137 292 579 12167 4740 2696 3146 1 5087 253 10001 1883 368 124 156 8483 8441 236 5522 356 13 37 520 329 648 39 321
131881 1054 249 1022 73 3415 12615 6652 1896 1059 148 283 5955 2323 1338 1546 1 2484 124 4930 928 181 64 75 4203 4137 121 2708 177 7 18 257 160 319 19 157
131882 1055 249 2228 173 7479 27359 14611 4119 2320 318 604 12931 5087 2880 3384 1 5444 281 10798 2034 391 143 173 9111 9009 259 5989 375 15 36 563 359 700 41 330
131884 1055 249 732 57 2403 8967 4742 1334 764 108 198 4199 1666 938 1095 0 1762 96 3522 655 126 48 53 2982 2941 88 1913 123 6 11 183 121 235 13 103
131885 1055 249 5958 464 20080 73627 39399 11131 6192 870 1653 34887 13698 7778 9089 3 14669 741 29039 5442 1053 383 450 24533 24309 678 15979 1025 44 104 1515 973 1885 116 894
131887 1056 249 324 27 1091 3962 2094 609 338 47 89 1901 745 423 495 0 791 41 1559 288 56 21 23 1335 1297 34 858 53 2 5 80 52 100 6 48
131888 1057 249 897 64 2990 11086 5943 1649 923 129 250 5212 2038 1160 1329 1 2189 112 4363 812 161 57 65 3669 3693 101 2384 151 6 15 228 152 283 16 134
131889 1054 249 1665 130 5552 20434 10904 3087 1737 246 454 9667 3815 2159 2543 1 4078 208 8085 1505 291 106 124 6791 6726 190 4430 283 13 27 422 270 514 31 243
131891 1057 249 3236 246 10804 39751 21033 6041 3336 459 899 18920 7387 4206 4946 2 7925 391 15649 2924 565 199 232 13175 13138 379 8524 555 24 56 806 528 1008 61 488
131893 936 115 2813 213 9381 34477 18350 5234 2890 397 777 16318 6414 3635 4198 1 6822 346 13522 2528 493 169 205 11440 11392 322 7447 481 17 49 701 456 885 52 425
131896 975 106 416 29 1383 5068 2663 776 419 57 113 2398 935 538 629 0 1008 43 1958 363 74 22 32 1666 1662 47 1085 74 2 8 103 67 130 8 67
131897 975 102 890 68 2999 10974 5909 1652 925 131 242 5176 2056 1152 1363 0 2196 110 4391 805 158 58 65 3658 3639 102 2395 148 7 15 221 142 283 16 129
131899 975 102 3967 300 13306 48728 25967 7363 4073 568 1106 23119 9043 5121 6048 2 9713 480 19193 3579 687 248 287 16181 16097 436 10503 687 27 70 999 652 1222 78 603
131900 995 114 2049 152 6923 25375 13561 3842 2112 294 575 12058 4714 2676 3114 1 5045 252 9960 1853 359 128 148 8414 8409 231 5453 359 13 36 519 340 646 40 318
131905 996 114 5294 403 17775 65092 34859 9801 5481 768 1470 30814 12107 6855 8008 4 12936 670 25712 4793 926 341 397 21697 21479 606 14149 902 39 90 1334 872 1679 100 777
131908 995 114 2034 153 6865 25135 13454 3785 2119 300 562 11945 4695 2634 3087 1 5018 261 9887 1873 359 131 150 8386 8334 235 5453 352 13 35 513 324 639 38 306
131909 1013 100 675 49 2205 8163 4299 1228 690 95 180 3836 1523 867 982 0 1607 79 3176 607 120 42 47 2721 2670 75 1748 112 4 12 166 106 215 12 100
131910 1006 96 522 41 1763 6401 3410 988 542 75 141 3040 1207 674 804 0 1288 67 2506 470 92 32 38 2133 2118 59 1405 90 3 9 128 85 164 9 77
131912 1006 96 2221 175 7451 27249 14639 4120 2305 326 604 12920 5084 2877 3358 1 5427 278 10768 2020 389 145 170 9053 9039 255 5954 374 16 39 557 368 702 40 323
131913 1010 96 2588 202 8659 31806 16910 4817 2672 374 711 15126 5956 3372 3942 1 6321 325 12503 2351 458 161 192 10633 10469 291 6865 444 18 45 646 423 815 48 391
131916 1009 96 846 62 2871 10538 5581 1583 875 122 234 5024 1949 1109 1306 0 2090 101 4117 768 148 51 62 3503 3505 98 2259 145 5 15 213 141 267 15 130
131918 1003 96 488 39 1626 5973 3216 883 520 72 131 2811 1126 621 735 0 1188 64 2360 452 83 34 34 1997 1945 59 1308 81 4 7 126 78 155 8 65
131919 1005 96 207 16 682 2525 1332 377 213 28 55 1203 462 265 305 0 505 25 980 183 34 11 16 833 830 24 545 35 1 3 50 34 66 3 30
131921 1003 96 1759 133 5902 21568 11507 3277 1799 251 487 10232 4003 2275 2651 1 4280 216 8484 1581 307 109 128 7140 7122 203 4646 302 11 30 442 289 540 33 264
131922 1003 96 2374 181 7986 29278 15593 4428 2470 346 648 13892 5458 3102 3619 1 5785 299 11522 2145 423 154 183 9764 9620 273 6337 407 17 40 596 387 762 46 354
131925 1003 96 2095 161 7090 25906 13921 3920 2189 307 577 12277 4818 2752 3216 1 5135 266 10268 1927 373 138 160 8626 8556 238 5637 359 15 36 533 343 658 40 309
131926 1003 96 671 44 2194 8120 4204 1239 672 87 189 3853 1486 863 986 0 1596 73 3086 585 118 36 43 2672 2671 73 1697 124 3 12 163 107 206 13 108
131927 993 96 3979 301 13274 48938 26107 7327 4113 579 1101 23051 9065 5161 6042 2 9737 501 19277 3607 698 253 298 16229 16162 456 10595 677 29 69 988 644 1262 74 591
131928 987 96 4680 357 15781 57838 30700 8759 4885 683 1298 27524 10811 6120 7138 3 11464 591 22711 4282 822 297 339 19278 19039 549 12442 801 35 81 1170 768 1465 87 692
131930 987 96 645 47 2150 7970 4172 1202 660 87 183 3778 1461 838 987 0 1587 73 3102 579 115 35 49 2628 2625 75 1686 114 4 11 159 105 201 12 102
131932 984 96 2285 168 7686 28268 15110 4232 2375 332 638 13378 5251 2979 3500 1 5586 287 11137 2081 401 145 169 9399 9305 260 6111 387 16 40 584 381 721 43 341
131934 983 96 818 61 2686 10005 5277 1505 857 122 223 4716 1863 1039 1234 0 1983 106 3923 743 143 54 61 3337 3274 96 2150 137 6 13 203 134 262 14 117
131935 983 96 3938 298 13296 48500 25996 7364 4056 569 1079 23004 9038 5122 6091 3 9686 489 19215 3564 690 247 294 16111 16063 454 10546 676 28 69 987 648 1223 77 584
131936 983 96 1706 132 5762 21015 11231 3202 1759 247 470 10020 3917 2238 2594 1 4170 210 8289 1537 304 108 130 7017 6915 193 4571 291 11 29 429 282 543 33 257
131937 983 96 722 57 2411 8825 4693 1337 745 104 195 4208 1659 929 1121 0 1762 91 3471 649 129 45 51 2925 2914 88 1923 124 5 12 184 112 225 13 105
131939 984 96 1833 141 6125 22516 11966 3383 1887 262 509 10603 4171 2379 2707 1 4470 224 8806 1654 317 113 132 7452 7450 213 4811 317 13 34 460 305 572 34 271
131940 983 96 1642 122 5490 20213 10679 3061 1690 230 461 9581 3752 2115 2520 1 4001 196 7913 1474 281 96 119 6682 6679 191 4339 285 11 28 415 270 513 31 248
131942 984 96 810 63 2694 10059 5371 1486 848 122 224 4712 1855 1045 1205 0 1981 109 3961 754 145 56 63 3342 3322 100 2150 137 6 13 204 135 261 14 113
131946 983 96 1433 109 4842 17762 9389 2709 1473 199 404 8507 3295 1875 2222 0 3542 176 6959 1307 255 88 108 5877 5855 171 3842 252 9 25 358 233 451 27 224
131948 986 96 1260 99 4252 15679 8345 2352 1312 184 349 7407 2884 1648 1937 1 3135 160 6205 1143 222 82 96 5192 5219 142 3357 216 9 22 315 209 400 24 187
131951 985 96 1086 82 3634 13298 7090 1993 1118 155 295 6295 2489 1401 1652 0 2651 132 5237 974 188 67 80 4410 4380 121 2883 188 8 18 277 176 338 20 162
131952 1001 107 670 50 2286 8330 4407 1272 690 93 188 3981 1540 883 1019 0 1654 79 3240 603 119 40 48 2771 2759 77 1766 120 3 12 163 112 213 12 104
131954 996 103 3981 302 13338 49145 26200 7363 4118 581 1104 23216 9110 5163 5997 3 9704 497 19304 3623 701 259 292 16301 16247 457 10561 688 29 68 1008 653 1248 75 592
131955 994 100 2816 209 9368 34589 18460 5163 2908 409 779 16302 6416 3635 4233 2 6841 354 13640 2532 499 180 208 11477 11436 321 7454 481 21 46 718 459 872 54 419
131957 995 101 1657 124 5543 20442 10940 3046 1709 241 453 9623 3799 2133 2541 1 4080 205 8137 1506 292 104 123 6778 6788 192 4433 279 13 27 412 273 523 30 241
131959 982 99 1617 123 5425 19885 10518 3041 1672 234 452 9508 3696 2106 2475 1 3954 197 7747 1462 284 104 118 6613 6554 191 4246 278 11 28 402 254 503 30 246
131962 982 99 75 6 252 928 487 149 76 11 20 455 174 97 121 0 185 8 369 66 12 4 5 309 308 10 195 12 0 1 18 12 22 1 10
131965 983 99 517 37 1719 6225 3264 948 530 71 137 3010 1170 666 796 0 1231 56 2424 459 91 30 32 2078 2027 61 1340 87 3 9 126 81 158 9 79
131969 981 99 134 11 434 1631 849 235 143 20 37 759 306 170 193 0 328 16 640 121 23 8 9 548 525 16 347 20 1 1 33 21 42 2 18
131970 981 99 2684 203 9049 33104 17613 5006 2767 380 750 15698 6146 3497 4128 1 6604 325 13031 2433 465 168 198 10982 10942 309 7164 464 19 47 681 441 836 51 408
131971 981 99 2699 208 9044 33177 17691 5011 2789 391 750 15645 6143 3502 3992 2 6595 334 13012 2441 466 169 197 10990 10998 311 7107 464 20 48 676 448 842 50 395
131974 988 96 1460 113 4875 17881 9574 2705 1506 213 402 8497 3365 1884 2191 0 3542 185 7046 1333 254 93 111 5945 5908 173 3886 252 11 25 363 243 462 27 210
131975 983 96 1275 102 4303 15823 8427 2381 1344 184 357 7492 2932 1653 1937 1 3147 168 6229 1187 222 81 95 5274 5232 151 3427 216 9 22 315 210 400 22 183
131977 984 96 250 16 826 3055 1580 465 246 31 73 1437 557 314 365 0 600 27 1167 219 43 13 16 1004 1007 27 633 44 1 4 61 42 77 5 42
131978 953 110 601 47 2016 7386 3990 1106 607 84 171 3496 1368 770 930 0 1495 73 2943 538 100 38 47 2443 2458 66 1611 100 3 10 145 102 182 11 89
131981 946 96 4094 314 13669 50184 26756 7569 4249 601 1111 23835 9346 5302 6182 1 9983 510 19706 3706 717 265 299 16715 16534 465 10834 699 28 69 1025 656 1277 78 611
131982 986 98 723 49 2409 8908 4635 1348 737 93 207 4262 1630 936 1102 0 1753 81 3418 644 129 39 50 2961 2927 84 1897 131 4 13 177 114 228 13 118
131983 986 98 1638 126 5495 20130 10788 3030 1700 233 441 9511 3752 2107 2508 1 4013 208 8002 1487 284 104 123 6653 6667 185 4394 276 11 27 412 273 519 31 238
131984 953 96 657 49 2223 8095 4286 1252 683 93 179 3868 1521 862 1007 0 1607 82 3167 599 115 40 51 2692 2655 76 1737 112 4 12 161 110 209 12 99
131985 960 96 1249 96 4189 15343 8162 2315 1298 182 336 7268 2839 1608 1898 0 3058 154 6053 1126 215 79 91 5077 5082 143 3310 210 9 21 317 200 392 23 183
131986 967 102 1196 96 4031 14658 7905 2217 1242 177 323 6976 2762 1547 1817 0 2923 159 5808 1093 205 79 87 4874 4836 138 3200 200 9 20 298 198 374 21 171
131987 969 102 2696 206 8977 33217 17664 4988 2801 400 747 15658 6173 3479 4059 1 6586 346 13014 2460 472 180 201 11097 10910 314 7142 460 20 46 676 442 856 50 399
131989 969 102 1772 141 5949 21967 11703 3290 1851 258 494 10378 4086 2308 2726 1 4362 225 8664 1625 311 113 129 7295 7257 208 4742 306 13 30 454 287 558 34 268
131991 967 102 2376 187 8029 29341 15684 4467 2470 352 647 14015 5496 3123 3678 1 5850 297 11632 2159 422 149 180 9793 9700 273 6368 406 18 41 596 390 751 45 357
131993 967 102 712 56 2419 8839 4766 1328 754 108 197 4182 1642 930 1093 0 1741 94 3505 664 123 47 56 2946 2941 83 1922 120 5 12 180 112 225 13 102
131994 968 102 2295 182 7747 28244 15151 4296 2368 332 631 13471 5276 2998 3540 1 5630 284 11179 2069 401 148 177 9433 9331 266 6164 392 16 39 576 377 722 43 340
131995 968 102 1115 91 3825 13882 7553 2117 1171 171 308 6695 2626 1475 1785 0 2783 144 5573 1024 196 74 89 4643 4619 131 3075 188 9 20 281 188 349 21 157
131996 960 96 166 13 577 2129 1142 323 179 26 47 1026 396 225 264 0 427 20 843 155 31 11 13 718 712 20 459 28 1 3 42 26 56 3 24
131997 963 96 936 69 3145 11461 6103 1757 969 136 254 5452 2138 1220 1408 0 2288 114 4493 839 168 58 64 3804 3783 108 2466 164 7 16 236 153 296 18 137
131998 960 96 564 48 1931 7023 3843 1047 607 89 154 3317 1324 737 845 0 1411 78 2812 540 98 42 47 2366 2327 64 1579 88 4 9 144 94 181 9 76
131999 961 96 3479 271 11657 42746 22857 6430 3591 499 956 20288 7976 4500 5261 2 8492 430 16841 3151 608 219 258 14194 14142 404 9271 594 25 60 882 574 1093 63 514
132001 961 96 3057 236 10287 37862 20134 5700 3185 448 848 17908 7052 4009 4617 2 7502 386 14862 2775 538 197 228 12639 12475 346 8159 524 22 52 770 489 979 57 458
132002 961 96 1940 149 6537 23932 12727 3636 2031 283 538 11429 4472 2543 2985 1 4757 241 9398 1765 341 121 142 7998 7858 228 5177 338 15 33 485 311 618 35 286
132005 960 96 480 39 1631 5945 3208 902 514 74 129 2821 1126 625 741 0 1190 66 2357 444 84 34 37 1986 1974 58 1314 80 3 7 120 79 157 8 64
132006 960 96 1288 90 4305 15833 8341 2420 1331 183 359 7528 2932 1682 1917 0 3118 157 6103 1166 235 77 91 5284 5175 153 3393 227 8 22 323 204 406 24 202
132010 960 96 944 67 3142 11558 6084 1745 957 129 264 5483 2135 1217 1441 0 2298 106 4524 844 165 54 66 3823 3830 108 2468 164 6 16 236 154 287 18 147
132011 966 96 535 38 1769 6579 3441 988 553 75 148 3073 1190 690 800 0 1299 63 2578 481 97 32 37 2169 2178 64 1388 94 3 10 136 87 169 9 82
132014 968 96 1901 148 6416 23489 12496 3556 1969 275 531 11127 4361 2485 2881 1 4675 236 9264 1718 333 122 140 7818 7754 211 5045 329 12 34 481 315 603 37 289
132015 954 96 632 49 2124 7784 4122 1194 648 91 177 3684 1457 822 976 0 1549 78 3064 575 109 38 44 2562 2561 76 1679 107 5 10 157 104 194 12 95
132016 950 96 881 76 3013 11013 5964 1662 930 130 245 5249 2083 1156 1372 0 2197 120 4407 808 156 59 71 3704 3644 110 2438 147 7 14 230 140 285 16 125
132017 975 102 2244 176 7552 27648 14784 4140 2371 334 609 13064 5208 2899 3446 1 5508 291 10973 2065 393 147 166 9238 9105 264 6029 375 19 38 574 362 713 41 319
132018 977 102 1328 104 4415 16368 8647 2462 1378 190 370 7741 3016 1721 1982 1 3238 157 6392 1214 236 84 96 5445 5383 149 3491 231 9 22 334 217 415 25 199
132019 977 102 3838 302 12958 47516 25551 7156 3998 559 1052 22519 8863 4998 5951 2 9469 501 18874 3519 678 249 293 15773 15724 445 10352 656 30 64 982 638 1196 73 559
132020 977 102 109 7 360 1335 668 204 113 14 29 630 242 144 160 0 260 9 505 97 19 6 7 453 426 12 277 19 0 2 26 16 35 2 19
132021 977 102 696 55 2330 8515 4610 1258 736 108 183 3975 1614 890 1027 0 1698 101 3420 643 116 50 50 2856 2805 75 1888 109 6 11 175 116 217 12 89
132022 976 102 3859 293 13003 47605 25370 7224 3992 558 1066 22525 8830 5054 5850 2 9469 474 18747 3491 677 251 278 15857 15723 433 10263 669 25 66 970 631 1214 76 587
132023 976 102 1050 83 3555 12904 6903 1976 1088 153 289 6167 2418 1367 1636 0 2585 130 5084 953 184 66 77 4287 4259 123 2813 180 7 18 261 169 323 19 156
132024 974 102 5261 400 17774 64923 34584 9837 5458 759 1456 30864 12120 6862 8118 2 12955 640 25578 4781 925 330 385 21560 21409 606 14038 910 41 92 1323 850 1640 100 797
132027 972 102 862 68 2902 10636 5692 1597 904 131 240 5048 1996 1130 1330 0 2124 116 4242 776 152 58 63 3550 3509 94 2321 146 6 14 216 142 270 17 124
132029 972 102 311 21 1042 3836 2005 587 319 42 89 1844 709 407 504 0 771 35 1495 277 54 16 21 1259 1264 35 819 58 1 5 75 52 95 6 49
132030 963 96 1851 140 6144 22615 11933 3427 1915 264 505 10729 4223 2403 2806 1 4475 232 8849 1675 327 111 136 7521 7430 218 4842 317 13 32 459 298 584 34 277
132031 962 96 2443 185 8112 29981 15867 4532 2527 346 674 14109 5533 3162 3625 2 5931 304 11691 2205 429 151 176 9917 9902 283 6391 423 17 42 615 400 757 46 366
132033 962 96 1067 82 3574 13113 7007 1965 1113 154 288 6201 2463 1381 1637 0 2602 134 5193 973 192 69 82 4377 4299 134 2857 178 9 17 276 169 328 20 155
132035 962 97 1588 124 5343 19566 10490 2969 1652 234 439 9244 3658 2055 2376 1 3886 209 7728 1462 280 103 119 6523 6464 186 4248 264 12 27 395 258 499 28 228
132036 962 97 658 52 2244 8165 4301 1251 684 94 183 3917 1510 877 1025 0 1629 80 3211 599 119 41 49 2740 2684 74 1761 112 4 11 162 106 204 12 101
132038 940 115 971 79 3245 11833 6410 1796 1010 144 256 5602 2230 1239 1468 0 2364 129 4705 890 169 65 74 3946 3914 113 2624 158 7 16 244 158 302 18 137
132039 939 115 3081 237 10437 38055 20328 5797 3211 444 851 18101 7138 4032 4774 2 7560 389 15028 2831 540 193 231 12639 12572 363 8232 528 23 55 774 509 959 60 461
132041 938 114 835 63 2797 10283 5413 1567 861 118 229 4906 1899 1096 1271 0 2040 98 4017 755 149 52 58 3435 3384 95 2185 141 5 15 209 137 259 15 128
132042 945 114 1480 115 4988 18201 9740 2771 1527 215 411 8684 3396 1920 2288 0 3612 185 7215 1347 262 92 111 6056 6012 170 3959 250 12 26 368 248 464 28 215
132044 946 114 974 75 3311 12147 6469 1802 1019 142 274 5807 2245 1273 1519 0 2432 122 4778 892 170 60 72 4039 4055 108 2610 169 7 17 243 156 307 18 149
132047 933 111 501 35 1683 6179 3228 954 517 70 142 2950 1148 658 758 0 1216 59 2373 455 90 30 35 2063 2012 59 1315 88 3 8 124 82 155 9 77
132049 932 111 1142 92 3868 14092 7530 2147 1175 164 318 6759 2642 1492 1787 0 2824 135 5578 1027 201 70 81 4673 4683 131 3074 196 8 21 290 191 361 22 175
132050 932 111 3205 241 10721 39567 20922 5954 3311 466 899 18782 7320 4191 4842 2 7854 402 15478 2913 560 209 236 13131 13061 370 8442 557 23 56 807 528 1006 60 479
132053 934 111 45 2 141 534 257 78 42 4 12 254 94 55 68 0 106 2 195 36 7 1 2 170 173 4 105 9 0 1 10 8 12 0 8
132058 940 104 978 74 3283 11980 6403 1819 1020 141 266 5731 2244 1272 1493 0 2407 124 4746 881 172 62 73 4012 3943 114 2621 166 8 16 244 155 308 18 144
132060 936 104 145 10 475 1722 902 270 144 18 36 833 323 185 223 0 347 15 672 124 25 7 9 569 566 17 372 24 1 2 36 23 41 2 23
132061 858 16 79 3 258 952 472 148 77 10 23 464 171 102 127 0 193 6 356 64 13 3 4 306 313 9 189 15 0 1 19 13 22 1 14
132063 857 15 1280 100 4308 15982 8495 2394 1340 188 364 7592 2972 1685 1958 0 3176 172 6252 1182 227 80 99 5325 5267 150 3448 220 9 22 322 214 408 24 186
132065 856 15 1625 121 5424 19889 10619 2966 1689 238 446 9340 3669 2084 2442 2 3942 206 7863 1478 288 101 117 6572 6556 183 4304 275 12 28 408 257 500 31 241
132067 856 15 4237 326 14256 52334 27924 7885 4428 624 1166 24819 9712 5518 6418 3 10396 541 20588 3863 750 280 319 17429 17286 496 11280 724 32 74 1073 695 1333 80 625
132070 856 15 234 16 765 2828 1506 412 237 31 63 1350 523 299 350 0 561 27 1109 206 41 12 16 941 932 23 608 40 1 4 59 37 71 4 35
132071 855 15 692 54 2299 8475 4498 1269 723 101 189 3989 1576 889 1026 0 1670 89 3316 623 124 44 50 2825 2798 80 1819 118 5 11 174 112 216 12 99
132073 856 14 1120 80 3720 13678 7271 2068 1144 163 305 6414 2524 1448 1649 1 2713 136 5354 999 198 71 81 4536 4518 130 2942 191 8 19 279 178 352 21 169
132074 859 14 995 80 3383 12211 6578 1874 1032 141 270 5854 2294 1310 1531 1 2446 120 4831 908 173 62 72 4055 4046 120 2666 169 7 17 252 165 309 18 143
132075 857 12 3244 247 10853 39868 21248 5991 3383 480 895 18826 7469 4223 4855 2 7910 406 15627 2969 565 212 241 13285 13103 371 8652 553 24 54 818 520 1030 59 474
132076 856 12 2655 209 9026 32843 17788 4962 2774 386 725 15595 6142 3448 4201 1 6599 339 13182 2423 466 166 210 10880 10933 315 7239 454 20 44 670 439 834 51 385
132077 853 12 1185 95 4033 14699 7890 2242 1244 172 324 6976 2763 1559 1875 0 2933 159 5863 1088 210 74 92 4889 4853 140 3238 201 8 21 297 184 374 22 174
132081 902 24 5196 389 17445 64106 34140 9711 5374 751 1449 30316 11879 6793 7850 4 12722 657 25188 4704 919 326 386 21235 21190 593 13810 896 37 90 1293 855 1654 98 777
132082 902 24 1024 73 3390 12486 6578 1887 1044 138 286 5916 2307 1327 1559 0 2488 119 4891 915 178 60 75 4128 4132 115 2663 179 6 18 250 165 321 19 156
132084 902 24 2041 159 6963 25374 13647 3882 2116 299 575 12063 4742 2684 3175 1 5085 255 10063 1876 363 127 155 8381 8451 234 5538 354 13 36 522 339 637 40 313
132087 878 16 1864 146 6256 23131 12259 3490 1941 275 514 10935 4310 2450 2827 1 4592 237 9075 1701 324 121 138 7715 7609 210 4976 319 13 31 469 300 596 35 279
132088 878 16 1033 80 3519 12859 6927 1929 1083 154 289 6088 2387 1344 1561 1 2564 133 5077 955 180 71 78 4287 4277 115 2790 174 6 17 258 173 329 18 151
132090 877 16 550 44 1840 6800 3646 1009 567 78 153 3203 1260 696 823 0 1353 76 2682 497 94 35 41 2265 2257 65 1470 90 4 8 141 92 171 10 77
132091 850 14 565 46 1903 6981 3771 1053 596 84 151 3270 1314 735 859 0 1411 74 2783 519 98 41 47 2334 2294 62 1534 93 4 9 146 93 177 11 81
132104 863 15 1299 100 4372 15939 8543 2449 1345 187 353 7586 2996 1693 1997 0 3175 157 6262 1180 229 84 101 5330 5243 150 3486 224 9 21 325 208 410 24 193
132119 865 26 1983 155 6671 24378 13042 3720 2044 284 548 11548 4560 2574 3007 1 4851 243 9608 1797 347 122 150 8095 8050 229 5280 342 14 34 501 327 628 37 297
132120 865 26 2568 196 8662 31811 17003 4768 2687 377 716 15017 5923 3363 3897 1 6332 320 12492 2356 456 166 199 10602 10500 293 6905 448 18 44 648 417 820 49 389
132122 866 26 846 64 2845 10426 5560 1587 882 125 235 4970 1938 1112 1305 1 2080 100 4095 766 150 52 61 3443 3448 98 2237 147 6 15 214 140 266 16 128
132125 866 26 2245 174 7521 27559 14798 4159 2328 322 617 13077 5151 2914 3363 1 5470 288 10848 2041 390 139 170 9173 9101 265 6012 382 16 37 566 365 701 41 326
132126 864 26 3987 299 13444 49339 26401 7442 4146 591 1103 23398 9146 5229 6034 3 9806 513 19476 3663 707 265 300 16443 16336 459 10676 680 27 68 1001 648 1259 76 597
132127 877 20 1660 125 5565 20430 10762 3094 1712 236 463 9705 3811 2160 2514 1 4028 206 7971 1499 292 102 118 6815 6710 197 4376 288 11 28 414 270 522 31 249
132128 876 20 39 2 133 479 243 75 41 5 10 236 86 50 65 0 96 3 184 34 7 1 2 157 158 5 100 7 0 0 9 6 11 0 6
132131 875 20 1814 141 6045 22182 11786 3367 1861 259 504 10570 4118 2336 2733 1 4431 224 8685 1630 314 110 133 7397 7350 200 4769 307 12 31 457 297 561 33 274
132141 825 23 239 18 805 2893 1540 446 237 31 67 1392 539 304 382 0 585 25 1140 207 40 13 17 947 954 24 628 44 1 4 59 38 71 5 39
132142 830 23 268 21 916 3317 1773 502 275 36 74 1568 614 354 415 0 660 32 1306 243 48 17 21 1109 1099 27 716 49 1 4 65 45 83 5 41
132143 856 18 2560 196 8620 31549 16849 4780 2657 379 707 14986 5891 3335 3920 1 6315 323 12484 2306 447 162 184 10497 10427 291 6809 432 21 44 645 415 796 48 378
132144 841 13 689 54 2311 8561 4545 1283 725 102 196 4030 1581 899 1027 0 1692 86 3339 639 123 47 53 2853 2812 81 1836 118 4 11 173 112 220 12 104
132147 844 13 2236 174 7515 27538 14699 4166 2326 327 621 13055 5138 2910 3398 1 5501 275 10842 2018 395 140 162 9160 9089 253 5966 381 16 37 562 360 698 43 336
132150 841 13 2653 203 8921 32606 17514 4925 2727 382 728 15441 6090 3445 4050 2 6469 328 12928 2374 464 166 195 10773 10819 308 7076 457 21 45 666 440 817 51 394
132152 841 13 268 20 908 3295 1748 509 279 39 72 1581 612 346 423 0 657 32 1297 245 47 17 20 1099 1079 31 719 46 1 4 65 42 84 5 40
132170 875 23 1366 106 4651 16961 9082 2563 1420 199 382 8094 3158 1798 2150 0 3399 167 6750 1233 241 86 105 5643 5619 158 3688 236 10 24 348 226 429 26 205
132171 878 22 2224 167 7454 27523 14705 4139 2315 328 624 13031 5119 2873 3375 2 5452 287 10868 2041 390 140 171 9119 9150 268 5947 381 16 38 555 367 706 41 323
132172 853 40 779 58 2614 9634 5180 1442 810 114 212 4555 1792 1015 1173 0 1907 97 3786 704 139 50 58 3201 3187 92 2084 135 6 13 199 128 243 14 115
132173 851 38 6174 477 20685 76162 40564 11506 6423 912 1695 36021 14182 8028 9376 5 15147 796 29997 5640 1085 403 466 25356 25131 719 16410 1059 46 105 1544 1000 1949 116 919
132174 889 34 1395 106 4680 17164 9141 2591 1445 200 377 8132 3201 1814 2121 1 3416 173 6784 1254 244 87 102 5691 5671 165 3710 240 10 24 351 228 437 26 208
132178 885 29 3065 239 10345 37905 20327 5689 3195 446 856 17962 7057 3969 4708 2 7556 392 14989 2794 534 192 236 12581 12551 360 8247 530 22 53 774 512 967 56 449
132180 885 29 885 65 2932 10855 5715 1644 903 123 248 5130 1997 1153 1314 0 2155 105 4196 786 155 52 64 3605 3583 99 2312 159 5 15 218 140 276 16 137
132182 872 27 2092 161 6927 25685 13677 3803 2164 301 574 12033 4744 2683 3144 1 5084 272 10127 1918 368 130 161 8545 8479 237 5563 349 16 35 518 336 668 37 303
132183 867 23 1854 130 6165 22744 12029 3392 1913 263 512 10727 4215 2394 2779 1 4502 225 8892 1675 326 113 129 7522 7494 211 4865 323 12 31 466 306 576 35 285
132184 865 22 6271 486 21089 77273 41309 11678 6492 902 1738 36647 14448 8123 9612 5 15386 791 30503 5737 1098 396 461 25680 25536 723 16729 1065 45 108 1581 1030 1953 119 933
132185 866 22 1140 86 3824 14147 7564 2102 1193 168 313 6692 2619 1475 1740 1 2806 144 5588 1049 197 75 85 4707 4682 131 3043 190 9 19 285 186 360 21 165
132186 887 22 1593 118 5364 19662 10523 2990 1647 231 445 9296 3662 2085 2422 0 3919 196 7740 1442 280 97 120 6519 6516 181 4238 280 11 29 396 264 506 30 248
132188 873 21 2784 206 9290 34299 18110 5186 2859 397 775 16260 6344 3642 4169 1 6806 331 13376 2505 489 175 197 11389 11313 315 7285 486 19 50 699 457 872 53 421
132191 847 24 443 32 1462 5381 2827 816 452 61 121 2556 996 569 671 0 1053 50 2100 397 76 25 31 1791 1770 49 1159 74 2 7 106 73 137 8 65
132192 845 22 2790 207 9310 34287 18198 5186 2884 406 766 16220 6372 3638 4238 2 6769 343 13464 2521 496 178 206 11350 11278 329 7375 478 21 47 708 455 867 53 411
132193 839 21 3135 231 10430 38514 20288 5783 3255 448 870 18267 7132 4072 4697 2 7587 388 14997 2845 554 196 223 12828 12629 363 8239 544 22 55 780 502 988 58 473
132194 846 14 1142 85 3787 13981 7409 2103 1188 164 310 6625 2605 1468 1717 0 2792 150 5477 1037 200 73 86 4662 4590 131 3024 191 8 19 286 189 357 20 164
132208 834 17 354 30 1223 4408 2376 688 369 52 96 2151 829 466 556 0 877 45 1731 324 63 23 26 1479 1483 40 955 59 2 6 90 58 107 6 55
132213 834 17 2572 198 8630 31681 16973 4738 2663 379 706 14923 5888 3329 3885 1 6283 334 12523 2345 445 165 198 10522 10458 292 6897 435 19 43 648 436 809 47 367
132214 835 17 922 69 3118 11331 6051 1723 946 132 249 5438 2119 1196 1438 0 2261 116 4460 818 162 55 66 3759 3746 106 2456 157 7 15 233 150 281 16 136
132217 838 17 396 28 1338 4846 2606 738 405 53 106 2319 901 509 632 0 969 49 1949 358 69 23 29 1598 1619 47 1058 66 3 6 102 63 117 8 60
132218 854 13 1565 117 5248 19374 10247 2903 1622 224 434 9168 3595 2044 2407 1 3840 197 7628 1423 280 100 116 6414 6385 188 4157 268 12 26 403 250 492 29 236
132221 853 11 2084 160 7031 25794 13748 3905 2149 294 584 12304 4777 2723 3239 1 5151 254 10166 1887 361 132 157 8549 8559 235 5567 361 13 37 526 351 655 42 318
132243 858 20 208 14 680 2529 1285 386 211 27 58 1234 459 271 332 0 498 20 973 181 39 9 13 844 813 26 530 37 1 4 52 31 62 3 34
132244 854 20 226 17 786 2879 1542 429 239 34 67 1363 537 302 359 0 579 28 1134 209 40 15 17 956 957 26 624 39 1 4 57 39 73 4 36
132245 853 20 1428 109 4815 17616 9374 2657 1473 203 403 8420 3277 1856 2231 1 3530 174 6959 1285 248 84 101 5843 5816 167 3788 248 10 24 359 236 441 26 210
132246 855 20 3048 240 10294 37587 20114 5688 3178 442 834 17821 7010 3973 4634 1 7460 384 14854 2801 530 196 231 12520 12437 360 8172 519 23 54 770 501 960 57 446
132248 853 20 246 17 846 3079 1648 472 249 34 71 1476 566 327 378 0 617 27 1198 222 42 14 20 1015 1029 27 659 44 1 5 61 42 74 4 39
132249 853 20 1077 84 3615 13232 7139 1981 1120 159 296 6240 2459 1377 1614 1 2627 142 5267 969 187 71 83 4427 4366 123 2897 182 8 17 262 175 343 20 154
132254 843 15 1995 157 6692 24667 13103 3699 2073 293 552 11721 4555 2594 3046 1 4910 255 9704 1819 351 131 150 8247 8141 228 5303 337 14 34 502 318 625 37 297
132257 860 17 2573 193 8598 31601 16749 4815 2652 367 711 14875 5880 3355 3791 2 6242 318 12317 2339 453 162 192 10480 10385 289 6765 441 18 45 646 422 807 48 385
132258 856 15 241 18 778 2966 1563 424 243 32 69 1382 536 303 367 0 594 28 1175 216 43 14 19 976 992 27 633 40 1 4 59 41 77 4 34
132260 856 15 733 59 2498 9123 4868 1366 767 106 202 4346 1706 953 1169 0 1824 96 3625 688 127 46 56 3041 2984 87 1999 127 6 12 183 123 226 13 106
132261 852 15 170 12 559 2088 1105 307 174 23 47 996 382 219 247 0 412 22 811 154 30 11 12 690 693 17 437 31 1 3 38 29 54 2 26
132273 895 33 3059 228 10215 37542 20001 5672 3179 450 831 17775 7019 3968 4578 1 7447 383 14752 2760 537 201 226 12529 12347 353 8106 519 24 51 770 493 968 57 452
132284 841 15 1421 104 4805 17565 9348 2689 1461 205 396 8369 3267 1869 2200 0 3492 168 6913 1272 247 88 100 5820 5808 161 3779 248 9 25 357 234 438 28 220
132292 837 12 398 31 1348 4930 2605 750 414 60 110 2352 921 518 600 0 980 49 1937 360 70 27 26 1660 1626 45 1050 64 3 6 100 67 124 6 57
132296 837 12 1582 124 5291 19485 10473 2907 1639 232 438 9224 3620 2043 2401 1 3865 198 7727 1447 274 101 116 6484 6506 181 4209 263 12 26 394 268 498 29 227
132297 838 12 326 23 1115 4028 2138 631 331 46 92 1939 755 433 510 0 808 40 1575 292 58 20 23 1347 1339 36 870 58 1 6 79 51 101 6 52
132320 820 20 1048 78 3559 12962 6931 1976 1090 151 291 6195 2421 1381 1625 0 2592 130 5085 949 187 68 79 4303 4299 121 2809 181 6 19 261 176 333 20 159
132321 822 20 619 47 2099 7666 4073 1173 643 89 176 3696 1432 817 960 0 1526 80 2996 558 109 36 45 2559 2520 74 1664 107 5 10 156 101 191 11 92
132353 635 56 1435 121 4907 17902 9646 2699 1509 212 403 8504 3363 1882 2249 1 3573 189 7124 1335 251 95 116 5963 5905 170 3934 247 10 24 357 240 455 27 209
132355 635 56 777 53 2614 9535 5095 1457 782 108 219 4539 1765 1014 1214 0 1903 85 3765 684 139 44 55 3130 3196 86 2055 136 5 15 194 129 227 15 120
132356 635 56 1379 106 4632 17039 9075 2586 1431 196 383 8076 3164 1797 2069 0 3389 176 6657 1258 250 85 105 5633 5629 162 3693 243 9 24 349 225 437 25 210
132361 654 53 792 60 2674 9830 5279 1473 826 117 216 4644 1825 1041 1223 0 1968 100 3891 723 138 51 65 3260 3275 92 2136 134 5 14 198 128 253 14 116
132362 656 54 2273 180 7691 28215 15083 4253 2380 336 626 13308 5259 2977 3466 1 5595 296 11168 2106 404 152 171 9429 9309 262 6096 380 16 37 580 359 728 43 333
132364 639 53 242 18 816 3011 1567 461 252 32 70 1446 552 325 381 0 600 28 1176 220 44 13 19 994 982 29 642 44 1 4 60 38 76 4 39
132365 644 55 1989 150 6662 24520 12882 3742 2036 281 557 11652 4533 2615 2996 1 4881 233 9542 1790 352 121 140 8121 8095 229 5196 348 14 35 496 331 620 38 311
132367 688 74 983 80 3304 12121 6400 1836 1026 139 269 5739 2252 1287 1481 1 2384 122 4732 900 174 63 77 4070 3970 114 2601 168 6 16 246 165 309 19 147
132368 688 74 600 46 2036 7464 3957 1136 628 87 169 3560 1387 787 903 0 1481 77 2913 552 106 39 44 2501 2462 70 1610 104 4 10 144 101 194 11 90
132369 684 56 3399 252 11382 41705 22156 6330 3509 493 940 19696 7802 4410 5083 2 8275 416 16352 3080 586 213 238 13865 13750 390 8974 578 24 59 847 551 1059 63 509
132370 685 56 4037 303 13473 49645 26448 7454 4193 591 1107 23416 9245 5209 6014 3 9808 516 19505 3660 714 258 296 16502 16352 475 10672 694 33 67 1028 667 1281 73 589
132372 682 56 3117 244 10507 38715 20640 5781 3258 449 868 18298 7212 4063 4775 2 7722 399 15321 2870 546 202 241 12878 12765 377 8423 533 24 52 794 512 993 59 458
132375 638 53 941 70 3158 11704 6205 1760 973 135 266 5544 2166 1231 1438 0 2316 120 4565 853 165 59 65 3875 3873 108 2499 162 6 16 235 154 295 18 145
132376 639 53 304 20 1020 3743 1981 561 316 42 88 1766 685 395 464 0 735 34 1467 272 51 18 21 1240 1229 34 806 52 1 5 77 47 94 5 47
132377 639 53 2267 182 7647 27973 14960 4250 2355 328 629 13354 5248 2953 3567 1 5581 293 11051 2073 401 145 174 9284 9224 275 6101 391 17 38 567 364 705 42 336
132378 639 53 760 61 2579 9313 5040 1429 794 114 201 4448 1756 990 1155 0 1858 98 3691 693 134 49 58 3103 3091 90 2043 128 5 13 191 124 236 14 108
132379 639 53 1732 138 5896 21666 11549 3281 1797 254 492 10298 4005 2278 2645 1 4304 227 8559 1602 300 112 128 7208 7200 203 4664 299 10 31 439 291 548 32 259
132380 639 53 807 70 2748 10016 5358 1511 851 116 225 4770 1866 1050 1253 0 2007 107 3991 755 138 53 62 3356 3301 95 2184 137 5 12 200 128 255 15 116
132381 639 53 1439 108 4848 17705 9464 2683 1488 208 401 8433 3313 1867 2242 0 3538 175 6993 1291 249 91 108 5885 5843 171 3856 248 10 24 361 223 451 28 220
132382 639 53 410 33 1374 5086 2784 750 435 66 108 2374 947 521 607 0 1006 61 2033 386 71 30 36 1702 1682 47 1130 67 3 6 106 72 133 6 53
132383 713 44 829 65 2792 10254 5468 1538 862 120 229 4805 1901 1078 1241 0 2027 101 4015 762 148 52 64 3413 3392 97 2222 142 6 14 209 134 267 16 125
132385 739 40 314 24 1049 3854 2037 591 319 44 87 1841 713 407 480 0 769 36 1508 279 55 19 22 1265 1281 39 819 55 2 5 80 53 95 6 48
132386 736 40 1926 147 6519 23796 12782 3623 2012 290 524 11255 4469 2523 2953 1 4753 253 9460 1751 339 126 145 7909 7869 217 5192 326 16 34 491 306 601 38 284
132388 736 40 828 68 2846 10326 5573 1574 878 126 226 4891 1947 1091 1252 0 2059 116 4062 789 148 58 64 3473 3389 96 2269 139 6 13 212 130 265 15 122
132389 737 40 4759 377 16184 58939 31895 8900 4999 706 1301 27929 11050 6205 7298 3 11764 630 23501 4379 837 315 372 19635 19523 552 12964 797 37 79 1210 779 1503 89 681
132392 704 21 1258 97 4225 15465 8226 2355 1293 174 350 7365 2893 1641 1918 0 3083 155 6076 1133 220 75 96 5125 5104 143 3325 218 8 22 310 204 396 24 189
132401 697 45 1212 97 4105 15007 7989 2266 1269 177 336 7168 2799 1579 1877 1 2978 152 5931 1114 213 79 89 4998 4971 144 3245 202 9 21 314 198 382 21 179
132402 697 44 2673 212 9029 33008 17618 4996 2794 390 737 15719 6174 3476 4113 2 6599 346 13043 2448 472 171 199 10969 10923 314 7164 455 19 45 664 433 840 49 392
132403 695 44 1136 89 3845 14057 7619 2093 1204 177 314 6664 2655 1469 1774 1 2818 149 5648 1038 194 79 85 4677 4683 133 3062 188 9 19 288 189 352 20 161
132404 697 42 1087 76 3626 13385 7121 2026 1118 161 307 6327 2466 1432 1656 0 2660 132 5238 969 195 69 78 4423 4418 123 2869 192 7 19 274 173 338 21 170
132405 697 42 2902 228 9869 36042 19309 5450 3030 432 808 17145 6724 3808 4524 2 7223 369 14282 2651 510 190 216 12002 11941 339 7833 495 21 49 744 474 920 55 431
132409 700 42 109 8 353 1312 676 199 108 14 29 626 240 138 165 0 251 11 502 96 18 4 6 424 428 13 270 18 0 1 28 19 32 2 17
132412 698 42 2006 150 6717 24662 13114 3756 2064 288 554 11705 4592 2616 3053 0 4908 247 9684 1790 350 124 146 8168 8145 230 5296 346 14 35 506 327 630 39 306
132415 694 32 664 48 2226 8175 4351 1228 682 95 186 3836 1508 863 995 0 1612 83 3190 599 119 43 49 2716 2689 76 1764 118 4 11 166 108 211 12 100
132416 694 32 689 54 2309 8546 4514 1281 721 99 191 4041 1568 891 1025 0 1690 88 3334 634 122 44 49 2859 2818 78 1826 117 4 11 174 112 215 12 103
132417 695 32 3171 250 10749 39112 21060 5953 3311 470 865 18571 7340 4137 4832 1 7836 414 15491 2894 551 208 245 13048 12955 366 8540 537 24 55 795 520 1009 60 457
132419 695 32 178 14 589 2169 1123 336 179 24 50 1046 403 232 262 0 426 20 829 158 30 9 12 717 717 20 447 31 1 3 41 32 54 2 26
132422 694 36 1303 92 4326 15940 8415 2410 1317 184 368 7544 2961 1693 1934 0 3132 151 6207 1155 228 76 92 5281 5252 143 3376 228 8 23 328 219 402 24 205
132423 700 13 369 27 1249 4552 2379 704 375 49 104 2191 841 489 596 0 911 40 1771 327 66 20 26 1500 1494 44 967 67 1 7 92 58 113 7 62
132424 727 18 3409 258 11507 42086 22526 6338 3543 494 947 19909 7822 4452 5134 2 8356 420 16562 3116 597 218 248 13994 13923 383 9072 587 23 59 855 563 1075 65 506
132431 629 29 3527 261 11833 43424 22974 6576 3647 505 981 20628 8070 4589 5383 2 8640 422 17024 3189 619 216 249 14408 14312 408 9281 614 27 62 878 575 1097 67 539
132432 628 29 1601 117 5310 19534 10256 2952 1639 216 441 9242 3595 2051 2407 1 3880 180 7599 1419 279 88 110 6436 6434 184 4160 279 10 29 397 257 489 29 253
132433 723 58 1502 108 5001 18403 9729 2803 1539 210 412 8705 3402 1942 2241 0 3630 184 7188 1362 269 91 108 6094 6056 178 3938 262 10 26 375 240 469 29 233
132434 722 58 229 19 772 2880 1502 436 242 32 64 1356 528 301 337 0 567 30 1108 214 40 14 16 960 945 26 610 38 1 3 56 37 74 4 35
132435 721 58 971 68 3225 11820 6262 1802 989 138 263 5597 2189 1259 1452 0 2333 118 4626 869 167 59 70 3920 3883 109 2526 167 6 17 235 158 303 19 145
132439 721 58 1162 86 3923 14338 7582 2184 1192 160 325 6865 2673 1525 1768 0 2830 143 5613 1039 204 69 80 4782 4723 138 3090 205 8 20 291 187 362 21 178
132440 718 53 341 25 1141 4177 2203 632 353 48 93 1988 788 441 509 0 815 42 1626 315 59 20 23 1405 1361 41 883 59 2 5 84 54 105 5 49
132445 717 53 68 5 229 831 440 130 69 9 19 401 155 89 104 0 165 6 318 61 11 3 5 271 271 7 180 12 0 1 16 10 21 1 10
132448 717 53 759 61 2580 9404 5042 1429 784 112 213 4431 1745 992 1155 0 1890 93 3724 693 131 49 56 3111 3122 85 2035 130 5 13 189 130 239 14 114
132451 625 12 923 71 3102 11477 6034 1719 964 131 261 5413 2122 1216 1392 0 2272 115 4478 851 164 59 70 3824 3756 108 2449 158 6 16 229 151 295 17 137
132452 625 12 3146 252 10709 39056 21071 5905 3298 460 865 18539 7310 4104 4869 2 7806 410 15537 2896 558 206 237 13021 12962 373 8521 541 22 52 799 511 994 60 467
132462 1137 24 934 69 3130 11461 6073 1744 961 131 257 5451 2113 1205 1418 0 2271 108 4479 847 166 55 65 3786 3787 104 2449 162 5 16 233 150 289 19 146
132477 715 11 1025 83 3503 12792 6829 1953 1066 149 284 6082 2387 1367 1548 0 2553 136 5021 929 183 69 80 4290 4229 116 2777 175 7 18 262 170 329 20 153
132478 740 12 346 26 1161 4250 2211 669 354 47 96 2033 789 450 544 0 848 36 1642 306 62 18 22 1403 1406 42 894 63 2 6 85 56 109 6 55
132487 892 104 1258 95 4248 15611 8381 2315 1321 185 352 7340 2883 1646 1899 1 3102 164 6189 1161 224 82 94 5164 5166 145 3370 216 8 21 329 206 398 24 186
132488 886 99 1460 108 4844 18019 9440 2713 1502 208 408 8510 3318 1900 2213 1 3571 177 7024 1319 258 91 105 5971 5914 171 3823 254 11 25 365 239 461 28 223
132490 886 99 2004 164 6837 24925 13437 3738 2098 293 560 11833 4648 2611 3098 1 4987 258 9892 1842 350 130 150 8319 8267 226 5437 345 14 33 508 328 633 38 299
132496 886 99 931 76 3130 11445 6078 1737 966 132 260 5464 2134 1205 1419 0 2267 116 4478 850 164 58 74 3821 3759 112 2484 159 6 15 229 150 291 16 139
132500 886 99 2188 171 7380 27043 14421 4085 2278 320 613 12819 5037 2861 3287 1 5366 273 10568 1998 380 138 166 9007 8898 250 5837 378 16 39 552 359 683 40 329
132501 888 99 4220 325 14278 52059 27906 7873 4392 612 1167 24673 9697 5496 6446 3 10367 541 20563 3884 742 272 319 17345 17192 486 11320 712 31 72 1075 684 1314 78 626
132502 887 99 5110 394 17232 63190 33684 9542 5313 747 1414 29976 11749 6690 7766 3 12530 638 24829 4657 902 326 388 21013 20864 584 13649 875 38 90 1294 845 1608 97 757
132503 887 99 945 75 3102 11548 6134 1705 985 139 257 5440 2141 1208 1377 0 2271 126 4539 860 163 60 69 3863 3826 109 2473 152 7 15 235 152 304 15 130
132504 889 99 1987 150 6646 24492 12981 3687 2057 286 547 11604 4559 2589 3054 1 4861 252 9647 1799 353 128 146 8122 8068 238 5272 338 15 33 507 314 622 37 297
132505 886 99 371 28 1229 4523 2373 695 383 51 102 2162 848 478 575 0 888 43 1748 334 65 23 27 1504 1482 43 956 67 2 6 92 58 115 7 56
132507 831 28 1253 100 4240 15527 8306 2352 1302 179 346 7358 2893 1631 1917 1 3107 156 6109 1152 219 80 97 5155 5154 151 3357 216 9 22 318 209 397 23 183
132511 834 28 2629 189 8855 32406 17235 4908 2709 374 736 15360 6007 3437 4006 1 6442 319 12694 2374 471 161 188 10739 10705 306 6952 464 17 47 660 431 824 50 408
132512 811 22 944 74 3217 11708 6306 1777 977 140 264 5516 2196 1232 1448 0 2332 118 4661 858 165 60 70 3860 3903 105 2547 163 6 16 240 162 292 18 140
132513 809 21 515 39 1743 6393 3404 956 551 79 145 3003 1207 679 774 0 1262 69 2515 482 89 34 38 2134 2087 58 1390 86 4 8 131 84 166 9 71
132514 807 21 1569 117 5268 19338 10221 2941 1623 224 432 9200 3601 2058 2374 1 3830 195 7573 1432 277 99 109 6435 6372 183 4154 271 12 26 392 248 492 29 241
132515 811 21 833 67 2822 10356 5605 1557 876 123 224 4855 1950 1094 1288 0 2065 113 4147 779 149 57 67 3420 3426 104 2282 140 6 14 213 138 265 15 114
132516 806 21 808 66 2746 10006 5418 1486 845 119 225 4731 1864 1050 1230 1 1998 104 3981 740 140 54 61 3326 3322 92 2183 138 5 13 207 133 259 15 119
132518 841 28 3262 240 10849 40061 21158 6049 3390 473 909 18961 7422 4235 4951 2 7955 409 15715 2963 576 206 239 13311 13177 382 8605 561 24 56 814 527 1028 60 485
132520 828 28 264 20 904 3276 1757 502 275 39 76 1551 611 342 413 0 659 32 1296 242 45 17 19 1081 1079 31 698 47 2 4 66 46 79 5 40
132521 828 28 4447 344 14974 54825 29308 8263 4628 655 1220 25947 10210 5770 6719 2 10892 565 21526 4075 774 292 331 18260 18104 517 11869 766 31 76 1114 714 1398 82 664
132522 828 28 1846 140 6207 22707 12122 3447 1913 270 513 10761 4242 2410 2763 1 4517 232 8907 1668 318 116 131 7557 7498 207 4902 323 12 32 459 295 572 35 280
132523 808 21 1350 98 4571 16699 8810 2550 1399 188 378 7960 3088 1772 2069 0 3299 159 6523 1228 240 79 97 5524 5494 158 3587 236 10 24 339 224 420 25 209
132527 808 21 166 12 577 2078 1110 325 172 22 48 995 390 221 270 0 412 20 823 153 29 9 11 681 690 18 443 29 1 3 42 27 48 3 25
132529 812 21 1563 112 5223 19192 10126 2925 1612 226 440 9108 3559 2046 2322 0 3801 191 7477 1406 274 97 107 6396 6323 172 4099 271 10 28 387 255 491 29 239
132531 809 21 2477 188 8301 30392 16232 4604 2558 355 676 14404 5669 3215 3793 1 6044 315 12018 2252 435 154 188 10072 10030 285 6565 425 18 43 621 407 771 47 367
132532 808 21 2070 163 7076 25650 13794 3920 2143 297 574 12240 4808 2720 3188 1 5108 256 10126 1884 362 134 157 8511 8504 241 5591 354 15 35 519 345 645 39 312
132534 808 21 3455 264 11544 42584 22584 6429 3584 507 951 20133 7919 4494 5174 2 8410 446 16668 3158 608 224 253 14167 14015 408 9119 594 26 59 864 564 1096 63 506
132535 809 21 982 76 3252 12018 6353 1805 1023 141 270 5695 2238 1264 1444 0 2381 121 4680 885 171 62 72 4005 3943 115 2580 168 7 16 249 157 312 17 140
132537 810 21 1572 116 5323 19412 10375 2938 1614 224 437 9225 3623 2051 2407 1 3876 195 7687 1426 276 97 112 6415 6452 177 4189 273 10 27 397 259 482 30 237
132538 810 21 2624 201 8849 32379 17201 4916 2721 375 729 15393 6023 3416 4005 1 6435 315 12669 2382 461 157 191 10748 10688 309 6970 454 18 46 661 423 832 48 400
132540 810 21 4673 367 15823 57628 30950 8751 4837 673 1303 27448 10768 6084 7186 3 11514 585 22784 4265 818 293 354 19176 19078 536 12550 807 34 81 1172 775 1462 89 692
132541 810 21 1532 118 5186 19088 10171 2860 1593 221 432 9061 3530 2000 2352 0 3808 192 7500 1420 270 97 118 6358 6291 178 4140 263 10 27 380 249 491 28 231
132544 810 21 1248 92 4180 15303 8119 2304 1306 179 343 7218 2835 1626 1891 0 3041 155 6023 1138 220 80 92 5095 5009 148 3333 213 9 21 316 196 389 23 187
132545 810 21 1378 107 4645 16940 9123 2536 1427 198 376 8057 3159 1775 2118 0 3367 172 6700 1243 244 88 105 5637 5618 158 3688 233 10 23 353 225 432 26 206
132548 812 21 1135 89 3862 14104 7517 2150 1174 159 319 6699 2609 1507 1764 0 2820 136 5525 1035 202 73 87 4688 4669 126 3055 197 8 21 283 184 359 21 176
132549 810 21 1442 108 4856 17833 9506 2697 1500 214 393 8454 3302 1885 2186 1 3558 181 7030 1308 257 93 108 5904 5916 163 3854 247 10 24 362 241 455 27 211
132550 811 21 1559 124 5283 19366 10413 2904 1639 230 426 9134 3611 2043 2427 1 3831 211 7731 1431 279 104 122 6421 6405 182 4240 264 12 26 391 251 500 29 227
132551 809 21 2331 181 7861 28767 15354 4331 2449 341 633 13635 5366 3032 3576 1 5733 300 11356 2136 407 151 175 9581 9474 275 6255 394 19 38 584 375 735 41 336
132552 829 40 430 32 1421 5250 2748 798 442 62 121 2498 974 558 628 0 1040 52 2025 383 76 27 28 1760 1722 45 1107 74 2 7 103 70 137 8 66
132553 829 40 881 71 3034 10936 6019 1653 925 136 240 5197 2052 1141 1363 0 2196 116 4395 815 153 64 71 3650 3643 99 2425 148 6 13 224 145 279 16 125
132554 823 28 2486 190 8334 30679 16427 4585 2572 360 691 14481 5704 3245 3765 2 6104 316 12127 2286 438 162 180 10173 10100 286 6664 430 17 42 642 406 780 47 366
132555 805 16 2427 193 8199 29987 15992 4540 2535 358 667 14203 5599 3170 3730 1 5976 312 11833 2229 422 157 177 10003 9869 280 6499 419 19 41 612 389 761 45 361
132558 820 15 6983 541 23439 85969 45903 12944 7249 1027 1945 40740 15993 9051 10585 5 17120 883 33846 6350 1221 454 523 28596 28377 791 18619 1195 50 121 1749 1139 2192 132 1039
132560 818 15 526 40 1756 6492 3433 958 546 76 149 3041 1198 674 765 0 1260 70 2513 486 92 34 37 2168 2139 60 1375 88 3 9 134 86 164 9 79
132561 816 15 3874 306 13016 47819 25570 7182 4017 571 1072 22615 8897 5046 5863 2 9506 495 18864 3523 678 257 293 15890 15795 446 10357 668 28 67 969 633 1232 73 572
132562 819 15 956 66 3172 11757 6237 1778 983 142 269 5545 2162 1263 1451 0 2339 114 4593 854 172 61 67 3882 3883 109 2508 167 6 17 243 152 296 19 150
132567 818 15 4762 371 15993 58641 31395 8857 4953 700 1298 27685 10979 6189 7222 4 11632 623 23196 4362 840 312 361 19498 19340 556 12680 805 36 81 1200 782 1504 90 690
132573 815 15 432 29 1437 5246 2821 800 438 60 114 2448 967 559 651 0 1037 51 2060 387 74 26 34 1726 1742 47 1127 74 2 8 105 67 133 8 68
132574 815 15 3212 249 10820 39549 21230 5990 3335 467 881 18741 7363 4186 4875 2 7879 402 15594 2929 562 205 238 13148 13062 365 8561 554 23 55 810 525 1005 62 478
132575 814 15 1181 94 4037 14609 7840 2218 1246 170 327 6975 2743 1546 1838 0 2915 146 5781 1080 207 75 89 4864 4841 138 3196 198 8 20 293 188 375 22 177
