136054 644 38 1933 143 6515 23781 12680 3612 1992 274 538 11306 4438 2516 2932 2 4723 235 9350 1745 343 120 137 7876 7844 216 5124 336 14 34 484 316 594 37 296
136055 648 38 4236 319 14168 52149 27822 7855 4379 603 1166 24713 9686 5470 6443 3 10336 529 20509 3850 748 270 317 17337 17252 496 11241 731 30 70 1060 691 1326 80 634
136056 620 23 1089 83 3682 13555 7220 2044 1134 160 306 6394 2485 1429 1641 1 2699 140 5346 987 192 69 83 4513 4494 124 2909 187 8 19 272 179 343 19 160
136057 675 28 960 74 3212 11900 6319 1768 996 138 270 5610 2216 1252 1502 0 2371 124 4749 883 169 61 72 3957 3919 110 2569 160 7 16 247 157 302 18 139
136058 675 28 3553 265 11896 43560 23241 6564 3651 503 972 20654 8140 4586 5343 2 8635 431 17101 3210 626 217 254 14504 14379 401 9431 607 24 61 902 572 1109 67 537
136059 687 25 78 5 252 935 471 144 76 8 22 464 170 99 123 0 186 6 353 65 13 2 5 303 305 9 189 14 0 1 20 12 21 1 14
136123 714 13 3846 295 12880 47313 25171 7102 3990 554 1063 22438 8750 4974 5799 3 9355 470 18577 3499 676 240 288 15724 15626 447 10158 658 28 66 967 628 1207 70 574
136124 714 13 2264 174 7646 27901 14828 4239 2322 315 630 13276 5173 2961 3493 1 5565 270 10938 2039 399 140 165 9250 9217 256 6023 394 16 40 569 364 704 43 353
136125 717 12 831 62 2789 10225 5432 1551 840 117 230 4877 1883 1082 1320 0 2056 91 4053 742 144 50 62 3362 3389 91 2204 147 5 15 209 141 254 16 129
136126 713 12 2066 153 6864 25335 13375 3814 2135 294 576 12018 4682 2689 3080 1 5011 244 9882 1865 366 125 150 8411 8328 246 5408 355 15 35 517 338 651 38 309
136127 713 12 2521 192 8493 31105 16535 4725 2610 359 697 14831 5794 3278 3876 1 6189 313 12234 2300 446 157 190 10325 10246 301 6750 432 17 44 636 412 791 46 380
136128 713 12 1019 76 3462 12635 6750 1915 1068 149 288 6004 2345 1316 1562 0 2523 127 4956 936 174 67 73 4205 4186 119 2717 177 6 17 253 167 320 18 154
136130 713 12 997 75 3377 12325 6641 1866 1032 153 273 5805 2292 1295 1497 0 2426 127 4853 897 179 68 74 4103 4078 114 2675 172 7 16 256 162 311 19 151
136152 675 11 945 70 3127 11474 6100 1742 984 135 258 5437 2144 1198 1419 0 2268 119 4494 855 162 59 68 3838 3752 109 2473 160 7 15 237 153 301 17 133
136155 675 11 1883 147 6285 23134 12234 3517 1948 274 524 11020 4313 2467 2848 1 4585 225 9028 1704 334 119 134 7713 7602 216 4958 327 13 32 471 306 588 35 286
136175 606 26 4205 328 14202 51936 27658 7859 4378 606 1172 24716 9679 5472 6459 3 10335 525 20457 3837 734 265 309 17248 17174 497 11198 729 32 72 1056 687 1315 78 629
136177 607 26 1182 88 3956 14538 7631 2207 1231 171 327 6912 2699 1548 1787 1 2873 147 5675 1064 212 75 84 4842 4774 138 3082 210 8 21 294 187 372 22 182
136178 607 26 516 37 1680 6255 3269 935 522 72 138 2960 1155 657 775 0 1233 64 2420 453 88 30 35 2074 2048 57 1334 88 3 9 124 80 158 9 77
136179 607 26 1423 108 4834 17679 9505 2706 1477 212 401 8384 3295 1870 2191 0 3541 181 6987 1310 254 90 108 5843 5887 164 3842 243 9 25 358 234 447 28 217
136181 602 19 2049 155 6881 25327 13397 3806 2135 296 575 11998 4698 2667 3135 2 5058 254 9967 1859 360 130 151 8436 8393 240 5436 355 14 35 508 331 654 38 305
136182 602 19 3559 264 11910 43822 23241 6593 3713 520 990 20676 8122 4611 5335 2 8710 449 17154 3250 628 228 256 14581 14425 407 9373 615 25 60 884 586 1120 67 530
136184 620 33 1910 147 6381 23466 12460 3548 1968 276 530 11149 4341 2482 2869 1 4662 239 9173 1723 332 119 137 7787 7732 214 5027 332 12 33 481 308 601 35 288
136187 620 33 2928 231 9857 36111 19246 5463 3014 422 823 17164 6693 3812 4448 2 7188 360 14194 2652 510 181 217 11996 11966 333 7771 506 19 52 722 485 929 56 440
136189 699 18 101 7 346 1228 672 194 102 15 26 605 232 131 164 0 249 11 485 89 18 6 7 404 411 11 274 19 0 2 24 14 30 2 17
136191 653 18 653 51 2184 8042 4325 1215 672 99 183 3820 1497 853 1015 0 1608 83 3184 587 117 42 54 2684 2662 74 1756 114 4 11 156 111 208 12 96
136192 650 15 2168 166 7240 26613 14057 4061 2234 307 599 12628 4908 2815 3271 1 5279 252 10393 1961 383 133 156 8813 8792 251 5691 380 14 38 540 345 684 42 338
136193 650 15 1025 80 3474 12659 6776 1940 1058 151 274 6017 2370 1352 1554 0 2524 129 4986 934 183 67 75 4244 4188 115 2767 172 7 18 258 168 326 20 156
136209 631 18 3432 261 11520 42183 22573 6380 3556 498 950 20011 7851 4450 5195 1 8414 429 16646 3116 603 215 257 14010 13962 393 9129 590 24 59 862 558 1074 65 513
136211 632 18 4750 366 15974 58693 31214 8803 4961 696 1310 27789 10938 6196 7244 4 11675 610 23134 4346 829 308 355 19543 19342 548 12656 810 35 82 1187 776 1510 89 703
136212 626 12 1660 123 5619 20514 10872 3143 1702 234 467 9820 3792 2182 2576 1 4075 193 7997 1498 298 100 122 6837 6748 197 4385 295 10 30 410 260 524 33 263
136274 643 12 985 71 3293 12069 6413 1816 1027 142 270 5710 2244 1278 1514 0 2392 120 4766 899 175 62 72 4028 3961 114 2613 167 7 17 247 157 307 18 149
136275 643 12 1632 124 5482 20108 10841 3012 1696 244 444 9495 3755 2117 2500 1 4009 212 7990 1488 287 107 120 6685 6677 189 4416 278 12 26 410 264 512 31 239
136328 616 17 884 67 2969 10940 5787 1651 923 129 245 5215 2031 1150 1341 0 2170 109 4275 807 152 56 64 3647 3586 103 2337 153 5 15 218 142 272 17 135
136330 611 16 1449 111 4833 17696 9415 2675 1503 209 396 8373 3308 1857 2167 0 3511 183 6948 1313 252 92 105 5890 5824 170 3835 246 12 24 358 235 457 25 209
136332 611 16 586 45 1975 7250 3877 1077 601 84 160 3452 1342 767 928 0 1443 69 2867 523 103 36 43 2398 2398 65 1573 102 3 10 150 96 183 11 90
136334 616 16 4642 349 15636 57334 30607 8658 4817 664 1294 27180 10681 6023 7080 3 11419 571 22524 4234 813 298 346 19080 18953 533 12394 790 33 80 1165 759 1438 87 695
136336 615 16 2013 153 6806 25070 13315 3770 2086 288 572 11899 4625 2644 3104 2 4964 249 9835 1860 354 124 154 8309 8291 240 5383 352 14 35 508 338 633 37 304
136340 611 16 921 70 3089 11330 6017 1687 953 129 257 5391 2080 1178 1419 0 2267 113 4456 829 160 56 69 3752 3741 104 2433 159 6 16 235 155 285 18 139
136343 614 16 472 33 1569 5710 2996 884 481 67 132 2725 1060 608 698 0 1127 54 2209 413 82 27 30 1913 1863 51 1217 81 3 8 116 74 144 9 73
136344 611 16 1024 81 3480 12714 6876 1926 1081 155 279 6041 2392 1342 1572 0 2521 138 5039 948 180 69 79 4242 4204 123 2788 172 8 16 262 167 321 19 145
136351 613 16 1515 115 5104 18731 10022 2845 1575 224 423 8898 3475 1984 2354 0 3752 193 7485 1370 268 100 114 6240 6212 175 4048 256 11 25 381 249 470 29 226
136353 613 16 4571 348 15393 56643 30170 8495 4749 666 1272 26730 10478 5952 6968 3 11234 574 22265 4185 806 294 336 18874 18692 529 12190 785 31 80 1149 749 1440 86 684
136354 611 16 107 6 351 1315 686 193 107 13 30 628 240 138 161 0 251 13 503 95 19 5 9 443 425 12 282 20 0 1 25 17 34 2 17
136356 612 16 2331 177 7794 28706 15263 4318 2413 336 650 13550 5358 3025 3492 1 5696 293 11252 2122 406 149 175 9561 9430 267 6198 393 16 40 588 382 728 43 345
136364 608 23 771 63 2618 9586 5142 1424 818 113 210 4530 1798 990 1186 0 1907 102 3802 722 133 50 61 3206 3154 93 2093 127 6 12 193 129 243 13 107
136367 608 23 219 14 724 2639 1364 400 223 30 61 1272 490 275 335 0 518 23 1025 187 36 10 11 875 864 24 560 37 1 4 53 33 64 4 35
136370 625 24 357 27 1198 4380 2325 670 377 53 96 2074 815 469 522 0 862 45 1705 324 64 24 26 1467 1440 40 942 61 2 6 89 55 113 6 56
136371 616 25 7866 607 26457 96927 51571 14669 8136 1136 2177 46013 17990 10228 12032 5 19318 978 38119 7126 1371 496 582 32212 31949 893 20918 1365 56 137 1971 1280 2456 150 1184
136372 617 21 1089 82 3659 13457 7193 2031 1141 162 304 6356 2512 1410 1682 0 2667 140 5303 1006 191 72 86 4484 4424 134 2900 182 8 18 269 173 342 19 156
136374 614 21 822 58 2749 10088 5359 1509 850 115 229 4793 1876 1060 1242 0 2000 98 3959 741 142 49 56 3346 3325 98 2176 145 5 14 209 132 257 15 127
136375 611 21 1055 89 3597 13078 7093 1967 1107 157 282 6218 2445 1368 1624 0 2607 140 5212 975 182 70 86 4368 4349 122 2870 176 7 17 263 171 333 18 150
136377 611 21 1430 108 4719 17444 9179 2644 1466 203 393 8263 3238 1842 2118 1 3459 172 6802 1266 250 89 98 5828 5709 160 3745 247 10 24 353 223 452 27 217
136380 623 23 1938 145 6461 23892 12762 3577 1994 276 543 11351 4408 2485 2946 1 4717 249 9374 1754 336 123 143 7955 7916 224 5161 336 13 32 484 321 604 36 284
136381 614 21 806 63 2715 9874 5266 1523 822 111 222 4728 1832 1048 1226 0 1967 94 3858 719 140 47 61 3264 3276 94 2132 143 4 15 197 134 250 15 126
136384 615 21 3716 287 12479 45645 24261 6907 3851 533 1019 21732 8516 4836 5714 2 9114 454 17968 3361 653 234 273 15159 15046 422 9869 632 27 65 930 600 1150 71 557
136386 618 28 4124 325 13888 50874 27395 7646 4316 616 1133 24012 9551 5332 6215 2 10129 546 20185 3789 715 275 319 16998 16801 474 11137 691 32 69 1027 683 1293 74 587
136417 697 63 2837 216 9476 34994 18625 5241 2946 422 779 16493 6509 3689 4256 1 6923 361 13708 2571 503 187 215 11653 11498 326 7517 490 23 48 715 466 896 53 420
136418 700 63 309 21 1016 3813 1962 573 318 45 90 1808 701 406 458 0 751 36 1454 284 52 19 19 1266 1239 37 788 55 2 6 76 50 97 5 48
136420 700 63 100 7 330 1196 639 186 103 14 28 575 229 126 151 0 235 12 466 90 16 5 6 395 386 11 269 17 0 1 24 15 29 1 14
136451 590 31 1862 149 6268 23074 12425 3419 1956 277 512 10885 4309 2410 2893 1 4601 245 9206 1710 325 128 147 7724 7637 220 5049 312 15 30 470 312 588 34 262
136456 701 49 956 67 3145 11590 6103 1750 961 131 268 5483 2153 1232 1424 0 2307 112 4535 837 161 55 65 3816 3815 107 2475 167 5 16 235 156 291 18 147
136457 701 49 478 34 1599 5855 3092 899 481 65 134 2784 1074 623 709 0 1157 55 2282 432 85 28 32 1938 1935 56 1256 83 2 8 119 73 148 9 79
136458 702 48 795 60 2635 9749 5153 1480 816 111 221 4600 1805 1027 1172 0 1932 99 3794 717 138 47 59 3225 3217 90 2082 135 4 13 194 130 249 15 119
136459 702 48 4165 309 13967 51285 27109 7787 4319 601 1161 24327 9547 5410 6343 3 10187 516 20100 3773 726 261 300 17062 16893 484 10994 716 30 74 1033 682 1313 78 629
136461 631 16 1392 113 4748 17317 9247 2613 1452 205 393 8241 3210 1830 2111 1 3462 175 6800 1277 248 93 104 5787 5742 157 3763 240 9 24 358 228 434 26 211
136462 618 11 926 68 3101 11348 5953 1747 942 127 260 5447 2112 1215 1437 0 2253 105 4410 823 163 54 63 3755 3707 104 2439 165 6 16 229 143 282 19 149
136469 614 12 1893 148 6388 23272 12527 3535 1950 272 525 11075 4325 2451 2930 1 4647 231 9232 1701 327 120 147 7735 7713 216 5074 322 14 33 476 315 588 38 282
136471 640 30 3275 253 11019 40422 21575 6131 3387 472 902 19188 7508 4257 5036 2 8023 401 15944 2971 580 205 244 13414 13390 377 8705 561 24 57 823 535 1021 63 489
136472 636 26 2199 167 7389 27114 14359 4118 2289 326 613 12879 5045 2876 3339 1 5346 275 10593 1987 387 143 162 9048 8894 252 5823 384 16 39 544 352 700 42 336
136476 638 26 4014 316 13594 49667 26598 7526 4222 588 1102 23605 9297 5221 6142 2 9917 510 19627 3700 711 262 291 16549 16409 472 10770 690 31 66 1015 656 1263 75 596
136477 640 26 3880 305 13125 47990 25823 7267 4048 568 1064 22778 8963 5066 6034 2 9594 498 19126 3539 689 250 301 15943 15905 458 10475 658 30 67 978 639 1221 75 565
136480 640 26 2260 175 7593 27924 14890 4223 2348 329 626 13206 5180 2951 3404 2 5541 287 10965 2078 402 147 166 9281 9216 265 6005 388 15 39 572 369 715 40 335
136484 640 26 5014 388 16935 62106 33215 9376 5220 740 1387 29462 11571 6546 7710 4 12359 647 24540 4572 892 328 384 20645 20548 590 13399 866 37 83 1255 814 1595 94 734
136490 624 17 1608 124 5417 19715 10531 2973 1673 226 433 9328 3695 2073 2429 1 3916 201 7797 1475 275 97 122 6535 6499 186 4286 266 11 26 404 268 498 29 230
136499 598 29 1784 136 6009 21906 11718 3331 1833 255 486 10388 4078 2318 2758 1 4379 220 8672 1608 313 111 135 7271 7241 202 4750 306 13 31 455 288 553 34 269
136500 598 29 2284 172 7698 28227 15042 4273 2384 334 624 13310 5245 2984 3479 2 5605 292 11144 2076 404 146 171 9362 9316 266 6106 394 17 39 576 372 728 43 339
136502 599 29 704 55 2341 8655 4643 1289 740 104 189 4093 1611 905 1071 0 1714 96 3428 643 124 47 55 2889 2855 82 1885 116 6 11 177 114 221 12 99
136503 611 25 1119 77 3715 13601 7199 2059 1130 154 306 6470 2532 1437 1663 0 2673 132 5297 995 195 67 76 4512 4485 126 2899 192 8 20 276 179 342 20 169
136504 605 25 366 29 1230 4501 2371 694 380 54 104 2144 847 477 559 0 901 46 1748 333 65 23 24 1498 1476 42 966 64 2 6 89 60 115 6 55
136505 599 25 1735 136 5835 21327 11431 3234 1788 253 478 10141 3970 2251 2646 1 4261 222 8454 1569 303 109 131 7087 7096 192 4623 294 12 29 442 284 542 32 257
136508 597 25 359 29 1243 4541 2433 695 379 55 103 2149 832 482 535 0 898 45 1775 336 64 22 26 1498 1515 41 977 63 1 6 93 60 117 6 56
136509 628 28 261 20 877 3214 1713 485 271 37 73 1531 597 340 421 0 648 31 1282 236 46 16 19 1065 1060 29 694 45 1 5 65 40 80 5 41
136511 628 28 1413 109 4727 17506 9364 2618 1471 212 391 8245 3262 1853 2096 0 3454 186 6894 1291 245 95 104 5818 5777 161 3780 239 11 24 362 235 450 26 202
136513 587 17 192 14 669 2428 1303 379 199 27 53 1167 458 259 319 0 490 23 958 179 35 11 15 805 803 23 541 34 1 3 49 31 60 4 29
136517 587 17 4390 339 14790 54075 28944 8151 4608 654 1208 25620 10114 5701 6710 2 10765 571 21343 4041 765 288 324 18028 17818 502 11767 751 35 74 1112 706 1374 81 642
136518 587 17 2086 160 6981 25646 13632 3906 2149 295 579 12209 4745 2708 3157 1 5111 251 10030 1907 374 128 154 8523 8494 243 5513 358 13 37 524 339 644 39 322
136519 606 15 1592 122 5372 19648 10525 2955 1670 234 436 9318 3674 2064 2441 0 3914 199 7759 1452 278 104 122 6528 6497 193 4275 270 12 27 404 253 502 29 235
136529 694 32 1505 114 4996 18436 9824 2765 1560 221 407 8694 3420 1944 2259 1 3649 190 7232 1370 265 96 111 6130 6079 170 3979 257 10 24 375 246 473 28 221
136530 706 20 2901 219 9618 35590 18800 5332 3020 418 790 16752 6554 3748 4277 2 6995 360 13866 2667 510 182 209 11823 11694 341 7575 499 21 49 728 462 913 53 431
136531 695 20 771 60 2611 9574 5073 1445 811 112 214 4587 1776 1007 1195 1 1901 98 3753 706 135 48 58 3211 3147 91 2053 132 6 13 195 126 242 14 117
136532 695 20 2129 164 7116 26168 13969 3943 2222 310 589 12366 4878 2750 3168 1 5180 272 10245 1935 375 135 163 8740 8625 250 5679 364 15 36 529 335 670 37 310
136533 699 20 726 54 2436 8916 4758 1366 751 104 202 4191 1657 940 1091 0 1753 89 3491 656 127 44 53 2937 2938 90 1915 129 5 12 186 118 226 14 111
136558 647 11 1240 90 4126 15173 7999 2289 1256 171 348 7223 2810 1607 1901 0 3008 144 5957 1098 218 72 83 5023 5027 140 3218 214 9 21 311 201 383 23 192
136559 699 27 2516 192 8408 31035 16399 4689 2622 365 700 14664 5739 3278 3735 2 6090 310 12087 2313 445 159 180 10357 10189 293 6622 430 17 44 633 404 798 46 378
136561 702 18 4064 321 13828 50303 26935 7661 4266 599 1118 24036 9422 5299 6262 2 10069 506 19858 3724 717 264 294 16765 16640 476 10888 698 30 69 1024 660 1276 76 606
136562 696 18 760 61 2591 9427 5038 1449 786 109 219 4516 1758 995 1177 0 1866 92 3723 701 137 46 56 3142 3117 95 2039 133 5 13 186 125 236 14 114
136564 692 18 892 66 2993 10944 5842 1654 917 130 240 5187 2049 1154 1363 0 2179 111 4318 807 152 56 65 3614 3620 103 2366 148 6 15 225 146 280 16 128
136584 598 16 1757 139 5909 21745 11652 3264 1841 263 486 10293 4064 2296 2677 1 4336 230 8626 1608 311 115 137 7256 7204 201 4731 297 12 30 444 288 559 32 253
136585 597 15 5030 378 16755 61814 32869 9283 5220 730 1379 29178 11508 6485 7516 4 12217 644 24295 4556 887 319 370 20550 20373 592 13267 861 41 83 1279 827 1593 91 737
136588 613 11 975 76 3282 12020 6419 1835 999 138 276 5768 2236 1274 1501 0 2392 122 4762 878 169 62 68 4007 3984 109 2580 167 5 17 244 160 301 19 150
136600 676 34 5838 451 19679 72104 38399 10873 6111 848 1611 34296 13427 7583 8940 4 14368 732 28404 5330 1032 370 417 24009 23809 685 15534 1009 44 99 1472 953 1843 108 874
136601 712 20 898 73 3047 11239 6012 1666 939 133 253 5310 2082 1173 1386 1 2249 122 4464 836 158 61 67 3740 3730 101 2442 153 5 15 228 147 285 17 132
136602 712 20 1476 108 4978 18265 9675 2778 1542 210 415 8658 3399 1930 2300 1 3610 176 7186 1346 265 91 116 6061 6001 182 3942 257 12 26 370 237 467 27 222
136603 712 20 7544 579 25444 93078 49751 14070 7832 1090 2095 44151 17321 9818 11568 5 18554 949 36727 6891 1328 478 567 30891 30737 877 20192 1296 55 131 1901 1233 2349 142 1127
136604 714 11 1359 101 4493 16691 8716 2497 1405 192 384 7891 3075 1758 2056 0 3302 166 6502 1225 238 83 95 5549 5461 157 3536 237 10 24 334 218 431 26 209
136605 714 11 540 38 1763 6595 3472 975 546 73 152 3122 1206 689 821 0 1299 70 2589 485 96 31 39 2196 2165 65 1414 90 4 9 131 85 166 9 79
136640 614 19 677 52 2292 8369 4500 1264 711 98 189 3981 1573 882 1057 0 1671 87 3334 621 122 42 52 2797 2773 81 1842 117 5 12 171 104 217 13 104
136641 614 19 920 69 3065 11331 6017 1705 945 132 258 5347 2102 1189 1368 0 2242 115 4418 837 164 57 66 3774 3730 107 2412 157 6 15 229 152 292 17 135
136643 614 19 6809 518 22870 83984 44847 12686 7046 993 1892 39766 15633 8845 10319 5 16647 855 33053 6207 1195 434 504 27852 27775 786 18154 1176 48 118 1714 1121 2142 131 1020
136644 615 19 596 45 1974 7312 3874 1085 623 85 164 3455 1365 760 909 0 1439 76 2881 551 102 36 46 2435 2393 74 1593 97 5 10 150 97 190 10 83
136645 614 19 321 24 1071 3961 2115 596 332 46 91 1886 726 413 487 0 794 40 1555 299 56 20 22 1310 1318 40 854 53 2 5 80 54 98 5 46
136689 632 20 296 23 1006 3728 1960 569 307 42 83 1768 682 397 448 0 737 36 1448 278 53 19 22 1230 1228 36 799 52 1 5 75 47 94 5 47
136691 633 20 1341 100 4462 16370 8595 2481 1356 177 374 7826 3006 1721 2033 0 3253 145 6343 1191 238 72 93 5405 5413 154 3462 238 7 24 338 218 406 26 220
136692 632 20 1423 111 4792 17509 9430 2675 1471 209 392 8314 3288 1858 2176 0 3481 182 6936 1280 248 92 113 5815 5778 165 3807 245 12 24 358 240 446 26 208
136693 632 20 3110 238 10412 38225 20375 5779 3221 446 855 18100 7115 4049 4669 1 7580 399 15033 2837 548 201 233 12748 12620 358 8260 532 23 53 772 505 981 58 458
136695 633 20 1901 148 6379 23528 12482 3567 1977 277 526 11142 4363 2479 2904 1 4691 236 9243 1745 338 121 139 7803 7771 223 5057 325 14 33 480 307 599 35 286
136699 654 20 176 12 561 2113 1076 320 173 22 49 997 384 224 249 0 415 18 803 156 30 8 11 692 686 19 436 29 0 3 42 29 54 3 28
136700 651 20 1423 109 4758 17511 9308 2642 1466 202 392 8347 3246 1843 2172 1 3503 170 6909 1275 250 89 105 5797 5825 167 3778 242 9 25 359 231 443 27 217
136701 651 20 1084 80 3611 13299 7037 2018 1105 154 299 6276 2453 1409 1623 0 2643 126 5198 966 187 65 77 4394 4384 128 2842 186 8 19 274 178 334 19 165
136702 651 20 2580 205 8754 31989 17097 4845 2704 379 706 15165 5955 3365 3971 1 6411 334 12668 2362 454 170 192 10634 10577 298 6926 438 19 44 654 426 810 48 379
136703 639 20 1509 115 5061 18569 9887 2797 1569 217 416 8841 3473 1959 2333 1 3695 187 7326 1374 264 94 110 6190 6117 179 4021 257 12 25 376 245 472 28 221
136706 641 22 5491 431 18677 68049 36554 10289 5762 811 1510 32222 12726 7177 8454 3 13600 707 26975 5039 963 359 421 22660 22514 647 14847 936 40 92 1396 884 1732 103 806
136707 640 20 2361 181 7889 29147 15393 4400 2440 334 665 13820 5370 3086 3579 1 5783 290 11386 2136 415 146 172 9675 9598 276 6226 415 18 41 586 391 749 44 362
136711 642 20 2170 161 7279 26770 14142 4016 2246 310 611 12737 4949 2835 3278 1 5285 261 10441 1968 379 131 159 8927 8809 245 5739 381 15 38 541 350 690 41 333
136713 653 15 3208 253 10784 39566 21136 5969 3356 475 894 18760 7405 4178 4848 2 7843 414 15535 2936 568 207 242 13205 13041 373 8573 542 25 55 802 518 1010 58 471
136714 637 16 1894 139 6309 23176 12327 3484 1959 271 527 10986 4303 2450 2859 1 4584 229 9086 1715 332 115 137 7692 7621 221 4996 328 13 33 468 306 587 35 285
136715 650 23 1230 91 4142 15184 8056 2324 1268 177 345 7223 2803 1613 1847 1 3019 147 5939 1118 215 77 88 4987 5032 141 3238 216 9 23 309 204 377 23 190
136716 650 23 2840 212 9582 35087 18656 5307 2956 408 798 16714 6552 3711 4373 1 6985 352 13801 2589 497 177 206 11690 11573 326 7553 489 19 51 714 462 884 56 431
136717 650 23 3925 300 13114 48106 25543 7308 4035 561 1085 22897 8927 5089 5995 3 9582 469 18896 3540 688 241 283 15971 15879 451 10348 680 28 70 982 641 1231 73 586
136718 651 23 1420 106 4743 17511 9248 2639 1464 200 400 8234 3213 1840 2128 1 3475 172 6847 1289 256 88 104 5810 5779 163 3745 254 8 25 356 229 449 27 219
136719 648 15 391 30 1319 4805 2552 741 411 55 106 2298 908 506 603 0 964 47 1884 354 70 26 32 1613 1574 48 1047 66 3 6 97 61 125 7 58
136720 647 15 1581 122 5336 19510 10393 2970 1632 227 440 9326 3611 2056 2436 1 3885 195 7664 1423 280 99 118 6482 6456 183 4205 275 10 27 397 256 491 29 238
136754 702 23 760 56 2532 9287 4891 1426 775 107 209 4388 1719 977 1126 0 1861 90 3630 690 132 47 52 3079 3049 82 2009 130 4 13 189 123 234 14 116
136757 706 24 1024 79 3468 12667 6851 1892 1056 149 288 5990 2362 1331 1581 0 2529 132 5034 930 177 66 73 4190 4203 111 2754 174 7 17 263 170 318 20 150
136758 702 23 3636 280 12219 44918 23875 6748 3778 522 1010 21311 8328 4714 5521 3 8924 449 17670 3320 638 219 268 14935 14881 426 9681 620 26 64 915 593 1139 65 547
136759 817 52 3495 268 11728 43114 23061 6487 3640 508 952 20373 8030 4523 5348 2 8582 438 17066 3206 618 220 258 14295 14296 412 9322 595 27 59 890 569 1090 64 515
136761 817 52 5838 453 19608 71890 38464 10810 6054 849 1614 33824 13357 7574 8834 4 14291 738 28342 5334 1023 382 449 23915 23710 670 15639 993 43 98 1465 951 1841 111 860
136765 817 52 753 57 2495 9221 4827 1406 780 106 205 4365 1703 983 1119 0 1819 86 3590 686 131 47 56 3074 3032 86 1963 129 5 13 187 118 238 13 113
136768 826 37 203 15 704 2544 1352 388 208 28 57 1206 470 273 325 0 509 22 998 180 36 12 14 838 838 22 548 37 1 4 49 34 61 4 34
136770 826 37 1522 115 5086 18631 9963 2812 1568 222 424 8799 3487 1971 2270 1 3697 185 7297 1384 265 99 111 6200 6147 168 4019 260 10 27 387 251 475 28 228
136772 830 37 1335 104 4489 16547 8849 2475 1400 199 372 7861 3075 1734 2085 1 3304 169 6579 1222 233 88 99 5486 5485 156 3587 230 11 22 334 225 419 24 194
136774 828 37 103 8 356 1293 697 195 106 14 28 625 244 134 169 0 259 12 521 96 17 5 8 422 435 12 277 18 0 1 25 16 31 2 16
136809 626 12 4211 311 14073 51724 27463 7824 4341 611 1168 24387 9665 5462 6328 3 10265 521 20305 3806 729 263 299 17183 17047 483 11126 719 29 74 1048 687 1316 80 630
136810 628 12 2748 219 9343 34017 18328 5163 2878 402 752 16151 6366 3588 4276 2 6794 348 13517 2534 483 177 211 11290 11280 321 7406 469 21 48 686 455 867 52 406
136811 628 12 452 39 1525 5608 3077 818 475 68 123 2678 1046 579 725 0 1123 61 2271 416 79 31 37 1889 1880 55 1255 74 4 7 115 72 147 8 59
136812 629 12 2857 223 9653 35148 18883 5323 2960 421 786 16633 6554 3705 4317 2 6998 363 13908 2593 499 184 214 11649 11678 327 7621 487 21 50 728 475 891 53 415
136813 626 12 729 52 2421 8946 4723 1344 749 105 208 4242 1641 940 1101 0 1779 91 3502 652 127 47 52 2974 2943 85 1905 125 5 12 177 117 227 13 111
136867 616 14 2966 233 10032 36550 19592 5560 3080 427 822 17370 6821 3845 4613 1 7320 378 14537 2697 517 185 225 12143 12097 339 7950 502 22 52 738 483 921 56 438
136869 621 12 2473 190 8303 30427 16292 4573 2602 375 674 14458 5712 3226 3768 1 6049 315 12015 2250 439 166 182 10210 9998 287 6648 413 19 41 618 390 779 45 358
136873 621 12 3402 258 11410 41926 22355 6319 3511 492 934 19890 7781 4434 5184 2 8354 425 16511 3085 603 216 251 13925 13882 395 9060 588 25 57 854 555 1064 66 516
136886 653 29 1035 80 3480 12761 6780 1940 1061 144 292 6105 2358 1337 1593 0 2552 125 5022 924 179 60 78 4212 4235 120 2752 179 6 18 257 171 324 19 160
136887 653 29 482 36 1648 5975 3219 917 499 70 132 2827 1120 636 747 0 1195 60 2355 439 86 28 38 1979 1982 54 1318 83 3 9 122 79 152 9 72
136891 654 27 895 69 2992 11022 5815 1667 935 130 254 5239 2037 1157 1328 0 2184 114 4282 822 156 57 64 3681 3621 101 2352 155 5 16 212 145 283 15 137
136893 654 27 1424 112 4781 17697 9389 2652 1479 202 398 8332 3267 1855 2154 1 3485 178 6922 1318 252 88 110 5891 5833 172 3814 246 10 23 363 234 456 26 213
136894 602 12 1661 124 5553 20390 10805 3070 1711 232 464 9603 3746 2126 2494 1 4054 203 8008 1508 288 98 118 6726 6758 192 4352 282 10 29 416 270 508 32 254
136904 614 28 952 75 3210 11795 6340 1775 1002 137 262 5502 2212 1245 1447 0 2358 127 4690 881 167 64 74 3918 3879 108 2593 161 7 15 244 159 297 18 140
136905 614 28 1301 96 4365 15847 8414 2425 1331 178 353 7542 2968 1691 1955 1 3141 156 6212 1167 222 75 93 5244 5212 147 3425 221 8 21 325 214 397 25 197
136906 623 26 4009 312 13542 49587 26576 7502 4165 588 1097 23524 9249 5237 6110 2 9866 514 19668 3657 708 260 301 16503 16440 455 10727 682 30 68 1016 662 1255 76 586
136907 622 25 5638 438 18949 69407 37003 10490 5880 821 1545 33074 12950 7308 8590 2 13842 698 27289 5146 994 359 406 23143 22886 651 14972 972 39 97 1416 916 1759 106 847
136908 608 24 423 32 1441 5230 2815 816 436 61 121 2493 977 558 654 0 1047 52 2058 380 71 26 31 1744 1745 46 1134 70 2 8 103 71 127 8 64
136909 632 25 369 25 1229 4533 2396 670 378 51 102 2128 834 477 545 0 895 43 1778 330 63 21 26 1497 1485 39 980 64 2 6 93 61 113 7 56
136912 636 25 167 11 571 2071 1118 313 173 24 48 972 384 219 251 0 412 20 817 151 29 9 12 673 690 20 450 31 0 3 42 27 53 3 26
136913 634 25 3399 266 11466 42137 22746 6308 3554 509 937 19898 7842 4407 5202 2 8410 450 16772 3121 599 225 266 13950 14043 389 9176 578 26 55 858 560 1062 63 484
136914 634 25 5990 470 20176 74028 39636 11144 6248 872 1664 35014 13794 7783 9136 5 14693 759 29243 5479 1057 379 450 24587 24512 707 16005 1028 46 103 1528 981 1882 112 887
136915 633 25 1976 156 6635 24433 13013 3657 2063 289 549 11560 4572 2570 3018 0 4851 258 9632 1819 350 128 150 8163 8043 235 5311 332 15 32 500 322 628 36 282
136917 632 25 1941 152 6541 23977 12824 3605 2030 285 543 11356 4479 2517 2940 1 4767 249 9454 1784 341 125 139 8015 7895 229 5180 325 15 33 489 318 609 36 287
136921 631 25 3540 273 11940 43668 23282 6651 3676 507 980 20756 8164 4628 5402 2 8690 446 17195 3234 624 221 269 14531 14397 412 9453 607 25 62 888 583 1115 67 532
