138778 712 11 1099 84 3714 13651 7281 2078 1142 163 301 6489 2555 1446 1703 0 2740 139 5407 1000 199 72 86 4517 4526 130 2978 190 8 18 274 182 350 20 161
138801 704 18 1158 87 3877 14229 7549 2166 1176 159 322 6760 2621 1507 1761 1 2838 139 5548 1036 208 69 83 4735 4688 132 3053 205 7 21 293 188 355 23 185
138802 700 17 332 24 1102 4096 2155 610 344 49 94 1949 760 431 497 0 805 42 1600 301 56 22 24 1385 1334 37 871 56 2 5 81 54 105 6 48
138803 699 17 1583 117 5300 19416 10274 2929 1650 226 436 9172 3586 2061 2397 1 3855 196 7610 1440 277 101 117 6463 6359 185 4206 272 11 27 400 252 493 30 238
138805 699 17 274 19 902 3345 1744 494 279 36 74 1572 620 353 392 0 649 32 1292 245 46 14 16 1097 1097 29 702 48 2 5 69 43 86 5 42
138806 716 17 3739 283 12490 45991 24573 6913 3858 547 1032 21758 8556 4843 5678 1 9162 471 18155 3395 661 244 275 15293 15188 430 9925 638 27 64 934 604 1169 69 555
138807 712 15 2643 204 8862 32683 17337 4899 2747 377 735 15470 6026 3428 4016 2 6500 319 12849 2398 464 164 191 10838 10811 299 6996 458 17 46 668 431 830 51 401
138866 1025 110 6443 490 21688 79486 42551 11978 6698 946 1774 37585 14828 8396 9795 3 15813 815 31422 5862 1130 411 482 26387 26322 734 17190 1105 48 112 1635 1058 2026 124 958
138867 1026 110 2532 188 8351 30957 16176 4695 2585 349 711 14696 5709 3276 3793 1 6141 297 11996 2273 440 148 169 10241 10174 285 6524 440 17 46 632 416 785 48 393
138869 1034 112 474 33 1598 5817 3087 892 483 66 132 2774 1085 618 734 0 1168 57 2277 423 83 28 34 1915 1935 53 1252 84 2 9 116 77 147 9 74
138871 1036 114 490 39 1641 6076 3195 933 515 70 138 2871 1121 646 741 0 1203 62 2354 458 88 33 37 2034 1991 57 1285 87 4 8 121 78 152 9 75
138873 1036 114 1677 126 5621 20644 10953 3102 1739 243 459 9721 3846 2169 2518 1 4100 215 8090 1522 294 107 122 6840 6814 198 4463 291 12 28 417 277 536 30 246
138875 1038 114 546 40 1822 6698 3504 1011 550 72 156 3169 1227 699 836 0 1338 61 2610 488 92 30 38 2195 2202 60 1427 100 3 9 135 89 166 10 89
138878 1041 113 1863 136 6158 22828 11982 3412 1914 257 523 10808 4193 2396 2847 1 4538 225 8939 1679 323 110 134 7554 7521 213 4848 323 12 33 461 301 581 35 287
138879 664 11 380 30 1296 4731 2570 692 406 57 112 2251 884 489 610 0 951 52 1910 355 67 23 28 1582 1560 42 1055 62 2 6 100 66 115 6 55
138881 666 11 570 41 1879 6996 3666 1046 581 79 154 3301 1272 734 841 0 1381 68 2716 520 102 33 40 2304 2309 69 1478 98 3 10 146 89 179 10 91
138882 664 11 3466 256 11597 42459 22639 6412 3574 503 956 20086 7895 4493 5246 1 8451 425 16655 3128 594 218 255 14105 14002 393 9160 597 25 60 863 562 1073 66 530
138883 665 11 267 20 904 3276 1750 503 274 40 76 1580 605 346 415 0 660 32 1291 239 45 16 19 1081 1087 28 695 46 1 5 63 44 79 5 40
138898 671 21 627 49 2119 7798 4134 1192 650 89 173 3711 1429 829 936 0 1539 79 3034 579 113 37 47 2590 2588 76 1676 107 4 10 157 102 200 11 93
138901 676 19 1600 119 5362 19662 10606 2955 1649 238 433 9261 3651 2070 2374 0 3920 202 7786 1467 281 104 121 6518 6545 180 4284 270 12 26 404 268 496 29 232
138903 675 18 1375 107 4662 16919 9046 2602 1415 195 383 8025 3157 1790 2119 1 3392 169 6691 1247 237 83 101 5606 5611 156 3691 236 9 24 339 222 433 27 209
138904 676 18 10056 777 33855 123737 65962 18775 10419 1463 2769 58769 23100 13081 15316 6 24620 1258 48695 9118 1755 643 737 41218 40815 1164 26762 1727 73 173 2518 1648 3152 190 1502
138906 675 18 3886 301 13066 47995 25534 7189 4044 562 1071 22670 8882 5051 5891 3 9542 499 18902 3560 676 246 298 15968 15803 445 10379 663 29 66 968 639 1237 72 568
138908 595 14 1964 141 6511 23972 12694 3625 2012 280 540 11350 4441 2538 2989 0 4752 235 9412 1746 344 119 138 7942 7868 214 5152 344 14 35 482 318 615 37 297
138911 595 14 1833 138 6059 22361 11808 3388 1866 261 510 10511 4145 2360 2715 0 4424 226 8712 1653 319 112 131 7433 7335 201 4776 313 13 31 453 304 573 33 271
138913 594 14 1151 90 3924 14278 7687 2152 1199 175 319 6799 2670 1504 1781 0 2859 145 5667 1040 202 79 84 4765 4732 124 3117 194 8 20 288 190 361 21 175
138915 593 13 681 52 2344 8435 4556 1288 709 98 188 4012 1587 892 1046 0 1685 85 3337 624 119 42 51 2801 2794 74 1856 117 4 12 171 110 211 13 101
138917 626 11 488 34 1629 5942 3116 909 500 64 134 2873 1102 635 747 0 1177 53 2303 435 86 26 34 1942 1961 57 1276 87 3 9 123 76 150 9 78
138920 676 39 2253 171 7476 27600 14605 4179 2323 327 631 13008 5128 2920 3350 1 5465 293 10802 2029 396 144 164 9199 9062 257 5950 383 16 37 569 371 712 42 333
138921 668 39 1472 110 4953 18260 9676 2732 1519 213 411 8586 3379 1918 2221 1 3631 183 7216 1340 261 90 102 6025 6059 166 3909 249 10 26 374 243 467 28 221
138923 652 35 2816 216 9498 34871 18644 5239 2939 417 785 16452 6488 3659 4274 2 6925 358 13757 2579 496 182 213 11585 11530 329 7518 483 23 47 719 469 894 51 415
138924 656 35 3446 273 11629 42500 22610 6452 3576 498 953 20226 7914 4486 5275 2 8466 432 16711 3143 603 216 253 14108 14016 400 9202 591 24 61 854 572 1074 63 512
138926 654 35 6803 519 22972 83989 44943 12676 7058 986 1885 39802 15627 8837 10415 5 16761 855 33199 6192 1191 436 510 27890 27796 789 18244 1171 49 115 1728 1119 2135 128 1010
138927 654 35 546 45 1851 6720 3597 1023 566 80 153 3205 1269 718 822 0 1349 69 2654 497 92 36 40 2251 2215 61 1473 92 3 9 136 89 169 10 82
138929 656 35 3097 235 10489 38387 20543 5775 3228 461 869 18196 7159 4026 4805 1 7660 395 15197 2836 547 205 239 12760 12686 361 8329 531 23 53 779 506 975 58 463
138934 656 35 1188 86 3979 14584 7736 2211 1208 166 331 6904 2680 1539 1787 1 2895 139 5713 1068 207 72 82 4836 4831 138 3120 203 8 20 298 193 370 22 184
138937 654 35 637 47 2105 7778 4078 1184 658 89 176 3683 1435 818 927 0 1528 79 3005 576 110 39 44 2591 2557 75 1663 109 4 11 155 101 201 11 95
138940 659 12 2783 209 9290 34236 18163 5139 2888 406 773 16230 6353 3610 4184 2 6794 358 13433 2503 486 174 203 11344 11296 328 7351 484 20 47 702 456 876 52 410
138941 659 12 653 49 2209 8088 4295 1229 668 91 187 3825 1496 854 1008 0 1603 81 3171 603 116 42 49 2686 2666 73 1753 115 3 12 160 107 206 12 104
138944 659 12 2671 204 8927 32957 17403 4939 2764 389 746 15659 6083 3460 4092 1 6545 337 12895 2413 470 172 198 10983 10834 310 7022 459 19 46 673 429 840 50 403
138945 662 12 520 41 1724 6398 3381 947 544 73 144 3012 1185 669 795 0 1274 63 2508 476 92 32 39 2118 2097 61 1381 85 3 8 132 85 163 9 76
138947 666 12 1423 106 4745 17395 9260 2651 1460 204 393 8295 3227 1848 2162 0 3444 172 6839 1271 250 89 99 5766 5739 164 3738 247 10 24 357 225 439 28 216
138948 714 39 4943 384 16609 60967 32440 9178 5112 711 1372 28847 11323 6435 7631 3 12145 612 24002 4499 870 310 370 20241 20067 572 13213 867 36 87 1244 810 1549 94 754
138949 676 17 1907 149 6425 23567 12666 3525 2004 294 517 11114 4410 2490 2869 1 4697 246 9316 1750 336 131 145 7914 7778 218 5118 316 14 32 481 308 604 34 275
138950 676 24 6002 467 20228 74041 39615 11164 6273 886 1644 35037 13832 7834 9097 4 14720 771 29325 5462 1065 387 439 24705 24428 680 16097 1019 47 101 1533 971 1881 113 882
138951 730 34 392 32 1326 4847 2533 742 408 57 112 2330 907 514 606 0 954 50 1876 361 70 24 26 1630 1578 46 1038 69 2 6 94 59 126 6 59
138953 759 18 1724 129 5764 21253 11233 3179 1788 247 483 10055 3923 2240 2573 1 4216 217 8311 1566 302 105 121 7080 7017 194 4540 294 12 29 432 281 547 31 258
138956 758 18 5257 393 17592 64610 34349 9774 5408 748 1460 30620 12000 6818 7965 3 12862 647 25344 4739 925 323 388 21430 21341 610 13941 911 38 90 1324 854 1640 101 800
138957 739 24 2459 193 8357 30451 16253 4631 2551 353 682 14528 5677 3219 3816 2 6063 303 12007 2245 429 151 185 10129 10048 283 6621 424 17 45 617 400 773 46 369
138958 725 18 1883 149 6399 23353 12626 3489 1958 276 527 11083 4344 2446 2905 1 4669 239 9314 1730 325 120 141 7746 7798 213 5106 324 14 32 476 322 592 35 277
138959 722 18 2347 181 7849 29103 15489 4336 2454 346 659 13689 5378 3062 3566 1 5773 306 11430 2157 412 153 178 9655 9587 270 6271 398 17 41 588 381 744 44 351
138961 720 18 2706 207 9050 33424 17627 5070 2819 394 748 15812 6185 3537 4115 2 6640 335 13081 2483 482 173 197 11121 11000 315 7151 467 19 48 681 434 855 50 410
138962 732 11 2087 169 7134 25786 14023 3917 2164 311 582 12240 4839 2699 3197 1 5165 271 10279 1908 362 140 160 8587 8576 238 5678 356 16 35 526 340 656 39 302
138963 732 11 6079 468 20411 74938 40017 11293 6315 885 1682 35400 13926 7901 9256 5 14859 771 29597 5553 1073 381 458 24870 24803 711 16202 1041 46 105 1528 990 1906 115 895
138967 731 11 2202 165 7387 27085 14405 4119 2277 317 606 12876 5032 2874 3342 1 5399 274 10627 2007 390 136 165 8982 8946 261 5869 377 17 38 550 358 689 41 330
138968 732 11 835 60 2775 10336 5403 1569 855 115 237 4910 1892 1086 1278 0 2057 96 4006 752 148 47 60 3431 3398 97 2203 146 5 15 201 134 264 16 132
138975 738 39 487 39 1646 5966 3243 897 516 73 131 2842 1130 638 739 0 1187 64 2387 442 87 33 41 2013 1974 55 1309 80 3 8 120 78 153 9 68
138976 739 39 5810 446 19514 71482 38257 10777 6033 837 1607 33883 13390 7539 8784 3 14222 734 28143 5307 1019 365 433 23807 23547 675 15512 995 42 99 1454 942 1828 108 858
138977 744 39 7721 575 25819 94851 50389 14274 7938 1105 2150 44877 17644 10047 11649 5 18873 948 37272 6959 1348 481 565 31517 31272 876 20453 1333 53 133 1932 1262 2427 146 1162
138978 708 19 2535 194 8550 31331 16613 4802 2619 368 703 14947 5844 3336 3919 1 6269 309 12326 2285 453 160 189 10392 10357 301 6759 440 18 45 631 415 798 48 385
138980 714 18 634 44 2125 7799 4149 1172 664 90 172 3701 1450 814 976 0 1561 76 3080 577 109 38 45 2574 2576 73 1688 107 5 10 158 105 194 11 93
138982 716 13 1028 76 3440 12711 6652 1931 1075 147 284 6037 2345 1352 1539 1 2493 123 4901 931 185 63 73 4233 4180 120 2692 179 6 18 263 161 322 19 159
138983 716 13 9668 740 32586 119343 63875 18004 10057 1409 2663 56508 22215 12560 14803 7 23802 1218 47210 8824 1691 621 724 39613 39508 1121 25890 1653 73 162 2453 1590 3030 181 1422
138985 716 13 574 43 1909 7056 3692 1062 582 77 161 3327 1298 743 885 0 1396 66 2761 517 99 33 41 2342 2318 67 1509 99 3 9 141 95 180 11 85
138986 716 13 4778 373 16162 59135 31794 8863 4990 708 1320 27935 11041 6219 7247 3 11795 620 23377 4410 835 310 359 19702 19608 545 12830 802 33 80 1210 781 1501 88 689
138987 710 15 403 32 1357 4955 2677 737 414 58 113 2337 932 517 623 0 992 49 1979 366 67 26 29 1647 1635 45 1083 66 3 6 101 68 127 7 56
139009 686 11 499 37 1676 6207 3270 940 511 70 143 2939 1134 659 762 0 1230 63 2406 456 87 30 37 2048 2034 56 1323 91 2 9 123 82 158 9 80
139010 686 11 9094 687 30487 111995 59573 16924 9412 1305 2518 53072 20826 11858 13738 6 22205 1126 43967 8235 1607 563 673 37250 36894 1048 24129 1563 65 160 2293 1483 2863 172 1364
139011 686 11 2133 156 7202 26219 13920 4004 2197 295 593 12489 4904 2785 3227 1 5195 244 10214 1924 373 127 147 8717 8630 241 5656 370 14 38 538 344 661 40 331
139012 686 11 2803 218 9442 34465 18389 5236 2884 400 778 16448 6396 3648 4320 1 6875 341 13576 2519 491 176 213 11490 11388 320 7456 485 20 49 702 459 874 54 425
139013 646 14 990 78 3378 12343 6677 1845 1038 151 269 5866 2292 1299 1551 0 2456 131 4909 914 174 69 80 4129 4093 116 2704 170 7 16 254 157 318 18 146
139015 645 14 182 11 577 2172 1088 329 179 21 52 1032 390 231 276 0 430 17 822 159 32 8 10 703 705 21 442 35 0 3 42 28 54 3 32
139023 640 12 9964 769 33513 123002 65643 18539 10334 1444 2756 58261 22869 12964 15169 7 24447 1259 48502 9105 1749 632 752 40896 40706 1144 26618 1703 70 172 2501 1643 3142 186 1477
139044 656 11 972 75 3228 11938 6219 1792 1000 137 264 5661 2215 1266 1475 1 2360 117 4639 871 170 59 68 3968 3885 114 2532 169 8 16 245 157 310 17 147
139045 675 13 921 70 3108 11329 6119 1702 953 138 251 5354 2133 1192 1396 0 2246 118 4498 836 155 61 67 3759 3762 105 2454 151 8 15 228 157 286 17 128
139046 673 12 2034 159 6818 25166 13380 3775 2122 291 568 11887 4685 2621 3095 1 4961 261 9915 1876 358 129 165 8378 8295 246 5430 343 16 33 509 341 645 36 291
139062 627 12 9328 728 31334 114897 61375 17323 9697 1358 2582 54424 21414 12087 14300 7 22834 1178 45368 8492 1632 595 707 38235 37962 1072 24887 1586 70 159 2360 1522 2937 175 1366
139064 692 37 313 22 1045 3877 2000 585 322 43 90 1838 707 404 468 0 765 37 1482 285 56 18 21 1285 1274 36 807 54 2 5 75 50 96 6 51
139067 694 37 1159 90 3863 14234 7580 2132 1205 173 315 6734 2656 1495 1780 0 2844 144 5648 1057 202 77 83 4722 4678 138 3078 193 10 20 292 190 360 21 168
139068 696 37 742 57 2458 9075 4830 1356 771 106 200 4301 1698 955 1116 0 1808 94 3556 672 131 48 57 3024 2989 87 1962 125 6 12 185 117 232 13 107
139071 694 37 1772 141 5996 21961 11685 3321 1845 254 499 10487 4088 2310 2775 1 4409 221 8651 1605 306 112 135 7295 7259 206 4751 303 11 31 448 290 560 33 267
139073 669 12 11384 896 38611 140932 75669 21315 11842 1665 3147 67009 26289 14837 17582 9 28097 1469 55856 10435 2001 731 860 46892 46808 1319 30646 1944 79 195 2869 1868 3572 216 1680
139074 668 12 2629 202 8906 32519 17434 4911 2750 385 732 15471 6101 3443 3980 1 6473 339 12814 2407 468 169 193 10886 10746 299 7089 450 19 45 663 429 829 50 386
139076 668 12 181 11 596 2196 1170 331 181 24 50 1040 400 229 271 0 437 18 864 159 30 9 12 714 736 21 464 32 1 3 45 30 54 3 27
139081 668 12 958 74 3235 11790 6294 1787 986 139 267 5679 2204 1250 1506 0 2379 115 4660 859 168 57 69 3906 3909 110 2561 171 6 17 238 158 296 18 148
139084 674 14 7530 564 25050 92509 49068 13851 7777 1083 2089 43568 17148 9714 11356 6 18323 946 36362 6810 1324 474 555 30680 30479 870 19892 1283 56 130 1880 1228 2358 140 1120
139085 671 13 2184 170 7349 26934 14272 4098 2231 307 619 12835 4984 2832 3371 0 5375 267 10567 1968 376 132 158 8944 8896 247 5789 379 12 38 543 367 680 42 335
139086 671 20 5099 398 17023 62710 33324 9476 5290 729 1430 29730 11644 6606 7733 3 12486 639 24644 4620 894 320 372 20851 20697 595 13522 881 37 88 1276 835 1599 94 758
139087 671 20 1145 87 3831 14117 7553 2107 1183 167 316 6653 2607 1480 1739 0 2791 140 5564 1029 199 73 90 4688 4648 133 3056 198 9 19 293 194 357 21 168
139112 653 11 3919 305 13068 48335 25592 7241 4067 569 1083 22862 8938 5068 5883 3 9556 496 18928 3581 692 248 287 16110 15927 461 10330 674 29 67 990 641 1237 72 585
139113 653 11 3441 261 11570 42257 22648 6402 3524 491 955 20044 7886 4472 5257 1 8438 423 16625 3106 595 213 257 14003 13990 383 9199 595 22 60 870 569 1062 67 524
139118 698 11 2438 181 8145 29983 15853 4561 2527 347 679 14148 5559 3193 3611 1 5931 298 11675 2221 429 152 180 9958 9845 269 6423 421 16 43 608 400 767 45 369
139124 657 19 1189 91 3941 14544 7677 2184 1230 169 328 6839 2690 1534 1778 1 2883 148 5705 1080 208 76 83 4828 4785 137 3116 201 9 21 291 191 375 21 171
139159 657 17 959 71 3212 11861 6279 1787 987 142 269 5601 2196 1247 1466 0 2346 121 4648 872 169 58 69 3927 3896 109 2530 167 6 17 241 157 301 19 147
139160 658 17 1273 91 4260 15727 8377 2370 1317 190 360 7428 2908 1679 1935 0 3128 156 6167 1145 228 82 93 5216 5187 147 3383 221 9 22 327 204 394 25 196
139161 657 17 1123 88 3819 13979 7545 2090 1187 166 306 6556 2630 1478 1747 1 2780 148 5584 1047 199 77 88 4622 4614 137 3065 191 9 19 289 186 357 20 158
139164 657 17 1051 83 3523 12918 6863 1985 1087 154 288 6121 2417 1375 1574 0 2561 132 5041 954 182 68 77 4318 4249 118 2778 180 7 19 263 178 329 20 159
139234 680 45 108 8 361 1331 699 205 110 14 30 654 246 140 164 0 264 11 510 94 18 5 8 440 445 14 283 17 0 2 25 17 33 1 16
139235 684 45 3359 257 11354 41449 22197 6274 3470 485 924 19691 7703 4385 5185 2 8249 417 16407 3043 590 212 238 13745 13718 381 8952 579 24 57 860 542 1049 66 505
139238 684 45 819 60 2694 10013 5340 1490 848 119 224 4700 1849 1049 1222 0 1992 109 3947 745 145 52 59 3343 3290 92 2167 140 5 13 208 130 254 15 123
139239 707 47 1860 143 6332 23096 12434 3475 1940 278 510 10925 4307 2428 2840 1 4591 246 9129 1703 331 128 144 7709 7604 210 5029 318 13 30 477 310 580 36 275
139240 689 45 5155 402 17226 63309 33832 9512 5353 758 1427 29921 11811 6681 7753 2 12584 651 24936 4700 897 339 387 21101 20836 589 13699 875 40 87 1288 839 1615 97 753
139242 691 45 380 27 1292 4723 2526 698 397 54 105 2248 871 495 597 0 936 45 1877 348 64 21 27 1550 1575 45 1009 65 3 6 96 63 120 7 56
139243 692 45 3356 262 11198 41346 22025 6199 3475 485 929 19577 7670 4336 5147 2 8233 421 16331 3051 579 214 248 13708 13685 393 8936 569 26 57 837 561 1046 62 491
139245 692 45 640 52 2175 7991 4286 1206 671 95 180 3812 1498 843 988 0 1579 83 3151 597 116 42 51 2693 2628 79 1746 106 4 11 162 103 204 11 93
139246 689 45 1325 93 4354 16184 8445 2439 1340 177 373 7658 2988 1704 2025 0 3206 148 6291 1171 228 75 92 5361 5315 150 3423 232 9 23 329 218 413 26 208
139247 690 45 1477 117 4908 18133 9587 2753 1519 214 407 8589 3361 1917 2208 0 3583 183 7067 1329 265 96 111 6040 5963 172 3886 250 10 25 372 242 465 28 224
139249 692 45 1485 112 4985 18337 9736 2765 1529 212 417 8788 3413 1927 2325 0 3651 179 7223 1340 257 90 109 6087 6048 170 3937 255 10 25 369 247 458 27 223
139250 737 24 2502 190 8377 30658 16186 4674 2558 346 693 14548 5711 3227 3778 1 6091 297 11970 2249 431 151 177 10188 10121 287 6559 429 18 45 621 410 766 46 384
139262 720 66 2456 185 8235 30332 16045 4583 2536 348 688 14371 5605 3199 3745 2 6020 304 11875 2218 437 150 177 10076 10006 286 6481 430 17 44 616 402 770 47 379
139265 719 66 434 33 1449 5352 2821 805 450 62 116 2559 989 564 658 0 1068 54 2103 395 76 27 31 1780 1766 51 1145 74 3 7 111 70 140 7 65
139266 722 66 1918 144 6461 23613 12609 3601 1977 270 532 11161 4376 2481 2907 1 4686 231 9293 1738 335 115 140 7809 7814 222 5106 335 13 34 483 320 601 36 293
139267 725 62 11512 882 38717 142043 75744 21476 11917 1670 3199 67261 26385 15001 17422 8 28223 1435 55786 10488 2032 736 845 47265 46914 1322 30630 1981 82 199 2900 1881 3626 218 1736
139269 726 62 470 35 1578 5809 3097 870 490 66 134 2749 1074 606 717 0 1155 56 2287 425 82 28 32 1927 1926 53 1250 79 3 8 121 77 145 8 73
139275 724 62 417 32 1386 5068 2647 776 420 56 120 2443 935 537 643 0 1007 46 1968 362 71 23 27 1678 1675 44 1071 73 2 8 99 65 130 8 65
139277 725 62 2589 197 8669 31819 16940 4808 2688 384 716 15067 5943 3383 3923 2 6307 337 12578 2322 455 166 184 10616 10485 292 6900 444 20 44 653 423 814 49 380
139278 716 62 1273 101 4313 15960 8507 2381 1339 191 355 7536 2956 1696 1931 1 3138 171 6279 1187 226 85 102 5340 5264 148 3429 215 9 22 320 211 414 23 186
139279 716 62 563 42 1906 7003 3695 1061 586 79 160 3311 1299 742 870 0 1398 69 2730 519 100 35 42 2320 2313 63 1497 100 3 11 138 90 182 11 86
139280 716 62 551 40 1860 6755 3667 1006 569 81 147 3206 1272 713 818 0 1348 69 2664 499 95 38 40 2258 2234 60 1491 94 4 9 135 89 170 10 80
139284 734 68 2114 167 7121 26077 13935 3916 2184 302 580 12360 4865 2750 3216 1 5208 263 10314 1936 367 131 157 8694 8610 239 5676 358 15 36 539 349 658 38 315
139287 724 61 1671 133 5624 20615 11015 3090 1740 240 466 9819 3844 2169 2568 1 4079 207 8162 1530 292 103 124 6881 6799 194 4475 286 13 29 422 267 530 31 244
139288 724 61 1453 109 4914 17938 9612 2708 1512 214 394 8457 3346 1901 2201 1 3545 186 7073 1331 257 94 110 5963 5917 164 3897 247 11 24 367 235 458 27 214
139290 723 61 4610 353 15456 56687 30186 8604 4746 661 1281 26875 10526 6005 6959 3 11276 569 22278 4149 809 288 338 18806 18751 539 12185 796 34 81 1153 760 1443 88 688
139291 723 61 768 56 2569 9461 4975 1441 785 109 220 4486 1739 1006 1174 0 1876 93 3698 689 138 45 56 3138 3106 87 2029 136 4 14 187 122 242 15 125
139292 723 61 468 36 1575 5760 3084 867 484 64 129 2718 1061 607 718 0 1162 57 2269 426 82 28 35 1897 1913 53 1254 81 2 8 119 77 142 9 73
139293 723 61 3793 283 12745 46602 24834 7070 3920 544 1037 22077 8678 4926 5788 2 9279 467 18371 3433 667 239 277 15446 15417 440 10049 658 27 66 948 608 1188 72 573
139295 723 61 1056 84 3592 13125 7074 1957 1096 154 287 6232 2449 1371 1633 0 2632 137 5248 970 183 69 80 4385 4352 121 2868 177 8 17 270 175 332 19 150
139299 723 61 136 10 454 1648 877 251 140 18 37 796 307 172 198 0 331 17 640 124 23 8 8 551 541 14 359 22 1 2 32 24 41 2 18
139300 709 61 1424 109 4823 17508 9365 2674 1475 205 395 8364 3270 1850 2226 0 3504 173 6894 1288 247 89 107 5798 5784 166 3806 247 10 25 353 231 436 27 215
139303 749 67 508 38 1688 6221 3262 948 521 70 139 2949 1154 665 777 0 1240 61 2423 459 88 30 39 2061 2034 61 1343 88 3 9 126 81 161 9 76
139308 755 65 236 18 796 2942 1553 438 248 32 68 1402 541 310 373 0 592 29 1145 217 41 13 17 966 966 28 637 42 1 4 57 39 71 4 37
139311 755 65 1623 119 5405 19877 10458 3032 1673 232 451 9447 3686 2118 2436 1 3920 202 7722 1455 288 99 116 6602 6545 189 4243 286 11 29 400 256 513 30 249
139312 754 65 2492 193 8338 30591 16395 4610 2588 365 684 14469 5687 3201 3766 1 6079 318 12117 2258 435 162 187 10187 10106 289 6652 422 18 41 617 399 781 46 366
139313 749 65 2819 213 9436 34652 18501 5205 2903 401 772 16412 6427 3630 4297 1 6877 346 13618 2542 496 173 206 11479 11483 323 7472 483 19 49 713 468 879 53 425
139315 749 65 1054 83 3543 12995 6991 1954 1118 159 288 6161 2433 1369 1595 0 2592 142 5144 992 185 73 83 4369 4289 121 2853 171 8 17 263 170 328 18 150
139321 749 65 928 72 3150 11494 6165 1754 971 141 257 5448 2135 1219 1387 0 2287 120 4552 847 160 61 71 3810 3829 104 2476 156 7 16 231 153 294 17 132
139322 749 65 1895 147 6454 23457 12584 3574 1960 276 523 11155 4398 2471 2941 1 4672 237 9289 1732 334 119 139 7789 7754 214 5107 326 13 33 485 314 587 36 288
139323 677 32 993 74 3290 12210 6438 1837 1022 142 275 5755 2259 1308 1498 0 2422 119 4753 894 172 62 74 4054 4002 112 2611 170 6 18 250 160 313 19 151
139324 679 32 239 17 814 2975 1570 441 245 33 69 1410 546 314 373 0 590 27 1174 219 42 13 18 979 983 26 638 41 1 4 58 37 74 4 38
139325 700 37 452 33 1478 5520 2881 819 469 63 124 2589 1015 584 656 0 1085 55 2127 412 81 26 34 1837 1809 51 1166 78 3 7 110 76 141 7 66
139326 692 30 380 28 1263 4643 2450 701 388 53 107 2209 857 491 585 0 919 42 1833 338 67 22 27 1532 1547 42 982 66 2 6 95 65 115 7 59
139328 683 30 1829 134 6135 22594 12007 3385 1891 265 509 10670 4191 2389 2792 1 4475 225 8872 1660 318 113 135 7484 7453 204 4860 317 12 32 463 300 572 35 278
139329 681 30 1446 109 4847 17863 9440 2685 1514 212 405 8498 3325 1894 2211 0 3538 181 6976 1322 257 93 101 5986 5840 168 3826 250 10 25 357 225 456 27 221
139331 681 30 69 5 244 874 458 133 73 9 20 418 163 90 108 0 177 8 337 65 11 4 5 286 288 8 186 12 0 1 17 10 20 1 11
139332 681 30 3291 253 11143 40734 21663 6189 3417 479 911 19353 7604 4321 5097 2 8121 418 16040 3000 586 212 243 13556 13420 388 8840 570 25 56 815 526 1040 62 497
139335 693 36 1778 136 6039 21992 11794 3360 1841 260 498 10458 4105 2345 2736 1 4369 222 8654 1617 315 114 132 7318 7252 206 4766 311 13 31 451 292 554 35 269
139336 667 30 1459 110 4891 18001 9552 2709 1508 207 411 8557 3345 1897 2226 0 3594 179 7074 1323 258 92 108 5981 5963 166 3872 249 8 26 366 232 456 28 227
139337 681 35 1576 117 5241 19368 10176 2933 1602 212 446 9139 3555 2034 2342 1 3826 189 7531 1430 282 93 111 6426 6390 181 4105 271 9 27 394 258 489 29 248
139339 681 35 2296 172 7726 28212 15205 4221 2398 338 626 13281 5271 2957 3411 1 5606 292 11169 2092 405 148 176 9386 9355 259 6147 386 18 38 577 381 718 41 332
139340 687 35 2101 148 6941 25625 13475 3859 2157 289 580 12046 4747 2702 3129 0 5049 248 9980 1881 370 121 151 8461 8424 247 5473 364 16 37 529 333 650 40 323
139341 685 34 453 36 1529 5583 3033 824 475 68 124 2649 1062 584 691 0 1113 63 2243 420 77 28 33 1858 1862 53 1220 72 4 6 110 76 143 7 60
139342 726 61 1874 139 6258 23129 12150 3495 1930 269 520 10947 4282 2445 2880 1 4582 230 9037 1688 331 115 133 7678 7564 222 4942 324 14 32 469 301 588 36 285
139343 724 60 3747 290 12622 46117 24779 6952 3902 550 1016 21863 8607 4849 5830 2 9188 477 18380 3404 660 243 287 15354 15244 443 10066 629 31 62 945 607 1185 71 537
139347 724 60 374 25 1239 4559 2396 690 377 50 106 2186 843 482 583 0 919 39 1782 329 67 20 26 1493 1510 42 974 66 2 6 93 60 116 7 60
139351 725 60 6516 499 21786 80300 42641 12065 6770 943 1790 37949 14837 8458 9802 4 15912 814 31480 5962 1148 415 484 26713 26468 753 17188 1113 47 111 1643 1049 2039 122 975
139353 723 60 4241 328 14291 52287 28017 7841 4384 613 1173 24831 9686 5500 6533 3 10423 521 20706 3838 740 265 321 17310 17351 472 11337 725 30 72 1074 700 1317 81 632
139354 709 55 10185 797 34431 125942 67378 19023 10628 1494 2820 59737 23461 13320 15514 7 25068 1285 49642 9317 1789 657 763 41882 41685 1172 27258 1746 75 179 2581 1653 3201 190 1522
139356 709 55 504 37 1696 6185 3251 967 517 71 138 2940 1161 655 761 0 1219 58 2400 453 86 28 36 2044 2034 61 1314 86 3 9 124 81 160 10 76
139357 731 66 611 45 2006 7474 3934 1115 625 84 170 3549 1389 787 919 0 1476 75 2920 545 107 34 44 2478 2459 70 1588 105 4 10 153 103 195 11 91
139360 731 66 2768 213 9250 33997 18011 5110 2863 392 762 16082 6294 3567 4149 2 6754 334 13323 2515 484 165 202 11267 11245 317 7291 476 18 48 698 456 859 49 422
139362 733 58 1047 81 3516 12889 6853 1955 1080 148 290 6123 2391 1366 1612 0 2583 127 5073 935 184 64 78 4245 4254 117 2773 184 6 18 263 172 325 20 157
139363 715 50 866 68 2979 10856 5804 1661 912 132 243 5189 2032 1156 1357 0 2161 111 4280 799 154 58 65 3649 3561 99 2347 149 6 15 218 138 276 16 130
139364 687 42 4317 334 14553 53114 28384 8034 4473 621 1195 25255 9923 5611 6561 3 10586 543 20935 3936 756 271 323 17673 17554 504 11495 734 30 74 1081 701 1351 79 633
139366 689 42 8568 650 28770 105580 56327 15891 8871 1239 2363 49857 19591 11128 12991 6 20956 1074 41567 7778 1509 542 641 35018 34902 994 22806 1480 63 147 2163 1395 2702 163 1276
139368 689 42 1119 83 3763 13799 7324 2087 1178 159 314 6557 2576 1457 1739 0 2753 145 5450 1028 198 71 85 4573 4542 140 2990 196 9 19 283 182 347 21 164
139371 687 42 9144 699 30706 112360 60012 16984 9452 1326 2511 53289 20975 11862 13870 5 22390 1147 44246 8303 1607 579 669 37389 37068 1051 24348 1571 68 159 2289 1480 2854 171 1359
139374 687 42 2348 180 7839 28910 15349 4339 2438 341 644 13680 5394 3044 3558 1 5710 303 11354 2134 416 151 180 9645 9483 277 6250 403 18 39 583 384 738 43 342
139375 704 30 1348 98 4521 16561 8780 2527 1372 192 373 7824 3070 1764 2023 1 3284 158 6492 1211 237 79 96 5453 5464 154 3548 236 10 24 337 222 420 26 209
139376 704 30 1655 125 5601 20353 10826 3103 1691 235 464 9678 3782 2158 2551 1 4066 196 8013 1489 287 101 117 6728 6717 176 4394 287 10 30 407 277 508 32 256
139377 704 30 564 42 1889 6921 3697 1050 581 80 155 3297 1296 735 861 0 1385 71 2709 507 98 36 44 2291 2286 66 1497 98 4 10 141 92 176 10 82
139378 704 30 2993 227 10078 36869 19726 5583 3100 431 831 17408 6853 3895 4486 2 7305 385 14506 2734 524 190 223 12230 12175 341 7967 510 22 51 744 481 933 57 448
139380 661 30 543 42 1829 6723 3622 1008 574 81 149 3173 1250 706 852 0 1340 71 2686 490 97 36 41 2252 2212 67 1477 90 4 9 142 87 169 9 78
139381 661 30 1503 114 5037 18454 9864 2782 1538 215 420 8763 3408 1935 2274 1 3684 185 7268 1344 263 90 111 6119 6154 167 3972 255 9 26 380 247 465 29 230
139382 660 30 746 57 2477 9126 4860 1371 770 108 206 4307 1698 961 1121 0 1828 93 3582 677 127 49 54 3029 3004 88 1991 126 5 12 189 119 235 13 107
139384 660 30 668 45 2211 8160 4334 1223 685 96 178 3815 1513 868 965 0 1598 79 3177 604 120 42 46 2719 2676 75 1746 115 4 11 168 109 209 12 99
139386 661 30 629 44 2052 7635 3966 1144 643 85 174 3586 1406 811 915 0 1501 74 2938 566 112 35 46 2532 2495 70 1603 109 4 11 150 102 198 11 95
139388 658 30 9817 761 33055 121016 64648 18338 10230 1428 2719 57389 22565 12801 15009 8 24117 1249 47835 8941 1732 624 740 40239 40052 1139 26262 1672 73 172 2449 1585 3079 184 1461
139389 665 33 4996 385 16820 61640 32767 9297 5189 718 1388 29244 11432 6513 7613 5 12273 629 24263 4535 871 317 376 20470 20327 577 13319 864 38 86 1252 821 1577 94 739
139390 659 30 3727 286 12488 45810 24504 6905 3864 548 1025 21748 8525 4805 5651 2 9129 475 18080 3389 650 242 271 15266 15164 427 9916 633 28 61 935 615 1166 69 542
139392 659 30 2880 218 9682 35586 18951 5399 2996 418 795 16883 6636 3770 4383 1 7061 370 13957 2638 512 186 218 11836 11712 345 7679 498 21 49 726 466 924 54 430
139394 664 30 1264 95 4271 15655 8351 2374 1315 188 347 7380 2892 1652 1877 1 3109 161 6148 1149 222 80 96 5186 5195 146 3364 217 9 21 320 208 405 23 187
139395 706 43 2438 191 8294 30220 16212 4605 2538 361 675 14415 5675 3198 3791 1 6039 313 11951 2229 429 158 178 10069 9996 279 6579 417 17 42 612 399 763 47 372
139396 656 30 1382 106 4577 16909 8969 2545 1421 197 378 7952 3163 1780 2111 0 3365 171 6654 1245 241 86 105 5586 5556 161 3665 237 10 23 346 227 434 26 202
139397 657 30 8421 655 28242 103591 55396 15612 8736 1245 2294 49031 19307 10935 12742 5 20606 1075 40898 7654 1481 551 622 34501 34156 953 22419 1432 63 142 2122 1368 2639 161 1242
139398 656 30 4781 372 15986 58912 31272 8860 4958 678 1329 27832 10905 6209 7256 3 11670 586 23115 4355 841 301 369 19609 19415 558 12701 819 35 84 1211 784 1503 90 720
139399 692 58 741 56 2515 9179 4924 1401 764 106 202 4363 1722 971 1158 0 1836 94 3616 675 132 47 58 3036 3031 90 2020 131 4 12 185 120 234 14 115
139400 695 56 4611 358 15549 56947 30527 8627 4790 675 1271 27049 10614 6011 7042 3 11343 582 22463 4222 809 299 346 18901 18857 532 12331 795 33 79 1156 755 1448 87 689
139403 690 56 3812 292 12843 47036 25141 7103 3947 547 1058 22251 8732 4970 5740 3 9338 482 18503 3463 672 238 290 15632 15546 436 10162 654 27 65 957 628 1198 71 565
139404 691 56 6286 487 21164 77820 41385 11744 6526 906 1745 36883 14398 8209 9533 4 15515 784 30588 5746 1102 398 465 25833 25746 729 16764 1082 44 111 1583 1032 1997 117 946
139406 691 56 266 20 901 3287 1727 505 274 36 73 1558 611 346 409 0 649 32 1299 241 46 14 19 1079 1083 31 702 46 2 4 67 45 81 5 39
139408 691 56 2265 175 7692 27962 15074 4267 2345 332 626 13294 5208 2960 3532 1 5611 282 11158 2058 397 143 171 9255 9319 258 6080 384 16 41 575 367 695 44 343
139410 764 30 3970 307 13346 48858 26178 7398 4115 573 1093 23151 9084 5157 6035 3 9730 498 19241 3617 694 253 296 16236 16139 454 10568 685 28 68 994 649 1245 75 591
139412 763 30 3293 247 11076 40554 21550 6168 3410 476 914 19233 7545 4296 4970 2 8020 405 15847 2995 584 208 240 13523 13358 377 8688 572 21 58 824 528 1032 63 504
139414 704 30 8128 649 27404 100277 53833 15167 8472 1202 2249 47608 18755 10578 12398 5 19963 1049 39641 7433 1419 529 619 33393 33150 945 21832 1379 64 140 2050 1345 2555 151 1177
139415 700 30 2383 192 8037 29356 15815 4433 2480 350 651 13944 5478 3090 3646 1 5886 303 11625 2179 414 157 182 9782 9721 277 6422 405 17 40 608 391 754 44 351
139416 700 30 583 46 1961 7199 3788 1101 606 84 164 3407 1326 759 896 0 1430 71 2825 530 101 35 43 2395 2377 69 1540 100 4 10 143 94 184 9 86
139417 700 30 881 67 2918 10756 5788 1613 911 128 242 5079 2001 1129 1293 0 2133 112 4240 791 154 55 65 3600 3561 102 2344 144 6 14 222 141 273 16 126
139419 704 33 3507 259 11710 43011 22798 6495 3606 500 968 20348 7957 4553 5272 2 8562 424 16898 3159 620 220 248 14253 14183 392 9220 608 25 61 887 568 1089 67 534
139421 677 40 958 70 3169 11676 6077 1773 976 127 266 5530 2161 1231 1462 1 2317 106 4521 848 170 52 65 3853 3828 112 2471 167 6 17 235 151 290 18 152
139427 697 30 1144 81 3808 14026 7390 2113 1180 164 320 6595 2596 1486 1701 1 2769 138 5446 1033 198 69 81 4663 4591 134 3002 199 8 19 285 183 361 21 171
139429 697 30 1594 118 5386 19717 10469 2992 1655 230 443 9310 3674 2097 2361 0 3906 199 7721 1465 279 100 119 6561 6470 176 4249 271 11 29 405 266 496 31 244
139430 666 30 2320 174 7733 28410 15057 4300 2398 339 635 13480 5311 3023 3459 1 5610 286 11107 2082 414 144 163 9485 9315 269 6094 398 17 39 586 369 731 43 348
139431 667 30 417 32 1437 5238 2814 793 439 60 118 2487 981 554 646 0 1049 54 2071 399 75 28 30 1757 1746 50 1134 71 3 7 107 67 131 7 63
139433 666 30 1495 110 4958 18260 9622 2756 1520 207 415 8687 3386 1938 2284 0 3626 178 7171 1328 262 88 100 6048 6033 169 3888 257 11 26 373 243 463 28 229
139436 666 30 3012 233 10178 37386 20062 5592 3166 448 830 17671 6975 3927 4597 2 7414 395 14824 2764 532 194 235 12479 12361 353 8105 510 24 51 765 497 958 55 433
139438 667 30 1173 90 3883 14352 7578 2180 1210 170 324 6784 2654 1524 1761 1 2852 143 5620 1053 205 75 85 4739 4745 139 3056 203 9 20 289 193 366 21 174
139439 674 30 785 59 2600 9545 5067 1452 804 112 215 4546 1769 1011 1154 0 1891 92 3730 694 135 46 57 3162 3148 90 2030 136 5 14 190 128 243 14 116
139441 671 30 3097 242 10452 38213 20395 5804 3219 459 848 18171 7150 4057 4726 1 7610 389 15071 2809 545 196 232 12742 12589 353 8280 532 24 53 781 507 972 59 468
139442 673 32 1617 123 5454 19962 10653 3010 1683 234 444 9409 3707 2108 2451 1 3962 201 7841 1473 286 104 120 6611 6594 185 4305 277 12 27 406 264 505 29 238
139443 683 30 3175 246 10681 38978 20936 5890 3304 467 869 18527 7283 4112 4830 2 7765 414 15424 2868 562 209 241 13022 12903 365 8466 536 24 54 796 509 982 58 466
139445 683 30 326 22 1067 3943 2048 586 322 42 90 1864 710 412 478 0 779 34 1525 284 55 16 21 1281 1318 36 825 56 1 5 80 52 97 6 52
139446 684 30 5207 405 17498 64381 34343 9692 5430 766 1430 30429 11925 6769 7915 2 12799 659 25402 4780 920 338 391 21414 21265 592 13936 881 37 90 1319 851 1648 99 767
139447 680 39 2062 156 6905 25375 13468 3842 2139 298 580 12013 4711 2677 3116 1 5056 249 9934 1868 363 130 150 8410 8366 236 5417 357 15 35 510 341 640 37 311
139449 680 39 5832 453 19637 72018 38420 10861 6059 856 1624 34156 13438 7604 8868 4 14316 737 28359 5330 1019 373 437 23946 23778 676 15583 1000 44 102 1461 946 1837 109 869
139454 681 39 134 11 457 1651 888 242 144 21 37 796 311 172 223 0 331 17 675 121 23 8 8 552 552 16 352 21 1 2 35 22 38 2 18
139455 676 33 1683 129 5646 20783 11097 3106 1768 246 464 9781 3851 2178 2536 1 4110 216 8165 1550 299 110 128 6927 6880 198 4495 282 13 29 423 275 524 30 247
139456 704 42 375 27 1249 4577 2416 697 380 49 105 2194 857 479 578 0 918 45 1797 333 65 21 25 1520 1509 46 992 64 2 7 91 59 114 6 58
139457 701 39 6558 506 22045 80653 43154 12211 6786 949 1808 38271 15030 8505 10049 4 16044 821 31815 5956 1150 416 489 26771 26625 747 17488 1117 48 112 1651 1075 2047 124 975
139459 703 39 6542 520 22199 80977 43518 12282 6845 968 1796 38513 15138 8550 10183 4 16177 840 32197 5987 1159 421 499 26973 26815 764 17683 1120 52 111 1650 1070 2078 126 952
139461 701 39 140 10 467 1695 893 264 141 20 39 811 315 180 204 0 340 16 658 124 23 9 9 556 555 15 357 25 1 2 32 23 40 2 21
139462 701 39 1911 146 6431 23516 12508 3567 1970 269 530 11172 4371 2480 2884 0 4681 236 9204 1729 338 116 143 7797 7771 219 5062 333 13 33 480 310 597 37 295
139463 700 39 1621 123 5412 19891 10590 2987 1681 237 453 9371 3694 2091 2398 1 3952 203 7790 1473 283 103 119 6577 6591 188 4287 280 11 28 405 262 511 30 241
139464 700 39 3215 252 10816 39668 21271 5920 3356 478 889 18714 7392 4154 4861 2 7905 420 15669 2934 558 215 247 13228 13106 371 8615 550 25 54 811 528 1019 59 464
139467 693 30 2625 198 8754 32166 17165 4817 2732 384 718 15198 6006 3393 3918 1 6371 335 12662 2384 460 169 191 10747 10578 306 6995 444 19 43 663 428 828 48 379
139470 694 30 618 47 2061 7632 4084 1137 642 92 170 3595 1409 803 939 0 1521 75 3028 565 108 40 47 2524 2539 71 1647 107 4 10 155 103 193 11 91
139471 691 30 5503 417 18299 67440 35790 10138 5705 784 1512 31881 12507 7089 8334 5 13363 688 26510 4998 973 344 405 22410 22242 648 14528 941 41 92 1392 884 1723 101 816
139474 691 30 322 23 1119 4036 2161 631 329 46 92 1945 755 428 522 0 816 37 1589 292 58 19 26 1320 1349 36 869 57 2 6 81 56 100 6 52
139475 700 38 1099 83 3653 13516 7269 2005 1132 163 302 6358 2507 1418 1689 1 2710 139 5380 985 193 70 81 4472 4499 121 2940 191 7 18 275 182 346 21 164
139476 703 37 1494 123 5044 18454 9825 2785 1567 220 412 8804 3457 1945 2355 1 3680 192 7310 1367 261 97 114 6166 6061 182 4015 250 12 25 387 242 466 28 219
139478 698 36 1121 82 3732 13798 7210 2085 1143 152 317 6522 2519 1447 1687 1 2726 130 5346 1011 195 66 78 4574 4539 127 2909 198 6 20 280 183 350 21 180
139479 697 36 106 8 362 1292 699 198 109 14 29 617 242 137 173 0 260 11 514 94 17 6 8 420 435 11 281 19 0 1 26 17 32 2 16
139485 697 36 1394 109 4672 17119 9277 2555 1456 208 375 8093 3206 1798 2059 1 3389 181 6800 1274 243 91 107 5690 5690 160 3734 231 11 22 351 232 430 26 195
139486 686 30 10750 819 36134 132393 70304 20101 11150 1540 2972 63006 24623 13962 16380 7 26333 1331 51903 9775 1905 678 781 43977 43711 1258 28419 1862 78 185 2707 1745 3363 201 1629
139487 688 30 462 36 1573 5750 3119 856 473 68 128 2729 1069 603 690 0 1139 60 2295 415 80 29 35 1913 1927 53 1236 78 3 8 117 77 144 8 66
139488 686 30 692 55 2347 8494 4611 1314 715 101 190 4033 1603 905 1022 0 1690 87 3345 624 119 43 53 2819 2821 75 1864 118 5 12 177 120 216 13 98
139490 677 30 111 6 361 1344 698 202 112 14 30 629 246 140 171 0 267 12 523 101 18 6 7 434 447 12 282 19 0 2 26 18 32 2 18
139491 677 32 1526 118 5135 18789 10121 2821 1572 221 418 8920 3496 1974 2340 1 3766 193 7467 1386 270 96 119 6254 6250 172 4119 261 10 24 381 255 477 28 223
139492 733 30 150 13 522 1880 1031 286 158 24 40 914 353 199 258 0 390 22 775 140 26 11 12 625 633 19 435 24 1 2 36 22 46 2 22
139493 714 30 8992 683 29999 110201 58726 16620 9258 1289 2478 52107 20485 11582 13635 6 21937 1117 43366 8101 1568 566 657 36580 36365 1033 23838 1543 63 153 2266 1456 2799 172 1339
139494 709 30 785 58 2646 9627 5169 1449 827 115 212 4573 1802 1014 1193 0 1911 99 3805 729 139 51 56 3244 3180 91 2097 134 6 12 193 125 247 13 112
139495 705 30 5747 439 19205 70569 37449 10711 5939 817 1602 33631 13110 7460 8778 2 14018 704 27644 5215 1006 355 422 23459 23204 667 15233 996 40 99 1435 937 1807 109 869
139498 705 30 2574 202 8679 31920 17146 4780 2682 379 712 15078 5965 3349 3930 1 6343 332 12643 2368 454 166 189 10582 10582 297 6915 441 21 43 664 424 811 49 382
139499 707 33 1054 81 3550 12963 6972 1959 1073 146 296 6227 2423 1363 1647 0 2598 129 5127 946 180 64 74 4259 4334 122 2827 186 7 18 264 174 318 20 162
139500 707 33 1665 133 5664 20693 11141 3076 1742 251 456 9783 3859 2167 2561 1 4134 214 8227 1518 288 112 125 6904 6870 190 4503 285 12 28 417 278 531 32 241
139502 706 30 1105 86 3736 13759 7356 2055 1146 162 307 6485 2531 1435 1717 1 2766 142 5482 1002 195 74 84 4544 4596 126 2958 189 8 19 274 184 348 21 162
139503 705 30 3020 225 10093 37082 19631 5607 3110 430 834 17562 6877 3904 4559 2 7379 367 14544 2707 535 184 214 12314 12241 339 7946 518 20 54 743 486 945 57 461
139509 699 30 442 31 1469 5411 2864 812 451 60 123 2588 988 573 647 0 1066 47 2094 396 78 25 31 1800 1795 50 1134 76 2 8 112 70 137 8 69
139510 698 30 1863 144 6254 22890 12277 3466 1933 276 513 10859 4278 2411 2802 0 4566 233 9013 1686 321 127 141 7644 7562 210 4967 315 13 32 466 302 592 34 271
139511 699 41 868 68 2935 10737 5805 1602 907 126 238 5091 2027 1125 1334 0 2141 116 4269 804 149 56 66 3570 3564 104 2363 147 6 14 215 143 276 15 120
139513 698 40 3040 228 10129 37473 19801 5618 3146 442 834 17644 6895 3961 4522 3 7398 380 14608 2782 538 190 224 12445 12347 350 8006 527 21 53 751 489 965 55 459
139514 674 30 388 32 1320 4739 2585 716 407 59 101 2226 897 498 591 0 953 55 1922 355 66 28 27 1579 1578 44 1051 61 3 5 100 65 123 6 52
139516 672 30 2448 181 8198 30176 15994 4567 2555 364 675 14248 5603 3191 3692 2 5976 312 11837 2244 426 153 178 10005 9979 288 6476 418 20 42 608 399 765 45 360
139517 672 30 499 38 1647 6122 3217 905 524 71 141 2886 1129 639 733 0 1200 64 2388 456 90 31 35 2043 2011 57 1303 84 3 8 122 79 156 8 74
139518 673 30 5161 401 17298 63579 33880 9592 5349 748 1426 30145 11829 6679 7811 4 12645 651 25029 4708 910 330 388 21156 20950 590 13693 886 39 88 1282 850 1626 95 762
139521 675 51 2120 163 7101 26101 13927 3928 2223 308 583 12349 4863 2739 3200 1 5170 272 10319 1947 373 137 157 8704 8621 249 5662 358 16 35 535 339 659 39 308
139522 675 51 445 31 1479 5454 2889 829 453 62 126 2580 1000 579 667 0 1079 53 2131 398 76 24 32 1785 1805 51 1167 78 3 8 110 74 134 8 68
139525 681 34 1494 110 4968 18253 9700 2760 1531 211 414 8693 3396 1943 2240 1 3605 183 7155 1346 259 91 105 6055 6006 168 3899 257 10 26 372 245 457 28 226
139527 681 34 427 32 1441 5247 2796 804 445 60 118 2474 983 555 650 0 1049 52 2069 382 72 27 30 1736 1725 48 1147 73 3 7 111 70 135 8 65
139530 680 33 3504 269 11715 43120 22909 6516 3634 513 958 20364 8011 4569 5281 1 8589 438 16927 3176 620 228 258 14345 14174 402 9327 607 25 61 882 577 1101 67 527
139531 666 31 1384 102 4611 16992 9029 2546 1438 204 374 8066 3146 1794 2089 0 3353 173 6657 1256 241 91 98 5675 5581 159 3643 236 10 24 350 218 437 24 204
139532 666 31 4158 325 13999 51364 27445 7720 4339 609 1148 24322 9601 5409 6296 2 10212 543 20262 3819 732 272 317 17155 16877 488 11192 704 32 70 1038 679 1309 76 607
139533 665 30 604 44 2029 7503 3960 1139 619 89 172 3559 1386 793 929 0 1489 72 2936 542 107 36 43 2484 2469 68 1596 105 4 11 153 99 190 12 93
139534 757 52 354 23 1156 4317 2244 659 363 46 99 2032 777 462 526 0 846 38 1661 322 65 20 27 1411 1418 42 907 64 2 7 87 59 106 7 56
139535 756 45 5532 438 18707 68388 36577 10364 5790 807 1529 32527 12757 7186 8448 3 13641 697 26938 5066 987 354 412 22772 22592 651 14821 954 40 94 1401 899 1737 103 826
139538 810 57 1928 154 6523 23884 12846 3577 1994 280 539 11304 4455 2510 2966 1 4777 248 9474 1748 335 124 143 7935 7903 219 5208 331 14 32 492 315 606 38 285
139539 820 57 6590 492 22075 81168 43044 12268 6785 932 1834 38477 15062 8557 10003 4 16154 809 31796 5951 1163 404 485 26916 26788 769 17474 1146 46 114 1661 1074 2065 126 1008
139541 816 57 1273 98 4276 15652 8346 2374 1313 185 351 7412 2909 1662 1907 0 3112 157 6155 1147 220 81 94 5190 5154 145 3387 218 9 22 324 207 400 25 195
139543 816 57 1579 124 5318 19407 10468 2940 1642 234 436 9261 3635 2045 2429 1 3873 197 7711 1425 275 101 118 6453 6443 183 4221 267 13 27 393 263 492 29 230
139544 816 57 2670 211 9049 33131 17854 4984 2814 398 724 15665 6224 3502 4059 1 6587 357 13165 2480 481 180 203 11103 10933 313 7264 445 21 43 691 435 842 49 381
139546 816 57 5442 420 18262 67154 35818 10055 5657 783 1515 31743 12496 7049 8284 4 13320 689 26450 4988 954 342 404 22278 22204 640 14467 930 39 93 1369 888 1702 98 806
139550 814 57 1283 99 4274 15690 8354 2383 1340 191 345 7452 2938 1668 1932 0 3113 164 6164 1175 224 85 96 5229 5145 156 3404 217 11 22 315 204 407 22 184
139551 814 57 237 15 800 2885 1518 453 240 29 66 1385 536 307 373 0 570 26 1116 213 42 11 16 945 947 27 620 43 1 4 59 35 71 4 41
139552 716 25 6324 491 21367 77974 41634 11775 6578 917 1742 36975 14531 8225 9592 5 15546 789 30732 5768 1109 399 473 25920 25793 731 16891 1072 45 108 1595 1030 1977 116 936
139553 726 25 165 13 572 2071 1107 318 176 24 46 1005 388 219 258 0 410 22 817 154 30 10 12 701 682 20 454 28 1 2 41 29 53 2 24
139554 725 25 1718 126 5744 21175 11287 3216 1769 254 478 10000 3913 2245 2643 1 4218 210 8342 1538 303 110 125 6975 7036 193 4537 301 12 30 430 280 540 34 262
139555 717 25 7727 604 26014 95092 50667 14444 7998 1112 2152 45213 17756 10080 11765 5 18932 969 37377 7020 1356 485 573 31698 31358 896 20574 1329 54 135 1935 1251 2420 144 1160
139556 717 25 1799 132 6007 22078 11720 3330 1857 260 496 10426 4104 2344 2730 0 4387 222 8650 1638 316 117 130 7317 7236 207 4757 307 12 30 451 288 558 33 267
139557 658 30 434 32 1482 5356 2889 817 457 62 119 2572 1008 569 669 0 1068 56 2110 395 76 26 33 1786 1774 53 1172 76 3 7 110 69 135 7 64
139558 658 30 811 60 2637 9850 5168 1443 831 117 223 4597 1794 1024 1148 0 1934 103 3798 739 137 52 56 3287 3231 88 2072 139 4 13 199 127 253 14 120
139559 704 28 5395 409 17976 66043 35076 9998 5559 771 1487 31330 12296 6973 8045 4 13076 671 25806 4875 937 335 394 21960 21715 623 14255 919 38 92 1339 880 1685 100 809
139560 704 28 627 50 2106 7680 4105 1157 644 90 171 3646 1446 810 952 0 1530 76 3013 557 103 38 47 2562 2519 72 1676 108 5 10 160 102 192 11 91
139561 704 28 974 71 3257 11934 6286 1828 994 132 273 5673 2210 1269 1449 0 2366 116 4623 877 171 58 69 3959 3912 114 2522 172 6 17 240 159 305 18 150
139562 704 28 357 27 1198 4401 2367 654 370 53 94 2082 821 462 554 0 869 43 1764 323 64 24 25 1454 1459 39 954 59 2 5 90 57 111 7 53
139565 624 35 421 28 1408 5190 2738 783 424 58 118 2438 953 543 637 0 1038 52 2019 378 74 24 30 1716 1718 44 1113 75 2 7 104 70 127 8 67
139568 624 35 537 39 1782 6573 3479 1001 550 76 145 3152 1232 694 828 0 1295 62 2589 488 93 33 36 2188 2171 65 1402 90 4 9 139 89 167 9 80
139570 624 35 7762 597 26081 95911 51431 14374 8097 1143 2132 45284 17841 10065 11743 6 19081 999 37887 7130 1362 508 587 31880 31809 883 20798 1307 54 134 1946 1272 2441 145 1147
139572 629 35 3425 265 11550 42324 22624 6414 3540 499 955 20200 7858 4475 5245 3 8420 435 16685 3101 599 221 252 14090 14005 396 9155 595 24 59 861 558 1079 65 511
139584 627 13 4486 347 15144 55235 29488 8426 4653 646 1229 26243 10339 5875 6833 3 10962 560 21722 4059 792 281 327 18389 18198 509 11972 770 32 80 1120 732 1413 85 681
139586 649 14 3121 245 10457 38509 20555 5759 3239 459 858 18221 7149 4030 4704 2 7637 408 15198 2862 545 201 232 12884 12706 355 8329 530 24 52 783 515 990 58 448
139592 650 11 657 51 2187 8051 4279 1215 693 94 180 3825 1511 842 996 0 1598 82 3175 599 115 43 48 2703 2642 80 1743 111 5 10 162 101 206 11 93
139593 650 11 1404 112 4717 17260 9254 2567 1469 204 384 8105 3209 1818 2152 1 3435 175 6879 1288 244 93 107 5740 5694 163 3768 239 11 23 356 224 446 25 205
139594 654 11 1756 134 5905 21585 11461 3285 1809 244 489 10278 4005 2288 2722 0 4302 213 8496 1595 306 106 134 7159 7095 200 4671 305 12 31 440 285 536 34 272
139595 651 11 3676 279 12403 45704 24345 6855 3839 536 1022 21518 8451 4813 5606 3 9073 467 18084 3382 644 237 272 15141 15162 421 9812 621 28 62 928 597 1160 71 541
139596 651 11 1359 101 4565 16710 8891 2560 1410 195 372 7946 3113 1773 2061 0 3321 170 6584 1226 242 85 99 5563 5516 159 3622 235 9 23 339 212 425 26 205
139600 651 11 3236 249 10928 39882 21355 6063 3347 467 891 18965 7436 4213 4957 1 7945 408 15753 2940 560 204 241 13270 13175 366 8636 554 24 56 809 538 1012 63 482
139602 651 11 561 43 1907 6949 3702 1065 580 79 154 3306 1290 741 856 0 1390 71 2735 514 97 35 42 2298 2297 63 1510 96 3 10 138 97 175 10 87
139603 651 11 4790 353 15961 58771 31257 8763 4911 685 1329 27700 10889 6193 7195 3 11687 578 23118 4287 834 297 355 19505 19388 537 12674 820 34 83 1201 783 1499 91 720
139604 651 11 2099 164 7045 25803 13799 3918 2178 305 573 12256 4802 2736 3165 1 5129 266 10154 1912 367 137 154 8606 8526 247 5562 359 15 37 530 345 656 39 308
139606 651 11 7754 595 25930 95236 50887 14302 8048 1129 2129 44936 17731 10001 11615 5 18932 964 37493 7050 1357 489 574 31585 31499 892 20579 1321 56 132 1946 1274 2422 145 1142
139613 642 19 237 17 786 2945 1535 436 248 34 71 1389 546 308 356 0 579 28 1128 216 44 15 15 995 956 27 624 42 1 4 59 36 75 4 37
139615 642 19 2982 231 10109 36922 19766 5585 3108 438 833 17590 6911 3908 4585 2 7375 386 14561 2736 516 195 221 12324 12187 352 7995 505 21 50 758 486 930 55 437
139618 663 12 5149 393 17333 63350 34052 9546 5330 747 1421 30023 11802 6714 7776 4 12593 638 25058 4693 903 328 377 21010 20965 587 13725 880 40 88 1311 857 1613 97 755
139620 654 14 492 40 1643 6048 3202 907 519 74 134 2873 1125 637 755 0 1200 66 2368 447 89 31 37 2037 1972 59 1316 81 4 8 122 75 155 8 69
139642 591 16 4335 324 14433 53065 28127 7950 4486 624 1199 24942 9826 5581 6491 3 10533 528 20834 3938 758 271 312 17585 17486 492 11411 746 31 74 1080 703 1350 81 656
139649 667 11 410 28 1369 5066 2645 758 419 54 115 2366 924 536 607 0 994 46 1944 366 73 24 30 1667 1667 45 1063 77 2 7 105 70 129 8 66
139650 667 11 1840 141 6207 22696 12249 3388 1943 278 501 10738 4260 2392 2830 1 4517 250 9065 1693 322 125 142 7600 7486 215 5029 307 16 30 456 295 581 33 257
139651 667 11 1809 145 6104 22494 11946 3387 1902 267 503 10596 4183 2368 2722 1 4468 240 8843 1692 319 118 136 7498 7400 213 4854 311 14 30 451 291 573 33 264
139652 658 33 1288 102 4339 15990 8584 2391 1346 186 358 7572 2954 1684 1926 1 3154 169 6321 1188 231 87 102 5324 5290 149 3468 218 9 22 323 215 415 23 186
139653 662 33 1412 103 4669 17244 9093 2601 1448 196 389 8163 3194 1833 2143 0 3420 169 6765 1266 248 87 103 5717 5691 160 3686 242 8 24 347 225 444 26 213
139680 740 12 175 12 584 2157 1124 326 177 24 49 1023 390 226 269 0 435 21 844 149 29 10 11 705 716 20 447 31 1 3 41 28 52 3 27
