143211 738 14 1048 83 3565 12930 7013 1945 1088 154 282 6130 2428 1364 1585 0 2571 131 5120 962 188 69 82 4307 4287 115 2855 180 6 18 265 169 333 20 154
143214 738 14 2743 199 9126 33642 17797 5075 2822 385 762 15939 6229 3537 4140 1 6686 336 13135 2465 477 167 194 11171 11080 318 7200 477 18 48 684 447 857 52 419
143216 740 14 727 57 2442 8993 4774 1350 755 106 203 4244 1663 936 1095 0 1795 89 3533 662 125 48 54 2989 2980 81 1937 120 5 12 180 120 225 13 105
143217 738 14 6537 505 22059 80812 43315 12187 6805 962 1814 38334 15060 8516 9957 3 16112 839 31969 5972 1144 427 491 26932 26723 751 17536 1115 49 111 1633 1070 2049 123 964
143219 738 14 11955 929 40331 147539 78920 22272 12462 1748 3291 70069 27571 15584 18178 8 29336 1520 58101 10950 2106 781 904 49174 48679 1395 32045 2050 88 208 3009 1955 3775 218 1764
143221 739 14 12318 951 41314 151816 81124 22785 12789 1789 3428 71731 28256 15928 18667 9 30146 1574 59839 11268 2151 775 937 50513 50164 1426 32886 2104 93 212 3087 2009 3869 225 1820
143224 738 14 5737 439 19162 70502 37588 10642 5950 840 1560 33245 13131 7456 8681 3 14018 727 27717 5206 1008 375 435 23433 23206 666 15269 980 43 98 1439 922 1798 109 852
143257 739 17 947 72 3130 11636 6109 1746 988 133 263 5517 2139 1218 1401 0 2301 110 4512 867 168 59 68 3872 3843 112 2472 159 5 15 239 154 290 16 142
143259 714 31 9493 740 31822 116826 62473 17592 9866 1405 2592 55275 21770 12337 14342 6 23244 1216 46112 8649 1669 623 708 38929 38520 1076 25300 1612 70 160 2393 1544 2986 180 1397
143261 714 31 10786 810 36164 133051 70679 20065 11150 1534 3011 63087 24654 14028 16445 8 26366 1341 52238 9808 1900 677 791 44273 43924 1238 28607 1862 74 190 2702 1767 3384 206 1645
143262 714 31 667 55 2263 8258 4451 1252 712 97 185 3915 1552 869 1036 0 1660 92 3290 621 116 44 54 2746 2719 80 1831 109 5 11 173 108 209 11 94
143263 711 12 11777 898 39572 145081 77224 21957 12201 1703 3273 68821 27028 15328 17877 8 28812 1468 57000 10667 2062 746 864 48267 47853 1352 31276 2025 84 206 2948 1931 3694 223 1769
143268 767 24 685 43 2255 8300 4359 1266 677 93 188 3902 1516 892 1015 0 1639 72 3209 600 122 38 46 2731 2735 73 1749 125 3 13 172 106 210 14 116
143269 767 24 3367 258 11260 41379 21978 6230 3484 485 937 19507 7670 4369 5032 2 8205 415 16221 3046 589 211 247 13759 13649 382 8900 581 23 59 844 552 1066 62 501
143276 723 12 257 22 887 3184 1728 494 269 38 71 1554 601 335 407 0 638 34 1262 235 42 15 21 1087 1050 30 713 41 1 4 61 40 79 4 36
143279 723 12 755 52 2496 9263 4803 1385 771 108 210 4382 1718 975 1151 0 1829 89 3576 670 131 45 50 3084 2999 90 1960 129 5 13 190 122 233 13 116
143284 727 17 655 47 2181 8097 4296 1193 680 96 182 3778 1491 847 940 0 1587 80 3138 598 114 43 49 2697 2671 72 1728 109 4 11 165 111 204 11 98
143285 726 17 1905 144 6428 23518 12534 3575 1972 280 530 11132 4368 2492 2886 1 4660 239 9216 1725 334 122 142 7836 7782 215 5045 332 12 33 474 309 604 37 288
143286 728 17 2082 152 6957 25671 13543 3846 2139 295 588 12190 4702 2702 3164 1 5102 257 10036 1883 367 127 156 8514 8478 231 5484 368 13 37 512 339 654 40 322
143289 722 12 4915 373 16436 60474 32186 9073 5064 689 1375 28690 11196 6344 7542 3 12067 602 23809 4428 854 294 369 19995 20055 566 13013 857 34 86 1235 817 1529 91 740
143295 763 23 1140 85 3840 14026 7489 2143 1181 164 314 6679 2622 1485 1727 0 2795 140 5492 1031 198 72 80 4656 4627 131 3034 196 7 20 289 191 351 21 171
143296 763 23 3089 233 10392 38061 20278 5741 3212 452 864 18070 7093 4018 4704 2 7543 391 14965 2828 543 201 229 12730 12543 354 8202 526 22 53 773 500 972 56 460
143298 701 25 1669 127 5614 20607 11038 3097 1740 247 464 9731 3825 2168 2508 1 4083 214 8096 1530 291 108 128 6878 6805 190 4457 282 13 28 417 268 530 31 245
143300 775 33 4199 307 13971 51549 27165 7782 4320 597 1183 24379 9554 5443 6278 3 10210 503 20136 3780 723 263 291 17132 16947 478 10978 728 29 71 1047 684 1308 79 634
143309 728 14 5071 389 16921 62507 33241 9368 5264 746 1406 29403 11555 6569 7605 3 12377 634 24491 4630 895 327 382 20711 20622 577 13430 869 35 85 1266 823 1598 97 751
143310 755 21 4521 349 15152 55516 29614 8393 4685 653 1245 26241 10400 5869 6830 3 11036 565 21852 4101 793 287 334 18445 18304 523 12003 769 33 77 1142 743 1416 84 667
143313 736 12 771 57 2582 9473 5041 1436 789 107 214 4457 1765 999 1161 0 1893 97 3739 692 134 46 55 3147 3124 86 2036 131 5 13 190 128 242 14 112
143318 736 28 2303 181 7720 28383 15111 4256 2374 328 641 13440 5296 3004 3509 1 5630 290 11199 2089 400 148 173 9450 9346 260 6139 391 17 39 576 381 723 44 341
143319 742 26 4293 331 14467 52962 28347 8034 4445 624 1186 25205 9888 5615 6579 3 10531 535 20876 3908 757 270 315 17607 17526 502 11486 741 31 75 1073 699 1359 81 636
143321 742 24 1392 113 4713 17307 9271 2604 1447 199 390 8187 3207 1807 2146 1 3459 176 6821 1278 242 89 105 5737 5750 164 3744 240 10 23 354 231 435 25 204
143328 764 77 7627 595 25769 94195 50366 14295 7902 1104 2108 44718 17562 9961 11673 4 18758 950 37110 6955 1341 484 562 31320 31123 872 20418 1310 55 134 1923 1253 2400 146 1149
143329 768 76 254 21 867 3174 1744 469 269 39 68 1482 599 330 392 0 637 35 1287 240 46 18 20 1056 1061 27 709 42 2 3 65 42 79 4 34
143330 801 80 3196 246 10656 39226 20927 5894 3317 465 876 18539 7283 4121 4793 2 7795 391 15442 2910 562 207 240 13063 12954 358 8488 541 22 55 799 526 1004 58 471
143332 804 75 8685 668 29189 107214 57205 16209 9041 1283 2382 50668 19956 11310 13153 7 21311 1117 42277 7927 1533 571 657 35677 35410 1006 23132 1491 66 148 2185 1416 2732 164 1295
143333 814 77 1960 152 6611 24175 12972 3664 2039 289 538 11387 4512 2547 2952 1 4829 253 9573 1786 344 127 152 8005 8017 220 5263 331 14 34 494 328 620 38 283
143334 763 72 1786 135 5966 22098 11655 3346 1851 261 494 10459 4081 2338 2695 1 4368 223 8640 1616 323 116 131 7354 7266 208 4694 313 11 30 445 289 568 35 274
143335 774 77 329 25 1105 4068 2155 606 341 48 91 1938 761 431 500 0 808 41 1590 296 57 21 25 1377 1335 40 874 56 3 5 83 50 105 5 46
143336 861 106 10456 832 35079 129132 69091 19410 10902 1530 2888 61085 24074 13580 15895 7 25718 1367 51119 9602 1831 685 790 42931 42746 1216 28003 1759 77 175 2628 1722 3287 193 1524
143337 811 75 507 37 1694 6280 3310 942 525 71 145 2974 1159 660 753 0 1232 59 2431 467 88 30 35 2092 2059 56 1334 87 3 8 124 81 159 9 77
143338 813 75 9453 730 31765 116460 61976 17653 9818 1378 2639 55302 21749 12316 14250 7 23126 1182 45616 8628 1670 607 691 38809 38370 1094 25108 1628 68 165 2370 1524 2983 178 1421
143339 800 72 10711 797 35776 131641 70070 19696 10999 1536 2971 62103 24425 13855 16113 6 26144 1315 51778 9656 1866 663 797 43678 43447 1210 28409 1837 77 186 2687 1776 3364 202 1599
143341 817 82 6150 474 20786 75999 40792 11463 6424 908 1698 35976 14159 7987 9360 5 15104 791 30036 5604 1078 400 468 25294 25154 705 16507 1046 47 103 1561 1023 1944 113 892
143342 777 81 5970 456 20078 73738 39199 11111 6196 855 1656 34898 13652 7791 9116 4 14696 738 28957 5427 1051 385 450 24495 24318 689 15900 1038 42 104 1504 982 1883 115 905
143344 776 80 2714 201 9043 33213 17635 5037 2803 386 749 15801 6212 3530 4131 1 6600 329 13014 2458 473 168 196 11094 10897 317 7161 461 18 46 672 439 850 51 404
143345 776 80 1668 127 5562 20444 10917 3060 1725 243 457 9618 3816 2159 2522 0 4059 212 8091 1515 291 107 123 6821 6725 187 4426 287 12 28 417 278 525 31 244
143346 798 84 4357 333 14581 53522 28411 8109 4482 618 1212 25388 9913 5648 6625 3 10637 530 20957 3929 762 268 318 17766 17666 496 11469 761 30 76 1085 719 1362 82 655
143347 782 77 213 15 697 2564 1337 397 207 28 60 1226 467 272 309 0 518 22 978 181 37 11 14 846 850 24 539 38 1 4 52 33 62 4 35
143348 803 61 962 72 3251 11854 6376 1797 1005 139 263 5598 2230 1251 1495 0 2361 126 4726 880 170 61 72 3919 3917 115 2592 163 8 15 248 158 296 18 138
143349 780 57 524 39 1796 6539 3473 1008 544 73 153 3154 1209 702 815 0 1297 64 2567 481 94 32 40 2159 2168 62 1401 91 3 10 131 93 164 9 82
143350 754 47 4709 365 15883 58162 31145 8738 4878 679 1311 27559 10841 6149 7127 3 11571 594 22954 4289 822 296 353 19327 19224 535 12590 798 34 82 1186 780 1491 89 691
143351 759 47 2560 203 8626 31701 16939 4777 2657 369 718 15118 5918 3336 3952 1 6316 324 12526 2335 448 163 190 10538 10499 301 6877 442 18 44 648 416 807 47 377
143353 761 46 2355 185 7904 28956 15413 4360 2433 333 658 13812 5387 3047 3618 1 5734 288 11409 2145 408 141 173 9659 9537 273 6275 402 18 41 588 380 736 43 346
143355 777 48 608 43 2029 7439 3927 1137 617 84 169 3551 1384 794 928 0 1489 71 2890 537 103 37 45 2475 2448 67 1606 107 4 11 146 96 190 11 93
143356 777 45 70 6 241 884 489 127 74 9 21 417 162 92 109 0 180 7 361 66 11 5 6 295 300 7 194 11 0 1 18 11 22 1 9
143357 788 69 8004 620 26903 98718 52803 14844 8307 1166 2220 46517 18357 10401 12136 6 19608 1005 38916 7312 1404 521 604 32842 32586 914 21417 1368 59 138 2018 1309 2527 153 1187
143358 775 58 4744 360 15969 58439 31235 8826 4927 689 1310 27740 10897 6172 7183 2 11591 593 22999 4344 823 299 352 19418 19333 539 12657 815 35 83 1189 775 1492 90 703
143359 809 58 1400 104 4594 16831 8944 2573 1412 195 378 7985 3125 1787 2071 0 3341 164 6575 1226 241 85 103 5578 5542 160 3615 238 11 25 349 230 427 26 213
143361 804 53 3068 241 10357 37828 20214 5732 3190 451 843 17983 7071 4001 4673 2 7528 390 14880 2796 541 199 232 12620 12477 358 8244 524 21 52 766 499 977 58 451
143362 805 53 2283 174 7610 27958 14795 4239 2360 323 624 13247 5203 2960 3417 1 5535 278 10922 2061 402 140 162 9304 9158 261 6000 390 17 40 576 367 714 41 342
143363 802 54 1886 145 6370 23376 12501 3559 1954 272 529 11085 4329 2467 2880 1 4663 235 9220 1722 331 121 134 7773 7762 212 5047 323 13 32 468 317 596 36 288
143365 831 53 2533 198 8550 31309 16752 4710 2646 377 698 14890 5838 3309 3880 1 6223 327 12360 2303 451 169 189 10431 10346 294 6780 435 20 43 642 415 797 46 372
143367 789 50 2963 234 9975 36563 19683 5482 3115 432 812 17291 6825 3834 4496 2 7307 388 14572 2728 523 193 225 12193 12154 342 7993 495 23 49 752 480 923 54 429
143368 787 50 3091 240 10348 37924 20257 5737 3204 446 854 17991 7072 3982 4699 2 7572 390 14953 2804 533 196 230 12595 12562 360 8237 528 23 54 772 512 971 56 452
143369 797 51 1941 144 6491 23977 12747 3593 2005 278 544 11288 4440 2525 2928 1 4740 243 9386 1763 345 122 139 7952 7922 219 5131 341 13 35 479 324 615 36 292
143370 793 48 2984 231 10059 36973 19665 5559 3119 438 831 17473 6874 3912 4588 2 7352 374 14574 2723 529 193 224 12279 12223 355 7966 510 23 51 756 480 936 56 440
143371 790 48 4882 373 16415 60208 32191 9046 5071 715 1347 28496 11189 6338 7409 3 11971 619 23756 4444 865 318 367 20004 19926 565 13042 836 36 84 1218 793 1527 89 728
143372 789 48 112 8 364 1339 678 213 109 14 30 647 247 143 164 0 265 10 500 94 19 5 6 443 430 13 277 21 0 2 25 17 33 2 20
143373 800 54 4598 359 15406 56514 30186 8528 4768 667 1272 26730 10536 5950 6969 3 11255 586 22293 4181 812 297 348 18823 18616 532 12244 776 34 78 1157 745 1449 86 679
143375 775 46 3092 238 10330 38238 20394 5702 3228 459 851 18028 7062 4018 4688 1 7595 395 15097 2827 538 209 235 12813 12607 353 8239 522 23 49 769 511 980 57 449
143376 758 59 1591 121 5339 19603 10466 2976 1640 233 438 9314 3628 2078 2431 0 3903 197 7737 1433 280 98 119 6495 6502 183 4209 272 12 28 401 263 498 30 239
143377 758 58 5886 448 19721 72512 38631 10897 6109 854 1625 34339 13494 7622 8896 4 14377 747 28498 5371 1032 371 432 24121 23903 683 15648 1007 43 102 1469 962 1848 110 877
143378 777 63 1628 126 5448 20042 10662 3036 1687 231 452 9559 3717 2121 2482 1 3983 202 7854 1497 289 106 127 6688 6614 194 4343 279 11 28 407 261 511 29 245
143379 783 64 1718 127 5741 21131 11128 3205 1764 239 483 10025 3920 2214 2634 1 4184 203 8252 1539 293 100 124 6986 6977 200 4523 300 11 30 432 282 536 32 262
143381 792 63 7582 588 25665 94062 50291 14150 7953 1118 2096 44547 17554 9933 11570 5 18710 995 37170 7007 1345 495 563 31373 31029 879 20413 1281 56 128 1910 1217 2419 142 1116
143382 783 51 695 53 2325 8521 4579 1282 716 99 190 4076 1595 899 1082 0 1697 84 3392 630 123 41 52 2827 2819 85 1857 119 6 11 180 111 215 12 103
143383 779 49 13343 1038 44832 164493 87885 24839 13889 1955 3672 78015 30716 17366 20294 9 32696 1705 64912 12187 2342 871 992 54791 54282 1568 35608 2279 105 226 3360 2172 4205 249 1957
143387 777 58 4099 321 13797 50770 26921 7669 4287 596 1139 24123 9419 5350 6246 2 10070 519 19948 3780 731 267 301 16922 16758 485 10924 698 30 69 1038 661 1293 75 615
143388 802 52 3430 260 11520 42290 22485 6402 3547 497 956 20106 7872 4502 5217 2 8430 417 16600 3100 598 219 256 14098 13941 394 9112 584 24 60 856 560 1080 64 516
143390 778 50 2335 177 7849 28798 15357 4356 2407 336 654 13640 5335 3037 3539 2 5721 290 11294 2112 406 149 169 9546 9548 266 6184 401 16 40 583 380 718 45 355
143391 741 46 252 21 862 3121 1685 478 272 38 68 1499 594 328 391 0 622 35 1233 237 46 17 20 1057 1023 32 701 42 1 3 61 39 79 4 35
143392 741 46 5710 449 19205 70340 37625 10629 5914 822 1572 33375 13110 7392 8701 4 14031 719 27800 5201 998 363 430 23440 23205 663 15256 971 43 97 1442 934 1798 107 838
143393 750 49 2832 219 9605 35115 18751 5331 2909 404 799 16758 6523 3702 4342 2 7000 352 13824 2578 491 176 206 11653 11679 320 7585 493 16 50 709 471 884 54 437
143394 785 56 704 54 2331 8656 4586 1280 733 103 191 4062 1597 903 1062 0 1717 93 3417 640 119 46 51 2892 2823 78 1866 113 5 11 175 116 223 13 100
143395 771 70 2149 163 7196 26478 14134 3989 2202 305 598 12608 4923 2787 3274 2 5220 265 10389 1939 376 136 159 8839 8754 240 5702 372 12 37 529 359 679 43 321
143396 742 28 6102 470 20456 75046 39846 11384 6301 863 1704 35631 13949 7949 9340 4 14941 740 29442 5507 1074 384 456 24878 24737 703 16162 1061 43 109 1528 999 1913 119 926
143397 718 20 2184 171 7371 27158 14559 4098 2299 325 610 12841 5035 2858 3304 1 5395 298 10724 2014 393 144 167 9093 8984 254 5879 373 17 36 549 361 708 41 315
143398 758 24 897 72 3017 11117 5965 1664 947 134 242 5268 2062 1171 1353 0 2209 117 4392 834 162 60 69 3720 3696 103 2401 151 6 15 226 142 285 16 130
143401 808 49 7320 567 24645 90053 47920 13708 7565 1048 2033 42778 16795 9546 11154 4 17950 918 35394 6634 1282 458 542 29982 29731 846 19465 1260 50 128 1826 1189 2291 138 1100
143402 838 40 3238 247 10748 39603 20948 5959 3338 462 891 18724 7357 4169 4841 3 7850 393 15488 2926 564 205 233 13165 13012 370 8494 551 23 57 806 531 1017 60 484
143403 783 20 725 53 2442 8898 4725 1361 747 104 199 4247 1659 944 1094 0 1775 84 3501 647 125 45 51 2943 2952 81 1910 125 5 13 178 117 219 13 117
143407 819 13 7103 549 23963 87957 47053 13284 7402 1045 1969 41714 16325 9264 10805 5 17491 913 34667 6488 1258 460 534 29227 29162 818 18997 1207 51 123 1780 1167 2241 134 1047
143408 706 24 6292 491 21318 77865 41782 11747 6585 928 1731 36863 14536 8210 9639 5 15527 807 30837 5774 1102 412 481 25921 25778 740 16951 1066 48 106 1587 1017 1983 117 919
143409 701 11 2598 201 8694 31992 17028 4844 2717 379 712 15211 5959 3394 3959 1 6377 324 12594 2355 458 167 195 10655 10533 304 6935 445 18 45 652 425 813 49 388
143418 700 16 155 13 530 1933 1065 290 168 23 43 918 370 206 233 0 386 21 768 148 26 10 13 650 639 19 439 24 1 2 41 26 50 2 19
143420 644 18 2387 185 8086 29546 15983 4444 2489 353 661 13962 5533 3103 3658 1 5874 312 11793 2194 424 155 189 9854 9807 282 6505 409 20 40 609 393 760 45 345
143421 641 18 894 67 3000 10995 5910 1661 925 132 244 5210 2051 1161 1347 0 2190 112 4376 801 150 55 67 3634 3654 101 2380 150 7 15 220 152 280 16 130
143422 701 27 7986 614 26863 98369 52579 14791 8264 1153 2199 46644 18258 10376 12199 6 19593 988 38843 7248 1403 503 600 32593 32546 903 21282 1373 59 136 2019 1316 2494 152 1195
143423 688 15 1432 106 4760 17719 9311 2644 1479 202 402 8338 3247 1860 2164 1 3499 182 6921 1313 253 88 109 5864 5833 166 3755 252 10 25 359 235 448 27 220
143424 688 15 2775 208 9329 34075 18266 5161 2894 409 760 16174 6396 3605 4181 1 6734 356 13403 2516 488 182 200 11402 11217 320 7389 473 22 47 694 453 880 52 405
143425 655 17 1849 127 6151 22704 11886 3463 1899 257 524 10805 4191 2402 2804 1 4481 213 8794 1657 327 110 128 7527 7454 212 4820 326 10 33 449 299 578 35 294
143426 726 31 992 74 3326 12251 6511 1844 1022 147 276 5785 2258 1293 1498 0 2440 126 4825 902 170 61 72 4056 4068 112 2635 169 6 17 249 168 306 18 147
143429 716 20 4248 335 14361 52485 28038 7945 4431 618 1173 24948 9787 5531 6536 3 10487 545 20745 3877 746 270 313 17441 17322 490 11385 725 32 73 1066 694 1325 80 633
143431 700 23 1843 133 6113 22413 11836 3414 1880 258 508 10653 4164 2386 2796 1 4459 214 8748 1639 317 107 128 7417 7370 210 4793 320 11 33 455 297 565 35 285
143432 689 14 4893 381 16387 60358 32160 9036 5052 697 1356 28498 11191 6329 7417 2 11995 608 23742 4454 859 308 368 20041 19908 565 13030 834 34 85 1238 810 1544 92 731
143433 705 20 2498 189 8426 30822 16467 4680 2603 366 679 14542 5737 3257 3802 2 6123 320 12193 2266 440 161 189 10225 10182 289 6682 431 19 43 630 408 794 47 371
143434 692 12 1103 83 3676 13554 7195 2054 1145 164 302 6386 2527 1450 1645 0 2688 133 5289 1001 196 72 83 4509 4437 124 2931 193 8 18 278 176 347 20 165
143436 740 31 1612 131 5461 19891 10767 3035 1666 234 437 9428 3706 2101 2441 0 3968 204 7873 1467 284 102 125 6633 6617 182 4340 274 11 28 409 262 505 31 238
143442 694 24 2471 187 8229 30426 16092 4586 2555 357 687 14430 5634 3215 3763 1 6059 312 11910 2235 440 159 184 10123 10040 291 6507 422 18 43 620 399 777 45 370
143444 695 24 2981 230 9985 36600 19535 5524 3069 434 823 17402 6797 3860 4501 2 7314 376 14389 2693 523 185 217 12149 12118 340 7949 519 21 52 749 490 941 56 449
143445 693 21 10000 765 33536 123129 65821 18522 10340 1445 2781 58342 22949 12986 15277 8 24566 1260 48661 9092 1746 634 745 40879 40717 1143 26628 1699 75 172 2510 1658 3118 188 1478
143447 690 20 1514 112 5031 18493 9794 2803 1550 213 420 8792 3425 1961 2285 1 3664 179 7223 1354 262 92 111 6133 6101 176 3954 261 11 27 374 251 462 28 227
143448 695 20 1207 93 4063 14843 7981 2224 1262 177 328 7015 2776 1561 1839 0 2969 151 5910 1105 210 80 92 4933 4936 141 3244 202 9 20 305 193 378 22 177
143449 695 13 6196 480 20766 76479 40667 11468 6429 892 1735 36152 14222 8033 9337 4 15143 794 30073 5693 1089 391 455 25455 25218 709 16458 1045 44 107 1551 1024 1949 112 913
143451 703 14 71 6 229 852 438 131 71 9 19 404 156 89 102 0 178 6 333 59 11 3 3 278 283 7 179 11 0 1 17 11 21 1 11
143452 711 24 5609 441 18873 69358 37066 10471 5835 821 1556 32942 12925 7312 8591 3 13808 709 27264 5100 989 362 421 23079 22890 660 14995 971 42 98 1420 916 1768 103 824
143453 693 11 1596 119 5347 19763 10499 2979 1669 236 447 9329 3661 2091 2385 1 3922 210 7742 1470 289 106 117 6592 6533 190 4232 272 12 27 404 257 506 29 238
143457 715 15 2727 198 9126 33659 17842 5065 2825 396 758 15992 6223 3560 4126 2 6687 334 13176 2480 485 171 198 11158 11128 310 7208 470 19 47 680 448 848 52 413
143458 715 15 8038 617 27101 99327 53258 14949 8363 1183 2235 47140 18511 10458 12278 6 19770 1019 39280 7352 1418 518 615 33094 32908 925 21537 1362 59 141 2022 1328 2516 148 1181
143461 697 26 8972 699 30113 110525 59142 16644 9337 1311 2470 52422 20597 11616 13757 5 22013 1148 43708 8178 1568 586 673 36851 36426 1040 24004 1533 70 151 2265 1464 2810 165 1315
143469 755 38 1239 100 4138 15214 8179 2289 1285 180 336 7190 2854 1592 1885 0 3036 159 6045 1131 212 81 97 5071 5018 147 3336 207 11 19 310 201 395 22 174
143470 751 37 2741 210 9164 33694 18016 5053 2834 395 758 15930 6254 3549 4162 2 6727 338 13305 2487 477 171 202 11157 11149 313 7282 475 19 46 699 447 862 52 410
143471 751 37 1175 88 3961 14459 7654 2200 1233 170 321 6868 2687 1540 1736 0 2867 141 5623 1068 206 71 83 4793 4783 133 3111 199 8 20 298 188 363 21 177
143472 713 22 7661 584 25752 94324 50361 14276 7913 1108 2123 44716 17543 9952 11664 6 18740 940 37158 6953 1352 473 578 31245 31231 893 20362 1340 52 136 1924 1250 2407 146 1153
143473 650 29 3494 256 11621 42802 22627 6453 3594 499 969 20276 7951 4533 5250 2 8460 428 16744 3131 611 219 254 14210 14061 401 9141 599 26 61 875 582 1087 65 522
143474 650 29 1586 121 5418 19553 10565 2989 1636 228 429 9330 3664 2069 2445 1 3924 198 7743 1444 282 101 118 6490 6483 182 4286 279 11 27 410 258 492 30 241
143475 655 27 2935 222 9883 36137 19195 5543 3032 420 812 17143 6732 3829 4435 1 7160 357 14134 2675 513 183 210 12034 11882 344 7801 506 20 51 744 474 918 55 451
143477 655 27 2563 189 8614 31602 16873 4772 2650 371 713 14984 5866 3331 3899 2 6257 315 12396 2324 456 160 189 10463 10464 293 6798 447 17 45 640 427 797 49 391
143478 666 28 1887 146 6327 23103 12431 3467 1958 267 516 10970 4304 2423 2901 1 4615 228 9184 1710 324 119 141 7681 7656 212 5020 322 15 32 475 313 589 35 274
143479 654 27 474 34 1579 5840 3084 877 485 64 131 2769 1083 616 745 0 1158 57 2290 426 81 29 35 1933 1924 57 1253 83 3 8 119 78 151 9 71
143480 670 27 1705 129 5741 21019 11181 3182 1754 242 479 9970 3874 2225 2587 1 4173 208 8251 1533 302 104 124 6963 6997 193 4522 300 11 30 423 283 533 32 261
143481 669 27 2818 216 9503 34726 18588 5260 2924 413 775 16403 6477 3671 4235 2 6887 358 13681 2575 496 183 210 11573 11454 314 7513 481 20 47 704 457 899 55 421
143483 671 33 5863 458 19733 72323 38654 10959 6087 865 1614 34285 13511 7673 8929 3 14418 742 28562 5321 1024 382 432 24054 23912 664 15680 1005 44 104 1484 959 1851 113 870
143484 669 30 14588 1131 49041 180052 96007 27147 15172 2139 4060 85315 33506 18995 22183 10 35828 1842 70849 13322 2548 934 1088 59919 59366 1671 38929 2508 109 253 3683 2395 4593 275 2163
143485 669 32 2055 159 6899 25397 13598 3815 2139 302 566 12014 4711 2677 3135 1 5072 259 10047 1875 362 130 152 8434 8419 238 5500 350 14 34 528 336 649 39 303
143486 755 36 3448 266 11539 42470 22599 6388 3557 493 964 20050 7873 4474 5245 2 8481 432 16731 3143 608 218 249 14084 14029 396 9180 597 25 58 868 561 1073 65 516
143487 755 36 6873 522 23107 84699 45075 12803 7116 992 1913 40173 15725 8959 10405 5 16842 848 33299 6222 1206 428 505 28105 27979 803 18225 1186 50 119 1740 1119 2145 130 1031
143488 775 39 306 23 1019 3760 1967 566 322 44 81 1787 702 399 456 0 748 40 1452 282 54 19 22 1266 1226 37 802 50 2 4 74 50 98 5 45
143489 738 20 1787 129 6026 22232 11852 3303 1862 260 500 10487 4108 2327 2751 1 4411 229 8780 1635 320 114 132 7350 7354 204 4803 311 12 30 452 293 560 36 273
143490 773 29 108 7 351 1317 675 195 111 15 31 624 244 137 172 0 261 12 511 93 18 6 7 432 422 13 277 19 0 1 25 17 33 2 16
143491 762 15 3957 299 13280 48647 25914 7336 4088 567 1086 22930 9025 5139 5993 2 9684 493 19160 3593 693 250 292 16164 16054 447 10547 675 28 71 1003 651 1233 73 600
143492 778 22 8337 643 28084 102761 54806 15597 8679 1227 2303 48652 19178 10854 12578 7 20362 1057 40398 7593 1460 537 619 34186 33901 963 22153 1426 65 146 2094 1366 2624 154 1225
143493 784 23 6791 528 22942 84114 44968 12664 7073 990 1895 39851 15646 8846 10410 4 16730 870 33102 6238 1195 443 525 28018 27729 794 18230 1178 50 119 1699 1106 2149 124 1003
143498 745 12 762 56 2575 9395 5001 1451 781 109 214 4468 1746 1001 1168 0 1870 90 3675 683 132 46 56 3115 3092 86 2029 135 5 13 188 125 234 15 116
143500 748 14 2452 184 8259 30080 16031 4606 2538 354 674 14286 5627 3189 3675 1 5980 302 11773 2218 431 155 174 10030 9907 277 6508 422 18 43 613 398 770 47 365
143501 750 14 4512 353 15268 55639 29871 8470 4687 659 1239 26462 10451 5889 6981 2 11102 567 22070 4108 796 290 348 18558 18354 528 12170 767 36 77 1128 725 1419 86 667
143502 761 15 497 40 1656 6065 3259 923 510 69 134 2875 1134 647 768 0 1204 63 2408 445 86 31 37 2011 1995 53 1331 84 4 9 123 83 157 8 70
143503 748 14 2840 216 9540 34886 18566 5331 2922 402 788 16623 6484 3696 4360 2 6938 353 13749 2574 497 173 209 11563 11555 321 7540 486 19 50 706 459 884 56 432
143505 774 23 6620 506 22200 81651 43563 12307 6877 971 1833 38682 15195 8634 10045 4 16197 845 32174 6046 1172 431 487 27128 26967 756 17631 1148 48 116 1667 1083 2083 125 991
143506 774 22 330 23 1098 4031 2137 608 340 47 93 1912 746 426 493 0 798 41 1577 301 57 20 22 1340 1329 36 864 56 2 6 83 55 101 6 50
143509 804 33 14860 1155 49990 183196 98020 27574 15430 2156 4111 86609 34102 19312 22618 12 36460 1875 72361 13567 2601 963 1130 60914 60528 1720 39738 2527 113 252 3734 2437 4677 281 2181
143510 809 27 2633 199 8796 32341 17111 4894 2715 377 733 15335 5985 3421 3989 2 6411 322 12642 2389 463 166 190 10726 10641 302 6948 459 18 46 659 427 825 50 401
143519 705 45 6685 523 22534 82564 44258 12470 6953 981 1848 39114 15362 8715 10214 4 16475 835 32636 6104 1180 434 508 27520 27263 760 17957 1144 50 116 1698 1090 2111 129 1000
143520 710 46 3956 295 13257 48714 25836 7393 4088 568 1095 23111 9036 5171 6005 2 9670 472 19114 3573 698 248 291 16190 16083 452 10437 689 28 70 988 643 1233 75 601
143521 716 47 4384 337 14701 54084 28870 8117 4538 641 1222 25584 10013 5674 6646 3 10764 564 21269 3989 768 283 326 17982 17855 491 11701 751 29 74 1108 715 1374 83 654
143523 714 33 7225 555 24253 88915 47435 13385 7500 1051 1985 42172 16533 9369 11037 4 17717 914 35094 6602 1259 459 545 29568 29377 840 19227 1226 55 125 1819 1182 2253 135 1067
143524 735 35 9087 688 30441 111929 59551 16819 9424 1305 2524 52951 20811 11814 13755 6 22238 1147 43955 8263 1602 574 675 37187 36932 1040 24153 1562 64 156 2268 1490 2850 171 1359
143525 736 31 5822 434 19559 71500 38341 10788 6027 847 1598 33762 13302 7559 8869 3 14234 730 28239 5261 1015 368 432 23688 23643 665 15498 997 41 101 1469 950 1810 113 876
143526 736 31 15570 1227 52386 192553 102797 28944 16284 2285 4301 91172 35856 20308 23542 11 38242 2019 75914 14317 2743 1019 1161 64131 63517 1810 41638 2640 116 265 3922 2532 4935 289 2283
143527 726 27 5572 425 18681 68663 36692 10323 5784 808 1550 32461 12769 7210 8465 3 13658 704 27072 5046 975 351 422 22780 22699 639 14824 967 41 96 1397 920 1748 105 826
143528 726 24 246 21 844 3031 1680 467 260 40 68 1466 580 328 401 0 616 33 1246 224 44 17 20 1029 1008 27 687 41 2 3 61 38 76 5 35
143530 722 24 218 19 740 2691 1478 416 231 33 58 1285 516 283 337 0 534 33 1075 202 39 15 18 900 891 26 596 35 1 3 56 34 67 4 29
143531 707 23 1168 94 3960 14434 7762 2196 1216 169 323 6839 2710 1533 1772 0 2875 150 5676 1072 204 77 97 4780 4774 133 3146 198 9 21 296 198 368 22 173
143532 707 19 1147 86 3799 14010 7329 2141 1167 155 316 6637 2586 1494 1725 0 2775 133 5429 1025 204 64 85 4651 4578 133 3003 201 7 20 290 179 355 22 180
143533 726 21 1248 96 4195 15405 8221 2318 1296 177 347 7294 2863 1622 1892 0 3060 155 6045 1142 220 75 93 5097 5090 147 3325 215 8 22 316 201 394 24 191
143534 743 20 1657 127 5567 20482 10842 3114 1719 239 458 9758 3794 2167 2557 1 4055 207 8033 1500 296 106 124 6837 6744 193 4399 286 11 29 413 267 528 32 249
143535 741 19 13094 1002 43988 161368 86069 24391 13558 1891 3620 76381 29944 17059 19849 10 32022 1622 63494 11883 2306 824 992 53650 53296 1499 34878 2258 92 231 3301 2146 4122 251 1969
143538 744 28 5123 396 17266 63315 33805 9530 5319 742 1436 30042 11745 6666 7843 3 12619 635 24977 4661 896 327 382 21042 20952 593 13645 883 36 88 1282 840 1610 97 773
143539 740 25 2032 160 6838 25088 13536 3748 2130 304 553 11834 4704 2650 3099 1 4991 266 10021 1856 363 133 157 8368 8307 236 5497 341 16 32 509 332 642 39 291
143540 715 13 1765 132 5978 21858 11717 3314 1834 254 488 10396 4062 2301 2679 1 4368 218 8620 1609 307 113 129 7285 7269 199 4744 301 10 31 444 288 552 33 269
143541 778 17 14471 1111 48655 178145 95337 26865 15065 2128 3976 84422 33244 18786 21844 9 35435 1832 70183 13210 2540 944 1076 59342 58792 1656 38702 2455 101 245 3656 2343 4545 272 2137
143542 744 11 5572 425 18630 68522 36497 10305 5753 809 1534 32450 12728 7249 8447 4 13626 699 27023 5019 983 350 406 22794 22629 633 14833 960 42 96 1392 913 1763 104 833
143543 757 20 824 63 2735 10083 5378 1516 849 119 225 4740 1877 1063 1241 0 1999 104 3965 746 144 52 61 3352 3308 95 2187 139 7 13 204 137 263 15 118
143545 657 24 3375 262 11283 41437 22110 6251 3513 489 926 19553 7731 4377 5103 2 8237 426 16390 3081 592 219 250 13776 13627 393 8974 567 27 57 848 553 1068 63 479
143546 680 27 1952 150 6538 24105 12735 3646 1997 276 559 11482 4467 2545 3020 1 4812 238 9463 1752 337 120 139 8002 7938 225 5159 341 12 34 487 329 617 37 296
143547 680 27 2275 185 7712 28245 15073 4299 2369 332 638 13398 5263 2966 3418 1 5616 293 11082 2098 401 148 167 9423 9358 266 6091 388 15 40 568 372 717 41 334
143548 681 30 1917 150 6552 23717 12903 3616 1984 283 531 11331 4437 2507 3027 0 4778 238 9466 1732 335 123 154 7858 7909 213 5227 327 13 34 491 320 594 37 286
143549 675 29 4000 305 13388 49278 26320 7414 4156 583 1103 23244 9161 5158 6087 3 9787 503 19463 3650 698 251 294 16292 16318 460 10637 674 31 69 1021 656 1240 75 588
143550 681 26 2874 215 9634 35328 18689 5372 2981 419 800 16769 6568 3747 4336 1 6964 354 13770 2591 505 183 208 11796 11572 327 7586 506 20 50 711 460 913 55 442
143553 694 28 536 40 1767 6501 3450 981 544 72 147 3075 1206 685 787 0 1284 63 2541 481 94 30 40 2154 2127 61 1407 90 3 9 135 85 162 10 82
143554 695 15 2850 212 9578 35212 18848 5279 2942 415 803 16594 6511 3696 4339 1 7019 348 13866 2577 497 185 212 11652 11645 319 7599 489 20 50 715 474 885 55 431
143555 694 15 1306 99 4396 16147 8661 2428 1353 188 363 7641 2994 1692 2037 1 3222 165 6416 1193 234 83 106 5333 5337 154 3506 224 9 23 328 219 409 26 193
143557 711 11 136 9 456 1697 891 252 139 21 37 806 313 179 222 0 341 15 664 118 25 8 10 557 564 14 357 24 1 2 33 22 46 3 21
143561 707 14 2277 175 7677 28132 15093 4205 2377 332 626 13291 5223 2946 3473 1 5579 285 11166 2086 396 142 172 9347 9333 264 6104 388 17 39 579 374 712 42 330
143562 702 11 13426 1013 45099 165415 88210 24910 13919 1927 3731 78299 30787 17484 20363 9 32863 1689 64993 12203 2370 843 995 54949 54597 1549 35759 2315 95 233 3360 2203 4214 254 2014
143564 715 11 1669 125 5605 20600 10962 3139 1730 236 463 9751 3825 2182 2483 0 4099 209 8040 1517 301 102 124 6800 6809 194 4457 293 10 29 423 271 528 31 256
143568 687 33 4777 357 15977 58751 31303 8805 4921 679 1314 27653 10893 6176 7211 3 11634 589 23145 4343 836 297 354 19425 19424 545 12665 820 37 82 1195 779 1494 89 711
143570 687 33 2977 226 10014 36784 19541 5534 3095 431 832 17424 6808 3867 4543 2 7322 371 14443 2721 525 190 220 12206 12137 348 7909 518 22 52 749 484 940 56 442
143584 716 11 4989 377 16787 61524 32760 9338 5148 714 1388 29157 11442 6508 7539 2 12240 605 24081 4508 881 310 374 20446 20279 569 13294 867 34 88 1259 822 1569 94 759
143585 715 11 998 72 3321 12158 6445 1862 1022 138 267 5775 2263 1298 1514 0 2428 112 4768 881 175 61 71 4014 3993 111 2618 172 6 17 250 162 310 20 155
143586 725 11 1090 84 3707 13387 7209 2074 1126 162 298 6352 2511 1420 1648 0 2667 140 5286 981 190 72 83 4438 4436 124 2908 186 8 18 271 176 344 21 160
143591 709 15 3220 250 10812 39706 21121 5948 3344 466 884 18798 7388 4178 4902 3 7884 406 15642 2940 565 204 234 13202 13100 371 8569 550 23 54 809 528 1015 59 476
143592 709 15 1525 117 5094 18693 9977 2823 1573 217 417 8866 3486 1960 2299 1 3708 186 7344 1388 268 94 115 6205 6163 174 4050 258 11 26 377 247 469 27 228
143593 710 15 2263 173 7636 28120 14952 4244 2341 328 635 13310 5210 2983 3419 1 5583 284 11046 2079 395 144 178 9364 9286 253 6056 386 15 39 572 369 713 43 342
143595 709 15 4449 341 14947 54878 29075 8278 4606 627 1245 26032 10229 5801 6860 3 10913 555 21546 3999 779 275 334 18242 18065 527 11805 778 33 78 1105 733 1407 82 662
143597 712 15 3277 257 10943 40174 21423 6032 3377 468 893 19002 7501 4229 4952 2 7978 405 15819 2970 563 205 246 13345 13218 370 8692 567 23 55 820 541 1030 61 488
143598 706 12 1100 80 3717 13717 7334 2052 1142 164 309 6485 2524 1440 1689 0 2706 138 5393 998 198 71 84 4532 4548 125 2930 192 7 19 283 183 343 22 166
143601 683 12 9464 722 31807 116849 62258 17601 9810 1361 2628 55255 21694 12348 14371 7 23186 1170 45939 8613 1673 607 710 38871 38553 1076 25268 1626 65 168 2373 1550 3019 180 1426
143602 684 11 6792 520 22866 83792 44691 12676 7042 981 1891 39703 15560 8854 10285 6 16666 854 32967 6178 1205 420 506 27838 27720 781 18077 1168 48 118 1703 1113 2141 127 1020
143604 683 11 2799 216 9404 34534 18355 5230 2918 413 779 16380 6440 3647 4239 1 6859 358 13570 2552 490 181 211 11512 11332 333 7488 478 21 48 700 455 878 51 411
143606 742 18 515 42 1751 6408 3465 943 549 74 142 3029 1194 669 802 0 1268 66 2570 480 92 34 42 2139 2114 60 1407 88 4 8 134 85 164 9 72
143609 708 12 501 38 1666 6137 3246 938 522 71 136 2948 1156 659 762 0 1222 62 2412 451 88 30 38 2049 2014 58 1318 85 3 9 120 83 158 9 74
143611 707 11 2103 161 7162 26116 13943 3956 2185 301 591 12482 4870 2775 3269 1 5214 260 10293 1922 372 130 157 8682 8643 247 5670 365 14 38 531 347 661 39 318
143612 724 23 5308 407 17896 65536 35047 9852 5500 764 1477 31070 12203 6929 8037 3 13025 669 25824 4839 930 333 397 21773 21646 609 14177 902 39 92 1335 872 1677 99 786
143613 732 22 5377 413 18121 66328 35608 9968 5599 794 1480 31415 12369 6985 8141 3 13188 698 26261 4905 951 359 407 22074 21922 620 14399 923 42 90 1350 885 1682 99 790
143618 712 22 869 66 2946 10774 5800 1640 901 128 237 5135 2017 1139 1346 0 2153 116 4277 782 152 57 64 3597 3555 99 2375 151 6 14 216 145 277 17 123
143619 717 19 3554 272 11910 43848 23392 6592 3664 510 979 20736 8145 4622 5413 2 8717 444 17270 3234 629 222 261 14544 14490 410 9470 607 26 60 890 582 1111 67 531
143620 709 19 198 18 669 2444 1311 366 208 27 55 1170 453 262 298 0 490 26 976 184 34 12 17 813 814 20 537 35 1 3 49 32 64 3 28
143622 716 13 1107 80 3686 13481 7136 2068 1130 151 300 6411 2510 1438 1678 0 2697 121 5278 975 193 67 79 4446 4432 123 2898 191 7 19 276 180 341 22 173
143623 714 13 432 34 1480 5378 2839 819 460 60 119 2542 1006 565 664 0 1065 57 2099 399 79 26 33 1789 1768 54 1171 75 3 7 106 70 138 7 63
143624 733 23 978 70 3264 12042 6317 1841 998 138 274 5695 2228 1284 1443 0 2392 114 4652 874 173 59 70 4011 3962 111 2557 172 6 18 242 158 310 18 153
143625 717 11 1600 126 5402 19780 10604 3019 1668 236 443 9412 3685 2080 2451 1 3929 200 7841 1456 279 102 124 6580 6571 189 4322 271 12 26 403 258 506 29 236
143626 714 11 2279 175 7633 28135 14979 4230 2370 335 632 13290 5216 2969 3410 1 5592 288 11042 2078 396 146 169 9343 9262 255 6052 394 14 39 569 371 716 44 343
143638 686 14 1304 96 4379 16183 8537 2394 1364 191 367 7603 2982 1696 1982 1 3199 163 6387 1199 227 82 96 5359 5356 151 3441 216 11 22 332 216 403 23 192
143639 683 12 4344 332 14608 53786 28590 8132 4479 628 1223 25562 9974 5685 6651 2 10709 546 21133 3923 761 274 318 17884 17764 500 11566 754 29 77 1094 721 1373 83 655
143650 709 15 2086 162 6995 25627 13737 3864 2182 306 576 12125 4796 2700 3191 1 5118 271 10137 1903 369 132 160 8536 8463 245 5591 353 16 35 517 340 655 38 304
143651 712 14 459 35 1582 5733 3093 869 479 66 126 2755 1076 614 739 0 1154 55 2286 417 79 30 35 1913 1902 55 1260 80 3 8 115 76 148 9 69
143653 722 14 1284 96 4287 15752 8385 2383 1336 184 352 7425 2937 1668 1905 1 3111 161 6159 1165 224 81 97 5221 5183 152 3396 220 10 21 326 207 405 23 192
143654 721 13 2741 208 9187 33757 17963 5113 2825 393 766 15992 6268 3574 4176 2 6707 341 13270 2476 483 172 206 11159 11150 316 7267 477 20 48 683 448 857 52 405
143658 749 25 2477 179 8328 30537 16249 4591 2551 355 689 14486 5658 3222 3807 1 6088 294 12011 2244 429 153 180 10113 10101 273 6567 433 17 43 617 410 768 48 381
143660 758 25 3120 229 10410 38332 20270 5777 3248 448 874 18076 7122 4044 4757 3 7620 390 15063 2845 548 196 228 12728 12616 370 8255 540 23 53 779 502 976 57 467
143662 729 38 5943 448 19905 73002 38830 10998 6104 852 1654 34576 13525 7697 9006 4 14509 725 28689 5341 1046 370 437 24219 24087 668 15729 1021 41 103 1497 977 1852 116 898
143663 731 18 3130 242 10498 38572 20475 5843 3260 456 872 18259 7169 4080 4697 2 7603 388 15093 2860 549 199 225 12864 12697 362 8255 539 22 55 781 505 986 59 465
143676 701 11 2505 194 8457 30865 16481 4686 2584 357 696 14673 5743 3242 3876 1 6175 299 12180 2259 437 155 190 10224 10216 291 6703 435 16 43 624 403 785 48 381
143682 725 23 2063 155 6919 25378 13432 3835 2127 286 579 11994 4670 2662 3138 1 5053 250 9976 1871 361 120 150 8370 8392 242 5431 355 13 37 517 334 634 40 321
143704 674 21 4478 339 14969 54902 29236 8303 4635 645 1229 26001 10255 5811 6742 3 10876 550 21549 4067 786 286 331 18303 18016 515 11919 766 32 76 1118 716 1403 84 665
143706 675 22 677 50 2241 8302 4353 1251 704 96 183 3912 1540 875 1014 0 1631 83 3243 615 116 42 48 2786 2711 79 1777 114 5 11 169 108 213 12 101
143707 868 103 4552 352 15325 56071 29993 8446 4778 676 1254 26571 10484 5913 6955 2 11163 593 22126 4187 793 298 337 18708 18465 520 12197 778 36 77 1152 733 1426 84 666
143708 905 86 3198 248 10787 39451 21074 6008 3325 467 889 18777 7370 4183 4858 2 7840 398 15501 2909 557 201 238 13157 13007 373 8544 557 22 57 799 519 1003 60 480
143709 888 78 5493 419 18476 67820 36167 10222 5691 797 1523 32215 12611 7138 8395 3 13504 707 26747 5010 969 346 399 22553 22406 634 14695 938 42 94 1384 901 1719 103 811
143710 889 78 756 58 2562 9363 5025 1414 787 108 209 4444 1741 987 1169 0 1853 92 3730 692 133 45 60 3121 3101 90 2054 130 6 13 195 124 236 14 111
143712 888 78 797 59 2664 9807 5142 1497 811 112 227 4670 1819 1038 1213 0 1959 91 3808 720 140 47 56 3235 3239 90 2075 142 5 14 199 131 245 15 128
143713 856 73 5405 408 18060 66562 35281 10083 5600 783 1501 31402 12311 7034 8076 4 13172 670 25943 4920 954 345 399 22148 21963 612 14255 929 36 94 1349 873 1695 102 821
143714 854 72 878 67 2978 11013 5863 1620 930 128 243 5202 2044 1151 1325 0 2177 115 4325 822 156 57 64 3676 3649 102 2381 147 6 15 225 142 279 16 129
143715 856 72 2332 180 7793 28709 15382 4293 2448 350 635 13590 5367 3032 3595 1 5718 308 11407 2130 409 156 183 9575 9462 270 6238 390 20 39 581 381 729 42 331
143716 782 29 2058 157 6935 25422 13537 3829 2135 296 569 12079 4718 2677 3188 2 5076 254 10071 1871 365 131 153 8477 8379 244 5509 352 15 35 520 331 637 39 313
143717 782 29 78 5 255 941 468 146 74 8 23 457 166 99 120 0 187 7 348 64 12 3 5 304 308 9 188 15 0 1 19 13 22 1 14
143718 791 30 2403 195 8110 29591 15978 4500 2520 357 648 14034 5572 3113 3711 1 5938 322 11836 2201 425 164 184 9876 9793 285 6518 399 18 38 604 387 760 45 337
143722 835 31 993 79 3364 12275 6639 1836 1038 149 268 5789 2292 1285 1552 0 2485 130 4923 897 171 68 81 4088 4053 112 2703 166 8 16 248 165 312 18 141
143740 787 14 2295 176 7731 28295 15141 4256 2384 336 628 13374 5252 2971 3468 1 5610 288 11136 2097 404 148 171 9413 9362 265 6120 393 16 38 576 374 723 42 336
143744 791 13 1069 80 3619 13347 7136 1983 1121 161 300 6308 2460 1390 1622 1 2654 138 5249 981 192 72 83 4447 4441 121 2886 182 7 19 270 173 345 19 160
143758 788 38 4548 346 15221 55958 29510 8487 4695 642 1271 26697 10371 5928 6967 3 11113 546 21819 4110 795 276 334 18588 18397 538 11987 792 32 81 1131 744 1425 84 694
143759 789 38 1506 120 5057 18554 9880 2800 1574 219 413 8803 3495 1950 2270 0 3674 192 7302 1371 261 99 107 6210 6088 171 4018 253 11 25 377 253 473 27 217
143760 808 44 10370 795 34769 127515 68205 19270 10780 1521 2836 60287 23762 13479 15650 7 25353 1311 50255 9435 1815 673 777 42509 42090 1193 27661 1765 77 178 2606 1677 3263 194 1535
143761 800 38 6056 476 20290 74566 39770 11233 6288 882 1666 35272 13854 7838 9147 5 14825 758 29329 5527 1060 386 454 24817 24634 686 16115 1039 43 105 1528 985 1914 116 900
143762 803 41 6595 497 22069 80947 43038 12208 6773 946 1833 38352 15009 8546 9973 5 16084 807 31788 5926 1163 411 487 26858 26696 743 17445 1133 47 114 1656 1084 2057 127 994
143763 788 31 2989 222 10018 36572 19542 5544 3082 429 822 17349 6827 3879 4527 1 7251 360 14391 2690 526 187 216 12139 12071 330 7914 513 21 52 754 489 930 57 450
143764 780 32 10585 803 35641 130967 69830 19653 11029 1544 2930 61825 24320 13830 15927 8 25983 1350 51544 9713 1869 675 790 43553 43251 1199 28257 1802 75 183 2669 1724 3372 199 1575
143769 779 31 330 24 1102 4034 2171 612 338 50 89 1909 761 425 491 0 801 41 1588 299 56 22 24 1329 1338 37 882 54 2 5 84 57 105 5 46
143770 781 31 7077 547 23644 86992 46262 13096 7349 1022 1950 41205 16214 9144 10763 4 17274 890 34180 6461 1236 451 522 28981 28613 833 18811 1205 53 120 1783 1149 2220 130 1042
143771 749 33 2198 168 7360 27001 14380 4090 2278 319 613 12865 5036 2852 3364 1 5355 272 10611 1999 389 136 158 8986 8897 255 5828 378 15 38 562 358 685 41 333
143772 753 30 550 43 1835 6733 3603 1009 570 81 148 3202 1254 708 837 0 1332 72 2666 498 98 36 42 2240 2224 62 1466 91 4 9 134 89 169 10 79
143773 752 30 4561 338 15303 56040 29739 8504 4706 655 1264 26612 10420 5931 6977 3 11144 552 22006 4136 800 283 329 18645 18454 522 12078 787 32 82 1147 737 1415 85 700
143774 752 30 178 12 593 2202 1131 343 184 24 50 1052 410 239 271 0 436 20 832 160 31 9 12 727 713 22 460 32 1 3 43 28 55 3 28
143775 743 27 608 45 2029 7409 3903 1136 631 85 165 3522 1395 794 929 0 1468 72 2893 550 110 35 42 2448 2410 74 1599 106 4 10 152 94 189 11 93
143776 743 27 1393 107 4691 17266 9266 2571 1451 204 389 8178 3215 1823 2154 1 3439 180 6840 1275 247 88 105 5743 5716 165 3763 244 10 23 352 226 445 25 207
143777 743 27 2947 231 10002 36627 19671 5496 3065 429 816 17386 6792 3859 4577 2 7300 369 14520 2691 521 191 229 12151 12122 334 7977 509 22 50 752 488 921 56 441
143778 753 29 1731 135 5844 21389 11389 3250 1803 257 481 10191 4019 2264 2651 1 4252 221 8415 1567 306 107 126 7113 7069 204 4600 297 13 31 439 284 545 33 255
143780 744 27 3106 234 10422 38250 20329 5783 3194 438 865 18111 7085 4053 4731 2 7591 375 15023 2804 544 192 233 12677 12605 355 8202 539 23 54 775 507 972 59 473
143781 734 14 3825 298 12898 47507 25284 7124 3989 553 1067 22512 8847 4994 5869 2 9455 487 18744 3519 671 246 292 15821 15659 459 10312 654 29 65 968 625 1214 72 569
143783 738 18 664 54 2279 8405 4506 1276 709 100 187 3974 1571 889 1042 0 1674 88 3320 635 121 44 55 2829 2778 81 1841 112 5 11 169 106 216 12 95
143784 736 17 580 45 1962 7171 3871 1061 604 85 158 3414 1337 758 869 0 1418 76 2847 536 99 38 43 2389 2378 67 1565 96 4 9 149 96 178 10 84
143785 758 25 923 70 3070 11306 6037 1693 952 136 252 5340 2089 1193 1405 1 2255 112 4473 837 162 61 70 3764 3722 106 2446 159 7 15 224 151 283 17 139
143791 702 24 10749 834 36226 132711 71044 20041 11213 1584 2952 62904 24760 13979 16457 7 26402 1376 52507 9796 1904 690 808 44161 43854 1259 28796 1844 87 182 2720 1764 3410 203 1570
143793 730 23 515 38 1703 6298 3292 948 529 68 146 3007 1164 662 799 0 1260 64 2464 459 89 28 34 2084 2087 59 1331 90 2 9 125 83 157 9 80
143795 730 23 1084 82 3641 13380 7131 2017 1122 155 300 6350 2477 1407 1688 1 2667 136 5288 975 190 66 79 4443 4412 126 2905 184 8 19 273 178 337 20 164
143796 732 23 2173 160 7261 26718 14195 4070 2252 317 608 12601 4945 2852 3265 1 5298 261 10430 1968 387 138 156 8837 8804 249 5736 387 15 39 555 350 679 42 338
143797 720 11 2517 194 8429 31079 16427 4687 2603 360 704 14682 5737 3267 3803 2 6148 314 12168 2294 446 158 184 10305 10250 292 6637 440 17 44 626 416 797 46 375
143798 721 11 3121 242 10616 38747 20686 5881 3234 450 872 18463 7204 4088 4843 2 7748 392 15315 2829 545 199 232 12867 12832 358 8400 537 22 55 784 511 984 60 476
143800 766 13 5460 419 18488 67535 36278 10209 5705 808 1508 31984 12593 7106 8366 4 13439 698 26720 4976 956 354 419 22468 22364 625 14699 932 42 93 1394 911 1721 101 792
143801 768 13 1321 100 4434 16319 8648 2447 1353 187 373 7768 3001 1697 2034 1 3255 161 6431 1186 227 80 94 5401 5411 149 3486 226 9 23 335 225 410 25 199
143803 768 13 6298 478 21127 77678 41445 11668 6575 922 1741 36718 14478 8178 9574 3 15431 802 30637 5739 1111 407 477 25868 25566 728 16842 1081 47 108 1570 1022 2007 119 927
143804 772 21 444 33 1460 5458 2835 821 451 60 127 2568 990 576 652 0 1072 51 2096 398 79 25 32 1802 1792 51 1136 80 2 8 110 72 141 9 72
143805 770 21 2226 170 7487 27474 14681 4161 2307 327 619 12991 5112 2909 3405 1 5450 286 10778 2011 394 139 170 9152 9054 255 5954 387 16 38 557 359 705 43 341
143812 762 45 4546 343 15261 56180 29811 8454 4690 644 1267 26589 10409 5918 6880 3 11157 564 22007 4138 806 278 334 18682 18538 522 12099 784 32 80 1153 738 1440 86 694
143813 761 44 2146 162 7207 26279 13911 4000 2224 310 599 12509 4917 2795 3277 1 5227 259 10268 1939 374 130 154 8737 8638 246 5657 376 15 37 531 343 663 40 324
143816 763 11 6068 451 20303 74525 39686 11259 6250 867 1682 35316 13804 7880 9130 4 14799 739 29215 5481 1073 373 438 24705 24609 686 16004 1052 42 106 1531 1001 1884 116 924
143821 695 12 160 12 554 2044 1089 306 167 24 47 956 369 213 239 0 411 22 807 149 26 10 12 682 683 18 435 27 1 2 40 28 48 3 24
143822 695 12 3239 249 10946 39984 21419 6053 3359 476 903 18999 7453 4233 4934 2 7953 407 15844 2941 568 211 235 13294 13245 372 8606 548 25 57 819 532 1013 61 478
143823 722 11 1117 89 3813 13878 7434 2093 1175 165 310 6569 2578 1457 1706 0 2771 143 5450 1038 194 72 82 4627 4590 127 3000 192 7 19 287 180 349 21 171
143824 719 11 8995 698 30251 110896 59057 16736 9351 1304 2495 52641 20679 11664 13724 5 22074 1142 43630 8197 1564 564 665 36818 36589 1038 24003 1550 66 155 2253 1483 2812 166 1330
143826 722 23 276 20 906 3394 1756 508 279 37 79 1604 610 357 403 0 667 32 1309 252 47 16 18 1114 1118 31 696 48 1 5 68 46 87 5 43
143827 729 24 4218 322 14079 51987 27544 7772 4375 606 1185 24601 9609 5448 6428 3 10352 516 20414 3831 738 267 305 17241 17183 488 11155 721 30 71 1055 692 1319 78 630
143828 729 24 479 37 1627 5961 3160 906 506 71 136 2812 1104 641 745 0 1186 63 2334 434 85 29 38 1971 1968 56 1289 81 3 8 123 76 151 9 71
143829 734 11 816 62 2739 10072 5335 1515 847 117 228 4735 1846 1063 1248 0 2016 99 3959 744 144 51 57 3332 3334 92 2164 142 5 13 209 133 253 16 124
143834 680 21 10788 830 36357 133323 71257 20071 11184 1565 3013 63323 24730 14004 16482 6 26535 1358 52497 9804 1888 697 819 44397 44065 1252 28869 1850 78 185 2724 1772 3381 203 1609
143835 686 21 2564 203 8591 31542 16801 4712 2669 368 703 14837 5853 3321 3926 2 6282 314 12497 2332 444 167 193 10472 10378 298 6861 438 20 43 650 416 813 47 381
143836 707 23 6530 497 21886 80431 42854 12099 6773 952 1812 38048 14928 8466 9804 4 15938 825 31566 5962 1151 423 482 26762 26549 757 17316 1119 49 113 1627 1062 2050 119 971
143838 708 23 2902 222 9814 35881 19158 5437 3032 431 795 17069 6714 3803 4509 2 7160 360 14199 2642 511 186 220 11937 11835 336 7797 496 21 52 730 478 921 55 429
143840 732 30 7444 568 24961 91836 48778 13878 7705 1074 2081 43537 16993 9700 11354 5 18268 924 36073 6733 1299 468 543 30447 30343 850 19702 1292 52 130 1863 1220 2342 141 1121
143841 712 23 1594 121 5384 19616 10458 2989 1651 224 446 9329 3652 2079 2442 1 3891 196 7693 1441 285 99 121 6553 6453 183 4247 280 11 28 398 256 503 31 244
143842 713 23 2253 165 7559 27762 14622 4190 2328 321 633 13206 5132 2945 3383 1 5487 267 10794 2042 392 136 161 9258 9120 253 5933 392 15 41 559 363 714 43 349
143843 709 16 2362 177 7862 29032 15346 4365 2438 343 650 13744 5367 3050 3546 2 5755 292 11370 2151 415 149 175 9656 9600 267 6201 394 15 41 595 391 738 43 349
143844 707 15 763 61 2557 9419 4990 1435 800 111 210 4431 1755 989 1147 0 1876 99 3701 694 129 46 56 3119 3101 91 2034 130 6 12 189 128 243 13 112
143845 730 32 1975 154 6689 24353 13104 3650 2064 293 549 11573 4579 2554 3062 1 4877 258 9693 1805 343 130 150 8118 8048 223 5340 334 15 34 498 325 619 37 289
143846 736 21 3154 237 10680 38898 20822 5897 3259 453 879 18550 7245 4091 4850 2 7747 388 15300 2845 547 197 234 12915 12886 354 8406 547 22 55 789 525 970 59 473
143848 732 19 8233 625 27623 101552 54061 15332 8572 1197 2264 48017 18897 10726 12455 6 20182 1025 39910 7495 1457 523 610 33796 33538 954 21910 1404 58 145 2058 1342 2603 153 1237
143855 716 11 1741 127 5843 21558 11359 3253 1817 260 481 10170 3990 2295 2638 2 4277 220 8476 1599 308 112 125 7160 7103 199 4598 299 13 30 443 284 552 33 262
143860 690 14 474 36 1576 5830 3058 891 467 63 138 2765 1069 607 722 0 1164 56 2276 421 78 26 33 1912 1938 48 1219 83 1 9 115 80 143 10 77
143861 693 14 419 33 1399 5116 2766 776 433 62 109 2407 959 540 642 0 1015 54 2042 383 75 27 33 1700 1680 50 1133 68 4 6 104 67 130 8 57
143862 697 13 456 36 1551 5651 3019 872 476 67 124 2691 1073 604 725 0 1130 58 2252 412 79 29 33 1877 1856 51 1243 76 3 8 111 77 144 8 68
143864 694 14 1671 127 5649 20627 11009 3116 1734 243 462 9809 3855 2193 2562 0 4101 210 8111 1514 296 107 128 6882 6798 190 4464 285 12 29 426 268 528 32 250
143865 703 13 761 61 2526 9313 4943 1378 776 105 207 4397 1721 972 1131 0 1856 93 3646 690 129 47 57 3101 3092 81 1991 126 4 12 193 124 233 14 112
