144520 801 47 1426 104 4751 17445 9212 2641 1459 198 398 8288 3239 1854 2181 1 3471 169 6831 1285 251 86 107 5792 5740 165 3755 244 10 26 352 233 437 27 219
144521 858 72 4361 334 14576 53473 28417 8105 4530 631 1194 25329 9964 5628 6589 4 10590 549 20968 3960 762 278 313 17836 17553 517 11571 735 35 73 1094 702 1360 80 638
144523 857 71 4940 382 16463 60754 32143 9175 5126 720 1356 28702 11242 6415 7447 3 12033 616 23829 4498 874 319 369 20210 20010 578 13025 846 38 85 1235 796 1560 94 740
144524 837 53 493 42 1676 6113 3289 944 514 73 135 2927 1144 640 742 0 1222 65 2412 455 85 32 36 2047 2033 55 1340 79 3 8 121 79 156 8 70
144525 842 47 3649 286 12255 45160 24099 6774 3812 536 1017 21361 8400 4723 5537 3 8972 474 17836 3345 636 234 270 15059 14954 420 9739 615 27 63 914 602 1156 65 535
144526 836 47 1719 128 5706 21084 11119 3180 1775 243 480 9963 3907 2241 2613 1 4189 209 8255 1555 304 103 128 6974 6933 199 4515 299 13 31 421 278 545 32 263
144527 872 64 2398 187 8098 29592 15758 4502 2481 348 664 14080 5497 3117 3671 1 5901 295 11630 2176 422 150 177 9815 9801 271 6354 413 16 42 610 394 748 46 362
144528 849 50 5287 402 17777 65000 34914 9798 5469 766 1458 30799 12103 6889 7980 4 12919 653 25696 4815 928 336 386 21553 21497 602 14081 905 40 90 1346 880 1654 100 778
144529 838 52 2444 189 8208 30111 16001 4582 2532 352 674 14242 5635 3179 3704 2 5973 310 11843 2221 426 153 180 10009 9908 287 6471 417 19 41 617 398 767 47 357
144530 838 52 7430 575 24953 91603 48748 13854 7712 1075 2059 43420 17066 9663 11356 5 18247 932 36070 6773 1305 478 550 30409 30221 880 19829 1277 55 128 1859 1205 2327 139 1110
144531 838 52 740 55 2477 9146 4775 1383 769 105 205 4372 1698 966 1121 0 1820 92 3565 669 128 46 55 3051 2995 87 1943 124 5 13 181 121 232 13 112
144532 856 48 4024 319 13475 49874 26623 7434 4199 593 1109 23539 9227 5216 6146 3 9922 530 19722 3693 715 265 314 16618 16514 467 10778 682 30 68 1018 659 1282 74 586
144533 852 47 1475 106 4942 18110 9521 2750 1513 206 412 8640 3359 1918 2211 0 3591 174 7039 1321 262 87 99 6012 5963 166 3861 255 10 25 368 233 456 26 227
144534 837 47 730 55 2457 9005 4735 1381 750 101 208 4312 1675 961 1118 0 1791 86 3482 661 131 45 53 3013 2949 83 1928 127 4 13 176 118 232 14 114
144535 877 25 4031 319 13582 49762 26667 7545 4202 601 1114 23616 9288 5243 6120 3 9917 526 19658 3700 710 269 304 16614 16464 469 10816 684 30 69 1004 659 1272 74 593
144537 872 11 610 49 2051 7471 4077 1121 638 91 163 3508 1405 784 909 0 1493 83 2991 565 106 41 45 2481 2472 70 1653 101 5 10 154 101 187 11 88
144544 857 15 7826 613 26440 96531 51851 14594 8151 1139 2157 45837 18015 10200 11991 6 19211 997 38216 7143 1377 509 599 32145 31932 905 21037 1326 59 134 1971 1286 2473 149 1138
144546 856 14 522 43 1784 6492 3502 977 556 80 146 3115 1227 686 803 0 1298 70 2578 486 92 36 41 2190 2143 61 1435 84 4 8 133 85 164 9 73
144549 854 11 3642 284 12213 44853 23971 6800 3789 531 997 21297 8364 4769 5519 2 8939 463 17686 3315 647 236 279 14972 14791 416 9751 619 28 62 910 593 1143 69 538
144550 855 11 5003 392 16917 61797 33054 9375 5213 735 1383 29397 11520 6515 7616 4 12276 634 24370 4583 882 324 377 20554 20466 573 13351 855 36 87 1262 825 1568 93 743
144551 851 13 12976 1000 43874 160700 85854 24248 13522 1898 3596 76065 29940 16988 19695 11 31939 1666 63308 11902 2292 833 965 53500 53038 1488 34711 2220 94 223 3283 2114 4125 245 1930
144552 853 13 6978 519 23320 85559 45467 12959 7178 997 1925 40613 15957 9066 10658 4 17027 842 33618 6271 1222 437 510 28368 28188 804 18471 1210 51 122 1751 1137 2178 134 1055
144553 871 25 2080 157 6916 25558 13392 3886 2143 293 578 12083 4738 2695 3127 1 5064 260 9942 1886 368 129 148 8445 8376 242 5430 363 14 36 515 337 651 39 317
144554 863 14 12570 969 42160 154402 82369 23362 13009 1818 3450 73338 28831 16300 19165 8 30755 1578 60816 11414 2215 795 925 51348 50930 1462 33432 2158 95 216 3148 2029 3912 235 1870
144557 875 17 6025 479 20360 74405 39982 11230 6275 880 1661 35313 13907 7816 9284 3 14830 778 29532 5520 1062 388 454 24791 24632 703 16199 1028 45 101 1517 993 1891 114 885
144558 874 17 4783 360 15930 58843 31034 8879 4933 675 1328 27819 10875 6187 7306 4 11675 587 23061 4348 845 292 350 19534 19376 555 12561 824 34 82 1184 767 1499 91 721
144562 852 15 1803 134 6020 22177 11737 3331 1872 259 507 10520 4104 2343 2737 1 4394 216 8709 1638 318 112 126 7372 7322 208 4736 311 13 31 442 291 567 33 272
144564 852 15 1719 133 5679 21011 11137 3134 1781 242 469 9919 3887 2211 2569 1 4151 215 8240 1580 300 109 126 7018 6895 203 4545 289 13 27 435 278 538 30 252
144569 847 11 1689 127 5630 20676 10994 3151 1747 246 462 9781 3842 2185 2518 1 4097 209 8122 1511 292 106 125 6864 6831 194 4442 289 12 28 420 276 538 31 246
144574 908 32 544 40 1795 6698 3478 994 558 74 154 3160 1235 707 826 0 1317 64 2603 495 97 34 36 2215 2185 62 1401 96 4 9 136 88 171 9 83
144575 909 32 134 9 446 1654 868 244 136 18 39 782 307 176 205 0 329 15 641 116 23 7 9 545 543 16 352 24 1 2 33 22 42 2 21
144577 795 15 6426 511 21755 79481 42774 12031 6695 938 1766 37620 14892 8395 9788 5 15815 822 31446 5891 1123 419 485 26433 26305 748 17332 1104 48 109 1628 1057 2041 120 941
144578 808 14 5041 384 16975 62047 32962 9377 5242 715 1399 29403 11589 6560 7605 3 12291 620 24275 4564 882 310 369 20639 20431 580 13401 870 37 87 1259 812 1585 93 757
144579 808 14 306 25 1054 3764 1990 587 317 42 85 1810 714 405 472 0 755 35 1468 282 52 18 22 1253 1229 36 820 52 1 5 76 51 95 5 48
144580 843 14 2516 185 8429 31028 16348 4699 2602 357 711 14771 5720 3293 3830 1 6184 305 12105 2285 440 153 180 10254 10235 289 6623 445 17 45 631 418 776 46 390
144581 819 11 8250 640 27844 101834 54447 15411 8538 1198 2269 48175 18981 10778 12482 6 20245 1037 40094 7518 1448 527 608 33868 33686 939 22014 1417 59 145 2076 1359 2594 159 1234
144583 842 22 2089 155 7041 25841 13779 3848 2173 306 574 12206 4812 2734 3190 2 5137 272 10263 1912 366 136 153 8613 8527 237 5599 358 15 35 528 342 660 40 310
144584 844 22 4655 357 15674 57514 30693 8690 4833 669 1286 27162 10674 6055 7083 3 11446 586 22710 4221 811 294 353 19043 19055 543 12407 802 35 80 1173 776 1466 88 687
144588 849 12 3904 289 13141 48289 25684 7266 4061 566 1094 22891 8957 5080 5957 2 9591 491 18961 3558 693 246 284 16025 15949 446 10402 681 26 68 969 635 1228 75 596
144593 829 12 3969 295 13250 48655 25701 7392 4078 557 1095 23050 9023 5142 5980 3 9645 479 19005 3568 696 241 284 16089 16029 451 10421 692 27 69 990 651 1236 77 611
144600 813 11 15488 1184 52077 190821 101661 28844 16058 2245 4296 90606 35507 20147 23669 9 38008 1939 75067 14071 2723 982 1155 63502 62930 1788 41325 2671 114 268 3867 2517 4868 294 2328
144611 944 32 2125 162 7114 26179 14014 3901 2228 318 584 12372 4904 2744 3278 1 5209 268 10388 1928 366 143 157 8722 8649 244 5662 356 17 35 535 349 665 40 309
144612 919 14 581 43 1976 7198 3872 1111 606 82 162 3401 1346 769 864 0 1421 72 2801 537 104 36 46 2385 2378 66 1572 102 4 11 149 98 181 11 89
144613 922 16 1738 136 5936 21617 11651 3267 1813 255 481 10284 4035 2303 2638 2 4295 225 8532 1591 309 119 135 7244 7134 197 4704 294 13 29 436 294 554 34 254
144617 826 77 6289 481 20977 77344 40918 11655 6503 890 1753 36537 14339 8159 9514 4 15361 786 30276 5686 1107 392 465 25724 25408 722 16607 1093 42 109 1562 1028 1987 118 945
144618 796 51 7613 598 25684 94130 50372 14215 7914 1113 2107 44670 17586 9933 11638 5 18738 968 37197 6965 1336 502 575 31346 31150 880 20371 1291 58 128 1927 1264 2395 142 1112
144620 805 51 449 37 1581 5668 3081 872 475 67 126 2724 1071 603 739 0 1143 56 2296 419 79 28 32 1880 1893 51 1259 79 3 7 118 75 136 9 68
144621 810 56 1910 144 6366 23435 12482 3524 1976 271 525 11054 4367 2470 2895 1 4635 240 9247 1725 333 119 143 7807 7684 220 5109 324 14 31 479 303 604 36 281
144622 812 53 698 50 2325 8615 4527 1281 722 105 194 4093 1603 910 1065 0 1702 88 3359 629 119 44 48 2888 2829 81 1837 116 5 12 175 115 220 11 102
144623 829 68 1583 122 5291 19382 10364 2917 1659 226 428 9191 3634 2051 2383 0 3845 204 7650 1446 278 102 117 6496 6358 185 4237 264 12 26 397 257 499 28 232
144624 862 59 1826 142 6178 22699 12066 3419 1916 268 516 10774 4222 2397 2823 1 4549 232 8944 1666 325 118 138 7566 7531 214 4888 318 12 32 459 294 580 34 273
144625 847 52 506 42 1722 6296 3416 945 542 78 139 2967 1174 660 752 0 1258 72 2489 480 86 34 42 2123 2080 56 1379 80 3 8 130 82 160 9 69
144626 892 76 6194 470 20807 76329 40517 11524 6444 898 1722 36211 14172 8075 9431 4 15167 766 29971 5624 1097 384 451 25334 25170 726 16436 1071 46 107 1565 1001 1939 116 940
144627 892 68 1477 114 4997 18271 9824 2741 1552 223 410 8694 3433 1917 2285 1 3656 184 7267 1342 254 99 109 6086 6066 171 3951 248 11 25 373 246 460 26 217
144628 885 66 627 49 2151 7832 4261 1187 653 95 176 3718 1463 826 962 0 1560 83 3119 579 110 43 52 2621 2603 73 1714 108 5 10 160 105 200 12 91
144629 888 66 2735 204 9181 33573 17718 5144 2810 387 767 16026 6222 3584 4152 2 6668 319 13069 2448 478 166 197 11143 11056 317 7173 477 17 51 676 443 856 53 427
144631 894 64 3453 262 11592 42466 22500 6420 3562 491 962 20172 7887 4485 5246 2 8439 417 16617 3127 596 212 248 14086 13994 397 9072 602 24 61 870 569 1074 66 526
144632 909 67 1113 85 3740 13707 7281 2100 1148 160 305 6513 2551 1461 1708 0 2725 135 5403 1009 196 66 79 4553 4523 129 2953 194 8 20 280 182 349 21 168
144633 864 52 5463 416 18362 67391 35770 10185 5645 787 1523 31935 12483 7133 8352 4 13403 671 26463 4942 957 338 397 22351 22228 634 14478 950 40 96 1375 902 1704 105 830
144635 953 69 1763 132 5909 21807 11675 3221 1830 256 489 10297 4037 2287 2664 2 4316 226 8602 1611 313 114 131 7274 7250 196 4699 303 13 30 445 293 553 33 260
144637 948 59 11073 846 37246 136522 72959 20577 11504 1609 3049 64610 25410 14373 16898 8 27199 1392 53932 10095 1940 710 826 45313 45181 1286 29566 1893 84 186 2802 1818 3468 206 1634
144638 927 43 3430 262 11409 42135 22390 6310 3579 511 943 19850 7845 4461 5124 2 8356 449 16567 3121 606 230 258 14062 13847 396 9107 581 27 56 869 552 1084 63 499
144640 916 48 3076 235 10377 37915 20353 5700 3187 443 850 17928 7055 3982 4710 2 7577 390 14988 2795 538 192 228 12567 12596 357 8236 521 20 53 771 499 949 57 458
144641 916 48 4970 381 16789 61359 32954 9216 5176 726 1376 29050 11386 6448 7590 3 12212 619 24312 4532 866 317 374 20374 20363 565 13314 849 35 85 1262 821 1549 94 735
144642 916 48 8030 609 27086 99374 52949 14982 8334 1174 2231 47076 18440 10524 12217 6 19743 998 39092 7347 1418 518 605 33098 32763 928 21439 1387 59 139 2024 1312 2535 153 1216
144643 903 35 1944 158 6577 23867 12827 3645 1997 281 530 11369 4495 2535 2953 1 4785 246 9424 1759 341 123 144 7955 7846 217 5240 332 15 33 493 323 602 36 285
144645 916 35 978 72 3273 12061 6383 1808 1010 141 278 5724 2221 1276 1504 0 2415 120 4742 881 170 61 71 4008 3980 109 2590 167 7 17 245 156 304 18 149
144646 919 34 3364 259 11272 41419 22113 6227 3494 480 935 19630 7664 4344 5041 2 8211 419 16294 3056 590 211 252 13781 13723 388 8966 573 24 57 856 548 1049 62 501
144647 914 36 5680 430 19083 69899 37382 10500 5920 830 1552 33071 13026 7372 8637 4 13860 719 27610 5202 1000 364 430 23265 23075 672 15204 966 43 97 1440 916 1786 105 839
144649 911 36 593 43 1992 7283 3874 1119 617 84 160 3447 1362 767 872 0 1443 68 2835 544 108 35 44 2436 2400 69 1571 104 3 10 148 95 188 11 92
144650 926 38 3351 263 11312 41433 22262 6178 3489 494 934 19626 7694 4351 5078 2 8258 426 16416 3063 580 216 245 13795 13731 370 8998 571 24 58 841 560 1054 62 495
144652 900 32 1814 134 6079 22294 11862 3370 1874 254 501 10625 4158 2356 2741 0 4426 215 8721 1653 322 110 133 7420 7341 213 4836 316 11 31 457 284 570 33 282
144653 946 50 4408 338 14941 54632 29153 8270 4579 637 1234 25940 10200 5770 6831 2 10897 555 21570 4018 781 280 323 18100 18079 517 11836 763 32 78 1119 727 1384 83 667
144654 947 50 3935 309 13136 48384 25661 7256 4076 563 1099 22879 8964 5094 5911 3 9578 496 18968 3580 685 242 286 16124 15907 453 10434 673 28 67 989 641 1227 72 583
144655 950 50 3010 233 10176 37313 19984 5655 3151 447 839 17705 6962 3934 4593 2 7409 392 14736 2772 530 200 229 12443 12350 351 8098 503 21 52 756 492 947 56 440
144656 953 50 1338 104 4517 16525 8830 2491 1391 192 368 7863 3087 1746 2068 1 3300 170 6540 1212 236 83 97 5482 5462 157 3595 226 11 24 341 214 419 25 197
144658 950 50 1990 161 6666 24612 13054 3716 2068 285 553 11718 4599 2588 3065 1 4902 254 9707 1804 347 126 155 8196 8108 245 5336 337 16 33 503 322 635 36 291
144659 949 50 383 29 1264 4655 2438 701 389 52 104 2202 864 495 567 0 927 42 1815 341 67 23 28 1554 1525 44 988 64 2 6 93 64 119 7 58
144660 932 32 287 22 969 3511 1925 526 303 44 77 1677 663 372 430 0 702 37 1400 265 47 19 22 1171 1162 30 788 46 2 4 73 48 89 4 38
144662 915 33 6911 538 23286 85276 45650 12831 7203 1003 1915 40257 15877 8985 10521 5 16987 869 33746 6285 1210 446 511 28347 28207 795 18497 1176 50 119 1750 1138 2175 131 1036
144663 915 38 2446 191 8252 30102 16190 4559 2533 356 669 14286 5613 3171 3741 1 6010 315 11950 2219 423 154 185 10002 9970 275 6556 414 20 41 616 408 766 47 354
144664 922 46 1771 133 5912 21780 11532 3309 1824 259 487 10333 4028 2310 2650 1 4311 223 8511 1588 319 116 129 7219 7165 205 4675 311 11 30 443 283 562 35 275
144665 916 36 5626 429 18925 69502 36928 10541 5840 813 1567 32875 12904 7371 8516 5 13820 709 27283 5117 987 358 420 23128 22902 632 14960 969 42 98 1406 924 1781 106 841
144666 916 36 14070 1082 47407 173325 92823 26250 14576 2038 3872 82152 32323 18310 21394 11 34525 1770 68448 12796 2470 889 1052 57583 57316 1617 37600 2417 105 242 3541 2323 4409 267 2083
144667 923 36 1526 118 5159 18946 10149 2819 1595 226 422 8868 3525 1994 2271 1 3746 194 7474 1407 265 100 112 6298 6259 171 4094 258 12 25 383 257 486 28 220
144668 925 35 7249 554 24296 89303 47556 13481 7499 1053 2017 42390 16581 9433 11004 6 17767 905 35079 6585 1263 460 532 29693 29546 827 19215 1249 50 128 1818 1192 2283 137 1083
144669 940 38 5364 416 18020 65976 35299 9976 5527 773 1496 31339 12272 6958 8208 4 13164 671 26010 4858 953 335 405 21943 21835 621 14323 921 37 94 1359 874 1669 104 812
144670 935 35 26859 2107 90476 331984 177484 50001 28066 3951 7402 157275 61871 34992 40813 19 65974 3466 131072 24618 4740 1745 2010 110550 109603 3130 71903 4575 207 456 6779 4385 8515 502 3931
144672 933 36 3279 258 11134 40486 21721 6147 3397 474 905 19239 7589 4271 5150 2 8103 408 16076 2980 570 206 249 13463 13386 389 8841 566 25 56 829 539 1034 62 494
144673 922 31 1460 110 4846 17983 9532 2681 1494 210 411 8485 3306 1900 2140 0 3559 181 7057 1319 258 93 106 5995 5958 161 3844 250 10 24 365 234 462 27 223
144675 920 31 874 63 2917 10687 5632 1638 903 125 239 5081 1997 1136 1315 0 2133 102 4177 787 152 53 58 3537 3524 104 2287 148 6 15 217 139 271 16 130
144676 921 31 521 37 1760 6431 3472 960 536 78 144 3020 1193 678 788 0 1282 62 2572 475 88 34 36 2128 2141 55 1401 87 3 9 128 84 164 10 77
144677 921 31 1358 102 4588 16854 8950 2541 1415 200 378 7991 3126 1773 2101 0 3357 170 6621 1247 245 87 100 5600 5549 163 3636 232 9 24 339 219 428 26 208
144678 920 31 1216 98 4089 14996 8072 2261 1266 183 330 7106 2794 1570 1835 1 2996 160 5929 1105 213 82 93 5006 4948 140 3271 207 8 21 303 197 383 22 179
144679 919 31 1751 139 5912 21570 11621 3276 1816 261 479 10294 4055 2281 2711 1 4322 229 8609 1585 303 113 132 7168 7163 201 4720 294 14 30 437 298 549 33 251
144680 846 45 426 31 1452 5259 2834 798 442 60 117 2497 989 553 685 0 1068 50 2091 388 73 27 33 1728 1742 49 1163 75 2 7 105 67 134 8 65
144681 793 32 1564 123 5276 19296 10331 2907 1630 229 433 9073 3608 2018 2346 1 3825 204 7596 1427 273 100 112 6421 6366 173 4188 263 10 28 396 259 488 28 229
144682 810 37 2006 154 6852 24777 13376 3797 2086 292 557 11846 4653 2632 3142 1 4933 245 9837 1830 350 126 147 8242 8190 233 5404 345 16 35 511 322 619 39 304
144683 810 37 3717 287 12462 45724 24312 6905 3862 537 1029 21671 8519 4833 5638 3 9073 463 17930 3377 649 235 280 15195 15046 425 9875 637 26 65 928 600 1158 70 559
144685 812 34 13496 1026 45379 166373 88628 25187 13983 1953 3750 79077 30878 17563 20621 10 33080 1671 65433 12271 2369 845 984 55233 55000 1555 35852 2328 98 236 3405 2202 4232 256 2040
144687 804 31 1550 120 5231 19205 10291 2888 1640 234 428 9085 3609 2026 2376 1 3797 205 7666 1431 270 102 119 6441 6315 182 4206 256 15 25 393 255 489 28 218
144688 823 42 453 33 1500 5535 2911 847 465 61 123 2627 1037 594 678 0 1098 53 2151 412 80 27 33 1838 1802 55 1197 79 3 7 111 73 141 8 69
144689 832 43 106 7 373 1330 710 209 108 15 29 643 246 144 174 0 272 10 522 94 18 6 8 436 443 11 290 18 0 2 25 18 33 2 18
144691 833 43 7941 611 26699 97809 52200 14815 8198 1133 2205 46431 18199 10315 12162 5 19505 985 38500 7201 1379 489 589 32432 32356 917 21131 1380 55 139 2004 1304 2481 150 1196
144692 833 43 470 36 1621 5815 3159 894 493 70 131 2812 1103 614 731 0 1160 58 2299 423 83 31 34 1936 1921 58 1286 83 3 8 117 79 148 8 66
144693 833 43 2493 188 8333 30701 16388 4632 2566 365 690 14488 5666 3250 3762 2 6052 311 12070 2266 440 160 188 10152 10159 288 6601 427 18 43 632 413 781 48 370
144694 833 43 10814 827 36309 133390 71051 20120 11204 1570 3008 63178 24759 14078 16351 8 26425 1356 52372 9866 1915 693 799 44353 44028 1252 28739 1861 81 190 2714 1764 3405 202 1616
144695 865 41 8336 633 28041 102810 54824 15507 8683 1217 2315 48747 19149 10870 12717 5 20432 1052 40509 7578 1478 522 614 34112 33970 974 22207 1430 63 144 2116 1351 2606 157 1256
144696 883 41 2218 176 7507 27569 14774 4123 2317 328 625 13052 5122 2892 3372 2 5482 285 10897 2047 383 143 165 9169 9139 251 5947 374 16 38 552 377 707 41 318
144697 879 53 1220 95 4103 15077 8089 2287 1272 183 339 7142 2817 1598 1835 0 2995 163 5933 1125 219 82 94 5057 4983 138 3264 207 9 21 304 198 391 22 178
144698 882 27 938 73 3208 11685 6273 1769 990 143 259 5533 2165 1227 1435 0 2298 121 4615 870 164 62 73 3894 3889 109 2532 158 6 16 239 147 296 17 138
144699 883 27 5632 425 18886 69231 36902 10490 5819 807 1565 32841 12876 7313 8558 4 13767 694 27273 5087 992 343 413 22966 22863 639 14953 981 38 96 1406 926 1763 108 853
144700 873 16 2230 172 7496 27463 14697 4148 2310 327 614 12921 5114 2887 3333 2 5475 285 10840 2032 391 143 170 9098 9100 248 5951 377 15 39 563 372 704 42 328
144702 844 25 5841 460 19631 71964 38409 10910 6059 855 1602 34178 13402 7586 8888 4 14330 738 28367 5285 1023 379 436 23905 23841 678 15552 990 44 100 1468 956 1837 109 856
144703 847 24 2414 186 8133 29723 15982 4512 2488 359 670 14079 5546 3166 3678 2 5917 299 11756 2178 425 158 177 9860 9818 275 6474 414 18 42 606 395 754 46 361
144706 858 11 1803 140 6184 22416 12039 3448 1880 266 502 10750 4212 2393 2800 0 4489 224 8858 1641 310 120 136 7468 7444 204 4868 311 13 32 450 306 565 33 269
144741 843 23 1802 132 6037 22171 11707 3340 1842 252 498 10502 4116 2341 2726 1 4384 211 8630 1609 319 105 129 7348 7289 203 4758 317 11 31 451 285 562 35 281
144742 843 23 2499 185 8369 30709 16228 4675 2559 357 693 14518 5705 3262 3764 1 6077 313 11975 2258 440 156 181 10257 10072 281 6594 429 16 44 619 405 781 47 383
144748 840 13 978 74 3309 12106 6430 1834 1021 144 277 5771 2265 1290 1483 1 2392 122 4713 900 170 65 71 4061 3967 114 2622 165 6 16 242 155 310 19 151
144749 844 28 1181 89 3977 14576 7808 2197 1245 177 330 6887 2708 1550 1754 1 2885 152 5744 1086 213 79 90 4876 4814 134 3135 203 9 20 292 190 375 21 172
144750 863 26 1440 115 4926 17829 9666 2705 1510 214 396 8491 3348 1874 2238 1 3591 183 7107 1319 250 98 113 5938 5918 162 3915 249 9 24 362 235 456 27 214
144752 857 26 166 12 555 2068 1092 311 176 25 47 968 385 215 242 0 407 21 804 155 29 10 11 679 681 20 438 28 1 3 41 26 53 3 25
144754 841 11 8354 643 28107 103004 55194 15513 8679 1222 2313 48735 19162 10843 12595 6 20476 1078 40665 7609 1463 544 633 34368 33987 961 22434 1418 62 141 2105 1370 2653 156 1223
144756 859 22 1055 82 3576 13077 7045 1973 1099 158 291 6126 2444 1372 1614 0 2621 140 5200 969 186 71 84 4344 4328 120 2872 181 7 17 268 171 335 21 154
144757 873 21 1531 124 5192 18929 10127 2858 1596 224 426 9027 3521 1988 2376 1 3785 196 7487 1401 266 97 116 6276 6282 176 4108 262 11 26 381 253 474 28 226
144759 858 12 911 71 3047 11200 6008 1676 941 135 253 5280 2082 1172 1383 0 2244 117 4467 836 157 60 68 3704 3726 102 2428 154 6 15 226 152 287 17 129
144761 849 14 6540 502 21891 80522 42779 12119 6760 927 1813 38077 14938 8497 9988 5 16004 817 31682 5935 1140 407 480 26684 26546 751 17364 1119 47 111 1654 1081 2041 123 975
144762 866 15 1388 110 4643 17122 9069 2598 1441 199 380 8149 3185 1812 2121 0 3410 177 6727 1263 244 87 101 5698 5649 167 3676 235 10 23 349 226 432 26 206
144763 857 12 4141 314 13858 51053 27091 7657 4287 595 1145 24087 9476 5395 6246 3 10091 509 20089 3748 729 263 299 16928 16840 476 10956 712 31 70 1054 674 1301 79 623
144769 864 16 3522 263 11866 43404 23290 6552 3640 516 980 20490 8077 4591 5337 2 8639 438 17121 3186 612 226 259 14393 14385 388 9394 598 25 63 895 584 1096 67 529
144770 874 13 6093 462 20448 74942 39971 11352 6299 887 1683 35589 13955 7946 9280 4 14904 747 29510 5510 1079 386 450 24884 24723 703 16186 1053 45 105 1534 1000 1908 116 912
144771 873 13 3521 265 11863 43503 23318 6580 3652 520 983 20638 8106 4596 5387 1 8647 439 17176 3185 624 229 266 14481 14390 404 9416 605 25 63 883 578 1100 67 538
144775 871 16 1048 76 3505 12884 6754 1957 1060 140 297 6128 2381 1367 1628 0 2576 119 5020 932 183 58 76 4243 4240 120 2733 185 6 20 259 170 322 20 167
144776 873 16 2688 204 8955 33066 17431 4982 2802 386 753 15615 6154 3488 4085 2 6564 341 12945 2461 472 169 200 11009 10844 315 7122 461 19 46 671 436 849 48 397
144777 865 27 2150 163 7210 26450 14085 3979 2236 317 599 12486 4930 2803 3235 1 5269 272 10423 1941 378 135 153 8845 8701 239 5720 367 14 36 540 345 676 41 319
144779 862 23 6455 493 21568 79527 42318 11957 6690 940 1781 37603 14785 8375 9784 4 15726 816 31221 5857 1141 416 487 26428 26180 749 17135 1107 46 108 1615 1060 2037 122 956
144780 871 106 1055 79 3544 12969 6878 1964 1092 150 295 6135 2409 1367 1600 1 2565 129 5127 965 183 64 76 4305 4280 120 2782 180 8 18 265 171 326 19 154
144781 867 104 6847 535 23039 84395 44774 12772 7082 981 1904 40072 15678 8912 10399 4 16779 843 33107 6237 1196 431 497 28036 27828 792 18157 1187 46 123 1706 1129 2152 127 1032
144782 868 104 496 41 1682 6147 3232 954 513 69 137 2941 1136 657 736 0 1214 57 2376 448 88 29 36 2038 2022 59 1309 87 3 8 126 79 159 9 77
144783 870 103 1069 82 3595 13198 7031 1987 1121 155 297 6228 2450 1388 1589 0 2635 132 5185 978 188 65 79 4395 4368 117 2850 181 8 19 271 175 334 20 160
144784 916 111 3633 278 12254 44879 23920 6775 3787 530 1010 21406 8354 4735 5555 2 8909 458 17630 3331 640 232 269 14954 14818 426 9710 620 26 61 908 588 1140 68 541
144786 954 132 2083 163 7047 25812 13938 3835 2194 317 576 12148 4807 2700 3123 2 5108 277 10264 1936 359 138 157 8561 8584 241 5595 343 18 34 523 345 667 37 287
144787 972 127 841 65 2818 10403 5528 1564 884 120 234 4912 1941 1090 1253 0 2053 107 4065 777 149 53 60 3492 3429 99 2222 142 6 14 208 135 270 15 121
144788 959 124 678 50 2278 8310 4411 1264 686 94 189 3930 1544 878 1028 0 1665 74 3250 612 114 38 48 2738 2747 75 1788 116 4 12 170 110 210 13 103
144790 960 124 4719 365 16003 58521 31350 8851 4905 696 1312 27829 10918 6182 7268 3 11686 610 23265 4291 837 307 350 19478 19374 546 12725 795 34 80 1195 771 1485 91 701
144791 960 124 661 47 2237 8181 4306 1266 675 91 187 3919 1514 874 1041 0 1639 75 3190 587 116 36 47 2692 2714 76 1745 120 4 12 166 108 202 13 106
144792 961 124 865 63 2882 10611 5615 1609 890 122 233 4998 1947 1122 1307 0 2119 105 4176 777 148 54 63 3489 3520 93 2265 150 5 15 215 135 270 17 129
144793 991 143 4732 363 15812 57997 30930 8737 4924 688 1295 27552 10831 6135 7178 2 11549 587 22815 4292 829 303 348 19333 19092 534 12561 811 32 82 1182 766 1476 89 705
144795 987 143 1784 143 5984 21978 11723 3326 1866 266 489 10446 4087 2325 2674 1 4372 223 8626 1627 314 118 137 7341 7260 199 4730 303 12 30 440 289 573 33 263
144796 987 138 946 71 3201 11741 6299 1751 994 143 259 5545 2180 1239 1392 0 2309 117 4576 866 167 63 69 3917 3883 105 2530 162 5 16 240 153 302 16 141
144798 990 95 10789 830 36308 133106 70893 20087 11189 1564 2999 63112 24692 14042 16349 8 26421 1343 52328 9792 1895 686 798 44158 43980 1240 28660 1857 78 189 2706 1763 3372 204 1632
144800 991 94 1231 90 4082 15094 7955 2286 1263 175 336 7162 2769 1591 1841 1 3005 142 5862 1112 215 76 86 4970 5003 136 3210 217 7 22 308 203 377 23 193
144801 881 100 1655 127 5496 20335 10821 3050 1712 241 456 9584 3772 2130 2492 1 4059 209 8015 1493 286 104 125 6740 6725 190 4396 277 12 28 411 270 518 30 241
144802 899 102 2515 194 8491 31078 16683 4667 2610 366 700 14765 5781 3282 3876 2 6206 318 12327 2304 443 160 187 10328 10291 293 6775 436 18 43 634 408 786 46 376
144803 957 105 2412 190 8106 29748 15878 4482 2527 360 666 14142 5540 3146 3676 2 5926 318 11745 2200 426 164 175 9954 9798 278 6428 406 18 41 597 392 757 42 346
144804 954 92 9065 687 30497 111403 59409 16890 9344 1299 2513 52922 20709 11779 13753 7 22211 1102 43811 8195 1588 562 665 36972 36859 1032 24083 1565 64 161 2259 1494 2824 171 1367
144805 1005 117 3741 284 12578 45985 24533 7002 3874 540 1024 21791 8589 4873 5660 1 9149 455 18107 3394 657 234 272 15274 15176 430 9941 642 28 65 941 612 1169 70 559
144806 916 106 9085 705 30540 112069 60017 16849 9459 1328 2518 53037 20883 11798 13773 5 22286 1157 44216 8318 1593 583 679 37266 37015 1041 24324 1554 70 154 2305 1493 2854 171 1341
144807 913 104 946 74 3175 11735 6266 1738 1000 140 261 5542 2197 1232 1454 1 2308 121 4648 885 166 63 75 3922 3857 116 2558 161 7 15 239 156 300 17 131
144808 915 104 222 18 762 2791 1515 419 235 34 63 1313 518 294 340 0 554 32 1112 212 39 16 18 928 924 24 618 36 1 4 55 39 70 4 31
144810 933 92 980 73 3267 12013 6333 1827 1000 134 274 5711 2230 1263 1524 0 2400 116 4705 881 170 57 70 3948 3967 116 2575 170 7 17 244 160 297 18 147
144812 937 91 1168 92 3895 14307 7648 2181 1221 173 319 6811 2683 1514 1771 0 2838 155 5646 1064 207 76 89 4792 4715 136 3108 197 9 18 289 187 369 21 164
144813 930 90 3878 290 12946 47713 25167 7244 4018 552 1076 22630 8873 5044 5856 2 9427 473 18578 3525 693 241 279 15875 15646 459 10194 675 29 68 962 625 1226 73 587
144814 924 89 5711 439 19147 70479 37642 10581 5918 838 1585 33310 13101 7442 8716 4 13981 732 27886 5184 1011 370 436 23361 23322 660 15220 968 44 97 1449 940 1787 108 837
144815 940 89 730 52 2479 9115 4815 1383 754 104 203 4347 1689 962 1133 0 1815 92 3577 661 132 44 52 3013 3028 85 1939 124 5 13 184 119 231 13 113
144816 1006 132 1514 121 5074 18655 9967 2804 1582 223 418 8839 3475 1955 2323 1 3708 197 7387 1383 266 102 120 6224 6165 177 4026 258 11 25 375 242 483 28 216
144817 1005 131 2109 163 7087 25822 13724 3954 2179 305 575 12330 4828 2742 3258 1 5140 251 10154 1906 373 132 154 8601 8491 241 5599 367 15 38 521 338 661 41 323
144819 834 82 1654 122 5517 20423 10797 3073 1711 238 463 9619 3769 2162 2479 1 4057 209 7979 1505 288 100 121 6749 6741 193 4357 284 11 30 412 274 517 30 246
144821 862 85 2464 183 8254 30355 16055 4587 2555 347 696 14411 5613 3205 3746 2 6003 298 11870 2237 431 156 175 10068 9997 285 6495 427 17 43 612 406 774 48 375
144822 862 85 4221 320 14124 51997 27762 7796 4372 610 1161 24595 9664 5484 6423 2 10379 529 20552 3840 751 274 313 17271 17187 496 11261 724 32 70 1069 677 1323 78 631
144824 883 92 3047 231 10223 37664 20029 5646 3174 437 852 17823 6973 3950 4598 2 7447 376 14773 2795 539 189 226 12521 12448 356 8100 523 21 53 770 499 961 56 453
144825 891 83 317 26 1102 3960 2150 602 337 48 85 1887 751 418 495 0 798 39 1575 292 55 20 25 1320 1310 36 877 51 2 5 79 51 101 5 45
144826 891 83 1430 113 4844 17629 9420 2668 1486 206 397 8347 3272 1854 2160 0 3519 177 6910 1312 246 89 103 5873 5828 159 3814 246 9 25 361 231 447 27 221
144827 892 83 4320 334 14379 52954 28107 7978 4468 619 1184 25034 9823 5592 6467 3 10499 538 20750 3920 760 268 317 17625 17453 493 11400 731 33 75 1086 694 1358 78 642
144828 992 104 2712 212 9113 33419 17901 5043 2813 399 748 15856 6195 3522 4146 1 6661 342 13220 2478 470 177 203 11054 11062 319 7259 464 20 48 688 449 841 49 400
144829 899 76 1789 139 5957 21914 11578 3307 1866 258 491 10375 4070 2323 2679 1 4354 225 8552 1632 307 118 127 7295 7179 206 4695 305 13 31 447 294 554 31 262
144830 901 69 1371 103 4543 16726 8770 2548 1400 191 380 7965 3105 1772 2078 0 3320 164 6525 1224 240 83 98 5560 5492 158 3568 240 9 24 335 216 431 24 211
144831 895 69 7110 542 23856 87545 46641 13254 7356 1028 1972 41519 16299 9251 10820 4 17405 882 34376 6462 1250 453 521 29073 28912 819 18863 1230 52 122 1796 1164 2214 136 1069
144833 891 68 3452 262 11651 42639 22699 6489 3566 491 964 20210 7915 4520 5247 2 8486 413 16713 3117 594 214 254 14139 14075 391 9219 597 23 62 867 570 1085 67 529
144834 899 71 4858 373 16359 59931 32011 9074 5062 708 1333 28408 11141 6342 7351 2 11914 596 23574 4425 862 312 368 19947 19760 556 13006 837 34 85 1227 781 1546 93 728
144836 900 72 6490 488 21798 79969 42672 12126 6662 926 1806 37981 14840 8449 9907 4 15905 810 31459 5856 1136 406 482 26568 26470 732 17312 1120 44 114 1637 1077 2019 126 980
144837 900 72 461 35 1579 5711 3081 855 483 66 129 2700 1069 599 721 0 1138 53 2278 419 81 28 34 1881 1896 52 1246 77 3 8 119 74 142 8 69
144838 898 67 5036 393 16929 61919 33129 9409 5217 726 1403 29518 11560 6545 7734 3 12373 634 24489 4561 881 319 371 20563 20504 582 13465 871 35 88 1262 822 1569 96 753
144839 901 66 2047 150 6868 25237 13328 3817 2103 291 583 11971 4668 2666 3125 2 5011 241 9858 1853 357 126 146 8349 8314 239 5372 359 14 37 505 339 641 38 317
144840 895 66 2273 174 7630 27926 14841 4237 2359 329 625 13191 5217 2961 3469 2 5547 276 11005 2059 405 144 166 9288 9208 259 6038 384 16 39 573 368 715 43 340
144841 894 66 11200 866 37532 138093 73415 20813 11619 1617 3114 65472 25678 14562 16943 8 27417 1398 54147 10203 1957 715 821 45973 45478 1301 29781 1919 80 193 2810 1822 3520 210 1667
144843 896 66 1191 86 3932 14569 7696 2182 1234 169 327 6866 2693 1527 1773 0 2876 149 5692 1082 211 74 86 4833 4789 139 3103 201 9 19 300 190 368 21 179
144844 864 67 1154 86 3905 14225 7568 2169 1192 163 324 6777 2649 1511 1779 0 2864 137 5604 1031 201 68 84 4699 4725 134 3085 206 7 21 283 188 368 22 177
144845 864 64 861 64 2863 10545 5577 1581 894 120 236 4971 1960 1116 1309 0 2094 105 4160 780 151 54 62 3501 3455 102 2277 147 6 14 222 135 267 16 132
144847 859 65 1863 143 6167 22811 12060 3420 1928 266 515 10812 4219 2395 2786 1 4518 232 8950 1677 325 116 132 7617 7523 218 4858 316 14 31 464 299 585 34 275
144848 865 63 3480 269 11695 43049 22911 6446 3614 495 974 20313 7968 4520 5263 2 8549 441 16910 3182 609 222 260 14336 14195 389 9284 601 24 60 866 573 1104 65 521
144849 881 70 669 51 2227 8184 4300 1251 694 93 185 3857 1511 871 995 0 1622 77 3174 603 114 39 47 2721 2690 77 1743 114 4 12 165 109 206 12 100
144850 879 69 1163 90 3912 14327 7598 2160 1205 164 326 6807 2645 1516 1755 0 2848 140 5619 1053 200 72 87 4751 4741 133 3091 202 8 21 294 186 367 21 178
144851 875 87 3755 281 12563 46203 24597 6935 3875 536 1039 21813 8555 4859 5681 3 9154 463 18195 3402 661 238 277 15317 15283 431 9936 644 28 64 945 611 1175 70 557
144852 879 84 5087 390 17178 62878 33581 9497 5254 736 1409 29921 11673 6636 7796 4 12490 630 24793 4621 905 327 382 20900 20827 592 13558 873 36 90 1288 828 1587 97 769
144853 880 70 11023 857 37059 136212 72962 20404 11502 1618 3036 64346 25343 14288 16805 8 27094 1409 53874 10116 1934 720 837 45331 45089 1268 29559 1864 79 190 2766 1812 3471 207 1626
144854 883 70 2511 201 8423 30920 16614 4653 2621 374 685 14611 5790 3248 3812 1 6136 332 12231 2288 440 165 199 10332 10206 286 6729 428 20 42 629 410 796 45 363
144855 882 70 551 43 1902 6795 3725 1055 567 80 146 3242 1280 720 880 0 1374 65 2734 494 98 34 44 2237 2272 61 1527 97 3 9 146 90 169 11 85
144856 881 67 2009 155 6774 24796 13355 3731 2088 298 551 11730 4644 2603 3052 1 4951 262 9789 1832 347 139 156 8235 8199 235 5412 346 14 33 508 334 634 37 289
144857 894 63 3023 233 10198 37271 19921 5671 3129 437 843 17752 6945 3931 4677 2 7454 374 14730 2733 531 187 226 12318 12333 351 8086 529 22 53 756 499 933 58 455
144858 888 63 8316 627 27919 102018 54659 15391 8623 1199 2270 48251 19000 10764 12615 5 20315 1026 40289 7569 1462 528 622 33933 33734 947 22212 1433 60 139 2078 1349 2601 159 1245
144859 911 91 1838 142 6244 22746 12211 3449 1921 271 500 10760 4252 2414 2790 1 4511 235 8976 1690 329 120 140 7603 7502 209 4974 313 13 31 463 293 583 34 272
144860 945 88 363 25 1206 4423 2384 662 374 54 101 2083 823 467 525 0 869 43 1732 325 61 25 25 1479 1463 37 945 60 3 6 90 57 108 7 54
144861 942 87 4553 357 15318 56149 30005 8482 4714 656 1264 26653 10462 5907 7014 3 11187 569 22158 4132 801 289 351 18632 18528 525 12173 781 34 79 1143 743 1428 85 677
144862 931 86 6729 509 22429 82822 43829 12495 7009 985 1857 39107 15393 8747 10142 5 16429 848 32442 6140 1189 432 491 27563 27208 772 17800 1149 49 116 1685 1104 2123 125 998
144864 902 59 3702 277 12504 45972 24465 6933 3839 539 1046 21787 8491 4864 5694 3 9113 457 18059 3388 653 231 276 15226 15221 429 9838 646 27 65 939 615 1155 71 566
144865 909 64 4384 337 14686 53990 28788 8094 4538 637 1218 25580 9980 5678 6663 3 10739 545 21269 4004 761 283 329 17901 17848 513 11682 751 31 76 1106 717 1369 79 655
144867 852 61 1789 142 6102 22199 11911 3407 1873 263 502 10602 4172 2350 2802 1 4445 225 8825 1650 321 114 133 7369 7369 217 4835 310 13 31 446 293 555 34 269
144869 881 67 2184 170 7311 27011 14364 4031 2291 319 604 12749 4983 2813 3312 1 5385 281 10638 2003 378 142 162 8940 8970 250 5808 373 15 38 550 359 687 41 323
144870 880 73 645 51 2186 8019 4302 1209 672 95 178 3787 1480 842 968 0 1602 86 3176 596 114 42 49 2661 2660 74 1730 110 4 10 161 108 204 12 95
144871 880 71 1611 126 5495 19838 10738 3039 1656 232 442 9410 3720 2107 2481 1 3954 199 7888 1440 285 103 125 6565 6628 182 4338 275 12 28 404 266 497 31 235
144873 969 59 1536 120 5166 18969 10067 2872 1597 218 427 9003 3519 2001 2335 1 3778 189 7444 1403 273 97 113 6282 6279 176 4091 264 10 27 386 252 478 28 233
144874 969 59 6123 473 20633 75889 40597 11393 6355 895 1718 35909 14086 7982 9241 4 15097 783 29892 5599 1075 394 456 25241 25152 698 16369 1047 42 107 1542 1021 1929 113 902
144875 966 59 1223 92 4098 15023 7967 2294 1268 176 336 7084 2784 1592 1845 0 2984 147 5854 1112 215 78 91 4990 4957 140 3219 215 8 20 302 193 384 23 188
144876 923 59 3327 249 11159 41002 21825 6165 3445 484 921 19330 7600 4331 4978 2 8129 420 16154 3010 586 219 247 13629 13533 379 8813 576 24 57 836 554 1047 63 500
144877 920 59 8550 655 28646 105175 56153 15877 8883 1248 2355 49804 19642 11104 12957 4 20925 1072 41451 7728 1497 548 639 35057 34690 987 22776 1450 65 146 2142 1385 2712 159 1259
144878 929 64 793 62 2648 9692 5151 1452 822 110 217 4600 1801 1022 1187 0 1931 96 3783 719 137 48 55 3212 3182 87 2086 139 4 13 199 128 245 14 120
144879 930 59 1156 97 3889 14293 7677 2136 1217 173 318 6790 2678 1500 1772 1 2873 155 5674 1068 201 77 93 4776 4730 134 3138 192 8 19 287 190 372 20 165
144880 845 62 715 57 2427 8864 4747 1349 740 102 197 4225 1661 941 1100 0 1771 90 3509 659 129 46 55 2963 2926 81 1938 124 5 12 177 117 226 14 108
144881 914 79 2888 214 9715 35485 18959 5367 2957 413 806 16885 6596 3727 4443 1 7082 356 13985 2593 501 181 215 11773 11759 326 7674 505 19 49 725 480 894 55 439
144882 889 63 2988 234 10026 36855 19476 5591 3091 426 830 17488 6815 3896 4462 2 7290 359 14319 2719 530 184 220 12251 12171 344 7887 516 19 54 744 479 938 55 460
144883 891 63 1420 110 4739 17428 9234 2608 1464 202 398 8272 3242 1826 2133 1 3437 175 6830 1289 242 86 101 5804 5772 162 3732 239 10 24 353 235 451 25 205
144885 907 81 1098 82 3660 13427 7124 2041 1124 153 307 6374 2489 1420 1682 0 2678 131 5270 982 191 68 80 4453 4423 123 2886 193 6 18 270 178 341 21 166
144886 901 77 4717 361 15858 58096 30742 8831 4883 678 1300 27620 10806 6162 7113 3 11560 582 22778 4255 828 294 342 19339 19143 545 12486 812 34 84 1187 761 1492 88 712
144887 901 77 4177 314 13842 51065 27074 7661 4305 596 1146 24106 9458 5362 6295 3 10133 517 20057 3751 724 263 300 16969 16811 483 10979 711 30 69 1045 669 1301 79 626
144888 900 78 10729 827 35930 131836 70233 19899 11118 1563 2949 62643 24564 13915 16294 6 26232 1340 51792 9753 1888 689 796 43927 43436 1235 28475 1842 78 186 2676 1739 3362 199 1599
144889 892 61 1819 136 6060 22432 11893 3351 1880 263 506 10603 4174 2361 2701 1 4426 229 8752 1645 324 114 130 7473 7368 212 4799 317 13 31 463 297 581 34 276
144890 906 79 7381 567 24777 91029 48504 13721 7664 1057 2049 43028 16900 9613 11167 6 18042 924 35823 6760 1295 462 554 30241 30054 857 19697 1271 51 130 1868 1213 2336 139 1106
144892 878 63 6003 468 20208 74123 39546 11190 6248 874 1666 35126 13803 7810 9158 4 14728 765 29157 5464 1068 387 450 24660 24459 710 16021 1031 44 103 1518 979 1883 112 897
144893 879 63 2265 167 7558 27793 14784 4163 2335 318 629 13127 5126 2917 3468 1 5548 273 10967 2041 395 137 169 9173 9234 264 5995 394 15 39 563 370 700 44 344
144895 863 63 147 11 485 1766 908 274 146 17 41 843 326 189 217 0 357 14 675 125 25 7 10 578 584 16 371 27 1 2 35 23 46 2 24
144896 874 67 241 18 813 2993 1583 449 249 34 70 1415 545 311 364 0 598 31 1176 217 41 13 19 978 994 27 646 42 1 4 61 40 75 4 37
144897 874 67 1276 101 4296 15716 8423 2396 1323 183 351 7497 2933 1658 1977 0 3146 163 6232 1162 223 79 96 5244 5207 149 3431 219 9 22 321 206 394 23 189
144898 867 61 1298 91 4333 15940 8448 2392 1338 183 362 7526 2954 1690 1945 1 3159 155 6234 1170 228 77 91 5271 5259 145 3414 231 8 22 323 217 407 25 199
144899 869 60 5255 408 17620 64843 34579 9747 5483 774 1456 30669 12084 6836 7922 3 12821 675 25473 4807 926 339 393 21628 21395 602 14016 893 41 92 1318 849 1660 97 772
144900 929 84 3716 283 12486 45922 24540 6880 3873 543 1033 21693 8519 4839 5614 2 9148 469 18132 3398 655 243 281 15288 15175 424 9950 632 27 62 927 616 1169 69 552
144901 927 64 5763 438 19314 70992 37705 10667 5978 819 1597 33609 13196 7491 8661 3 14087 706 27830 5226 1011 353 425 23581 23398 669 15310 991 40 100 1451 937 1810 106 871
144902 932 82 960 76 3204 11822 6331 1777 999 144 263 5586 2204 1241 1407 0 2351 125 4664 880 169 63 72 3939 3908 109 2560 160 7 17 241 154 307 17 137
144903 935 82 7258 558 24316 89307 47438 13485 7512 1034 2025 42366 16602 9440 11107 5 17755 883 35078 6567 1275 461 547 29645 29438 842 19244 1258 52 127 1821 1190 2278 139 1088
144904 932 82 8750 678 29381 108055 57684 16256 9131 1302 2412 51150 20151 11399 13315 7 21468 1124 42631 8010 1540 580 666 35931 35691 1028 23373 1487 69 149 2205 1425 2763 163 1278
144905 948 82 4359 332 14652 53731 28615 8108 4527 634 1196 25353 10006 5665 6569 3 10663 550 21111 3975 757 283 324 17839 17702 502 11607 752 33 73 1100 720 1373 82 641
144906 898 60 136 10 454 1674 902 249 141 20 38 791 311 174 200 0 330 16 664 124 22 9 8 551 556 15 360 24 1 2 34 21 43 2 19
144908 921 65 1623 126 5422 19970 10715 2983 1678 236 449 9456 3706 2094 2463 1 3964 201 7913 1480 280 102 119 6636 6667 185 4307 271 12 27 403 275 510 30 235
144909 945 73 1581 122 5339 19469 10394 2946 1628 228 442 9257 3629 2061 2402 1 3870 190 7683 1423 277 96 118 6466 6436 180 4193 270 11 28 402 267 498 30 238
144911 934 69 7450 571 25014 91652 48682 13855 7725 1074 2054 43567 17104 9694 11426 5 18185 925 36070 6747 1303 466 552 30517 30161 867 19807 1272 55 127 1870 1205 2346 140 1105
144912 902 72 313 22 1031 3818 1975 571 321 43 84 1802 703 408 476 0 744 36 1483 282 53 18 21 1260 1236 35 802 54 2 5 78 50 95 6 50
144913 900 85 2124 152 7076 26081 13835 3953 2180 304 591 12337 4814 2767 3189 0 5177 255 10201 1904 378 131 154 8631 8600 246 5610 369 15 37 538 342 658 41 329
144914 919 79 583 44 1932 7156 3737 1064 587 78 164 3411 1296 742 901 0 1428 66 2796 519 99 34 41 2349 2385 66 1503 100 3 10 140 97 180 10 90
144916 900 69 4576 356 15382 56572 30096 8512 4776 661 1286 26817 10514 5958 6948 4 11219 587 22231 4200 803 297 335 18863 18627 533 12218 780 33 78 1143 754 1446 87 675
144917 899 68 3770 285 12653 46391 24765 7000 3928 556 1030 21900 8634 4905 5611 3 9199 475 18224 3415 670 240 281 15449 15317 433 10014 643 28 66 949 607 1179 70 559
144918 887 59 1419 107 4742 17364 9231 2658 1467 203 388 8245 3244 1846 2173 0 3469 168 6805 1280 247 89 104 5742 5725 164 3738 251 10 25 359 229 435 27 218
144920 887 65 949 71 3139 11539 6095 1755 974 132 259 5499 2134 1219 1405 0 2257 114 4480 865 166 56 69 3857 3805 111 2481 160 5 16 231 151 299 17 142
144921 880 59 5321 404 17830 65708 34884 9813 5514 767 1483 31049 12109 6921 8119 4 13044 646 25880 4839 935 333 392 21743 21745 605 14110 908 38 92 1333 874 1653 100 804
144922 867 60 841 62 2821 10337 5555 1564 868 121 228 4873 1921 1087 1265 0 2047 104 4083 753 147 55 62 3431 3442 95 2235 143 5 13 210 135 262 17 126
144923 872 60 1997 146 6686 24672 13010 3671 2067 287 553 11623 4541 2606 3030 1 4897 240 9676 1790 355 124 144 8155 8137 227 5263 344 14 35 509 321 625 37 305
144924 871 60 3888 293 13034 48009 25496 7228 4018 554 1082 22788 8899 5053 5935 2 9527 477 18880 3532 681 241 291 15965 15848 444 10347 668 26 70 971 640 1240 73 583
144926 883 64 2322 181 7831 28767 15239 4367 2407 334 648 13668 5342 3055 3508 1 5724 283 11268 2122 414 148 173 9552 9497 270 6154 400 16 40 584 385 725 44 355
144928 936 114 3539 266 11791 43462 23015 6576 3653 502 979 20518 8039 4589 5311 3 8626 436 17004 3188 621 216 256 14394 14347 412 9301 617 26 62 889 577 1104 67 537
144929 932 114 3184 237 10640 39100 20832 5883 3274 456 877 18395 7251 4126 4717 2 7752 394 15319 2867 559 202 238 12960 12916 359 8412 552 21 56 796 524 1012 60 481
144930 927 109 2022 157 6828 24887 13247 3800 2091 283 569 11861 4665 2649 3101 1 4956 248 9734 1829 355 128 149 8260 8165 234 5412 352 14 34 506 321 628 39 308
144931 933 109 1556 121 5195 19122 10138 2860 1609 221 437 9079 3552 2002 2340 1 3776 190 7504 1416 265 94 111 6365 6336 180 4101 262 11 26 385 256 494 27 226
144932 916 106 1578 121 5317 19591 10402 2921 1650 231 439 9266 3627 2071 2420 1 3884 197 7724 1452 277 103 117 6509 6479 183 4217 271 12 27 401 258 502 29 236
144934 922 106 285 23 975 3545 1901 540 298 42 74 1690 666 374 450 0 711 37 1426 257 49 18 22 1171 1172 33 780 47 2 4 70 46 88 5 40
144935 918 106 3216 235 10738 39512 20996 5970 3314 464 898 18688 7344 4160 4926 1 7860 401 15505 2892 557 205 241 13131 13022 365 8503 558 22 58 800 532 1004 63 484
144938 882 70 1790 138 5973 21987 11665 3299 1845 253 497 10385 4100 2312 2693 1 4367 221 8625 1613 309 113 132 7303 7243 203 4745 307 13 31 450 292 565 32 267
144939 881 69 869 65 2912 10670 5679 1601 892 123 240 5081 1971 1127 1314 0 2116 102 4183 774 152 52 60 3540 3520 93 2281 156 4 15 219 139 272 17 135
144940 880 66 7805 587 26115 96069 50999 14527 8070 1135 2166 45419 17795 10174 11674 5 19068 956 37559 7081 1365 494 576 31926 31663 885 20642 1352 56 138 1963 1276 2455 145 1180
144943 876 64 1507 118 5057 18632 9942 2794 1574 220 413 8804 3458 1948 2280 1 3723 194 7373 1378 259 95 109 6172 6192 175 4007 256 10 25 384 248 467 28 220
144944 876 64 335 27 1141 4168 2211 640 348 49 93 1985 777 443 510 0 825 43 1642 301 61 21 25 1382 1379 39 900 60 2 6 83 54 109 6 52
144945 932 77 405 30 1349 4950 2636 752 418 58 113 2363 927 527 631 0 992 50 1957 368 69 25 29 1638 1619 50 1070 69 3 7 97 68 124 7 60
144946 955 77 809 59 2689 9839 5182 1504 835 117 222 4677 1841 1040 1211 0 1942 98 3843 724 136 48 57 3281 3234 93 2095 137 6 14 198 133 248 14 121
144947 936 78 5402 418 18204 66525 35837 10063 5630 799 1490 31483 12430 6983 8244 4 13237 698 26403 4933 939 354 417 22087 22100 630 14480 918 43 92 1359 888 1700 100 782
144948 931 68 11550 880 38848 142552 75959 21495 12002 1683 3203 67618 26529 15018 17569 7 28311 1450 56007 10530 2028 736 854 47422 47018 1333 30740 1988 85 201 2898 1886 3634 219 1742
144951 934 68 1155 89 3842 14173 7550 2126 1198 168 322 6684 2620 1485 1742 0 2822 140 5585 1048 198 74 85 4691 4707 130 3065 197 8 20 287 190 359 21 172
144955 936 72 9072 707 30635 112023 59933 16947 9399 1318 2496 52961 20885 11848 13779 6 22290 1152 44188 8268 1593 579 674 37242 37056 1037 24274 1556 65 159 2284 1486 2852 175 1354
144956 937 72 2542 191 8498 31251 16756 4734 2645 380 694 14729 5850 3321 3855 1 6230 323 12290 2317 448 171 189 10386 10280 300 6807 434 18 42 646 416 792 48 372
144958 952 71 2683 208 8974 33069 17530 4974 2777 384 742 15637 6144 3483 4135 2 6580 328 13044 2443 471 168 201 10960 10895 303 7113 463 19 45 672 442 837 52 406
144959 888 60 1171 84 3875 14305 7552 2147 1210 163 321 6715 2657 1510 1743 0 2828 139 5603 1050 201 71 83 4742 4670 132 3050 202 9 20 297 193 363 22 174
144960 884 58 2516 197 8505 31002 16669 4661 2629 371 695 14716 5822 3255 3885 1 6219 325 12322 2298 438 167 193 10354 10237 281 6788 425 18 43 635 412 794 48 370
144961 886 57 3021 235 10174 37259 19943 5637 3134 436 833 17717 6954 3918 4674 2 7424 374 14791 2756 526 190 228 12367 12339 348 8090 509 23 51 762 499 937 58 448
144962 890 67 267 18 906 3352 1761 516 272 39 79 1604 614 353 414 0 669 34 1303 240 46 17 20 1112 1111 29 706 47 1 5 66 44 87 5 44
144963 911 59 2602 196 8712 32133 16852 4874 2687 366 731 15226 5925 3398 3908 2 6360 308 12458 2371 456 159 184 10666 10541 301 6808 457 17 47 645 433 819 49 405
144964 866 62 497 38 1661 6032 3240 918 511 71 134 2890 1141 643 746 0 1200 61 2374 441 86 30 34 2004 1988 57 1322 85 3 8 121 78 152 9 72
144965 912 62 390 27 1306 4836 2494 724 393 52 112 2303 886 505 614 0 964 42 1879 348 66 20 27 1584 1607 45 1011 68 2 7 96 66 124 7 64
144966 909 59 458 36 1558 5655 3030 875 482 65 127 2696 1060 599 725 0 1127 59 2245 419 84 27 35 1886 1875 55 1229 76 3 8 113 73 144 8 68
144967 920 68 7085 540 23880 87465 46601 13242 7389 1033 1956 41578 16314 9217 10801 3 17423 872 34386 6476 1246 447 509 29100 28871 820 18797 1224 53 122 1778 1154 2219 133 1067
144968 957 67 353 30 1223 4393 2373 679 362 48 99 2134 828 472 567 0 888 42 1747 321 63 21 27 1467 1462 41 971 63 1 6 88 55 112 7 55
144969 955 58 1293 100 4306 15927 8430 2363 1334 182 374 7559 2946 1663 1950 1 3175 161 6246 1169 221 81 98 5298 5268 147 3411 219 8 22 321 216 409 23 190
144970 866 60 3402 266 11431 41760 22333 6327 3534 497 929 19808 7814 4408 5162 2 8311 434 16517 3078 588 216 250 13974 13790 385 9078 578 26 56 862 552 1070 63 499
144971 950 75 1914 146 6362 23540 12415 3540 1979 268 533 11142 4347 2481 2874 1 4659 236 9173 1727 337 115 136 7852 7763 219 5009 331 13 33 478 307 593 35 287
144972 950 75 5213 401 17473 64359 34112 9728 5419 752 1454 30431 11933 6799 7928 4 12774 650 25256 4742 921 331 379 21362 21196 608 13814 899 38 93 1319 846 1644 99 794
144973 950 75 7653 592 25730 94429 50422 14244 7957 1119 2117 44749 17576 9965 11709 6 18774 963 37231 6980 1346 487 581 31342 31222 880 20409 1310 57 134 1918 1258 2403 145 1144
144974 936 65 7626 592 25647 94195 50190 14196 7924 1113 2117 44669 17515 9917 11580 5 18690 973 37046 6983 1337 493 572 31410 31099 881 20336 1292 53 131 1901 1249 2400 143 1128
144975 910 57 515 39 1765 6445 3465 974 537 79 150 3044 1194 679 762 0 1281 64 2518 477 88 35 38 2154 2145 55 1387 88 3 9 126 85 163 9 78
144977 910 57 2167 170 7300 26840 14351 4022 2254 317 602 12712 4992 2817 3306 1 5337 275 10594 1997 380 141 157 8928 8851 245 5800 374 16 37 547 358 678 41 322
144978 906 57 2464 171 8188 30198 15818 4592 2531 344 692 14359 5564 3201 3743 2 5961 281 11708 2206 435 145 173 9995 9907 286 6425 437 16 44 601 397 767 46 387
144980 923 67 1134 90 3817 14037 7451 2108 1203 169 316 6623 2606 1471 1743 1 2783 148 5541 1050 202 73 82 4681 4629 142 3020 194 10 19 289 177 355 19 165
144981 922 86 1277 96 4259 15648 8296 2381 1318 183 351 7445 2905 1667 1936 0 3104 152 6140 1150 221 80 93 5164 5176 149 3363 221 9 23 320 211 400 24 193
144982 925 86 1520 122 5105 18666 10004 2829 1555 212 425 8906 3459 1965 2352 0 3731 185 7391 1364 269 92 115 6225 6189 173 4056 265 10 26 375 250 474 30 232
144984 925 88 6627 513 22289 81573 43537 12362 6900 957 1825 38634 15250 8625 10139 5 16221 835 32240 6062 1163 422 494 27099 26898 774 17652 1124 51 116 1664 1087 2081 126 969
144985 948 90 512 41 1707 6314 3354 954 531 73 140 2974 1169 661 768 0 1262 67 2476 476 90 32 39 2084 2086 58 1366 86 3 9 126 80 159 9 77
144986 857 64 3798 292 12736 46674 24799 7096 3912 542 1054 22159 8661 4951 5737 2 9282 465 18253 3432 671 236 277 15532 15384 430 10014 661 23 66 959 611 1194 74 588
144988 858 64 1236 94 4156 15198 8016 2304 1281 179 342 7210 2825 1614 1851 0 3014 153 5900 1139 215 74 84 5058 4996 136 3259 217 8 22 314 192 382 24 194
144989 885 60 2084 162 6993 25551 13686 3875 2162 301 568 12154 4784 2697 3216 1 5092 259 10107 1889 361 128 161 8498 8453 249 5571 355 16 35 525 332 656 38 307
144990 865 59 1392 100 4670 17067 9113 2579 1435 200 386 8087 3178 1792 2101 0 3400 172 6689 1261 241 90 105 5705 5625 159 3699 243 9 23 351 229 440 26 210
144991 703 130 1408 103 4738 17226 9161 2640 1439 192 384 8268 3220 1832 2181 0 3443 164 6756 1258 245 79 101 5693 5690 157 3727 248 8 25 350 229 430 27 220
144992 703 130 7107 542 23743 87431 46389 13105 7366 1021 1968 41351 16185 9199 10706 6 17307 867 34261 6483 1250 446 519 29069 28818 828 18765 1225 52 122 1788 1166 2226 131 1062
144993 759 146 9640 730 32399 118692 63289 18039 9995 1388 2659 56326 22092 12524 14531 6 23622 1201 46533 8762 1708 600 711 39360 39259 1117 25645 1661 66 168 2412 1570 3025 181 1448
144994 755 146 5260 402 17654 64791 34632 9783 5450 768 1435 30624 12060 6848 7899 4 12861 672 25479 4781 921 345 396 21567 21381 599 14029 898 40 90 1328 869 1662 99 771
144995 760 146 909 64 3030 11134 5906 1693 932 127 254 5232 2042 1177 1353 0 2209 103 4363 818 159 53 65 3663 3694 102 2376 160 5 17 228 146 282 17 143
144996 768 146 329 25 1113 4079 2143 632 343 47 90 1961 758 439 513 0 816 39 1585 298 57 21 23 1353 1332 39 880 59 2 6 83 52 105 5 51
144997 760 146 1349 98 4433 16414 8525 2488 1362 175 381 7777 3007 1730 2029 1 3263 149 6336 1189 230 75 90 5419 5369 157 3471 239 8 24 335 219 413 25 213
144998 768 145 1146 95 3860 14135 7645 2128 1181 167 310 6694 2641 1491 1765 0 2847 147 5648 1053 200 75 88 4683 4707 131 3127 189 9 20 296 187 352 21 166
144999 734 129 1621 126 5406 19945 10611 2992 1678 231 451 9401 3686 2101 2454 1 3990 196 7872 1472 287 101 121 6630 6605 189 4304 276 11 27 405 263 506 31 243
145000 742 128 5358 421 18106 66366 35847 9988 5577 793 1473 31444 12373 6963 8216 3 13216 699 26339 4894 942 354 418 22025 22082 611 14470 919 39 89 1352 890 1679 102 774
145001 737 128 3958 304 13317 48851 26102 7349 4118 572 1090 23159 9124 5134 5988 3 9712 508 19246 3636 686 252 289 16246 16153 468 10561 666 27 67 995 643 1241 72 575
145002 735 128 2251 178 7553 27697 14721 4168 2343 325 623 13128 5150 2903 3426 2 5500 284 10854 2054 392 141 166 9233 9082 263 5992 391 16 38 566 369 715 41 331
145004 772 131 3417 258 11348 41842 22262 6265 3524 490 946 19747 7728 4380 5130 2 8346 422 16469 3092 600 211 249 13866 13860 389 8995 584 23 58 859 557 1058 65 518
145006 798 132 4239 326 14299 52436 27758 7982 4359 599 1197 24941 9709 5558 6497 3 10457 515 20584 3835 736 259 316 17389 17323 485 11235 737 29 76 1061 699 1330 83 657
145008 747 129 6203 483 20766 76433 40553 11499 6439 896 1722 36095 14183 8057 9376 5 15168 789 30059 5658 1087 397 454 25354 25181 718 16416 1065 46 108 1559 1025 1945 113 912
145009 753 128 306 22 1014 3738 1972 569 305 40 87 1797 685 397 474 0 752 36 1461 264 52 17 22 1231 1235 37 809 54 1 5 76 50 98 6 47
145010 749 128 972 75 3297 12033 6507 1792 1022 145 261 5659 2258 1253 1483 1 2381 127 4783 896 170 65 78 3991 4002 115 2641 161 8 16 248 162 307 17 137
145011 770 135 2020 154 6749 24923 13209 3746 2084 291 570 11783 4604 2638 3022 0 4928 254 9776 1834 361 128 151 8295 8215 235 5348 347 14 34 502 320 644 38 307
145012 790 147 2185 163 7351 26963 14300 4092 2249 310 607 12715 4986 2847 3297 2 5326 261 10567 1976 388 136 166 8946 8921 254 5788 377 15 39 544 360 685 42 337
145013 803 137 2682 211 8996 32927 17623 4983 2789 383 736 15688 6151 3480 4082 1 6554 335 12988 2432 477 169 202 10977 10877 313 7180 459 19 45 681 434 833 49 398
145014 730 123 1657 124 5561 20475 10870 3093 1712 237 465 9791 3806 2158 2582 0 4079 197 8058 1502 287 102 121 6811 6751 188 4395 282 11 28 409 277 517 30 250
145015 791 154 4313 329 14439 53088 28170 8017 4441 612 1200 25120 9873 5606 6626 2 10568 528 20869 3892 753 269 318 17635 17486 496 11451 744 31 75 1087 705 1348 82 648
145016 827 141 3779 289 12714 46678 24867 7026 3925 553 1047 22139 8655 4936 5737 2 9285 468 18355 3424 670 241 285 15529 15431 433 10046 651 27 66 953 621 1193 71 566
145017 778 128 4127 312 13742 50579 26700 7647 4220 575 1140 23966 9331 5338 6216 3 10039 494 19793 3718 722 246 302 16743 16678 475 10850 715 28 71 1030 677 1287 77 629
145018 777 126 5547 428 18579 68425 36444 10298 5747 813 1539 32291 12708 7205 8409 3 13617 698 26893 5047 980 361 416 22689 22594 642 14727 954 39 93 1389 905 1752 107 824
145020 791 139 3150 241 10511 38775 20698 5805 3270 467 858 18338 7194 4082 4772 2 7717 416 15317 2868 561 216 238 12944 12798 370 8380 531 26 52 787 504 994 56 457
145021 793 135 1105 84 3673 13704 7234 2046 1155 161 313 6425 2538 1438 1696 1 2720 142 5413 1020 195 72 82 4546 4521 130 2939 185 9 19 270 180 347 20 157
145022 784 123 633 47 2114 7823 4124 1171 648 91 178 3707 1459 826 943 0 1541 78 3028 572 111 39 48 2599 2570 77 1676 109 4 10 162 102 202 10 97
145023 788 125 3138 250 10656 39044 20948 5890 3272 466 879 18623 7271 4095 4900 2 7812 391 15409 2862 557 205 235 12986 12971 366 8488 546 22 56 794 515 995 58 469
145024 781 126 2721 210 9086 33388 17686 5066 2805 385 753 15817 6219 3546 4081 1 6598 335 13051 2470 481 169 196 11101 10931 312 7186 469 21 46 694 437 853 51 408
145025 764 123 2625 205 8833 32301 17262 4910 2728 382 722 15312 6028 3407 4010 2 6437 332 12704 2396 460 172 198 10768 10656 308 6999 449 18 45 665 432 822 48 389
145026 767 123 2909 214 9762 35666 18992 5396 2999 410 794 16938 6621 3764 4418 1 7104 349 13987 2608 506 177 209 11851 11773 334 7719 509 20 50 733 478 913 55 442
145027 771 129 3891 303 13118 47995 25636 7250 4066 570 1065 22780 8964 5052 5911 3 9539 490 18897 3554 677 252 303 15972 15855 457 10397 670 29 67 972 631 1230 72 573
145028 770 128 329 24 1120 4104 2188 615 347 50 94 1980 776 434 517 0 815 39 1610 305 55 21 20 1367 1350 40 889 56 2 6 83 52 103 5 49
145029 830 140 417 30 1420 5140 2788 773 433 63 111 2459 957 545 618 0 1027 53 2023 378 73 30 29 1722 1705 43 1128 71 3 6 102 68 129 7 63
145030 831 140 756 57 2537 9248 4951 1405 783 106 203 4425 1721 976 1129 0 1842 91 3640 688 134 46 54 3059 3077 90 2009 129 4 13 190 119 234 13 115
145031 831 141 2521 198 8446 31023 16491 4660 2642 365 694 14657 5776 3268 3777 2 6160 331 12170 2305 443 161 190 10338 10213 287 6698 426 19 43 628 412 786 46 371
145032 845 138 742 53 2433 9041 4715 1366 754 102 205 4288 1668 955 1105 0 1782 83 3488 666 131 43 50 2996 2961 82 1912 128 4 13 179 116 228 14 120
145033 829 138 3612 266 12082 44658 23638 6695 3744 529 1005 21178 8253 4716 5431 3 8870 442 17451 3295 640 229 263 14835 14741 408 9565 620 24 62 908 589 1137 68 546
145034 829 138 1184 95 3973 14558 7793 2197 1227 172 327 6910 2721 1527 1792 1 2893 150 5747 1080 207 76 87 4844 4802 137 3166 197 8 19 298 193 365 21 171
145036 825 133 3636 280 12237 44879 23958 6806 3748 526 1017 21423 8322 4746 5562 3 8925 458 17669 3284 638 232 267 14927 14847 422 9694 634 25 63 911 594 1144 70 546
145039 825 133 11016 848 36950 135303 72113 20485 11428 1578 3029 64027 25232 14279 16825 8 26912 1371 53379 10003 1933 692 815 44904 44604 1277 29289 1878 81 191 2769 1791 3452 212 1641
145040 822 133 8762 691 29495 108174 57787 16332 9092 1282 2416 51335 20168 11400 13397 6 21530 1118 42715 7986 1537 571 650 36006 35740 1029 23461 1501 64 151 2208 1434 2752 160 1296
145042 841 136 842 70 2892 10524 5713 1599 910 132 234 5025 1995 1110 1329 0 2108 122 4208 790 146 61 65 3535 3469 103 2312 137 7 13 209 131 273 16 116
145043 780 132 5680 424 19037 69873 37100 10566 5880 820 1575 33071 12961 7369 8617 4 13882 699 27409 5161 998 356 414 23204 23023 650 15036 990 39 102 1425 922 1778 107 867
145044 788 132 783 63 2630 9587 5134 1464 800 112 216 4588 1785 1009 1208 0 1921 97 3797 700 136 50 56 3180 3181 89 2076 131 4 13 197 129 241 14 117
145045 787 121 5870 454 19649 72392 38556 10836 6126 855 1637 34302 13434 7605 8816 5 14365 743 28433 5383 1041 375 442 24074 23942 679 15612 990 40 100 1482 953 1842 106 870
145046 793 127 2487 189 8346 30697 16410 4591 2577 358 689 14559 5697 3231 3785 2 6087 313 12081 2264 437 158 185 10245 10173 280 6643 427 18 43 625 415 781 46 367
145047 798 131 4519 348 15298 55786 29720 8516 4703 655 1248 26576 10465 5922 7008 3 11099 566 21968 4125 791 281 334 18529 18422 529 12061 780 34 81 1131 742 1406 88 683
145048 752 120 11922 917 39893 146598 78140 22056 12334 1728 3292 69365 27283 15463 18027 8 29094 1477 57835 10844 2084 754 879 48776 48375 1360 31668 2033 87 205 3001 1969 3737 223 1767
145049 824 130 3252 243 10848 39956 21100 6030 3341 463 908 18977 7358 4220 4935 2 7956 390 15641 2928 572 197 235 13228 13199 372 8518 567 21 59 818 531 1018 61 493
145050 748 114 3617 270 12175 44556 23735 6752 3744 518 1003 21133 8297 4726 5502 2 8868 445 17467 3292 642 228 264 14813 14706 407 9617 627 23 65 908 588 1141 68 547
145051 811 141 5518 420 18560 68119 36367 10256 5737 805 1521 32129 12644 7192 8336 3 13548 686 26836 5038 976 355 412 22588 22496 632 14737 951 40 95 1408 907 1723 104 829
145052 815 137 1881 140 6293 22996 12292 3470 1937 269 514 10845 4264 2430 2853 1 4563 228 9032 1690 327 118 138 7591 7585 211 4967 321 15 31 475 309 580 35 281
145053 802 132 4698 366 15754 57892 30921 8749 4843 675 1305 27416 10748 6117 7123 2 11523 586 22777 4252 826 302 350 19300 19122 527 12547 815 32 81 1180 767 1479 90 703
145054 799 130 517 37 1724 6291 3338 975 528 71 143 2996 1175 672 761 0 1253 61 2444 465 91 31 36 2097 2079 61 1348 90 2 9 126 82 163 9 78
145057 782 113 3583 275 11906 44031 23494 6569 3713 531 975 20770 8166 4631 5392 2 8744 472 17372 3252 636 243 272 14679 14528 418 9499 602 30 59 895 576 1133 64 518
145058 783 115 9075 692 30319 111777 59359 16790 9422 1318 2516 52727 20682 11739 13553 6 22130 1131 43731 8274 1597 578 676 37238 36780 1049 24036 1550 65 155 2269 1471 2874 169 1353
145059 783 115 5787 441 19328 71077 37776 10720 5989 829 1607 33742 13184 7507 8806 4 14141 707 27923 5239 1007 364 420 23587 23518 664 15241 998 42 101 1448 947 1813 109 866
145060 788 113 4340 334 14554 53468 28502 8056 4466 622 1205 25284 9933 5639 6530 4 10623 544 21072 3921 756 272 318 17793 17705 491 11528 740 29 73 1089 707 1361 81 648
145061 787 113 3071 240 10357 38070 20265 5754 3211 447 858 18074 7075 4000 4700 2 7572 390 14975 2815 531 196 228 12650 12575 354 8199 524 22 53 766 498 967 58 457
145062 796 121 630 49 2113 7750 4141 1159 667 93 175 3664 1450 805 956 0 1537 82 3057 587 111 39 43 2585 2560 76 1681 105 4 11 157 102 193 11 92
145063 786 126 5031 378 16818 61753 32983 9280 5199 725 1384 29196 11469 6525 7594 3 12294 634 24358 4555 884 314 367 20503 20446 571 13363 860 35 86 1279 824 1587 95 751
145064 799 137 663 48 2197 8140 4287 1236 676 93 188 3879 1495 861 1016 0 1624 79 3181 593 118 38 46 2682 2703 75 1738 118 4 12 163 108 205 12 104
145065 824 122 624 47 2058 7620 4038 1132 642 89 173 3579 1404 794 923 0 1518 77 2993 570 107 38 47 2518 2513 70 1649 106 3 10 152 97 194 11 94
145069 809 116 4625 341 15491 56916 30143 8640 4762 654 1292 26897 10535 5991 6986 3 11304 554 22262 4183 810 282 335 18811 18777 537 12197 800 31 81 1161 754 1437 89 709
145070 829 113 3161 236 10653 38993 20732 5924 3268 452 884 18564 7267 4120 4804 1 7734 393 15264 2876 553 199 232 13041 12849 372 8438 552 22 53 794 513 996 59 479
145073 796 118 7718 587 25980 94920 50666 14412 7988 1117 2133 45072 17741 10063 11732 4 18942 959 37361 6993 1365 489 572 31597 31406 877 20565 1331 54 135 1937 1269 2403 147 1161
145074 816 116 6786 535 22719 83570 44514 12543 7019 980 1875 39523 15502 8795 10329 5 16642 869 32976 6166 1185 434 514 27826 27550 780 18081 1148 49 116 1683 1112 2143 125 1000
145076 825 118 1344 96 4511 16450 8786 2496 1371 186 374 7851 3057 1744 2041 0 3265 162 6464 1202 232 75 95 5432 5448 153 3548 234 9 24 337 222 415 25 203
145078 821 117 4395 333 14755 54024 28998 8111 4553 647 1211 25512 10053 5696 6565 3 10721 552 21360 3993 768 285 322 17974 17899 490 11723 744 33 72 1116 717 1385 83 648
145079 792 123 2073 163 6956 25703 13704 3840 2164 309 575 12089 4780 2688 3160 1 5097 274 10154 1902 370 140 156 8556 8484 237 5536 351 14 35 516 340 658 39 303
145080 792 123 5709 442 19176 70243 37667 10541 5970 840 1545 33222 13132 7386 8731 3 14021 734 27859 5212 998 374 444 23409 23180 665 15316 968 46 95 1429 929 1790 105 828
145082 808 123 5217 397 17534 64213 34229 9714 5381 751 1438 30532 11960 6788 7961 3 12784 654 25254 4710 924 322 387 21336 21205 597 13922 897 35 90 1287 854 1633 98 790
145083 793 113 4880 368 16398 60118 31979 9049 5045 700 1361 28520 11174 6356 7431 3 11985 611 23644 4438 858 304 361 19982 19889 554 12965 837 35 85 1226 790 1519 91 736
145084 787 108 1887 143 6326 23355 12438 3506 1966 280 523 11032 4322 2457 2852 1 4617 236 9175 1721 338 120 148 7774 7727 222 5023 326 13 34 478 305 603 36 287
145085 788 107 5734 439 19294 70666 37708 10639 5933 827 1594 33540 13117 7454 8822 3 14075 702 27856 5203 1004 358 425 23419 23366 649 15288 996 41 99 1446 933 1784 109 870
145086 797 106 6990 538 23532 86233 45923 13009 7301 1019 1929 41021 16051 9080 10649 4 17177 875 33932 6373 1234 444 498 28719 28479 818 18574 1205 53 119 1766 1141 2202 129 1047
145087 797 106 1166 85 3905 14319 7584 2181 1191 162 323 6771 2650 1515 1719 0 2853 141 5587 1056 204 71 83 4768 4753 131 3079 202 7 20 290 192 369 22 178
145088 888 108 16872 1294 56688 207938 111068 31373 17520 2455 4638 98498 38686 21929 25548 12 41383 2127 81837 15373 2971 1091 1260 69146 68780 1939 44973 2881 119 295 4228 2759 5303 318 2516
145089 886 103 3740 296 12573 46157 24754 6957 3911 557 1032 21830 8636 4864 5663 2 9189 487 18215 3423 656 248 283 15383 15219 430 10047 634 28 63 942 612 1184 68 543
145092 882 100 8757 668 29475 107877 57644 16329 9078 1278 2419 51238 20107 11391 13435 4 21519 1104 42625 7965 1532 569 648 35940 35601 1009 23365 1509 65 151 2208 1434 2725 165 1310
145095 843 89 5197 398 17551 64141 34248 9686 5383 747 1457 30425 11922 6781 7931 2 12767 629 25251 4711 908 325 386 21261 21214 584 13847 892 37 93 1298 844 1627 100 793
145096 847 89 595 45 2008 7338 3923 1109 611 83 168 3481 1360 765 935 0 1468 74 2886 538 102 35 44 2428 2427 70 1602 103 4 10 156 100 182 11 90
145097 832 105 858 64 2871 10504 5587 1600 888 121 236 4954 1937 1115 1260 0 2077 106 4111 773 154 53 65 3492 3467 97 2255 143 5 14 214 140 268 16 128
145099 844 103 1023 75 3427 12664 6662 1899 1056 150 281 5954 2335 1338 1515 0 2499 126 4933 928 184 66 73 4217 4175 116 2699 175 7 18 261 166 329 19 158
145100 773 108 2692 214 9178 33486 17926 5080 2802 392 752 15877 6252 3547 4113 2 6678 349 13240 2452 473 177 204 11143 11090 305 7277 465 19 47 685 452 851 51 399
145101 835 113 2361 181 7828 29019 15438 4299 2443 338 650 13615 5358 3036 3551 1 5736 306 11438 2163 417 146 183 9658 9571 268 6278 396 18 40 585 380 756 42 343
145102 835 113 3470 263 11631 42641 22818 6436 3593 511 954 20131 7921 4511 5235 2 8456 448 16812 3136 611 223 255 14163 14109 398 9208 598 26 60 869 563 1090 65 518
145104 836 111 1712 130 5728 20888 11178 3198 1756 245 460 9952 3900 2208 2599 1 4166 219 8253 1540 296 106 128 6914 6920 199 4517 296 12 30 419 277 531 32 253
145106 835 111 1759 142 5962 21823 11710 3276 1837 261 487 10394 4069 2294 2706 0 4347 223 8625 1605 309 117 133 7274 7234 207 4738 296 13 30 444 289 559 34 257
145108 832 107 7105 544 23640 87102 46194 13068 7371 1018 1958 41132 16155 9151 10665 5 17277 899 34168 6430 1235 449 518 28977 28676 818 18737 1208 51 119 1772 1146 2219 132 1058
145109 829 107 19157 1491 64387 235984 126201 35576 19920 2794 5296 111769 44013 24892 29200 14 46987 2431 93192 17472 3354 1226 1414 78425 77968 2215 51136 3265 140 328 4824 3129 6011 361 2828
145110 810 98 540 39 1806 6576 3522 1007 551 76 147 3139 1208 690 810 0 1311 59 2582 477 96 31 39 2158 2205 60 1417 92 3 9 133 88 163 10 82
145111 817 102 709 54 2359 8744 4630 1311 749 109 192 4129 1613 922 1034 0 1725 89 3407 652 126 49 50 2922 2874 82 1866 121 5 12 175 112 229 13 105
145112 817 102 1507 115 5077 18706 9989 2776 1571 218 419 8839 3475 1970 2287 1 3693 191 7378 1395 260 94 111 6223 6177 182 4035 256 12 26 384 250 474 26 219
145113 814 100 5971 461 20049 73367 39054 11124 6162 847 1662 34826 13630 7739 9083 4 14617 728 28752 5395 1043 372 445 24348 24253 688 15870 1035 41 105 1507 977 1862 112 893
145114 820 101 993 76 3338 12206 6475 1868 1024 144 276 5832 2275 1306 1504 0 2416 120 4775 885 178 61 72 4078 4012 115 2612 170 7 17 255 162 314 19 150
145115 819 100 3418 256 11403 42159 22190 6339 3556 487 972 19941 7783 4430 5196 3 8336 420 16437 3127 605 214 249 14006 13842 397 8982 594 22 60 844 561 1072 63 524
145116 798 104 2016 151 6744 24799 13079 3733 2090 290 562 11741 4589 2619 3068 1 4931 252 9751 1836 350 124 147 8249 8152 236 5334 342 14 35 495 324 636 38 301
145117 798 104 3650 269 12199 44896 23696 6793 3787 526 1018 21294 8346 4726 5540 3 8891 449 17568 3311 639 227 264 14959 14778 427 9601 625 26 64 900 596 1150 68 550
145118 798 104 519 41 1754 6486 3454 964 548 75 143 3043 1211 686 820 0 1298 69 2585 481 92 33 42 2131 2134 65 1402 87 4 9 131 87 163 10 73
145119 807 101 4813 374 16221 59440 31729 9041 5011 697 1324 28183 11089 6285 7369 2 11849 601 23472 4392 846 308 365 19768 19624 575 12891 823 38 83 1208 796 1519 91 707
145120 802 104 2384 177 7958 29312 15538 4401 2468 339 663 13871 5445 3073 3622 2 5826 293 11507 2156 422 146 183 9733 9669 284 6324 408 18 41 599 383 757 44 358
145121 806 101 3117 246 10394 38182 20302 5766 3231 447 852 18190 7109 4034 4691 2 7562 397 14956 2855 545 198 225 12748 12538 371 8264 529 23 51 787 505 977 56 460
145122 812 112 5369 409 17980 66055 35154 9994 5554 774 1491 31196 12259 6999 8053 4 13150 669 25949 4860 935 339 393 21931 21796 607 14210 914 40 94 1336 882 1685 102 806
145123 808 104 5863 438 19688 72169 38478 10895 6066 854 1627 34216 13420 7625 8923 4 14343 730 28410 5309 1025 361 436 23940 23864 667 15609 1019 40 104 1472 952 1836 112 890
145124 812 102 4270 333 14278 52506 27900 7882 4410 609 1176 24821 9776 5532 6455 3 10423 528 20623 3880 739 267 321 17439 17264 486 11320 738 30 73 1065 705 1346 80 638
145125 818 104 4321 323 14478 53099 28164 8051 4464 622 1196 25138 9886 5634 6490 2 10561 523 20732 3926 761 270 317 17647 17466 491 11434 741 27 77 1082 697 1347 81 661
145127 779 89 1280 97 4332 15841 8444 2425 1308 180 358 7546 2947 1672 1977 0 3148 153 6211 1155 223 77 89 5251 5256 139 3402 223 7 24 325 209 395 26 204
145128 817 96 969 75 3247 11920 6447 1785 1012 144 266 5660 2221 1243 1493 0 2375 128 4728 887 172 65 74 3961 3944 112 2618 167 7 15 240 156 303 17 139
145129 782 93 3095 239 10443 38164 20344 5816 3202 449 856 18142 7122 4062 4688 1 7584 390 15011 2797 549 198 227 12714 12582 348 8244 531 22 55 784 510 974 60 467
145132 800 99 7047 544 23852 87090 46565 13192 7294 1015 1975 41310 16210 9222 10714 3 17326 858 34262 6398 1232 445 524 28946 28831 788 18824 1206 50 126 1769 1144 2217 135 1068
145136 813 106 5299 416 17786 65186 34837 9795 5471 767 1456 30878 12106 6850 8040 4 12964 667 25754 4823 934 336 396 21664 21553 612 14121 904 36 92 1326 862 1664 100 790
145137 807 97 4364 336 14642 53779 28565 8127 4518 626 1213 25570 10028 5681 6745 3 10686 542 21136 3976 775 277 329 17860 17709 520 11633 755 32 75 1089 704 1368 81 659
145138 801 96 2725 206 9116 33649 17947 5059 2835 402 765 15926 6266 3520 4147 2 6667 352 13278 2490 475 173 206 11166 11146 326 7268 467 19 45 674 449 866 50 395
145140 800 95 3399 257 11466 42133 22384 6360 3535 497 950 19948 7823 4455 5183 1 8385 429 16540 3104 608 215 253 14039 13859 396 9115 586 23 59 860 542 1075 66 521
145141 771 90 837 66 2867 10439 5621 1588 883 129 230 4962 1959 1104 1305 0 2092 112 4159 779 147 58 63 3485 3437 97 2292 136 6 14 211 141 266 16 122
145143 778 89 1877 140 6253 23036 12178 3487 1929 265 524 10922 4263 2427 2822 1 4552 225 8975 1691 329 112 136 7612 7623 217 4920 327 11 33 471 306 584 36 286
145144 775 89 682 50 2277 8417 4408 1276 695 92 194 4002 1542 887 1045 0 1679 77 3272 607 121 37 51 2774 2779 78 1782 120 4 12 167 111 212 13 109
145146 823 107 316 25 1077 3896 2147 589 329 47 85 1862 727 407 492 0 783 42 1572 287 56 20 24 1302 1310 35 862 52 2 5 78 50 98 6 48
145147 772 92 3557 276 11974 44000 23500 6612 3711 523 990 20747 8165 4614 5304 2 8712 453 17272 3250 625 227 271 14610 14545 408 9496 610 27 60 895 583 1130 66 522
145149 775 89 5942 458 20021 73263 39267 11037 6181 872 1643 34771 13668 7733 9087 4 14551 753 28991 5407 1048 383 443 24360 24221 678 15884 1016 47 101 1503 959 1850 113 885
