152848 860 64 1632 120 5425 20004 10625 2993 1674 234 456 9419 3712 2109 2439 1 3962 200 7848 1466 280 104 117 6644 6593 187 4301 273 11 28 407 268 508 30 240
152850 861 64 335 24 1130 4143 2225 619 349 49 92 1957 765 432 503 0 826 41 1638 302 59 20 24 1373 1390 34 886 56 2 6 81 57 102 6 50
152851 875 81 2310 165 7653 28265 14901 4275 2351 324 632 13357 5208 2997 3419 1 5567 280 10959 2066 400 143 164 9392 9307 260 6023 405 15 40 577 375 720 43 352
152854 871 73 6202 481 20824 76796 40812 11543 6420 892 1738 36314 14185 8082 9404 5 15258 789 30138 5637 1090 397 469 25535 25371 723 16524 1067 45 107 1550 1021 1973 116 920
152855 876 73 21828 1676 73299 268618 143224 40595 22583 3156 6030 127333 50012 28393 33144 17 53405 2751 105821 19816 3835 1387 1597 89196 88712 2493 58039 3757 152 378 5473 3572 6848 419 3270
152856 878 74 4313 326 14490 53039 28281 7992 4463 624 1194 25141 9872 5620 6542 3 10519 537 20882 3922 753 272 318 17635 17520 479 11452 741 31 75 1072 711 1348 81 641
152857 878 71 23231 1784 78007 286231 152901 43031 24144 3367 6436 135371 53254 30083 35277 18 56881 2913 112790 21189 4075 1479 1722 95165 94462 2674 61963 3968 171 401 5856 3792 7284 435 3448
152859 828 53 3664 276 12354 45216 23986 6871 3785 525 1021 21489 8383 4787 5613 3 8968 445 17703 3333 650 225 275 14994 14919 428 9727 640 27 66 915 600 1154 70 561
152860 830 52 4502 350 15162 55574 29690 8419 4680 652 1257 26405 10357 5873 6883 2 11048 576 21963 4105 796 283 335 18447 18393 527 12037 771 34 77 1139 739 1414 85 673
152861 830 52 7460 572 25014 91829 48884 13837 7750 1078 2053 43552 17062 9680 11358 4 18297 925 36152 6777 1308 474 555 30490 30347 859 19835 1280 54 131 1865 1218 2347 138 1109
152862 830 52 6673 514 22480 82339 43978 12451 6925 967 1845 39114 15329 8695 10270 5 16394 830 32556 6083 1164 423 493 27321 27252 774 17812 1140 50 117 1676 1096 2097 126 994
152864 873 58 3358 265 11377 41512 22370 6266 3511 488 923 19685 7756 4367 5252 2 8307 425 16579 3063 591 210 262 13776 13780 397 9097 570 26 56 848 553 1057 64 489
152865 856 52 2934 223 9848 35995 19226 5447 3031 411 810 17051 6708 3795 4514 2 7180 352 14210 2656 508 181 223 11926 11910 332 7797 501 21 50 723 480 910 55 440
152866 855 52 16353 1283 55138 201785 108177 30425 17030 2397 4504 95690 37668 21244 25004 12 40155 2113 79953 14902 2886 1054 1239 67178 66753 1905 43886 2762 127 277 4132 2672 5118 306 2392
152867 855 52 8673 668 29298 107385 57260 16188 9063 1267 2401 50853 20017 11347 13192 6 21352 1116 42329 7984 1536 559 639 35798 35422 996 23230 1470 63 148 2179 1397 2759 163 1288
152871 878 81 19395 1486 65040 238704 126981 36094 20015 2785 5393 113199 44406 25214 29594 14 47488 2404 93953 17540 3403 1217 1415 79272 78790 2227 51431 3343 137 336 4851 3168 6068 371 2908
152874 887 81 6479 498 21769 79914 42690 12010 6749 946 1788 37793 14937 8406 9755 3 15868 831 31451 5933 1127 419 487 26669 26284 744 17360 1094 48 110 1625 1058 2036 118 946
152875 880 81 11584 892 39069 142782 76236 21593 12030 1677 3215 67649 26639 15064 17590 8 28426 1465 56247 10554 2027 728 849 47407 47199 1338 30874 1988 85 202 2904 1893 3633 216 1729
152876 841 57 11287 875 37872 139078 73903 21007 11680 1622 3123 66059 25857 14685 17262 8 27637 1417 54741 10255 1984 714 841 46188 45888 1321 30025 1945 84 195 2830 1838 3546 210 1693
152877 841 57 2128 158 7107 26176 13830 3930 2198 306 592 12415 4835 2763 3205 1 5198 257 10264 1930 368 131 158 8690 8625 243 5592 366 15 37 522 348 665 40 323
152878 866 64 13226 1014 44490 162945 86909 24598 13758 1934 3663 77213 30320 17222 20058 10 32398 1654 64158 12013 2324 840 979 54193 53806 1522 35192 2254 97 229 3334 2162 4165 247 1968
152879 856 59 2174 163 7267 26692 14249 4010 2266 314 596 12619 4941 2813 3261 1 5280 266 10471 1982 387 137 160 8887 8829 250 5753 372 15 38 548 347 685 40 329
152880 862 59 2449 188 8171 29978 15979 4528 2510 348 669 14238 5570 3165 3717 1 5962 300 11772 2204 429 152 181 9950 9903 274 6473 421 14 43 608 400 765 48 374
152881 856 59 2643 204 8878 32476 17389 4876 2730 379 739 15409 6041 3401 3987 2 6484 327 12821 2405 456 166 194 10782 10762 300 7025 449 17 45 671 429 819 50 392
152882 854 57 4313 326 14380 53185 28182 7963 4478 633 1195 25075 9863 5609 6468 2 10480 542 20781 3931 763 279 325 17735 17441 496 11409 745 34 73 1083 709 1372 81 640
152883 836 53 7938 613 26604 97631 52105 14681 8218 1151 2210 46169 18133 10245 12096 6 19445 997 38521 7231 1382 508 594 32442 32245 904 21081 1352 56 137 1988 1313 2481 150 1179
152884 847 51 3257 237 10815 39810 21071 6014 3346 467 899 18839 7387 4224 4829 2 7849 397 15516 2927 578 202 230 13282 13104 369 8522 558 23 57 809 519 1022 61 491
152885 846 51 5903 451 19815 72926 38663 10980 6169 859 1626 34362 13583 7694 8893 4 14488 751 28596 5409 1039 377 433 24163 23979 687 15731 1011 45 102 1495 962 1855 109 878
152886 860 62 1444 109 4867 17870 9559 2663 1486 204 400 8435 3312 1887 2169 1 3554 178 7017 1320 250 88 106 5927 5926 157 3866 247 8 25 374 240 458 27 217
152887 861 57 9021 680 30393 111288 59183 16839 9341 1288 2519 52949 20703 11779 13797 6 22121 1111 43676 8165 1580 560 668 37021 36705 1041 24017 1556 63 161 2265 1480 2834 171 1368
152888 840 51 4343 326 14606 53420 28480 8061 4502 622 1202 25354 9950 5614 6587 2 10634 525 20967 3923 759 270 320 17726 17682 503 11548 746 29 76 1090 701 1363 80 655
152889 873 72 8853 683 29696 109025 57931 16515 9150 1277 2452 51716 20302 11544 13468 5 21703 1091 42819 8038 1554 551 655 36221 35943 1007 23510 1530 62 155 2222 1455 2773 167 1345
152890 881 75 14895 1138 50032 183754 97887 27675 15416 2155 4144 86948 34155 19400 22608 10 36579 1866 72320 13553 2608 944 1098 61170 60717 1684 39641 2550 105 262 3742 2442 4687 279 2226
152891 978 98 5483 422 18394 67440 35976 10215 5689 794 1519 31956 12544 7105 8325 3 13395 688 26475 4994 960 352 415 22482 22238 640 14574 937 40 94 1378 892 1724 102 817
152892 981 98 1534 124 5211 19042 10383 2858 1619 234 414 9007 3606 2016 2379 0 3817 217 7675 1415 277 106 120 6364 6302 183 4218 255 13 24 390 254 489 28 210
152893 982 99 5136 382 17318 63251 34021 9529 5294 742 1415 29939 11786 6671 7839 2 12586 659 25046 4661 886 324 393 20987 20957 582 13749 879 39 87 1300 855 1598 98 755
152896 975 96 15335 1187 51540 188844 100987 28469 15918 2217 4218 89555 35176 19891 23271 9 37530 1924 74364 13941 2686 974 1143 62841 62379 1780 40987 2624 112 259 3856 2494 4828 287 2256
152898 985 97 2846 213 9436 35003 18590 5203 2938 407 790 16484 6470 3652 4229 1 6937 358 13696 2581 489 185 208 11604 11563 321 7480 484 20 47 713 477 904 51 419
152899 1009 96 1131 82 3798 13942 7415 2103 1160 164 320 6636 2594 1474 1688 0 2746 137 5450 1017 195 68 82 4657 4616 126 2956 191 8 19 283 192 354 21 169
152900 1008 95 2809 213 9466 34698 18504 5240 2927 418 788 16430 6472 3663 4286 1 6856 359 13673 2550 496 183 209 11556 11438 320 7488 489 21 50 693 457 881 54 426
152903 981 92 869 63 2948 10721 5759 1638 903 124 240 5092 2006 1128 1329 0 2130 109 4235 783 153 53 66 3576 3548 102 2331 153 6 14 210 142 279 16 130
152905 984 92 4075 311 13689 50185 26797 7579 4210 587 1128 23747 9305 5286 6181 1 9980 501 19745 3677 721 254 307 16692 16553 467 10874 704 28 71 1025 663 1282 77 616
152906 954 66 6619 511 22220 81349 43324 12326 6839 942 1842 38604 15109 8580 10096 5 16206 810 31920 5971 1158 413 493 27009 26875 767 17607 1145 46 116 1675 1080 2063 124 989
152907 960 70 4174 323 13940 51291 27232 7725 4302 597 1157 24272 9513 5384 6341 2 10194 525 20153 3769 725 261 304 17011 16905 478 11031 715 30 71 1041 686 1299 78 619
152908 959 66 7246 554 24344 89222 47402 13539 7503 1042 2016 42321 16555 9429 11043 5 17769 899 35034 6550 1271 450 532 29580 29486 835 19198 1253 50 128 1814 1165 2278 138 1101
152910 963 65 4090 319 13786 50438 27055 7621 4251 599 1120 23807 9381 5320 6197 3 10037 519 19923 3738 720 261 318 16782 16693 476 10972 702 28 69 1030 665 1298 77 609
152911 963 65 6993 536 23573 86343 45931 13061 7262 1014 1951 40954 16093 9123 10661 5 17108 882 33921 6349 1224 443 516 28732 28422 819 18680 1201 53 122 1762 1145 2200 132 1044
152912 964 64 3819 298 12904 47288 25294 7137 3990 557 1075 22496 8809 4966 5821 3 9389 483 18632 3488 675 244 288 15734 15661 449 10232 655 28 67 958 632 1202 71 563
152913 970 56 4259 328 14294 52394 27902 7903 4393 619 1182 24847 9735 5546 6485 3 10432 529 20648 3843 746 268 306 17386 17289 492 11265 736 32 74 1071 699 1328 79 637
152915 970 56 554 46 1867 6865 3675 1026 574 80 156 3231 1283 711 844 0 1358 72 2718 512 94 35 43 2283 2272 64 1500 93 4 9 137 94 175 10 80
152917 970 56 2113 162 7074 26111 13891 3917 2171 302 590 12306 4811 2744 3184 1 5165 258 10299 1922 372 131 158 8655 8668 240 5589 359 15 36 537 353 670 40 316
152918 959 56 892 70 2985 10951 5847 1649 921 129 241 5204 2046 1161 1377 0 2195 112 4342 802 155 53 66 3625 3620 105 2384 155 7 15 225 148 284 16 130
152919 955 55 1705 131 5727 20977 11223 3166 1752 243 471 9967 3894 2209 2609 1 4200 213 8280 1542 300 105 130 6967 6952 191 4563 295 11 28 424 284 530 32 254
152923 966 62 15263 1168 51375 188431 100701 28433 15891 2234 4213 89229 35130 19917 23269 11 37475 1950 74368 13934 2679 990 1135 62585 62229 1777 40733 2618 115 267 3854 2513 4792 289 2269
152924 968 62 6873 517 23061 84778 45068 12761 7124 993 1901 40154 15717 8954 10444 5 16855 850 33274 6251 1214 438 497 28175 28000 786 18227 1184 45 121 1728 1121 2169 133 1043
152925 967 60 1148 82 3839 14098 7478 2124 1172 160 316 6627 2606 1492 1719 0 2769 137 5511 1035 199 69 83 4646 4641 126 3016 199 8 19 289 188 357 22 175
152926 965 57 15459 1188 51958 190525 101435 28916 16042 2248 4321 90506 35566 20184 23338 11 37819 1937 74588 14096 2739 986 1129 63432 62805 1793 41078 2666 110 271 3866 2496 4876 292 2333
152927 966 58 4099 310 13705 50470 26746 7642 4233 593 1135 23894 9334 5359 6210 2 10002 505 19767 3706 726 261 300 16750 16615 467 10845 715 28 73 1026 662 1285 80 629
152928 950 60 567 42 1926 7028 3723 1089 585 78 160 3348 1316 746 894 0 1393 67 2748 512 100 32 41 2335 2320 68 1514 97 4 10 145 91 178 11 90
152929 911 50 13929 1068 46877 171731 91619 25928 14376 2006 3888 81438 31901 18083 21307 10 34154 1740 67650 12616 2438 873 1047 57010 56737 1591 37099 2418 101 245 3521 2293 4358 269 2100
152930 906 48 6676 505 22505 82550 43985 12501 6950 973 1850 39068 15328 8737 10060 5 16374 842 32449 6098 1183 431 500 27475 27247 769 17812 1149 50 116 1683 1093 2101 129 1005
152932 907 48 7828 600 26384 96772 51497 14677 8082 1134 2177 46020 17979 10225 11931 6 19227 980 38034 7111 1392 493 579 32158 31977 911 20802 1350 57 139 1968 1275 2459 149 1184
152933 906 48 4058 306 13597 49889 26499 7532 4170 575 1127 23641 9237 5289 6159 3 9896 494 19603 3663 710 251 302 16562 16440 461 10722 704 29 70 1014 657 1271 78 617
152934 911 50 1573 118 5200 19252 10127 2902 1610 222 437 9118 3549 2024 2351 1 3819 192 7529 1418 276 95 114 6384 6378 176 4088 267 10 27 397 258 493 29 239
152936 911 48 19503 1509 65550 240564 128156 36231 20292 2836 5399 114078 44758 25374 29633 16 47837 2456 94746 17836 3444 1246 1461 80062 79457 2255 51965 3308 142 340 4914 3176 6134 360 2906
152937 917 53 4901 376 16442 60276 32296 9080 5091 715 1334 28496 11220 6347 7432 3 11947 622 23792 4484 857 310 372 19990 19921 574 13069 839 36 84 1225 798 1537 91 714
152938 917 51 10189 779 34148 125780 66937 18892 10541 1491 2837 59616 23315 13264 15540 7 25005 1272 49594 9257 1793 653 752 41870 41541 1158 27105 1740 77 178 2554 1660 3196 191 1521
152939 945 60 7852 598 26436 97029 51597 14653 8131 1131 2176 45959 18005 10241 12039 6 19324 979 38160 7166 1384 500 587 32185 32034 904 20949 1355 57 137 1974 1276 2453 150 1188
152940 934 53 14931 1156 50228 183438 98015 27900 15421 2142 4120 87163 34220 19396 22722 11 36601 1868 72272 13534 2617 941 1109 60993 60587 1703 39797 2558 104 259 3726 2432 4669 284 2234
152942 932 52 5436 420 18173 66947 35603 10063 5635 796 1490 31718 12428 7069 8271 3 13308 694 26328 4928 955 353 403 22304 22064 623 14408 931 42 93 1355 871 1706 100 806
152943 922 50 3244 244 10851 39894 21174 6063 3349 462 889 18939 7420 4234 4899 1 7899 396 15627 2962 573 201 243 13242 13128 382 8609 568 24 56 812 522 1020 62 491
152944 930 50 7722 599 25939 95058 50671 14416 8000 1116 2131 45214 17680 10021 11789 5 18868 953 37348 7023 1351 490 560 31560 31402 898 20471 1340 56 137 1950 1252 2407 146 1156
152945 921 50 1424 111 4785 17437 9371 2658 1453 202 393 8307 3243 1847 2174 0 3489 169 6885 1267 250 86 104 5759 5802 160 3790 244 9 25 361 231 436 27 217
152946 924 52 11487 877 38429 141115 75152 21323 11872 1660 3142 66785 26244 14931 17437 7 28033 1430 55536 10398 2020 732 847 46806 46576 1322 30430 1967 83 197 2894 1885 3590 219 1713
152947 922 50 4911 368 16437 60414 32140 9062 5082 702 1364 28628 11207 6367 7454 2 12011 609 23716 4454 856 311 357 20098 19916 559 13002 849 34 84 1224 797 1542 95 744
152948 967 77 2611 201 8857 32368 17391 4901 2733 383 731 15403 6061 3430 4032 1 6465 336 12872 2388 462 170 199 10730 10726 314 7071 447 19 45 661 425 821 48 386
152949 932 49 4782 365 15962 59032 31366 8842 4927 687 1337 27845 10945 6202 7206 4 11746 609 23235 4331 838 301 361 19626 19520 552 12698 806 34 80 1197 794 1524 88 696
152951 932 49 11135 862 37533 137279 73239 20815 11552 1600 3066 65251 25580 14475 16987 8 27386 1378 54120 10137 1956 693 810 45553 45379 1294 29690 1904 79 191 2816 1820 3462 212 1675
152952 939 49 439 30 1449 5335 2821 811 446 60 121 2527 993 563 658 0 1052 50 2079 385 75 23 31 1745 1764 52 1142 79 3 7 109 71 137 8 68
152954 938 49 7681 592 25783 94624 50467 14254 8006 1122 2111 44783 17615 9969 11634 6 18757 983 37249 7000 1356 498 573 31572 31195 887 20464 1311 55 131 1924 1254 2433 144 1142
152955 936 49 18675 1437 62823 230315 122738 34748 19373 2702 5183 109184 42813 24313 28395 13 45844 2333 90623 16982 3274 1196 1392 76465 76111 2139 49754 3225 135 323 4697 3061 5872 354 2802
152956 931 47 658 47 2206 8069 4224 1238 666 89 187 3876 1490 852 1023 0 1610 70 3117 581 115 36 43 2666 2665 75 1706 120 3 12 160 104 204 13 109
152957 880 75 1081 85 3665 13372 7174 2033 1118 157 299 6339 2506 1418 1674 0 2670 133 5290 981 191 67 83 4430 4427 126 2921 185 8 19 274 177 342 21 160
152958 873 47 11052 851 37268 136553 73141 20591 11473 1631 3064 64685 25444 14391 16835 8 27200 1430 53906 10072 1947 723 831 45508 45100 1269 29591 1881 80 189 2804 1817 3465 211 1639
152959 875 47 5667 447 19081 69896 37219 10577 5858 811 1580 33108 12966 7369 8636 3 13940 703 27447 5145 983 356 431 23271 23084 649 15113 976 36 98 1417 931 1783 108 858
152960 876 47 1239 97 4145 15339 8138 2290 1307 185 352 7256 2857 1610 1891 1 3049 165 6030 1135 213 79 91 5125 5033 147 3306 205 9 20 312 207 395 22 175
152961 874 47 6056 460 20369 74504 39773 11318 6263 874 1670 35366 13894 7884 9228 4 14803 758 29350 5471 1060 379 444 24785 24575 694 16083 1038 44 106 1523 989 1885 116 910
152962 875 47 13308 1014 44797 164306 87781 24757 13809 1930 3695 77806 30572 17314 20164 10 32610 1686 64644 12160 2339 847 986 54708 54239 1524 35567 2275 99 231 3354 2186 4201 251 1970
152963 892 51 316 24 1073 3914 2117 585 331 48 83 1819 728 414 477 0 777 41 1553 294 57 21 25 1315 1288 37 859 52 2 5 84 49 100 6 46
152964 1028 100 7139 547 24059 88166 47057 13302 7406 1025 1998 41833 16380 9292 10902 4 17521 895 34688 6511 1259 450 538 29318 29121 827 19076 1237 51 122 1792 1156 2238 136 1077
152967 982 54 839 62 2805 10306 5450 1569 866 120 232 4903 1922 1095 1276 0 2049 99 4024 761 151 51 61 3442 3391 101 2211 145 5 14 208 131 265 15 128
152968 987 52 2020 150 6758 24822 13229 3740 2102 290 560 11705 4620 2621 2989 1 4907 255 9732 1848 358 128 149 8282 8189 228 5347 342 15 34 505 328 633 37 300
152970 986 52 2304 170 7651 28164 14921 4238 2356 329 628 13347 5210 2969 3516 1 5601 278 11045 2051 403 144 166 9309 9304 268 6044 400 16 38 581 369 706 43 353
152971 996 59 3256 256 11060 40211 21655 6084 3388 481 901 19045 7508 4245 4938 2 8016 412 15936 2986 574 214 240 13401 13331 368 8738 558 24 55 817 539 1021 63 478
152972 976 52 10505 800 35325 129357 69056 19632 10919 1521 2909 61451 24080 13719 15893 6 25704 1315 50779 9551 1862 666 785 43088 42625 1228 28064 1813 78 181 2648 1698 3306 198 1583
152973 963 106 5010 391 16902 61861 33080 9384 5214 734 1386 29396 11493 6538 7647 2 12302 637 24386 4580 882 324 369 20638 20433 580 13379 857 36 87 1266 826 1572 95 741
152974 974 108 15429 1192 52009 190274 101770 28831 16053 2242 4280 90209 35438 20083 23533 10 37897 1949 75033 14077 2700 987 1171 63229 62946 1779 41269 2652 111 268 3879 2519 4828 292 2300
152975 946 83 6848 528 23006 84458 44925 12740 7056 985 1921 40041 15672 8910 10402 5 16802 855 33217 6198 1195 436 503 28138 27903 770 18173 1181 46 118 1709 1124 2141 131 1031
152977 948 76 1980 152 6647 24392 13054 3666 2045 282 550 11534 4552 2576 3023 1 4859 245 9646 1796 346 122 148 8070 8090 228 5295 342 14 34 501 333 627 37 293
152980 949 75 831 60 2759 10210 5389 1531 856 120 232 4814 1883 1073 1230 1 2008 99 3964 750 149 51 60 3413 3353 93 2187 140 4 14 208 126 265 15 130
152981 949 75 5695 431 19121 70234 37598 10525 5936 832 1566 33192 13051 7367 8621 4 13936 720 27738 5206 1000 365 434 23352 23226 662 15211 977 43 96 1437 936 1797 106 837
152983 946 75 6583 508 22121 80728 43304 12209 6814 959 1798 38264 15097 8513 10048 5 16055 827 31986 5968 1146 421 489 26757 26688 759 17567 1116 50 110 1660 1083 2042 125 960
152984 946 75 8461 644 28379 104107 55462 15759 8772 1234 2314 49266 19439 11050 12822 5 20706 1063 40992 7697 1489 545 618 34625 34268 977 22530 1448 62 146 2138 1366 2655 162 1261
152985 947 75 8336 630 27748 102208 54203 15371 8583 1186 2310 48245 18931 10748 12583 6 20309 1023 40063 7502 1456 514 615 33921 33716 960 21944 1438 57 144 2073 1343 2594 157 1267
152986 958 77 4736 371 15919 58564 31330 8704 4924 691 1317 27663 10854 6122 7232 3 11660 607 23120 4328 829 298 366 19488 19420 538 12692 800 36 82 1186 772 1503 86 699
152987 983 103 7057 537 23609 86918 46214 13115 7354 1030 1948 41171 16194 9156 10650 4 17277 899 34095 6454 1236 456 513 28918 28638 810 18693 1218 52 122 1766 1151 2223 132 1056
152989 974 96 7036 536 23634 86805 46288 13145 7342 1036 1941 41193 16221 9168 10740 4 17205 899 34241 6412 1239 456 528 29005 28557 819 18763 1207 56 120 1761 1137 2240 132 1042
152990 970 76 18796 1438 63194 232137 123559 34922 19594 2744 5226 110035 43133 24524 28638 16 46092 2389 91362 17135 3307 1208 1410 77164 76664 2141 50103 3229 132 328 4721 3083 5943 354 2801
152995 970 76 3186 244 10732 39365 20913 5958 3305 461 887 18680 7295 4170 4885 2 7829 393 15528 2891 568 201 238 13095 12962 364 8526 553 23 55 796 519 1010 60 483
152997 953 76 8360 647 28086 103160 55079 15540 8649 1210 2322 48833 19192 10862 12715 6 20531 1046 40679 7627 1471 537 621 34293 34048 948 22268 1446 58 144 2097 1369 2621 159 1251
152998 964 85 1859 143 6228 22948 12263 3455 1938 273 519 10830 4263 2426 2774 1 4543 238 9016 1718 325 121 138 7654 7567 213 4960 314 13 31 468 305 587 34 272
152999 962 82 3954 304 13248 48599 25803 7374 4078 564 1094 23011 9016 5136 5944 3 9646 482 19058 3566 691 244 288 16119 16018 446 10425 680 30 68 991 651 1240 73 589
153000 914 46 1312 98 4411 16222 8631 2438 1357 187 374 7693 3000 1713 2040 0 3239 160 6382 1195 230 81 97 5389 5359 147 3517 227 8 23 331 216 409 25 201
153001 958 74 1174 87 3951 14483 7687 2197 1218 169 322 6835 2690 1529 1764 0 2867 149 5682 1072 207 72 85 4827 4768 132 3126 201 8 20 294 193 375 22 174
153002 963 77 2694 199 9001 33150 17614 4980 2799 385 747 15752 6161 3489 4125 1 6581 341 13081 2465 474 167 191 11001 10968 317 7107 458 20 47 670 431 847 50 402
153003 981 90 30010 2320 100994 370023 197509 55864 31121 4369 8310 175388 68829 39054 45601 21 73632 3777 145692 27309 5269 1931 2232 122992 122273 3462 79992 5153 220 520 7528 4897 9412 564 4484
153004 988 84 13045 994 43738 160630 85338 24167 13525 1882 3641 76191 29875 16952 19851 10 31911 1634 63174 11820 2285 809 940 53411 52987 1497 34586 2245 94 227 3254 2139 4085 245 1956
153005 992 84 10514 820 35298 129249 69054 19555 10930 1523 2900 61328 24129 13607 16017 8 25708 1338 50978 9570 1836 670 770 43039 42609 1235 28078 1792 81 178 2651 1718 3290 196 1540
153006 985 79 11512 892 38716 142193 75736 21467 11927 1667 3204 67392 26442 15005 17427 8 28281 1430 55913 10512 2029 735 853 47295 46925 1319 30621 1984 80 198 2886 1891 3603 217 1726
153007 990 81 3352 248 11140 40936 21673 6206 3463 479 918 19391 7637 4339 5054 2 8123 408 16030 3018 592 203 245 13602 13479 386 8791 576 25 58 833 546 1053 63 503
153008 993 81 10039 761 33696 123496 65697 18707 10383 1442 2774 58641 22962 13031 15249 7 24523 1238 48457 9088 1774 627 739 41070 40792 1164 26627 1729 71 173 2507 1631 3158 190 1511
153009 980 79 11836 885 39659 145322 77248 22027 12225 1694 3263 68911 27113 15371 18001 8 28888 1454 57062 10685 2082 739 869 48215 47905 1370 31358 2043 88 207 2967 1932 3691 224 1778
153010 990 80 3157 244 10530 38689 20565 5859 3275 457 863 18334 7216 4080 4728 2 7672 400 15154 2872 553 201 236 12879 12710 370 8382 532 24 53 790 509 981 58 470
153011 1019 55 10334 804 34866 127762 68242 19275 10780 1522 2895 60625 23777 13469 15728 8 25378 1320 50364 9473 1816 662 763 42503 42227 1196 27633 1773 75 180 2596 1701 3263 195 1521
153012 1020 49 2747 209 9182 33904 17860 5148 2858 398 760 16043 6272 3589 4174 2 6735 337 13254 2517 490 174 199 11274 11155 319 7245 476 19 49 691 441 866 51 418
153013 962 29 15284 1185 51407 188242 100535 28458 15862 2223 4240 89418 35028 19856 23372 11 37552 1917 74247 13876 2680 976 1160 62553 62188 1747 40799 2619 113 265 3828 2491 4803 291 2278
153015 957 45 917 68 3085 11252 6071 1704 946 134 250 5326 2109 1186 1369 0 2228 118 4454 830 160 57 69 3739 3722 97 2452 155 7 15 231 151 283 18 136
153016 977 50 3272 248 10969 40446 21495 6065 3378 464 915 19151 7499 4250 5014 2 8004 413 15899 2972 574 204 240 13418 13354 386 8716 566 24 55 820 531 1021 62 490
153020 967 45 4902 379 16565 60896 32616 9110 5119 728 1357 28804 11297 6393 7465 4 12095 635 24004 4488 866 322 377 20271 20184 560 13145 835 37 84 1240 804 1547 93 726
153022 976 45 882 65 2970 10840 5805 1667 917 129 239 5138 2016 1161 1310 0 2149 110 4233 797 153 56 66 3585 3592 100 2351 153 7 15 223 144 279 17 132
153023 976 45 17055 1308 57266 209911 111825 31717 17677 2452 4735 99659 39068 22149 25982 11 41747 2113 82566 15469 2983 1072 1254 69798 69310 1983 45324 2933 122 295 4276 2777 5361 322 2559
153024 980 45 4458 337 14980 54847 29331 8289 4609 644 1227 25946 10197 5782 6750 2 10913 563 21625 4049 785 286 336 18243 18126 498 11859 754 30 76 1126 731 1380 84 670
153025 975 40 10870 825 36379 133758 70939 20186 11252 1543 3031 63347 24797 14110 16461 8 26578 1341 52391 9823 1916 670 798 44347 44122 1255 28707 1894 76 193 2730 1780 3410 207 1642
153026 969 39 1393 105 4634 17160 9015 2593 1425 198 391 8122 3180 1832 2083 0 3387 169 6658 1263 248 87 102 5710 5627 161 3631 244 9 24 346 227 442 26 215
153027 969 39 12042 920 40483 148590 79212 22459 12474 1748 3347 70325 27587 15686 18207 8 29520 1502 58356 10977 2125 769 883 49449 49083 1380 32022 2073 86 209 3032 1965 3795 228 1816
153030 981 42 3479 277 11716 42879 22990 6477 3639 511 953 20258 8056 4519 5301 2 8527 456 16944 3187 609 225 267 14301 14143 402 9350 591 27 58 868 572 1094 65 504
153031 981 42 7994 623 27039 98632 52873 14936 8313 1166 2195 46735 18421 10412 12233 5 19673 1014 39004 7270 1393 513 601 32900 32606 914 21468 1373 60 136 2015 1299 2522 152 1193
153032 980 42 997 75 3300 12165 6453 1836 1022 140 277 5752 2252 1278 1493 0 2404 120 4756 891 172 61 71 4034 4006 117 2618 171 6 17 248 158 307 18 152
153033 979 39 1120 84 3796 13829 7387 2129 1167 159 313 6622 2576 1477 1731 0 2738 132 5400 1018 195 71 84 4624 4542 127 3000 191 7 19 279 185 353 23 171
153036 978 39 11392 869 38279 140426 74886 21170 11807 1646 3145 66408 26068 14808 17247 9 27888 1430 55264 10349 2010 719 847 46648 46428 1318 30342 1966 83 197 2877 1851 3590 217 1704
153038 970 38 23331 1750 78234 287135 152352 43425 24098 3317 6499 136219 53287 30337 35503 17 57041 2849 112573 21116 4117 1440 1721 95238 94784 2695 61796 4047 163 411 5844 3801 7315 443 3543
153039 966 38 3356 254 11285 41168 22007 6298 3476 485 923 19587 7700 4367 5134 2 8226 408 16195 3046 587 213 253 13649 13623 389 8951 588 24 59 845 545 1041 65 506
153040 943 61 8718 691 29641 108191 58009 16380 9075 1275 2434 51389 20257 11400 13489 5 21632 1124 42836 7993 1534 569 662 35981 35814 1013 23526 1484 64 152 2202 1436 2744 164 1294
153041 915 35 8476 642 28406 104317 55482 15684 8763 1218 2336 49429 19366 10992 12925 6 20705 1056 41075 7683 1491 534 628 34639 34443 974 22522 1458 62 146 2123 1390 2669 161 1268
153043 905 37 1547 119 5174 19068 10140 2870 1613 224 428 9011 3545 2010 2308 1 3759 195 7483 1415 278 97 115 6372 6251 181 4103 264 12 26 387 248 489 28 231
153045 918 46 37803 2903 127219 466206 249000 70322 39241 5468 10451 220807 86895 49145 57625 26 92817 4743 183783 34422 6629 2410 2824 154968 153968 4365 100962 6469 280 653 9520 6206 11874 708 5625
153046 919 45 10260 787 34438 126091 67322 19125 10636 1487 2839 59853 23561 13311 15496 6 25070 1290 49632 9298 1792 656 753 41934 41661 1181 27257 1762 76 177 2567 1659 3214 193 1519
153047 935 49 5455 418 18457 67342 36084 10185 5642 784 1508 31970 12556 7108 8400 2 13453 682 26618 4960 959 338 409 22378 22298 621 14675 942 39 95 1376 878 1712 104 830
153049 891 32 3431 260 11511 42092 22300 6400 3519 472 957 20037 7794 4450 5210 2 8362 404 16431 3079 610 203 253 14002 13878 395 9017 603 22 61 860 559 1066 66 539
153050 890 30 2446 191 8301 30264 16253 4587 2540 355 679 14372 5679 3194 3729 1 6045 314 11952 2233 431 156 184 10108 10006 275 6610 418 17 42 616 405 768 46 361
153051 893 30 1159 86 3877 14257 7539 2159 1199 163 320 6741 2634 1522 1759 1 2829 139 5581 1046 209 70 84 4744 4695 130 3060 202 7 21 289 188 369 22 178
153052 907 37 17865 1379 60070 220180 117311 33280 18538 2582 4940 104404 40933 23237 27088 13 43774 2227 86805 16252 3130 1142 1316 73287 72681 2060 47415 3060 135 308 4505 2916 5608 339 2662
153053 915 36 13750 1049 46169 169364 90143 25593 14232 1958 3788 80180 31458 17905 20855 8 33707 1713 66573 12500 2414 859 1014 56260 55850 1571 36573 2364 99 242 3447 2252 4305 261 2072
153055 911 40 4960 374 16658 61093 32486 9221 5109 706 1367 28986 11309 6450 7514 4 12179 604 23989 4484 871 312 363 20241 20199 574 13127 859 35 87 1259 819 1539 93 755
153056 911 40 13293 1040 44842 164210 87965 24751 13841 1944 3676 77631 30614 17308 20127 9 32631 1701 64755 12172 2329 857 1007 54694 54270 1520 35608 2267 97 229 3356 2180 4180 249 1948
153057 911 40 6387 481 21349 78676 41791 11812 6621 927 1772 37001 14581 8289 9535 5 15572 809 30866 5806 1118 411 472 26159 25934 724 16897 1094 46 110 1608 1041 2010 120 957
153058 910 40 11737 901 39511 144782 77308 21870 12167 1684 3249 68548 26945 15288 17883 9 28792 1472 57023 10725 2073 744 888 48088 47809 1360 31355 2005 87 203 2956 1910 3664 223 1757
153060 909 37 2524 195 8476 31120 16602 4687 2626 371 697 14733 5801 3273 3797 1 6181 320 12267 2301 440 162 191 10344 10279 286 6720 430 16 44 626 412 792 46 374
153061 880 31 6726 507 22537 82651 43949 12468 6913 966 1872 39160 15325 8727 10176 5 16425 824 32454 6050 1188 419 498 27417 27273 760 17811 1158 48 117 1690 1107 2102 130 1015
153062 942 45 3338 262 11237 41215 22063 6195 3487 488 922 19442 7664 4320 5075 2 8181 430 16237 3051 584 214 255 13747 13589 381 8939 571 23 56 835 546 1065 63 492
153063 944 45 18008 1375 60460 221763 118071 33436 18685 2599 4980 105307 41260 23370 27442 12 44127 2234 87275 16359 3156 1126 1311 73706 73228 2082 47855 3112 135 310 4531 2949 5658 337 2703
153064 944 42 6694 501 22497 82447 43874 12468 6938 962 1858 39092 15334 8687 10209 3 16416 810 32409 6044 1177 422 495 27373 27253 778 17776 1148 49 119 1687 1087 2112 127 1017
153065 943 42 6623 497 22295 81669 43571 12394 6860 958 1836 38804 15210 8648 10105 4 16239 818 32081 6040 1164 421 490 27134 26958 761 17625 1147 46 116 1654 1080 2076 125 1003
153066 943 42 3839 284 12794 47231 24983 7125 3966 545 1066 22388 8773 4978 5809 2 9367 454 18446 3491 682 232 284 15676 15565 452 10148 674 27 67 955 628 1209 71 586
153067 935 41 4960 380 16654 61101 32608 9221 5159 720 1368 28964 11357 6449 7528 3 12178 629 24026 4512 877 313 370 20346 20170 574 13225 849 35 84 1245 804 1565 92 744
153069 927 33 7040 557 23775 87003 46474 13192 7281 1015 1967 41295 16218 9182 10811 4 17379 867 34383 6415 1233 446 517 28900 28792 810 18798 1202 49 124 1772 1165 2205 133 1052
153070 930 36 6855 521 23010 84512 44949 12732 7091 987 1902 40107 15689 8909 10486 4 16838 873 33324 6235 1207 426 499 28103 27894 790 18290 1172 52 119 1726 1122 2139 130 1024
153071 892 34 6998 550 23513 86484 46312 12888 7283 1027 1946 40882 16054 9042 10676 4 17228 905 34181 6397 1218 451 540 28803 28662 799 18767 1181 54 120 1751 1149 2218 127 1022
153072 896 34 3515 275 11875 43547 23336 6561 3658 518 965 20643 8091 4589 5400 3 8698 443 17256 3201 620 230 267 14470 14462 405 9401 603 26 61 894 583 1106 68 519
153073 894 35 1651 130 5583 20441 10867 3120 1724 241 460 9778 3809 2160 2539 1 4081 209 8074 1507 292 106 116 6796 6753 197 4427 286 11 29 410 265 522 30 249
153074 895 35 10004 769 33548 122886 65600 18582 10361 1448 2758 58353 22929 12965 15380 7 24446 1250 48439 9068 1759 634 739 40794 40477 1161 26646 1709 76 171 2521 1628 3118 190 1486
153075 926 49 17556 1362 59163 216211 115372 32775 18228 2523 4848 102692 40284 22785 26852 14 43063 2173 85145 15975 3073 1107 1278 71910 71421 2018 46704 3000 129 302 4385 2867 5492 327 2609
153076 947 60 7571 571 25419 93245 49525 14055 7819 1075 2097 44197 17328 9852 11600 6 18557 929 36698 6879 1330 467 555 30906 30834 887 20050 1304 55 133 1909 1230 2365 139 1137
153077 987 82 6804 538 22754 83625 44605 12607 7057 982 1887 39568 15560 8829 10295 6 16607 863 33027 6197 1189 437 502 27804 27601 790 18088 1148 53 116 1706 1117 2146 125 975
153078 989 82 22194 1717 74670 274019 146405 41181 23109 3249 6148 129778 51004 28857 33815 15 54537 2844 108286 20268 3900 1418 1646 91322 90569 2561 59377 3776 168 376 5587 3622 6989 413 3270
153079 991 82 3896 290 13035 47881 25498 7231 4028 561 1073 22748 8907 5075 5913 2 9490 480 18832 3541 683 243 287 15945 15755 455 10335 671 28 66 972 622 1225 74 584
153080 989 82 5834 445 19638 71989 38483 10898 6020 847 1627 34067 13356 7605 8844 4 14328 720 28293 5310 1024 372 431 23907 23855 661 15538 1006 39 103 1468 952 1828 113 882
153081 989 82 4431 341 14925 54662 29138 8295 4574 639 1232 25941 10164 5801 6797 3 10908 541 21516 4011 785 287 332 18204 18037 511 11857 759 32 78 1113 712 1394 85 673
153082 989 83 351 24 1196 4348 2266 670 353 46 99 2100 812 466 552 0 862 39 1681 308 62 18 24 1438 1426 40 914 64 3 6 88 60 107 6 58
153083 989 83 1479 115 4987 18284 9751 2790 1525 213 411 8713 3381 1939 2233 0 3607 186 7197 1340 259 92 113 6065 6066 171 3945 257 9 26 369 243 464 28 228
153086 988 82 1822 133 6015 22141 11690 3342 1846 249 501 10496 4096 2343 2699 1 4383 210 8614 1616 316 106 130 7333 7267 203 4744 319 13 31 448 303 558 34 280
153087 977 62 5934 448 19855 72816 38878 10983 6121 850 1633 34492 13518 7697 8972 4 14497 740 28681 5362 1040 367 434 24160 24114 676 15743 1020 41 103 1501 975 1867 113 892
153088 950 41 6873 512 23105 84653 45071 12793 7079 980 1912 40088 15732 8941 10521 4 16840 834 33278 6213 1206 423 508 28022 27927 787 18307 1196 49 123 1734 1131 2134 133 1049
153089 977 53 628 50 2105 7745 4119 1164 644 89 177 3646 1440 802 951 0 1529 79 3047 572 106 38 47 2571 2561 72 1676 107 4 10 155 106 195 12 93
153090 977 53 3555 275 11915 43922 23395 6607 3684 519 992 20793 8156 4613 5374 1 8741 454 17262 3240 620 231 263 14600 14527 407 9472 606 25 61 893 582 1112 67 525
153091 969 39 9710 749 32692 120020 63980 18090 10063 1402 2699 56979 22313 12647 14933 7 23899 1208 47361 8847 1716 605 729 39875 39715 1132 25943 1674 70 169 2432 1599 3063 182 1453
153092 969 39 1108 88 3756 13749 7416 2056 1158 161 303 6493 2573 1444 1715 1 2762 139 5477 1018 192 71 89 4561 4556 128 3024 188 8 18 278 186 352 20 162
153095 968 49 939 68 3116 11517 6081 1725 955 128 263 5460 2125 1208 1432 0 2272 104 4499 837 163 54 66 3808 3807 110 2452 164 6 15 238 157 296 18 146
153096 964 45 6214 480 20946 76759 41046 11581 6464 900 1727 36430 14326 8107 9547 4 15272 805 30329 5641 1098 395 469 25545 25389 720 16672 1074 47 108 1559 1027 1953 117 922
153097 963 45 10679 798 35706 131211 69600 19828 11005 1524 2955 62255 24412 13894 16260 6 26035 1295 51474 9623 1856 665 780 43502 43247 1217 28152 1837 75 188 2682 1762 3342 202 1614
153099 963 45 2948 224 9897 36406 19455 5456 3060 425 814 17280 6758 3835 4481 2 7214 371 14302 2695 518 189 220 12159 12063 331 7867 505 21 51 740 490 927 54 435
153101 957 39 5699 434 19141 70384 37300 10654 5899 823 1580 33428 13069 7420 8638 3 13970 716 27573 5178 1009 361 420 23400 23207 663 15097 979 40 101 1431 921 1789 107 865
153102 959 39 24135 1847 81051 297692 158958 44841 25050 3514 6666 140904 55369 31370 36474 18 59177 3036 117227 22010 4228 1548 1795 98823 98471 2775 64321 4121 170 421 6051 3984 7586 450 3588
153103 958 39 1691 130 5713 20889 11122 3168 1755 243 467 9952 3893 2216 2569 1 4164 210 8188 1544 297 108 120 6922 6908 190 4498 292 10 30 423 279 529 32 257
153105 952 52 208 15 678 2526 1330 374 211 30 58 1186 470 265 313 0 507 25 1002 182 36 12 15 834 832 23 539 35 1 3 52 34 62 3 30
153107 952 52 15099 1162 50814 186415 99646 28081 15707 2206 4176 88236 34628 19636 23018 11 37056 1914 73543 13761 2667 967 1131 61956 61611 1756 40275 2597 114 259 3818 2476 4742 287 2247
153108 956 44 4527 342 15289 55929 30011 8447 4701 662 1251 26529 10409 5908 6922 2 11128 571 22059 4148 800 288 339 18572 18478 533 12143 775 34 79 1159 742 1429 85 674
153110 959 59 6313 493 21332 77725 41735 11787 6536 925 1730 36902 14547 8193 9617 4 15491 791 30722 5757 1098 408 471 25827 25709 722 16948 1074 46 111 1589 1037 1972 119 942
153111 954 49 3701 280 12406 45476 24171 6843 3813 534 1014 21485 8418 4783 5621 2 9048 461 17857 3334 648 234 270 15061 15018 423 9756 641 27 65 936 611 1158 69 555
153112 970 45 1650 121 5568 20362 10825 3083 1708 231 456 9664 3764 2153 2504 1 4028 193 7980 1501 293 99 125 6746 6732 192 4377 288 10 29 414 272 513 30 256
153116 961 65 3481 266 11682 42884 22845 6476 3596 499 965 20382 7988 4521 5296 2 8541 431 16879 3176 607 218 255 14267 14156 392 9266 591 25 61 862 573 1087 65 522
153117 967 65 7799 614 26264 96297 51187 14546 8116 1129 2163 45782 17908 10163 11987 6 19151 980 37913 7125 1376 491 580 32009 31794 913 20807 1349 57 136 1961 1266 2447 146 1174
153118 966 64 2622 205 8907 32320 17422 4925 2739 382 712 15368 6059 3423 4056 1 6440 332 12815 2399 466 166 203 10745 10686 305 7118 452 18 45 668 419 817 52 395
153120 966 64 1390 109 4683 17122 9209 2589 1446 203 376 8054 3201 1806 2081 0 3419 182 6780 1264 245 93 106 5685 5657 157 3731 239 9 23 348 224 441 27 204
153122 913 31 2950 219 9862 36382 19219 5475 3061 421 819 17196 6727 3847 4441 1 7201 363 14170 2693 524 184 214 12118 11990 339 7806 506 20 54 734 480 925 55 452
153123 916 42 3452 264 11629 42575 22661 6448 3580 498 962 20265 7935 4513 5341 3 8485 424 16796 3139 608 221 256 14151 14055 400 9222 601 23 60 859 554 1088 67 526
153124 931 45 4619 351 15524 56866 30275 8606 4755 669 1286 27005 10571 6007 7016 3 11304 565 22334 4150 814 290 340 18899 18765 520 12274 796 32 80 1162 763 1441 87 702
153125 943 51 8562 657 28701 105375 56294 15888 8814 1244 2369 49805 19547 11119 12906 7 20919 1073 41549 7738 1504 545 634 35044 34904 969 22738 1470 58 148 2141 1388 2688 163 1288
153126 932 45 1754 134 5880 21625 11523 3266 1833 256 487 10201 4023 2267 2666 1 4282 224 8487 1615 307 113 135 7196 7105 212 4662 297 13 29 434 286 552 32 255
153128 932 44 21533 1625 72023 264907 140553 39886 22343 3113 5983 125261 49166 27930 32504 16 52550 2660 103900 19560 3784 1353 1583 88150 87148 2494 57013 3702 158 372 5398 3499 6779 403 3225
153129 932 44 3880 301 13004 47724 25558 7155 4071 580 1048 22583 8922 5058 5855 3 9493 502 18909 3527 688 254 292 15973 15761 439 10379 654 30 67 975 626 1231 72 565
153130 934 44 6875 542 23318 85259 45736 12925 7191 1014 1900 40454 15908 8992 10598 5 16974 872 33746 6300 1206 443 531 28320 28267 804 18563 1177 51 119 1732 1118 2180 130 1024
153131 934 44 9256 707 31080 114175 60634 17282 9554 1328 2582 54100 21179 12055 13991 5 22717 1147 44777 8384 1628 590 681 37956 37693 1057 24485 1584 63 161 2319 1518 2899 177 1397
153132 931 48 15398 1187 51753 190076 101308 28682 15985 2247 4282 90088 35267 20040 23409 12 37795 1949 74776 14031 2713 981 1142 63166 62848 1774 40952 2631 113 267 3853 2525 4838 290 2286
153133 929 47 1878 143 6386 23238 12425 3540 1938 273 516 11023 4344 2477 2939 1 4639 231 9246 1715 333 118 139 7675 7672 225 5064 324 15 33 483 309 588 37 282
153134 929 47 8265 625 27621 101458 53964 15320 8545 1184 2270 48155 18863 10708 12554 5 20199 1019 39875 7480 1451 517 612 33665 33505 952 21905 1417 58 145 2058 1352 2593 153 1231
153136 932 47 9155 676 30631 112569 59681 17000 9409 1304 2567 53405 20879 11913 13830 6 22344 1093 44084 8240 1604 560 670 37349 37112 1052 24134 1586 61 161 2296 1504 2871 173 1399
153137 935 49 6534 494 21983 80504 42869 12183 6771 949 1809 38218 14988 8497 10043 5 16011 808 31726 5949 1150 414 482 26815 26550 754 17373 1124 47 116 1639 1052 2044 122 987
153138 931 48 3396 258 11397 41834 22427 6280 3550 504 931 19772 7801 4411 5163 2 8300 436 16486 3106 608 225 258 13937 13794 394 9074 580 25 58 856 557 1078 63 494
153140 931 48 1946 138 6461 23857 12664 3570 2001 276 533 11272 4439 2509 2957 1 4734 241 9383 1743 343 121 133 7912 7875 225 5123 335 14 32 491 311 610 36 291
153141 922 41 11503 905 38799 142044 75772 21502 11993 1675 3192 67445 26476 14973 17581 6 28245 1443 55901 10498 2040 732 856 47303 46838 1328 30720 1983 81 199 2888 1876 3630 218 1721
153142 924 42 22750 1753 76374 280898 149726 42320 23715 3333 6299 132724 52222 29616 34438 16 55727 2907 110554 20800 4009 1475 1717 93348 92705 2626 60645 3905 171 394 5714 3702 7164 427 3377
153144 922 41 9095 693 30465 111728 59203 16991 9343 1286 2538 53070 20747 11830 13820 6 22229 1123 43787 8224 1588 558 658 37154 36840 1040 24035 1565 62 160 2265 1472 2832 171 1381
153146 922 41 4802 375 16140 59227 31452 8979 4976 685 1346 28059 10955 6239 7287 4 11704 603 23257 4405 846 299 355 19716 19498 551 12720 834 32 83 1200 780 1508 92 728
153147 923 41 2325 175 7833 28704 15316 4321 2417 331 642 13595 5324 3016 3507 1 5691 286 11318 2125 410 142 171 9522 9527 274 6176 401 17 40 594 378 727 43 353
153148 903 39 2557 191 8492 31378 16608 4733 2609 363 713 14767 5808 3316 3791 1 6204 314 12250 2291 452 159 185 10414 10340 290 6710 438 16 45 634 411 806 49 389
153149 907 40 24923 1901 83668 306769 163149 46386 25788 3590 6897 145576 57076 32410 38005 15 61023 3074 120581 22608 4379 1566 1837 101988 101170 2855 66104 4312 177 437 6265 4060 7796 473 3776
153150 906 39 7980 620 27030 98705 52792 14992 8315 1178 2198 46810 18458 10444 12160 4 19661 1006 38915 7310 1394 524 592 32887 32549 906 21474 1353 58 137 2012 1311 2515 150 1184
153151 907 39 13728 1054 46302 169560 90794 25579 14239 2016 3802 80271 31590 17880 20907 10 33744 1763 66923 12518 2416 890 1034 56469 56010 1575 36742 2338 100 235 3479 2256 4295 261 2036
153155 903 39 3275 248 11092 40261 21695 6136 3389 484 902 19089 7544 4256 4937 2 8027 415 15902 2966 570 208 244 13363 13346 366 8766 561 24 56 821 533 1017 62 487
153156 907 41 10044 778 33652 123580 65993 18606 10421 1477 2748 58472 23007 13054 15189 6 24586 1277 48722 9136 1766 653 745 41152 40744 1135 26721 1712 73 171 2528 1635 3158 191 1487
153157 910 42 624 42 2079 7608 3982 1175 624 85 173 3638 1413 809 956 0 1510 69 2963 545 110 34 43 2506 2515 70 1609 110 3 11 156 102 190 12 100
153158 912 42 18585 1440 62658 229771 122717 34508 19330 2702 5167 108727 42694 24154 28227 13 45681 2347 90525 17033 3256 1186 1398 76437 76010 2132 49621 3183 136 322 4679 3041 5868 346 2767
153160 953 62 856 65 2824 10430 5555 1569 881 123 233 4903 1939 1101 1283 0 2060 108 4096 775 149 54 62 3473 3416 98 2261 143 7 14 212 140 270 16 122
153161 954 61 1526 118 5123 18823 10044 2834 1592 220 419 8962 3501 1982 2328 1 3769 189 7462 1386 263 98 117 6267 6241 176 4073 257 12 25 380 251 481 28 223
153162 957 59 5884 440 19697 72295 38429 10925 6067 848 1637 34136 13450 7636 8867 4 14368 731 28372 5331 1025 372 433 23988 23844 682 15570 1012 44 103 1480 965 1826 110 878
153163 959 62 12302 948 41369 151631 80635 22963 12777 1785 3404 72100 28257 16026 18780 7 30204 1529 59564 11196 2169 781 904 50454 49972 1421 32670 2132 87 214 3078 2005 3862 232 1858
153165 906 37 1793 131 5973 22024 11530 3326 1829 245 510 10434 4043 2309 2658 1 4339 205 8522 1609 308 108 123 7311 7244 203 4647 311 11 31 440 298 557 32 272
153166 909 40 1659 127 5547 20404 10953 3043 1725 243 456 9613 3796 2140 2465 1 4021 222 8065 1526 286 109 127 6809 6765 188 4411 276 12 27 419 270 517 30 232
153169 922 51 6177 470 20817 76355 40553 11579 6401 888 1725 36279 14180 8031 9426 5 15144 766 29834 5618 1092 382 456 25408 25159 718 16455 1076 42 107 1539 1004 1936 116 942
153170 922 51 7913 610 26647 97651 51976 14777 8236 1150 2203 46402 18150 10294 12074 7 19345 995 38395 7228 1391 497 589 32488 32253 928 21047 1372 60 137 1974 1281 2477 147 1183
153171 922 51 1941 140 6485 23830 12672 3607 1994 277 536 11224 4418 2518 2880 1 4716 236 9289 1752 343 120 140 7916 7855 214 5139 331 12 34 489 306 609 38 302
153173 915 35 9225 691 30934 113470 60338 17169 9509 1322 2561 53856 21095 11998 14013 6 22538 1135 44481 8323 1627 572 668 37700 37445 1051 24461 1598 62 163 2299 1490 2883 174 1406
153174 917 39 2852 217 9542 34994 18570 5319 2927 399 796 16641 6486 3685 4315 1 6982 347 13702 2561 505 171 207 11583 11591 325 7526 492 18 50 718 465 883 53 437
153175 915 39 41500 3164 139379 511618 272536 77274 43000 6021 11480 242761 95155 53975 63092 30 101721 5185 201197 37727 7325 2623 3072 170109 169051 4788 110384 7110 300 729 10380 6759 13038 781 6232
153176 923 36 13266 1011 44550 163111 87204 24667 13695 1913 3656 77213 30305 17205 20101 8 32440 1654 64237 12034 2323 839 982 54168 53899 1508 35306 2284 97 230 3335 2182 4137 254 1989
153177 921 35 11357 870 38086 140096 74636 21056 11827 1648 3132 66256 26068 14772 17261 7 27732 1429 55119 10386 1993 739 853 46736 46156 1317 30226 1936 87 193 2857 1858 3583 212 1679
153178 922 35 2452 194 8315 30336 16348 4552 2550 359 679 14426 5719 3185 3825 1 6056 319 12083 2254 424 158 185 10083 10046 290 6642 412 19 41 614 404 761 45 353
153179 925 35 52467 4069 176347 647192 345335 97549 54634 7664 14478 306495 120452 68273 79497 37 128541 6663 254960 47930 9251 3358 3898 215414 213592 6083 139900 8969 397 901 13219 8544 16536 985 7749
153183 911 38 6956 529 23367 85797 45656 12974 7190 1010 1928 40763 15943 9079 10599 6 17039 868 33752 6294 1224 443 516 28532 28339 810 18500 1208 50 121 1746 1131 2189 131 1046
153185 911 37 666 47 2196 8112 4256 1232 683 96 184 3830 1508 861 971 0 1586 76 3130 593 118 41 45 2698 2648 75 1711 115 5 11 162 103 206 12 105
153186 946 51 4981 378 16599 60957 32241 9206 5142 707 1372 28975 11322 6428 7570 3 12059 603 23882 4485 860 301 355 20262 20038 585 13070 859 37 87 1247 808 1552 93 752
153187 953 75 12316 933 41368 151665 80675 22890 12743 1768 3408 71934 28166 16028 18798 9 30175 1517 59647 11146 2169 765 917 50229 50089 1415 32696 2138 91 214 3100 2010 3851 235 1855
153188 956 78 3449 258 11541 42401 22506 6397 3558 492 962 20049 7863 4461 5215 3 8431 419 16632 3132 602 214 250 14044 14013 397 9108 596 24 60 856 563 1080 66 517
153191 980 86 7646 588 25638 94208 50106 14234 7952 1107 2122 44703 17534 9926 11627 4 18755 946 37021 6966 1348 478 562 31305 31105 890 20309 1313 57 131 1908 1243 2410 142 1142
153192 979 83 709 49 2365 8687 4540 1322 736 98 201 4103 1600 912 1065 0 1718 86 3369 643 125 41 48 2886 2863 88 1842 126 4 12 176 109 220 12 111
153194 964 81 1369 103 4570 16807 8889 2552 1396 190 375 7952 3113 1795 2071 0 3344 160 6578 1213 243 80 99 5554 5533 156 3611 242 9 24 350 225 427 27 215
153195 967 77 1817 138 6024 22274 11767 3345 1870 255 501 10488 4132 2355 2756 1 4412 229 8702 1657 313 117 137 7358 7304 209 4786 312 13 31 448 296 568 34 270
153196 975 77 4509 338 15035 55122 29323 8343 4634 646 1252 26145 10252 5844 6764 3 10945 542 21628 4054 794 284 322 18292 18203 517 11861 767 33 78 1133 745 1393 84 673
153197 967 85 8961 675 30128 110289 58678 16699 9263 1286 2478 52406 20505 11670 13657 6 21911 1111 43365 8118 1570 559 652 36644 36401 1017 23747 1541 66 156 2252 1466 2797 172 1358
153198 987 81 6867 532 23037 84496 44883 12796 7060 976 1914 39970 15645 8915 10435 5 16815 839 33183 6231 1203 430 510 28070 27858 787 18235 1180 47 121 1720 1117 2151 134 1046
153200 978 82 2848 218 9446 35003 18512 5260 2962 412 775 16489 6487 3690 4237 3 6933 353 13679 2592 500 181 207 11633 11512 329 7500 489 20 49 714 468 903 53 421
153201 993 84 3766 287 12706 46365 24915 7031 3897 550 1032 21967 8643 4891 5720 2 9213 474 18299 3433 664 239 288 15425 15354 434 10121 653 25 63 945 615 1177 72 563
153202 994 84 13212 1001 44371 162352 86431 24619 13642 1895 3675 76981 30163 17159 19912 10 32293 1609 63701 11979 2322 822 958 53918 53635 1504 34992 2280 94 234 3285 2167 4118 250 1993
153203 976 75 998 79 3365 12368 6533 1853 1038 140 286 5896 2299 1301 1537 1 2460 124 4854 909 171 61 74 4121 4075 113 2645 170 6 18 252 168 311 18 153
153204 959 78 3120 238 10431 38207 20220 5821 3215 447 858 18223 7129 4054 4792 2 7588 369 14966 2819 554 192 226 12742 12552 363 8236 542 21 56 772 497 981 59 479
153205 921 42 15123 1131 50662 186348 99002 28137 15607 2154 4216 88329 34518 19678 23042 10 36926 1868 73075 13702 2664 949 1109 61912 61488 1735 40058 2621 104 267 3789 2469 4745 289 2307
153206 944 60 1191 91 3983 14653 7775 2219 1225 169 336 6951 2722 1548 1782 1 2916 150 5743 1071 210 73 88 4862 4835 138 3145 200 8 19 295 199 373 22 179
153207 935 45 6555 502 22066 80732 43109 12186 6804 942 1824 38257 15004 8496 10018 5 16080 824 31856 5971 1143 403 483 26799 26758 766 17442 1124 47 115 1645 1057 2035 122 985
153208 952 53 12091 927 40573 148785 79320 22480 12523 1738 3336 70424 27670 15725 18412 8 29558 1519 58563 10989 2122 766 908 49429 49061 1384 32192 2072 86 208 3041 1975 3777 231 1811
153209 917 50 974 75 3259 11915 6276 1833 991 130 272 5686 2207 1257 1498 0 2360 113 4619 876 166 57 65 3949 3933 110 2529 172 6 17 246 158 297 18 152
153210 921 67 8739 668 29381 107814 57257 16319 9071 1261 2423 51110 20057 11374 13258 7 21416 1071 42308 7949 1540 552 644 35824 35596 1009 23220 1511 63 150 2205 1415 2764 164 1322
153211 932 59 7707 585 25844 94788 50586 14294 7967 1120 2126 44901 17616 10023 11728 5 18865 958 37396 6957 1351 486 563 31456 31324 868 20550 1329 57 133 1938 1275 2418 145 1146
153212 936 54 2592 195 8682 31926 17058 4787 2673 375 724 15042 5901 3357 3928 2 6349 329 12638 2332 458 163 191 10567 10621 290 6895 443 18 46 652 425 815 50 389
153213 927 36 5879 453 19771 72464 38537 10995 6083 841 1643 34419 13454 7681 8898 5 14424 726 28377 5339 1037 371 438 24080 23971 671 15641 1013 39 104 1464 962 1848 110 893
153214 916 48 2673 194 8965 32983 17480 4980 2745 381 752 15634 6092 3475 4029 2 6547 323 12915 2415 466 161 189 10923 10897 294 7033 467 18 46 674 442 833 52 413
153215 924 49 892 69 3052 11044 5961 1685 912 123 244 5279 2049 1171 1423 0 2220 105 4389 806 154 52 70 3638 3682 100 2415 155 5 17 229 151 275 17 140
153216 832 41 2354 182 7938 28978 15473 4391 2456 339 648 13754 5404 3065 3591 1 5765 300 11417 2141 414 146 176 9662 9569 274 6293 404 16 40 590 383 736 44 348
153217 850 50 3652 281 12310 44978 23990 6781 3782 527 1004 21336 8409 4750 5540 2 8977 458 17700 3318 638 235 268 14976 14813 411 9731 631 26 63 919 597 1148 68 550
153218 896 79 5246 395 17580 64728 34448 9718 5426 748 1479 30712 12025 6815 8110 4 12891 650 25498 4750 912 317 395 21435 21398 610 13946 917 37 92 1312 869 1645 97 781
153219 897 79 5749 456 19494 71165 38224 10704 6007 845 1583 33723 13304 7482 8810 4 14209 737 28207 5300 1011 370 441 23696 23562 667 15537 981 40 98 1460 938 1813 109 845
153220 912 80 17937 1392 60618 221678 118473 33548 18686 2620 4977 105277 41399 23414 27622 13 44128 2285 87507 16411 3152 1151 1361 73832 73136 2102 48031 3082 136 313 4522 2936 5624 341 2670
153221 959 95 5733 433 19167 70574 37472 10644 5923 823 1584 33392 13089 7406 8623 4 13998 721 27681 5219 1013 358 427 23434 23315 675 15161 987 40 99 1436 933 1800 107 859
153222 937 77 19295 1460 64586 237173 125953 35851 19923 2747 5365 112274 44028 25023 29313 13 47209 2384 93185 17442 3380 1188 1410 78809 78263 2219 51045 3330 140 338 4836 3157 6035 366 2914
153223 932 72 16923 1301 56725 208592 111153 31464 17561 2482 4690 98794 38712 22019 25605 13 41395 2110 81977 15384 2976 1095 1261 69308 68899 1949 44923 2891 127 293 4245 2770 5340 318 2524
153224 885 52 13545 1036 45245 166397 88693 25072 14006 1961 3717 78711 30967 17525 20413 10 33026 1710 65453 12297 2383 859 1006 55335 54930 1566 35911 2317 99 233 3418 2214 4277 252 2006
153226 907 59 23324 1798 78208 287302 152799 43342 24256 3380 6453 136049 53357 30289 35249 17 57056 2932 112969 21246 4081 1483 1716 95475 94780 2670 61825 3994 170 402 5858 3816 7300 435 3473
153227 913 64 8214 618 27530 101182 53831 15320 8466 1181 2279 47862 18743 10719 12403 6 20112 1021 39697 7411 1447 515 607 33560 33454 932 21780 1417 57 144 2047 1348 2605 155 1235
153228 896 46 14867 1152 49899 183122 97763 27503 15472 2163 4096 86564 34073 19297 22485 11 36420 1891 72179 13564 2602 946 1096 60923 60458 1699 39676 2528 110 253 3722 2412 4712 276 2185
153230 906 52 3670 282 12225 45118 23912 6792 3763 514 1016 21401 8334 4746 5544 2 8942 451 17703 3316 642 221 264 14910 14921 430 9658 629 26 62 933 596 1151 69 551
153231 918 53 11194 851 37516 137653 73321 20831 11610 1626 3082 65207 25703 14550 16970 7 27380 1398 54141 10108 1965 708 835 45860 45382 1291 29749 1909 83 194 2803 1813 3537 209 1667
153232 904 44 4706 363 15880 58217 31150 8774 4883 679 1311 27662 10826 6115 7222 3 11553 602 23011 4302 831 302 352 19384 19272 554 12623 808 33 81 1189 768 1484 87 703
153233 893 50 2710 208 9192 33483 17862 5155 2793 391 749 15992 6251 3563 4164 2 6654 334 13173 2454 484 168 199 11099 11097 310 7234 473 18 48 675 444 847 52 412
153234 926 57 964 72 3203 11848 6262 1778 984 135 277 5578 2191 1240 1466 0 2348 116 4617 875 165 58 71 3945 3885 111 2542 166 6 16 235 161 299 17 144
153235 945 59 2254 165 7542 27518 14654 4217 2310 323 618 13105 5124 2921 3395 1 5456 266 10757 2028 398 138 166 9130 9112 261 5925 388 15 41 557 359 694 43 349
153237 953 75 970 74 3300 12076 6423 1828 1009 139 276 5717 2236 1274 1541 1 2423 125 4799 888 172 63 77 3995 3994 116 2611 166 7 17 244 162 298 19 145
153238 956 75 1751 137 5910 21597 11542 3264 1799 245 489 10243 4007 2281 2683 1 4315 208 8505 1598 303 104 132 7174 7157 197 4678 299 11 31 439 285 549 34 267
153239 984 90 15187 1151 50897 186827 99004 28357 15679 2156 4232 88690 34710 19777 22929 11 37048 1857 73000 13770 2667 937 1108 62003 61573 1763 40086 2633 108 268 3785 2486 4790 287 2287
153240 949 63 2713 207 9126 33538 17924 5043 2814 399 752 15838 6251 3520 4079 2 6635 349 13245 2502 478 176 200 11188 11061 314 7274 456 19 44 677 448 861 51 396
153241 950 63 20346 1571 68507 251205 134092 37851 21193 2974 5631 119087 46776 26495 30933 17 49959 2578 99019 18635 3604 1307 1532 83592 83006 2351 54361 3454 150 352 5125 3319 6408 376 3022
153242 952 63 3459 261 11692 42777 22997 6476 3580 502 961 20360 7960 4510 5347 1 8551 426 16927 3141 608 224 264 14162 14233 389 9261 595 24 60 870 580 1069 68 520
153243 952 63 23727 1834 79723 292568 156130 44026 24623 3432 6583 138456 54402 30803 36150 21 58120 2969 115389 21556 4161 1497 1756 97151 96678 2735 63223 4063 176 412 5971 3890 7429 451 3531
153244 952 66 6191 478 20766 76000 40532 11454 6412 887 1707 36083 14147 8000 9440 4 15123 765 29878 5597 1083 390 459 25285 25027 717 16520 1060 43 105 1555 1007 1934 116 928
153245 959 67 16213 1241 54462 199652 106542 30164 16800 2315 4467 94555 37107 21078 24615 10 39765 2029 78555 14760 2840 1018 1199 66315 65924 1860 43181 2787 118 283 4067 2659 5077 306 2425
153246 930 60 2376 186 8065 29485 15836 4405 2468 348 659 13961 5480 3090 3642 1 5884 304 11639 2184 422 156 179 9807 9754 271 6401 411 17 41 600 392 742 44 356
153247 935 63 8977 687 30255 110760 59179 16735 9315 1304 2483 52535 20646 11677 13637 5 22052 1129 43606 8171 1580 580 681 36907 36538 1027 24050 1541 64 155 2257 1474 2835 169 1334
153248 947 67 13126 1004 44140 161934 86595 24378 13608 1916 3631 76607 30092 17072 19954 10 32197 1635 63800 11965 2310 839 981 53665 53624 1499 34990 2246 97 227 3319 2164 4103 251 1972
153250 941 64 18907 1455 63665 232870 124619 35225 19540 2719 5218 110508 43339 24594 28894 15 46333 2377 91997 17136 3318 1178 1418 77317 77021 2192 50489 3242 138 328 4775 3094 5928 362 2825
153251 950 61 1204 91 4028 14731 7860 2257 1244 172 329 7001 2750 1549 1838 0 2924 150 5792 1094 214 71 90 4863 4864 146 3205 206 7 21 297 193 383 22 180
153252 952 61 2761 213 9287 33955 18022 5160 2833 384 763 16098 6322 3581 4142 1 6734 339 13293 2495 483 171 204 11296 11226 314 7299 477 18 50 686 449 867 52 428
153253 946 76 7367 571 24764 91049 48427 13787 7652 1061 2063 43034 16872 9604 11165 6 18008 938 35771 6768 1301 468 551 30306 29959 849 19609 1273 52 128 1850 1199 2325 142 1113
153254 960 82 7929 608 26568 97306 52112 14710 8218 1157 2192 46186 18157 10296 12094 4 19392 1007 38489 7181 1388 513 596 32322 32125 910 21142 1357 59 136 1978 1287 2485 151 1173
153256 958 79 36916 2829 123862 454075 241524 68781 38250 5330 10221 215455 84467 47936 55775 28 90151 4593 178218 33540 6465 2332 2710 150944 149883 4272 97795 6335 265 642 9235 6028 11560 693 5535
153257 960 64 9175 699 30843 113012 60310 17052 9526 1336 2526 53557 21029 11919 13992 6 22438 1153 44556 8379 1618 588 691 37593 37309 1073 24480 1570 68 158 2316 1476 2880 173 1369
153258 893 41 5789 446 19456 71155 38102 10740 6004 838 1584 33755 13293 7510 8899 4 14170 729 28104 5241 1024 368 439 23705 23490 676 15447 995 44 100 1460 944 1812 108 863
153259 913 42 7212 545 24164 88878 47074 13439 7425 1028 2004 42122 16486 9397 10976 5 17641 896 34809 6518 1278 449 536 29518 29247 842 19133 1256 54 125 1788 1168 2269 136 1094
153260 907 45 4179 321 14008 51438 27287 7807 4323 606 1166 24478 9562 5456 6395 3 10234 511 20179 3788 738 261 302 17096 16954 484 11069 724 29 71 1037 679 1304 77 629
153261 1043 89 8141 634 27240 100175 53517 15115 8470 1189 2238 47342 18701 10553 12317 6 19911 1062 39515 7441 1431 528 617 33335 33108 943 21707 1375 60 137 2039 1334 2550 151 1186
153262 1039 90 8257 639 27680 101678 54225 15317 8557 1199 2288 48128 18925 10714 12559 6 20183 1051 40132 7510 1447 528 616 33880 33504 955 22027 1401 62 142 2068 1350 2598 155 1218
153264 1042 98 43 2 143 518 254 86 41 4 12 254 92 56 68 0 101 2 187 35 8 1 2 170 168 4 103 9 0 1 10 6 12 1 9
153265 1041 98 8024 618 27086 99255 53205 14963 8327 1190 2246 46988 18454 10442 12176 5 19782 1021 39110 7303 1415 530 612 33019 32870 914 21492 1373 59 139 2018 1326 2524 150 1190
153266 997 71 11540 889 38769 141790 75548 21476 11954 1676 3210 67275 26417 14986 17322 7 28199 1448 55608 10479 2021 731 832 47211 46786 1322 30578 1987 82 202 2881 1867 3607 215 1737
153267 1031 77 3624 279 12240 44701 23884 6798 3767 528 1006 21275 8336 4729 5514 3 8905 454 17617 3293 636 229 267 14865 14761 417 9651 623 25 64 906 592 1132 70 541
153268 1031 77 3433 262 11498 42213 22370 6425 3530 490 945 20055 7853 4469 5188 2 8384 422 16543 3087 603 211 247 14050 13908 393 9067 592 24 59 861 567 1068 65 512
153269 1000 63 8311 646 28024 103002 55014 15451 8669 1222 2294 48784 19141 10826 12798 6 20496 1061 40837 7589 1460 538 637 34198 34130 967 22268 1417 66 143 2111 1362 2611 157 1226
153270 1007 68 9515 715 31940 117296 62173 17727 9871 1368 2663 55695 21772 12419 14473 6 23293 1175 45953 8659 1681 593 701 39008 38654 1100 25230 1651 65 169 2362 1542 2983 177 1442
153272 1006 68 34929 2682 117500 430834 230244 65102 36285 5106 9657 204391 80211 45462 53244 24 85634 4416 169923 31821 6144 2244 2624 143347 142371 4048 93240 5991 256 602 8797 5711 10993 661 5198
153273 1000 65 14223 1074 47571 174760 92968 26447 14691 2060 3928 82724 32485 18494 21602 10 34762 1761 68610 12873 2488 904 1044 58001 57630 1619 37698 2456 101 248 3563 2305 4442 273 2149
153274 1011 71 10990 837 36876 135130 71824 20448 11369 1571 3041 64258 25174 14251 16729 7 26872 1364 53004 9986 1930 693 813 44982 44486 1284 29174 1893 77 192 2748 1774 3435 202 1648
153275 942 49 2056 165 7007 25482 13596 3914 2132 292 574 12189 4785 2706 3204 1 5107 259 10033 1877 362 127 154 8473 8406 236 5557 359 14 36 518 335 646 40 312
153276 954 55 5508 417 18424 67650 36068 10193 5692 799 1525 31997 12603 7123 8267 4 13439 692 26690 4993 954 351 403 22465 22370 625 14551 935 39 94 1375 913 1726 104 809
153278 957 54 1610 124 5452 20043 10753 3033 1689 242 445 9534 3735 2133 2479 1 3992 209 7961 1483 290 108 124 6677 6634 193 4374 274 13 26 409 263 520 30 233
153279 966 67 18973 1441 63703 233974 124959 35234 19693 2750 5252 110791 43452 24635 28884 12 46460 2374 92059 17275 3355 1208 1419 77744 77295 2190 50586 3263 138 331 4779 3098 5968 360 2846
153281 977 67 5347 398 17821 65585 34760 9888 5499 765 1491 31105 12164 6928 7994 3 13023 649 25632 4834 933 332 382 21747 21638 614 14060 926 37 94 1345 872 1668 99 812
153282 998 74 34555 2626 116106 426610 226643 64450 35709 4976 9625 202334 79098 45080 52601 25 84691 4293 167425 31366 6092 2168 2552 141734 140841 3984 91701 5989 242 605 8704 5660 10851 659 5233
153283 990 65 5329 414 17994 65845 35336 9954 5575 784 1466 31133 12307 6957 8116 3 13091 697 26155 4902 940 349 410 21935 21729 611 14338 900 39 90 1343 874 1695 101 770
153284 976 62 1762 136 5946 21687 11654 3269 1843 259 478 10225 4068 2298 2663 1 4296 227 8538 1615 309 113 133 7248 7116 204 4713 300 13 31 441 289 556 32 255
153286 988 63 1124 87 3745 13804 7336 2083 1167 160 309 6548 2557 1458 1701 0 2742 134 5396 1026 198 68 83 4602 4541 129 2974 195 7 19 279 180 356 21 172
153288 983 64 12406 952 41685 152776 81582 23048 12873 1802 3435 72387 28433 16111 18746 9 30404 1544 60107 11278 2178 788 925 50784 50503 1424 33072 2122 89 214 3116 2032 3904 232 1849
153289 979 63 4500 345 15173 55702 29572 8448 4685 639 1269 26493 10328 5900 6891 3 11050 550 21829 4108 793 280 330 18471 18374 525 12003 787 32 80 1144 741 1417 88 689
153290 1000 71 2628 210 8892 32583 17499 4898 2760 394 726 15499 6111 3443 4079 1 6504 349 12935 2428 470 176 197 10903 10744 305 7115 450 20 44 666 422 834 50 388
153291 1005 70 1256 92 4222 15371 8242 2317 1301 182 352 7293 2871 1619 1889 0 3048 153 6063 1135 219 76 92 5099 5075 142 3363 214 9 22 313 204 389 23 189
153292 1008 71 16241 1229 54499 200005 106276 30265 16756 2331 4540 94840 37148 21114 24576 12 39692 2006 78434 14702 2835 1019 1192 66368 65999 1867 43008 2806 119 287 4047 2687 5102 308 2434
153293 990 54 5859 455 19681 72043 38399 10874 6077 839 1609 34152 13470 7590 8977 3 14327 739 28439 5330 1017 361 436 23923 23743 684 15599 998 45 101 1473 968 1845 111 862
153294 975 51 5433 402 18170 66902 35411 10127 5604 784 1517 31708 12362 7071 8234 3 13272 663 26127 4897 957 341 389 22209 22086 614 14315 943 37 96 1357 890 1698 105 837
153295 978 49 7968 597 26827 98028 52097 14931 8183 1134 2219 46714 18261 10397 12189 4 19550 968 38459 7145 1397 487 575 32515 32368 913 21128 1389 56 139 1993 1300 2486 152 1228
153298 979 49 26030 1995 87503 320862 171313 48419 27019 3800 7194 152181 59685 33887 39642 19 63793 3278 126469 23690 4597 1661 1938 106660 106001 2988 69379 4476 192 457 6575 4237 8166 493 3905
153299 943 33 16690 1286 55913 205201 109397 31035 17254 2401 4599 97223 38214 21661 25258 10 40799 2086 80655 15126 2941 1051 1245 68196 67753 1925 44282 2855 120 288 4186 2728 5208 317 2501
153300 948 33 10551 799 35432 129819 69245 19755 10875 1512 2928 61580 24183 13737 16081 8 25804 1312 51106 9529 1862 657 775 43099 42906 1209 28061 1828 73 185 2644 1735 3300 202 1591
153301 968 43 5636 427 18899 69424 36922 10440 5864 814 1556 32881 12937 7295 8616 3 13823 695 27395 5133 984 354 408 23075 22905 655 14949 965 45 96 1419 916 1758 106 838
153304 977 68 39475 3013 132638 486320 259108 73499 40839 5683 10935 230743 90436 51308 60242 30 96721 4899 191445 35885 6935 2475 2914 161455 160737 4565 104935 6791 288 687 9923 6453 12327 744 5914
153305 993 69 1012 74 3389 12411 6642 1864 1038 150 278 5822 2312 1307 1528 0 2461 127 4926 902 175 67 72 4102 4108 112 2699 174 7 17 254 168 320 20 151
153306 990 69 6418 486 21486 78938 41963 11957 6623 924 1780 37328 14648 8378 9647 5 15701 798 31003 5799 1120 402 463 26233 26026 722 16972 1094 47 113 1594 1056 2008 124 969
153307 999 75 1649 122 5539 20355 10794 3031 1725 240 462 9607 3766 2135 2495 1 4047 204 8009 1508 291 102 118 6786 6710 184 4370 286 12 29 419 265 516 32 251
153308 1005 80 18550 1419 62278 228592 121861 34435 19269 2705 5129 108176 42554 24095 28094 14 45460 2339 89921 16868 3248 1199 1383 76033 75412 2133 49422 3179 139 317 4687 3045 5838 343 2742
153309 1004 76 12242 944 41180 150969 80784 22782 12697 1792 3393 71483 28094 15928 18614 7 30030 1554 59542 11137 2153 793 929 50286 49847 1421 32697 2104 91 210 3079 1990 3851 233 1818
153310 976 64 9952 760 33347 122661 65062 18493 10336 1436 2762 58072 22761 12944 15066 8 24319 1230 48114 9076 1762 625 730 40760 40452 1160 26411 1711 71 172 2524 1611 3125 186 1505
153312 978 65 639 48 2204 7947 4331 1209 679 97 176 3796 1507 852 987 0 1584 82 3171 582 115 42 49 2681 2623 76 1780 111 5 10 163 101 208 12 90
153313 981 64 1258 90 4258 15531 8250 2343 1294 179 353 7416 2887 1648 1924 1 3105 150 6078 1133 219 75 87 5172 5132 138 3333 222 8 22 314 202 391 24 195
153314 977 39 9305 706 31122 114140 60754 17246 9623 1343 2538 54090 21248 12055 14118 5 22710 1158 44864 8429 1633 590 679 37914 37643 1057 24664 1593 66 160 2340 1508 2891 177 1399
153315 970 38 4170 313 13958 51194 27177 7789 4293 587 1156 24312 9492 5415 6282 2 10190 508 20006 3757 735 253 303 16940 16939 477 11008 723 28 72 1051 681 1298 80 635
153318 970 38 2663 202 8976 32832 17628 4975 2766 396 732 15505 6124 3469 4037 1 6527 334 12974 2421 466 172 199 10878 10891 298 7133 454 19 45 669 445 829 51 394
153319 1010 54 16641 1290 56067 205292 109699 30965 17267 2408 4632 97273 38144 21602 25306 13 40844 2104 80838 15136 2902 1055 1262 68330 67848 1898 44455 2850 116 286 4181 2748 5243 314 2475
153320 971 37 8409 630 28252 103837 55025 15656 8713 1203 2346 49245 19238 10956 12720 5 20568 1040 40651 7659 1489 525 624 34521 34161 976 22308 1466 60 148 2117 1376 2642 159 1278
153322 963 37 3619 276 12230 44536 23904 6759 3768 526 986 21161 8368 4707 5559 1 8877 457 17649 3302 632 228 266 14784 14702 415 9689 620 29 61 909 592 1132 67 531
153323 967 33 4563 348 15357 56305 30000 8506 4721 650 1270 26642 10434 5943 6887 4 11191 568 22097 4141 805 281 345 18708 18613 520 12127 782 32 79 1140 752 1431 85 685
153324 984 38 3940 304 13179 48427 25854 7304 4092 579 1078 22840 8978 5106 5890 3 9648 492 19073 3591 693 251 295 16092 16022 442 10480 669 27 69 990 631 1231 74 585
153325 979 25 24380 1892 82080 301086 160734 45414 25350 3573 6771 142720 56068 31764 37096 16 59895 3082 118553 22252 4268 1570 1832 100191 99300 2812 65187 4184 184 422 6140 4011 7664 457 3617
153326 988 27 9181 704 30806 113329 60344 17063 9554 1333 2555 53634 21042 11920 13893 6 22503 1156 44609 8367 1605 578 684 37743 37422 1043 24465 1561 67 160 2295 1502 2897 169 1370
153327 992 27 1775 139 5926 21800 11555 3310 1844 257 488 10371 4079 2314 2708 1 4336 222 8553 1617 311 111 129 7278 7138 207 4698 305 13 30 440 289 561 33 265
153328 982 21 7002 539 23601 86508 46190 13072 7303 1018 1943 41051 16129 9156 10718 5 17234 883 34175 6372 1227 450 529 28750 28564 816 18687 1192 57 123 1765 1154 2202 131 1035
153329 973 19 3596 272 11973 44067 23278 6661 3696 506 1005 20906 8169 4661 5414 2 8772 434 17211 3242 626 219 258 14647 14520 411 9433 625 24 65 890 582 1119 66 544
153330 992 22 10355 805 34914 127743 68180 19228 10794 1507 2879 60588 23784 13452 15773 6 25400 1318 50286 9466 1795 663 765 42604 42146 1174 27633 1777 77 178 2600 1685 3234 195 1540
153331 996 25 6430 497 21679 79322 42224 11970 6669 929 1789 37569 14775 8376 9783 4 15761 814 31196 5839 1121 405 476 26396 26175 735 17121 1109 46 114 1618 1046 2019 122 959
153332 967 29 1376 105 4660 17129 9126 2543 1440 204 394 8029 3177 1795 2040 1 3386 177 6708 1274 239 90 103 5701 5671 154 3651 234 10 25 346 227 439 25 203
153334 948 41 20079 1553 67496 247565 132309 37337 20843 2923 5550 117398 46046 26134 30587 14 49187 2531 97673 18314 3551 1271 1515 82369 81829 2329 53611 3435 150 344 5050 3294 6316 380 2973
153335 959 49 12879 977 43302 158718 84453 24042 13355 1851 3562 75144 29514 16726 19525 9 31504 1593 62197 11726 2272 814 949 52777 52383 1492 34130 2226 91 225 3224 2095 4038 244 1945
153337 959 49 2458 184 8190 30224 16149 4507 2550 359 677 14252 5622 3180 3666 2 6001 310 11895 2241 429 159 183 10051 9981 277 6518 417 17 40 620 406 778 46 358
153338 965 51 11764 901 39563 145039 77380 21863 12192 1703 3250 68784 26988 15282 18004 8 28822 1477 57191 10706 2068 748 877 48200 47941 1355 31353 2019 86 202 2958 1922 3703 225 1757
153341 960 45 21932 1691 73714 270098 143864 40839 22758 3162 6091 128284 50337 28501 33488 14 53784 2740 106237 19933 3842 1386 1633 89877 89077 2552 58391 3775 158 378 5491 3579 6894 414 3290
153343 952 25 31612 2423 106065 388972 207379 58754 32743 4573 8765 184401 72405 41022 47959 23 77303 3957 153102 28618 5537 2005 2336 129395 128385 3628 84118 5414 232 549 7929 5175 9916 593 4715
153344 955 26 3116 236 10446 38238 20321 5804 3223 447 868 18118 7098 4029 4724 1 7597 378 15042 2789 540 191 230 12662 12629 352 8224 534 22 54 775 515 974 58 466
153345 952 24 19899 1532 67052 245792 131264 37101 20716 2904 5510 116415 45836 25975 30346 14 48887 2541 96909 18157 3488 1286 1483 81680 81156 2313 53147 3417 148 349 5020 3270 6258 377 2959
153346 947 12 2489 192 8303 30501 16267 4577 2612 364 673 14365 5717 3212 3715 1 6058 318 12033 2291 436 163 185 10191 10032 290 6639 417 20 41 630 398 784 46 359
153347 953 13 2566 206 8626 31591 16919 4792 2661 375 707 15048 5879 3310 3947 1 6307 330 12510 2340 444 163 196 10518 10460 294 6874 428 18 42 645 422 796 48 376
153349 982 24 10458 792 35040 128384 68411 19410 10822 1512 2857 60876 23921 13564 15873 6 25546 1307 50475 9476 1833 663 766 42665 42328 1184 27779 1787 76 178 2631 1701 3248 199 1568
153350 968 29 6572 498 22060 80908 43170 12195 6803 953 1814 38357 15086 8514 9994 4 16135 817 31773 5959 1155 417 490 26868 26723 757 17507 1140 48 114 1655 1061 2058 121 991
153352 955 16 5039 374 16830 61950 32895 9304 5210 722 1398 29225 11481 6527 7568 4 12280 622 24301 4550 877 314 367 20545 20450 569 13295 864 36 87 1256 834 1600 93 747
153353 920 20 7309 572 24599 90312 48135 13586 7609 1068 2035 42700 16766 9483 11010 6 17990 917 35554 6690 1276 469 539 29998 29870 846 19448 1243 55 128 1831 1209 2300 133 1077
153354 923 20 14472 1099 48523 177889 94664 26890 14960 2071 3999 84462 33067 18779 22024 10 35411 1779 69947 13101 2541 896 1058 59093 58743 1664 38353 2500 106 252 3627 2365 4529 275 2185
153355 926 28 1571 112 5228 19205 10135 2932 1597 218 441 9086 3565 2046 2336 1 3799 190 7460 1420 279 93 109 6391 6300 176 4121 271 10 29 384 249 487 30 246
153356 947 35 3154 246 10610 39005 20814 5879 3265 455 868 18422 7253 4104 4806 2 7762 400 15448 2885 554 203 239 12958 12886 367 8428 532 23 52 805 517 990 61 462
153357 940 32 12321 937 41390 152000 81131 22869 12810 1784 3413 72006 28302 16021 18620 6 30220 1546 59778 11221 2146 778 924 50538 50156 1427 32922 2106 89 210 3093 2020 3877 229 1830
153358 948 34 2183 164 7355 27060 14463 4066 2268 322 612 12809 5034 2840 3335 1 5386 274 10644 1990 382 141 158 9011 8975 252 5849 375 15 39 551 356 695 41 328
153359 948 34 857 62 2888 10629 5653 1606 881 121 241 5061 1981 1118 1338 0 2124 105 4187 775 150 51 66 3517 3518 99 2299 148 6 15 220 141 267 16 130
153360 952 31 11034 860 37070 135855 72498 20502 11444 1603 3038 64557 25290 14329 16747 6 27027 1384 53370 10003 1945 718 827 45296 44761 1265 29386 1885 83 191 2788 1803 3467 205 1640
153361 950 34 4790 370 16074 59285 31661 8785 5010 706 1328 27882 10968 6214 7154 4 11796 615 23452 4426 827 309 366 19671 19618 539 12790 804 36 82 1194 804 1511 88 700
153362 943 30 13611 1051 45776 167716 89491 25362 14103 1969 3774 79340 31192 17704 20485 9 33345 1722 65853 12390 2391 868 1009 55827 55394 1548 36288 2340 97 237 3416 2223 4282 255 2037
153363 951 38 735 51 2464 9022 4751 1368 765 105 203 4297 1679 953 1116 0 1778 84 3495 670 130 43 49 3002 2956 89 1924 127 5 13 183 115 221 13 113
153366 959 38 2622 202 8910 32469 17506 4913 2736 385 722 15440 6066 3437 4056 1 6470 337 12889 2395 460 171 196 10754 10783 297 7056 445 20 44 663 428 819 49 386
153367 955 38 2132 159 7119 26230 13986 3941 2198 305 591 12389 4852 2760 3255 1 5231 256 10344 1931 377 134 160 8674 8705 250 5651 367 15 37 540 350 661 41 324
153368 962 34 107 7 360 1327 682 207 111 14 32 637 239 140 167 0 258 12 503 98 20 5 7 441 430 12 277 20 0 2 27 17 33 2 18
153369 982 53 6408 490 21552 79015 42107 11954 6636 925 1775 37442 14663 8320 9763 3 15708 801 31085 5829 1119 409 470 26237 26112 730 17016 1099 46 109 1619 1052 1999 122 956
153370 969 25 1564 126 5294 19356 10398 2953 1619 226 438 9208 3605 2034 2390 0 3864 201 7627 1421 270 103 117 6421 6437 181 4212 272 11 27 390 255 493 29 230
153371 960 23 9779 758 32856 120762 64459 18234 10171 1432 2697 57194 22428 12736 14839 7 24027 1227 47573 8907 1723 639 738 40301 39846 1113 26141 1674 70 164 2447 1606 3080 185 1445
153372 974 24 10481 813 35186 128969 68692 19476 10844 1512 2912 61219 23960 13628 15808 8 25571 1306 50581 9521 1835 656 775 42928 42589 1205 27799 1805 72 184 2619 1709 3297 198 1567
153374 959 25 3753 280 12671 46480 24720 7045 3873 543 1044 22003 8611 4910 5663 3 9206 474 18193 3423 671 237 283 15429 15348 433 10005 647 25 64 941 614 1185 72 570
153376 961 25 5282 385 17627 64836 34347 9750 5425 744 1461 30636 12001 6840 8054 3 12853 630 25426 4767 921 324 383 21462 21350 610 13948 922 38 93 1333 866 1637 101 809
153377 936 25 17769 1374 59538 218954 116450 33084 18469 2583 4919 103717 40694 23066 26814 12 43477 2235 85942 16186 3135 1141 1313 72867 72160 2065 47188 3056 130 304 4467 2880 5598 332 2650
153380 915 18 11023 851 37153 135996 72672 20507 11443 1587 3065 64590 25388 14379 17059 8 27097 1378 53756 10016 1926 695 819 45276 44831 1273 29564 1897 82 190 2794 1796 3457 212 1646
153381 913 16 6263 470 21073 77139 41127 11708 6445 899 1730 36588 14337 8145 9596 4 15367 776 30393 5657 1100 389 469 25596 25506 721 16687 1078 43 111 1564 1024 1958 121 942
153384 950 56 7730 594 26119 95517 51064 14449 8043 1129 2144 45380 17846 10095 11845 6 18975 973 37644 7041 1351 494 579 31805 31500 897 20760 1330 59 135 1953 1261 2443 146 1146
153386 957 56 2486 190 8302 30635 16207 4620 2576 354 695 14528 5674 3234 3759 1 6078 305 11974 2266 434 157 179 10224 10069 288 6575 429 17 43 623 407 789 47 373
153387 991 75 572 45 1923 7099 3811 1055 597 83 157 3340 1320 745 889 0 1421 71 2824 528 104 38 45 2354 2342 67 1550 98 4 9 144 90 184 11 87
153388 990 74 22355 1721 75317 275838 147575 41653 23189 3276 6180 130604 51377 29063 33961 15 54868 2851 108627 20397 3918 1452 1674 91800 91121 2568 59685 3824 162 385 5642 3667 7003 423 3331
153389 1000 61 11435 888 38429 140899 74824 21318 11811 1634 3180 66832 26202 14884 17473 7 28043 1408 55366 10383 1998 719 840 46818 46456 1320 30368 1975 79 204 2864 1880 3588 214 1719
153391 1002 61 2799 207 9383 34505 18314 5192 2904 401 783 16384 6377 3658 4269 1 6853 344 13538 2548 491 170 210 11466 11403 323 7446 491 18 50 703 453 883 53 427
153393 954 48 2600 204 8724 31964 17078 4825 2695 381 707 15178 5958 3362 3978 1 6375 329 12652 2352 463 172 197 10681 10542 298 6944 439 18 45 649 426 817 49 389
153394 964 54 19386 1514 65530 239391 128412 36238 20134 2827 5367 113689 44636 25284 29869 13 47801 2441 94761 17620 3407 1246 1462 79510 79267 2250 52001 3338 145 335 4907 3177 6060 374 2895
153396 968 51 7689 593 25727 94500 50382 14239 7937 1096 2135 44745 17541 9932 11653 3 18812 957 37175 6981 1332 476 578 31367 31230 880 20477 1312 56 133 1921 1264 2410 143 1144
153397 967 51 10417 810 35012 128777 68666 19360 10826 1523 2902 61007 23897 13575 15898 8 25607 1313 50867 9488 1828 666 793 42871 42557 1195 27859 1775 80 180 2617 1702 3297 195 1544
153398 970 57 5088 391 17080 62781 33432 9452 5280 730 1422 29749 11675 6622 7756 3 12457 627 24725 4627 894 319 379 20908 20693 581 13575 878 37 89 1279 831 1607 97 759
153400 964 50 10423 806 35229 128590 69000 19425 10818 1523 2866 60916 23933 13533 15854 6 25591 1329 50843 9499 1822 673 782 42785 42483 1187 27918 1784 77 179 2627 1719 3260 201 1552
153401 968 47 1724 137 5847 21301 11383 3231 1793 251 479 10164 3961 2239 2676 1 4264 218 8417 1573 301 110 130 7063 7059 199 4615 296 12 30 429 283 532 32 258
153402 983 49 9029 696 30373 111336 59275 16786 9390 1314 2512 52658 20701 11734 13571 6 22105 1144 43688 8228 1578 571 663 37071 36713 1039 24035 1549 66 159 2263 1475 2838 168 1348
153403 968 47 2366 181 7990 29359 15653 4450 2460 354 657 13939 5449 3129 3617 2 5841 307 11515 2164 425 155 173 9775 9683 273 6325 408 17 41 607 377 750 46 360
153404 972 47 440 32 1454 5377 2832 801 453 60 122 2536 990 563 648 0 1067 52 2094 393 76 24 30 1784 1765 48 1144 73 2 8 110 70 136 8 67
153405 957 32 3238 254 10926 40066 21420 6021 3366 468 900 18921 7452 4218 4902 1 7967 420 15822 2972 563 206 244 13335 13243 366 8683 554 23 56 827 534 1021 60 473
153406 979 61 6475 505 21799 79987 42614 12107 6729 939 1809 37943 14915 8435 9843 5 15886 823 31446 5921 1138 417 481 26651 26352 754 17311 1106 50 111 1619 1046 2027 121 959
153407 973 51 18863 1446 63456 232736 124133 35167 19572 2742 5227 110312 43255 24550 28529 15 46326 2366 91538 17180 3309 1206 1384 77336 77015 2162 50221 3230 139 327 4760 3093 5926 353 2806
153409 976 52 404 27 1341 4978 2608 750 416 56 110 2338 919 521 601 0 981 48 1942 369 73 25 28 1647 1637 47 1051 69 2 7 100 65 125 7 61
153410 965 38 3802 296 12845 46865 25024 7155 3932 555 1056 22290 8741 4986 5831 2 9377 476 18522 3423 667 239 274 15555 15520 427 10143 654 27 68 950 621 1191 73 573
153411 966 38 9237 709 31031 113804 60688 17200 9597 1341 2556 53931 21175 12024 14104 7 22645 1160 44850 8431 1627 589 684 37772 37574 1077 24674 1588 69 159 2320 1508 2900 175 1377
153412 966 38 12685 961 42651 156653 83489 23624 13197 1852 3524 74139 29133 16554 19354 10 31142 1606 61707 11594 2231 815 958 52066 51708 1487 33852 2188 96 218 3190 2075 3999 237 1886
153413 972 46 3923 308 13210 48342 25930 7278 4080 572 1082 22896 9038 5109 6009 2 9612 507 19153 3591 695 257 299 16127 15945 445 10514 663 30 66 993 646 1229 73 571
153414 975 44 714 53 2404 8932 4738 1342 738 104 201 4244 1645 940 1102 0 1777 94 3520 656 128 46 53 2990 2962 84 1916 125 5 12 175 120 227 13 107
153415 979 39 4555 351 15341 56102 30007 8422 4784 674 1251 26517 10476 5902 6911 3 11146 594 22122 4194 791 297 335 18674 18487 521 12211 774 35 77 1155 735 1430 83 662
153417 934 33 3271 245 11039 40468 21600 6106 3391 474 916 19228 7531 4256 5058 2 8050 410 15964 2976 571 209 242 13422 13394 383 8764 568 23 56 823 534 1022 61 490
153418 937 28 5278 403 17677 64978 34599 9792 5481 757 1459 30775 12086 6855 8056 4 12898 661 25639 4801 926 334 394 21590 21466 618 14048 906 39 90 1329 869 1655 98 776
153419 950 50 2566 203 8591 31536 16893 4768 2663 376 701 14973 5866 3308 3900 1 6270 320 12434 2332 447 165 199 10506 10417 293 6883 430 18 43 643 422 793 47 376
153420 951 50 11954 919 40152 147329 78535 22281 12386 1726 3314 69844 27407 15567 18085 9 29284 1476 57908 10893 2103 754 889 49020 48649 1381 31798 2048 83 209 2985 1954 3755 224 1788
153422 953 50 14497 1113 48687 178745 95309 26963 15051 2095 4015 84753 33172 18827 21977 11 35521 1817 70329 13219 2538 935 1073 59542 59025 1672 38555 2490 101 252 3640 2385 4558 271 2165
153423 953 50 12623 982 42326 155405 83039 23339 13085 1825 3505 73498 28884 16304 19116 9 30951 1592 61217 11501 2206 792 954 51644 51422 1445 33658 2156 92 219 3165 2060 3956 233 1878
153424 958 54 4472 338 14925 55052 29297 8290 4622 651 1233 26061 10255 5828 6736 3 10913 571 21606 4074 790 288 337 18356 18079 525 11894 770 33 75 1126 733 1420 82 665
153425 921 32 25234 1933 84902 311073 165813 47028 26147 3646 6975 147400 57746 32831 38392 18 61829 3098 122380 22957 4434 1585 1872 103138 102914 2888 67066 4344 179 444 6332 4156 7898 475 3787
153426 959 45 33104 2516 111272 408202 217734 61599 34334 4809 9169 193297 75923 43124 50360 22 81164 4148 160612 30149 5828 2112 2463 135642 134747 3790 88132 5696 239 574 8300 5394 10412 627 4970
153427 967 48 2914 228 9781 36029 19137 5422 3023 420 809 17127 6677 3810 4484 2 7164 361 14188 2654 517 179 217 11924 11899 335 7762 504 21 52 742 480 914 55 442
153428 957 42 4802 357 16037 59135 31332 8917 4972 690 1340 27998 10953 6248 7305 3 11737 589 23173 4362 844 298 347 19618 19526 564 12665 835 35 85 1214 779 1511 90 725
153429 982 42 18757 1405 62896 230808 122783 34878 19418 2685 5190 109450 42920 24386 28401 13 45777 2323 90534 17001 3313 1175 1370 76701 76155 2174 49666 3236 133 326 4705 3046 5902 355 2829
153430 968 28 8609 645 28848 105889 56281 15962 8882 1214 2389 50240 19655 11142 13187 6 21100 1043 41609 7765 1513 521 636 35015 35007 1007 22847 1499 61 149 2169 1412 2691 159 1305
153431 961 33 6063 467 20431 74790 40015 11276 6317 894 1662 35479 13961 7897 9295 3 14902 772 29502 5528 1059 397 450 24942 24698 682 16251 1037 44 104 1526 988 1912 114 889
153432 931 29 20323 1558 68082 250113 133292 37739 21029 2931 5645 118172 46428 26354 30740 16 49638 2532 98373 18445 3556 1283 1516 83048 82690 2327 53920 3478 149 351 5123 3333 6398 383 3016
153433 892 25 25266 1950 85089 311422 166173 47214 26243 3662 6999 147856 58039 32974 38581 20 61940 3168 122727 22982 4462 1603 1884 103544 102891 2911 67419 4333 190 446 6318 4112 7936 475 3784
153435 903 27 537 38 1772 6602 3493 979 543 72 149 3127 1206 694 822 0 1311 59 2595 474 95 30 40 2167 2190 60 1414 94 3 9 134 86 166 10 86
153436 906 27 8662 663 29256 106913 57262 16102 9012 1255 2390 50645 19924 11292 13195 6 21270 1092 42148 7919 1512 558 648 35664 35316 997 23189 1481 63 147 2180 1415 2719 161 1288
153437 904 25 14535 1120 48854 179300 95556 27033 15097 2107 4016 84919 33321 18897 21941 10 35561 1826 70567 13236 2557 917 1089 59745 59188 1668 38751 2493 109 247 3662 2362 4596 274 2162
153438 917 41 1489 116 5010 18376 9893 2757 1552 222 410 8687 3438 1934 2244 1 3651 189 7276 1367 260 98 112 6094 6070 170 4006 254 11 24 370 248 476 27 216
153439 934 43 4404 334 14751 54200 28817 8195 4551 635 1225 25668 10044 5717 6638 3 10739 537 21278 3981 769 273 326 17966 17915 513 11649 757 33 77 1110 721 1367 83 661
153440 930 43 14958 1163 50348 184428 98309 27896 15559 2181 4159 87548 34404 19499 22694 11 36618 1892 72451 13647 2648 959 1113 61484 60824 1740 39858 2564 108 259 3759 2417 4719 280 2232
153441 901 20 14541 1127 48874 179025 95708 27062 15092 2118 4024 84840 33377 18914 21941 11 35640 1823 70521 13240 2553 934 1074 59617 59170 1663 38768 2487 106 249 3651 2369 4577 273 2169
153442 902 20 12895 1001 43357 158990 85014 23953 13410 1890 3554 75328 29609 16712 19691 7 31659 1649 62753 11749 2257 847 964 53020 52423 1483 34453 2205 97 218 3252 2106 4045 239 1898
153444 904 23 4243 317 14226 52297 27697 7922 4367 593 1185 24783 9675 5507 6391 4 10386 515 20466 3854 748 261 307 17393 17270 487 11217 726 26 75 1059 694 1324 79 654
153445 899 17 1967 149 6672 24292 13042 3679 2034 288 546 11567 4534 2564 3050 1 4838 245 9636 1794 341 125 149 8086 8053 221 5279 332 14 34 491 328 623 38 288
153446 922 17 15582 1189 52304 192069 102068 29073 16098 2240 4323 91023 35670 20285 23668 10 38210 1933 75485 14110 2729 985 1147 63792 63416 1782 41309 2664 110 270 3916 2550 4870 297 2351
153448 904 18 4011 292 13360 49146 26006 7431 4096 571 1115 23221 9091 5187 6020 2 9781 472 19199 3590 703 248 283 16265 16197 456 10525 697 28 69 1013 655 1248 77 623
153449 907 23 621 53 2127 7662 4258 1139 649 93 167 3638 1452 806 968 0 1545 83 3106 576 107 41 50 2548 2553 65 1735 103 5 10 160 103 196 12 86
153450 905 19 142 8 480 1759 914 274 145 19 41 843 325 188 214 0 344 15 684 128 25 7 7 589 578 16 368 25 0 2 33 23 45 2 22
153451 905 17 12554 964 42292 154886 82703 23465 13003 1817 3496 73471 28795 16372 19016 9 30773 1587 60963 11454 2217 793 929 51528 51197 1453 33466 2158 92 218 3163 2046 3942 235 1884
153452 906 23 3701 280 12426 45421 24286 6910 3809 534 1006 21501 8495 4815 5612 2 9041 453 17884 3341 646 229 270 15072 14993 414 9835 638 25 64 931 606 1151 72 558
153454 906 16 16382 1243 54877 201938 107252 30400 16960 2361 4571 95635 37389 21287 24853 13 40055 2031 79294 14899 2890 1036 1214 67126 66569 1884 43424 2833 119 285 4121 2680 5144 308 2454
153455 934 33 22718 1722 76273 280007 149131 42376 23524 3286 6302 132618 52021 29568 34264 16 55576 2841 109785 20717 4005 1445 1667 93238 92329 2620 60409 3903 165 391 5711 3719 7144 427 3417
153456 930 31 5781 443 19439 71163 37880 10748 6010 836 1602 33807 13227 7524 8780 4 14156 725 28045 5253 1012 367 423 23663 23489 668 15361 992 41 100 1449 930 1821 109 867
153457 940 34 24509 1882 82391 302039 160838 45753 25360 3521 6783 143216 56157 31923 37244 18 60017 3050 118796 22267 4297 1547 1797 100346 99792 2817 65073 4214 181 427 6158 3984 7677 464 3678
153459 947 38 7170 547 24009 88239 46820 13323 7444 1038 1983 41721 16378 9337 10758 5 17507 881 34555 6515 1259 457 520 29316 29064 820 18976 1221 50 126 1801 1168 2249 135 1078
153460 949 38 1508 120 5169 18733 10032 2853 1574 222 410 8919 3490 1995 2316 0 3747 195 7423 1382 270 100 115 6273 6186 167 4080 255 10 25 380 245 468 29 226
153461 977 57 5717 444 19177 70490 37560 10623 5953 840 1587 33370 13130 7433 8629 3 13944 727 27668 5216 1005 366 424 23496 23263 654 15223 975 43 100 1432 923 1799 106 846
153462 977 57 8559 659 28760 105707 56307 15969 8874 1233 2379 50166 19649 11107 13051 6 20979 1098 41609 7829 1515 538 650 35176 34860 1015 22868 1460 62 146 2143 1388 2707 158 1272
153463 979 57 11549 882 38727 142037 75800 21414 11982 1673 3199 67228 26466 14993 17507 7 28306 1470 56013 10512 2016 729 861 47250 46938 1317 30704 1972 88 200 2897 1885 3622 217 1711
153464 966 24 4100 321 13789 50569 27092 7593 4267 598 1142 23951 9423 5307 6233 3 10072 529 20033 3760 717 265 305 16816 16731 470 10980 692 29 69 1030 681 1289 77 596
153465 986 34 29832 2286 100244 367712 195886 55568 30893 4316 8274 174398 68436 38819 45302 20 73077 3739 144652 27135 5232 1883 2212 122316 121439 3442 79355 5132 213 518 7467 4882 9406 560 4437
153466 981 27 1146 88 3906 14089 7609 2149 1187 168 315 6725 2646 1488 1775 1 2811 138 5589 1028 198 71 90 4682 4671 131 3066 199 8 20 292 190 356 22 170
153468 983 25 5358 404 17841 65808 35010 9873 5558 780 1464 31062 12252 6904 8009 4 13007 686 25884 4848 945 342 395 21884 21682 628 14136 917 44 88 1362 880 1695 98 785
153469 911 34 2383 178 7957 29319 15482 4413 2476 346 659 13876 5432 3098 3606 1 5796 292 11473 2168 420 150 168 9767 9624 274 6274 410 18 41 596 380 749 45 364
153470 916 36 29594 2264 99312 364710 194365 55071 30705 4293 8172 172497 67874 38530 44813 23 72559 3742 143402 26944 5179 1893 2200 121365 120357 3389 78794 5052 213 515 7422 4833 9323 554 4386
153473 952 73 6793 532 22934 83974 45113 12653 7091 1003 1870 39742 15661 8825 10317 5 16723 871 33261 6238 1194 443 516 27914 27823 791 18304 1151 54 116 1728 1126 2137 126 986
153475 955 70 3118 234 10401 38409 20309 5813 3208 442 867 18191 7109 4063 4708 2 7617 382 15038 2809 550 190 228 12746 12674 359 8206 539 21 55 781 514 986 58 468
153476 957 70 17705 1346 59462 217929 116393 32997 18393 2559 4869 103258 40595 23074 26984 12 43300 2216 85930 16102 3121 1129 1319 72447 71872 2061 47260 3035 127 304 4466 2877 5551 341 2656
153477 955 73 5894 453 19733 72601 38669 10943 6086 854 1636 34367 13460 7635 8906 5 14398 756 28582 5362 1033 366 438 24162 23981 680 15693 1007 44 100 1478 968 1857 111 868
153478 955 73 4511 345 15092 55355 29532 8385 4640 643 1256 26281 10297 5832 6838 3 11031 558 21754 4083 788 279 336 18345 18346 516 11945 771 30 79 1124 746 1401 84 676
153480 955 73 15795 1220 52874 194482 103523 29306 16433 2297 4336 92000 36245 20484 24043 11 38653 2009 76561 14410 2774 1014 1177 64700 63996 1855 42103 2686 119 268 3983 2559 4963 296 2336
153481 954 71 4952 369 16584 60971 32311 9208 5114 708 1370 28853 11335 6439 7540 3 12089 605 23873 4486 866 307 355 20220 20067 572 13094 871 36 87 1234 806 1553 93 752
153483 956 70 2160 161 7246 26493 14220 4008 2235 316 584 12479 4966 2808 3250 1 5283 265 10455 1977 378 138 159 8774 8753 246 5758 369 15 37 542 353 671 40 320
153485 953 71 572 43 1895 6947 3683 1036 585 77 157 3288 1292 730 858 0 1381 69 2715 515 98 32 39 2290 2280 64 1515 98 3 9 140 93 175 10 85
153486 954 71 6445 496 21645 79625 42496 11949 6682 933 1789 37591 14769 8380 9715 6 15785 818 31365 5912 1129 411 480 26512 26376 732 17152 1086 46 114 1631 1048 2024 120 951
153487 954 71 8190 637 27459 100969 53617 15234 8482 1191 2274 47948 18767 10659 12406 6 20043 1026 39573 7410 1445 523 605 33586 33370 940 21724 1405 55 146 2043 1328 2578 154 1233
153489 937 57 1202 85 3998 14771 7740 2220 1231 165 336 7015 2719 1572 1810 0 2907 150 5754 1072 208 69 83 4894 4832 138 3128 214 8 20 301 198 375 22 186
153490 938 57 4382 344 14769 54163 28944 8169 4541 633 1223 25539 10054 5719 6669 3 10790 547 21337 4013 768 281 340 18048 17873 506 11774 750 30 77 1101 711 1389 85 659
153491 902 31 9668 721 32292 118714 63061 17875 9925 1379 2686 56248 22063 12569 14601 6 23623 1185 46637 8705 1692 598 707 39457 39156 1095 25582 1667 67 167 2425 1579 3037 183 1460
153492 905 31 1316 102 4435 16241 8630 2465 1364 191 362 7725 3027 1716 2008 0 3233 163 6378 1190 229 81 100 5393 5369 154 3523 229 9 22 330 210 419 25 200
153493 911 34 8889 681 29864 109495 58395 16542 9214 1290 2471 51945 20330 11529 13527 6 21772 1111 43029 8076 1556 563 654 36368 36193 1017 23648 1516 64 155 2235 1446 2768 166 1342
