153494 920 31 748 58 2516 9271 4977 1399 784 114 205 4386 1715 981 1105 0 1841 96 3641 683 135 50 57 3097 3078 83 1999 124 5 13 189 119 234 14 112
153496 951 49 5996 462 20145 73711 39348 11131 6239 870 1651 35014 13761 7776 9095 3 14650 754 28957 5477 1055 387 444 24604 24254 694 15951 1033 42 104 1500 963 1878 110 890
153498 952 49 7735 605 26004 95215 51016 14398 8016 1119 2152 45187 17755 10022 11813 5 18983 976 37662 7023 1354 494 568 31638 31539 889 20718 1323 57 133 1952 1267 2417 147 1144
153499 938 39 381 25 1251 4603 2375 699 383 51 106 2166 839 491 570 0 919 40 1777 327 64 22 24 1509 1510 39 969 70 2 6 88 64 117 7 60
153500 939 36 13722 1035 46058 168827 89754 25629 14156 1965 3814 80070 31407 17871 20819 9 33548 1698 66208 12388 2413 852 1012 56016 55782 1573 36367 2376 96 240 3433 2246 4284 264 2083
153501 935 36 2480 193 8370 30790 16495 4653 2608 368 691 14598 5722 3245 3765 1 6114 336 12162 2277 445 162 189 10313 10176 290 6664 425 19 41 623 411 802 47 358
153502 934 33 16164 1260 54583 199336 106682 30123 16783 2348 4481 94741 37162 21017 24813 12 39721 2028 78734 14709 2825 1030 1214 66297 65968 1855 43194 2776 121 277 4065 2651 5052 307 2406
153503 934 34 5225 392 17423 64122 33865 9667 5357 727 1444 30356 11887 6740 7970 3 12732 626 25136 4684 916 314 371 21212 21128 606 13677 901 36 90 1317 848 1623 100 798
153505 937 34 11747 906 39321 144483 76820 21818 12144 1700 3250 68313 26870 15280 17583 7 28715 1468 56703 10623 2056 750 861 48096 47644 1335 31069 2015 84 206 2946 1908 3685 224 1765
153506 945 37 4640 359 15641 57289 30512 8692 4827 677 1294 27244 10688 6061 7114 2 11374 586 22514 4233 820 294 347 19076 18862 538 12378 804 32 81 1158 754 1456 89 693
153507 950 31 6560 509 22086 81083 43573 12214 6808 965 1812 38402 15084 8525 9982 4 16121 847 32032 5970 1156 428 505 26893 26931 751 17590 1128 47 110 1649 1089 2055 124 960
153509 936 30 8013 632 26935 98870 52588 14906 8353 1159 2227 46896 18385 10416 12137 6 19631 1011 38864 7340 1411 503 598 32941 32613 941 21379 1379 58 139 2014 1307 2519 148 1189
153510 943 30 4812 364 16086 59050 31346 8938 4957 687 1338 27942 10986 6221 7253 3 11724 587 23141 4341 839 296 352 19609 19463 549 12694 831 34 85 1196 782 1506 91 723
153512 940 30 10381 797 34905 128115 68063 19350 10783 1515 2871 60749 23832 13514 15750 7 25492 1307 50298 9426 1821 670 766 42683 42235 1210 27588 1788 75 181 2615 1690 3291 193 1559
153514 941 32 7890 600 26708 97495 52225 14724 8173 1150 2170 46226 18190 10290 12065 4 19433 982 38473 7161 1391 510 585 32400 32285 891 21147 1360 54 137 2007 1278 2475 155 1196
153515 936 57 22173 1693 74493 273449 145994 41241 22954 3206 6135 129489 50824 28891 33695 15 54313 2762 107671 20163 3899 1407 1656 90774 90394 2532 59024 3826 160 386 5586 3635 6962 423 3325
153517 908 26 2969 235 10100 36816 19727 5610 3096 435 824 17524 6859 3888 4585 2 7316 381 14544 2719 524 189 227 12243 12195 338 7983 514 20 53 756 483 936 56 445
153519 895 19 7512 577 24990 92420 48836 13910 7780 1081 2095 43708 17128 9747 11299 5 18262 947 36158 6806 1325 475 545 30787 30387 868 19819 1291 54 128 1878 1220 2367 141 1122
153520 913 23 13854 1063 46629 170619 91198 25737 14349 2021 3818 81127 31797 18002 21137 10 33970 1737 67263 12535 2445 878 1034 56806 56415 1589 37060 2377 98 238 3450 2252 4355 260 2072
153521 915 29 6436 495 21807 79619 42527 12084 6661 929 1790 37848 14836 8424 9892 5 15904 802 31372 5849 1131 408 485 26434 26320 737 17269 1120 45 113 1619 1059 2018 124 981
153522 904 24 8313 639 27877 102764 54718 15436 8632 1216 2315 48563 19105 10809 12580 6 20388 1056 40471 7577 1457 534 624 34178 33950 952 22080 1427 63 144 2085 1377 2637 155 1235
153523 933 30 10695 812 35836 131761 70099 19925 11083 1557 2959 62387 24519 13920 16229 7 26140 1342 51754 9762 1894 687 778 43804 43439 1226 28399 1852 77 187 2685 1746 3360 204 1607
153524 933 30 9238 713 31112 113780 60839 17232 9606 1346 2536 53942 21201 12020 13995 5 22656 1171 44809 8408 1629 592 690 37937 37553 1053 24675 1581 64 158 2320 1503 2905 175 1385
153526 936 19 968 73 3239 11940 6374 1813 1000 142 269 5667 2219 1269 1470 1 2378 119 4695 867 172 63 71 3951 3966 110 2576 168 7 17 242 156 311 18 145
153527 945 23 3375 259 11372 41878 22309 6319 3502 489 937 19853 7771 4418 5225 2 8361 419 16572 3060 597 216 256 13906 13902 392 9032 579 25 59 856 554 1070 67 504
153528 916 15 919 71 3038 11248 5923 1685 952 134 247 5308 2083 1195 1362 1 2217 111 4393 829 162 59 62 3731 3690 102 2392 155 7 15 229 149 291 17 137
153530 916 15 1596 121 5378 19458 10425 2989 1641 226 434 9303 3639 2053 2398 0 3869 195 7626 1437 277 97 114 6478 6419 179 4214 275 11 27 390 261 500 30 240
153531 926 20 1355 104 4539 16700 8876 2541 1402 199 378 7917 3098 1773 2004 1 3300 171 6510 1227 240 87 96 5575 5509 151 3568 233 8 24 334 220 431 25 208
153532 947 32 33850 2590 113924 416967 222287 63212 35061 4914 9346 197788 77596 44085 51515 26 82881 4247 164178 30708 5949 2158 2495 138674 137671 3881 90004 5816 253 588 8477 5535 10618 643 5075
153533 925 11 3294 240 11023 40464 21494 6122 3378 466 916 19225 7502 4269 5021 2 8031 401 15859 2976 586 199 246 13473 13344 372 8742 566 21 58 823 526 1019 63 509
153534 928 12 19266 1471 64784 237523 126635 35895 19989 2783 5345 112653 44173 25090 29392 12 47326 2409 93554 17508 3391 1227 1451 78924 78469 2222 51405 3309 139 332 4824 3135 6065 364 2878
153535 929 12 4721 348 15869 58230 30787 8801 4867 666 1315 27623 10756 6164 7178 3 11542 568 22749 4292 832 293 343 19355 19174 545 12516 821 31 83 1189 768 1473 88 729
153536 951 19 1779 135 5937 21735 11597 3287 1843 257 482 10265 4044 2287 2690 1 4306 217 8541 1609 317 114 135 7222 7133 202 4721 308 14 30 449 283 549 34 266
153538 899 11 6917 513 23210 85205 45376 12824 7185 997 1911 40287 15871 8999 10369 4 16877 852 33381 6293 1220 439 513 28343 28081 788 18386 1190 50 121 1746 1141 2189 127 1033
153539 929 22 105 8 356 1288 683 203 108 14 30 626 241 136 172 0 258 11 513 92 16 6 7 424 424 12 283 18 0 1 26 18 30 2 15
153541 902 12 4312 325 14393 52890 28110 7979 4455 614 1193 24995 9821 5578 6526 3 10495 538 20740 3894 750 273 313 17577 17407 493 11455 738 28 71 1084 702 1351 84 646
153542 951 31 14120 1064 47278 173540 92212 26269 14568 2022 3912 82161 32233 18340 21123 10 34393 1750 67885 12802 2489 874 1027 57727 57254 1607 37347 2429 96 246 3548 2302 4433 268 2129
153543 927 23 13465 1037 45300 166139 88510 25080 14024 1943 3738 78764 30969 17511 20424 10 33011 1676 65298 12322 2368 850 992 55226 54836 1569 35812 2313 97 232 3375 2195 4236 248 2016
153544 930 23 319 27 1105 3985 2131 621 332 44 89 1919 750 424 519 0 800 38 1587 292 57 20 26 1319 1320 40 880 57 2 6 80 51 98 6 50
153545 926 23 15501 1210 52294 191684 102664 28908 16175 2287 4318 90860 35718 20221 23552 11 38097 1992 75745 14205 2722 998 1164 63773 63387 1797 41570 2650 116 268 3920 2551 4901 294 2263
153546 929 25 4221 328 14277 52089 27990 7875 4361 618 1160 24752 9702 5491 6473 2 10359 524 20651 3839 740 270 319 17305 17288 481 11302 721 32 74 1075 703 1327 81 628
153547 930 25 2262 176 7501 27729 14662 4155 2334 321 618 13087 5120 2917 3361 2 5474 281 10868 2061 395 141 168 9193 9145 261 5928 379 16 40 561 368 710 40 333
153548 922 20 866 62 2901 10731 5629 1601 901 123 242 5062 1953 1128 1302 1 2119 102 4181 789 153 52 62 3540 3540 100 2272 152 6 15 217 142 269 15 136
153549 937 26 4275 334 14489 52866 28383 8022 4439 624 1182 25146 9857 5599 6628 3 10597 533 20960 3910 752 276 321 17544 17551 485 11503 733 31 75 1073 708 1345 84 640
153550 934 21 5251 404 17730 64791 34648 9835 5462 765 1454 30735 12071 6852 8024 3 12936 669 25523 4789 930 335 403 21526 21392 604 14063 904 38 91 1332 859 1642 101 787
153551 934 21 6986 547 23474 86208 45857 13003 7255 1017 1937 40929 16034 9101 10688 5 17129 883 33946 6394 1230 443 512 28649 28402 805 18630 1198 52 120 1756 1144 2181 131 1034
153553 927 18 14716 1126 49443 181383 96807 27403 15257 2134 4082 85907 33733 19093 22311 11 36089 1838 71482 13364 2562 931 1103 60188 60047 1705 39118 2516 110 256 3702 2434 4620 274 2177
153554 929 18 9500 727 32089 117486 62678 17788 9878 1383 2631 55757 21861 12435 14544 6 23366 1175 46184 8667 1681 605 705 39089 38774 1089 25437 1649 67 169 2401 1538 2995 181 1434
153555 924 13 3756 288 12565 46114 24597 6973 3876 546 1039 21859 8590 4871 5666 2 9176 460 18144 3404 656 240 274 15350 15244 420 9956 641 27 65 942 617 1172 72 558
153556 923 13 9998 766 33496 122936 65469 18625 10309 1427 2780 58283 22811 12960 15108 6 24473 1238 48255 9035 1751 625 743 40853 40632 1140 26552 1710 67 174 2503 1628 3117 189 1509
153557 921 19 5162 395 17311 63404 33767 9618 5315 736 1422 30050 11807 6717 7794 3 12624 636 24942 4638 917 318 380 21013 20911 598 13706 894 37 90 1306 849 1621 98 782
153558 927 19 20376 1565 68576 251354 134017 37972 21088 2952 5647 119052 46647 26511 31003 14 50054 2566 98951 18541 3570 1296 1503 83531 83072 2338 54252 3496 146 356 5147 3342 6369 385 3061
153559 926 12 2126 156 7135 26129 13763 4014 2189 302 592 12467 4859 2798 3240 1 5173 253 10167 1892 379 129 155 8713 8566 247 5565 370 15 38 535 345 669 41 329
153560 926 12 2335 180 7871 28818 15437 4352 2417 338 650 13705 5377 3050 3569 1 5744 289 11415 2108 405 140 178 9540 9574 264 6258 397 17 40 589 382 732 43 344
153561 926 12 13193 1018 44486 162869 87158 24664 13759 1938 3649 77320 30393 17206 20035 7 32398 1685 64202 12054 2321 859 987 54351 53771 1519 35300 2259 98 229 3317 2159 4141 247 1948
153562 935 32 1339 100 4508 16541 8844 2459 1402 195 368 7827 3079 1729 2035 1 3293 170 6527 1235 232 89 99 5517 5475 158 3581 223 10 22 341 213 420 24 194
153563 920 24 5833 446 19640 71976 38559 10873 6053 858 1608 34037 13400 7604 8775 4 14313 744 28330 5328 1028 381 435 23984 23796 665 15578 1004 41 101 1460 950 1828 110 871
153567 931 28 13497 1053 45550 166587 89023 25146 14021 1957 3732 79007 31050 17563 20579 9 33165 1701 65780 12299 2367 859 1004 55451 55108 1544 36145 2319 97 230 3409 2192 4225 256 2019
153568 932 27 10201 791 34383 125874 67165 19013 10605 1486 2822 59793 23450 13287 15636 7 25064 1281 49658 9304 1788 652 749 41753 41649 1189 27147 1755 77 176 2570 1675 3190 191 1518
153570 923 39 25924 1967 87216 319862 170452 48321 26835 3734 7200 151373 59392 33742 39422 19 63625 3208 125842 23634 4554 1627 1908 106198 105731 2984 69009 4461 185 452 6524 4243 8114 492 3898
153571 923 39 24748 1908 83046 304939 162270 46005 25717 3584 6849 144444 56626 32149 37443 18 60581 3102 119959 22533 4329 1572 1820 101290 100663 2824 65639 4245 181 428 6222 4056 7742 463 3689
153572 938 43 11524 887 38800 142175 75773 21605 11973 1668 3196 67477 26448 15082 17479 8 28252 1441 55866 10491 2042 733 867 47342 46890 1336 30737 1992 85 202 2901 1869 3625 222 1739
153574 936 41 6995 530 23403 85988 45653 13007 7241 1002 1947 40750 15983 9085 10566 6 17058 866 33696 6344 1220 437 521 28563 28349 813 18494 1206 50 123 1734 1142 2199 131 1039
153575 933 43 1732 128 5815 21458 11456 3200 1795 258 485 10107 3990 2245 2656 1 4235 223 8475 1575 306 111 128 7114 7086 197 4613 295 13 29 433 288 539 33 256
153576 933 33 2387 176 7904 29080 15418 4421 2445 333 662 13754 5419 3089 3525 1 5780 288 11355 2133 417 148 172 9660 9583 272 6246 407 15 41 585 391 746 44 358
153580 872 16 9910 764 33368 122267 65292 18429 10274 1447 2754 57925 22720 12910 15024 7 24282 1234 48130 9037 1731 626 734 40606 40404 1126 26386 1697 72 172 2484 1639 3114 186 1470
153582 876 15 681 50 2300 8432 4472 1277 702 101 189 3999 1566 888 1056 0 1688 86 3321 618 116 44 51 2793 2774 75 1807 115 5 11 171 114 210 13 101
153584 909 30 3374 254 11253 41580 22100 6274 3488 488 929 19667 7720 4385 5109 2 8245 428 16286 3068 596 218 254 13810 13692 401 8949 582 22 57 855 544 1066 63 506
153585 906 29 9651 741 32386 118925 63304 17864 10000 1392 2683 56360 22007 12530 14669 8 23665 1206 46826 8782 1677 616 725 39455 39270 1118 25693 1662 70 167 2424 1588 3031 179 1434
153588 907 29 11483 878 38523 141320 75493 21392 11873 1666 3182 66997 26297 14936 17289 8 28126 1438 55617 10430 2011 723 843 46923 46764 1319 30549 1975 85 199 2874 1879 3608 215 1707
153589 898 36 28439 2226 95753 351452 187719 52939 29700 4175 7844 166527 65464 37052 43236 20 69847 3659 138683 26054 5017 1842 2120 117021 115992 3314 76059 4850 217 485 7174 4647 9012 533 4173
153590 904 37 8924 699 30136 110537 59138 16613 9308 1309 2478 52345 20602 11626 13684 6 21992 1154 43570 8187 1576 587 686 36855 36439 1032 23953 1535 67 154 2240 1454 2824 165 1315
153591 900 35 29354 2235 98487 361239 192318 54632 30382 4210 8138 171161 67156 38173 44584 20 71830 3659 142118 26588 5162 1833 2187 120143 119110 3384 78037 5042 212 510 7350 4793 9210 555 4401
153608 913 27 4633 363 15601 57036 30555 8669 4798 672 1279 27149 10647 6049 7056 2 11327 586 22478 4218 819 296 345 19010 18855 527 12354 799 35 80 1170 753 1449 91 694
153609 914 27 7095 553 23905 87615 46884 13212 7361 1027 1982 41446 16301 9201 10783 6 17426 900 34594 6483 1234 452 534 29102 29040 825 18944 1208 49 123 1781 1168 2235 132 1042
153611 924 28 804 57 2679 9853 5217 1501 827 115 225 4678 1823 1053 1227 0 1947 97 3849 726 141 50 59 3283 3241 92 2105 140 5 14 198 128 244 15 127
153612 924 28 14095 1081 47429 174004 93039 26232 14638 2064 3902 82481 32392 18325 21503 10 34593 1796 68589 12874 2479 917 1056 57893 57492 1615 37749 2425 102 242 3546 2311 4422 268 2089
153613 937 26 9107 701 30523 112116 59582 16914 9412 1307 2527 53090 20855 11805 13849 6 22263 1143 44031 8308 1603 574 673 37266 36962 1051 24194 1553 65 157 2277 1483 2843 170 1357
153614 936 28 15679 1203 52726 193516 103337 29135 16335 2299 4353 91520 35996 20447 23679 12 38430 2000 76280 14309 2767 1005 1169 64404 63944 1807 41847 2681 117 272 3957 2543 4969 293 2309
153615 912 17 3105 238 10468 38256 20402 5789 3202 442 856 18204 7127 4042 4733 2 7586 384 15065 2813 548 191 231 12683 12633 359 8254 536 22 53 786 507 968 59 469
153618 906 16 17250 1310 57708 212299 112774 31935 17867 2494 4783 100300 39441 22402 25993 12 42103 2158 83283 15686 3024 1075 1266 70537 69987 1982 45740 2964 126 301 4330 2810 5449 322 2578
153619 906 16 4473 345 15062 55172 29516 8313 4666 658 1230 26137 10327 5799 6875 3 10991 569 21808 4087 781 287 339 18374 18222 517 11972 766 34 75 1124 735 1400 84 656
153620 916 21 9365 704 31497 115337 61415 17403 9688 1338 2590 54675 21456 12169 14317 7 22967 1154 45440 8523 1645 583 689 38232 38171 1090 24852 1603 68 164 2361 1527 2921 173 1404
153622 921 18 8751 665 29302 107441 57330 16235 9022 1259 2436 50976 19977 11350 13188 5 21372 1076 42208 7914 1528 540 639 35684 35449 989 23199 1511 59 151 2198 1426 2724 167 1317
153623 908 20 19878 1541 66840 244768 130695 37000 20622 2862 5477 116175 45673 25861 30332 15 48685 2504 96566 18136 3494 1260 1491 81524 80785 2303 53137 3379 148 342 5003 3238 6247 368 2940
153624 914 20 5598 429 18828 69224 36723 10447 5816 818 1571 32858 12852 7321 8601 4 13778 711 27160 5082 986 356 412 23055 22771 641 14886 971 38 99 1408 915 1761 108 854
153626 935 27 2893 226 9762 35662 19062 5383 2989 418 804 16936 6678 3750 4479 2 7091 361 14107 2617 507 181 218 11886 11768 340 7741 498 21 50 731 472 913 54 432
153627 935 27 178 13 581 2181 1121 327 180 22 52 1021 397 226 271 0 427 20 841 158 31 10 11 711 722 20 445 31 1 3 43 29 53 3 27
153628 937 29 3192 250 10727 39366 21023 5907 3316 462 883 18645 7289 4135 4899 1 7857 395 15566 2896 560 200 235 13056 13061 370 8543 541 21 56 818 525 983 60 483
153631 940 26 25728 1971 86234 316766 168775 47768 26707 3728 7102 149838 58933 33437 39044 19 62940 3253 124716 23405 4511 1642 1909 105265 104506 2992 68359 4410 190 447 6480 4188 8058 484 3841
153632 943 27 39337 3018 132399 485219 259008 73271 40727 5713 10909 230111 90261 51190 59867 30 96495 4947 191102 35799 6934 2507 2919 161222 160412 4528 104840 6767 283 681 9896 6415 12354 746 5881
153633 939 25 1183 84 3904 14415 7598 2167 1218 166 328 6794 2666 1526 1748 0 2848 135 5578 1058 207 73 82 4795 4710 132 3068 208 8 21 290 189 367 22 185
153634 940 25 6015 464 20244 74311 39387 11268 6187 857 1702 35288 13743 7856 9203 4 14793 731 29175 5434 1042 369 446 24612 24553 677 15899 1047 42 109 1501 988 1883 117 929
153635 936 18 3979 304 13490 49170 26311 7495 4104 576 1102 23297 9220 5226 6097 2 9767 499 19368 3618 698 254 293 16319 16241 450 10682 685 28 71 1004 662 1243 77 597
153636 945 22 12811 971 43039 157832 84198 23820 13256 1857 3532 74674 29344 16671 19543 9 31415 1604 62168 11619 2245 807 959 52335 52163 1478 34085 2205 93 224 3206 2099 4013 245 1926
153638 939 27 4473 345 15022 55142 29404 8332 4652 647 1234 26129 10283 5829 6759 3 10943 572 21727 4099 794 283 328 18371 18203 523 11923 756 35 78 1125 723 1409 82 654
153642 897 12 2819 216 9478 34676 18492 5229 2945 404 775 16433 6472 3660 4262 2 6887 361 13617 2579 491 179 213 11540 11404 330 7518 485 21 48 700 461 884 51 416
153643 899 12 9986 763 33446 122806 65124 18600 10329 1437 2775 58363 22857 12967 15248 6 24404 1244 48205 9023 1746 616 728 40724 40448 1153 26470 1736 72 174 2480 1643 3137 189 1498
153646 899 12 6588 497 22117 80979 43414 12218 6808 961 1823 38348 15059 8578 9909 5 16095 817 31913 5997 1156 422 477 26853 26779 740 17506 1130 49 113 1671 1092 2057 125 975
153647 900 12 14977 1141 50329 184221 98349 27793 15474 2173 4130 87561 34312 19441 22816 11 36687 1868 72583 13513 2636 942 1113 61270 60905 1715 39960 2573 104 258 3728 2435 4697 282 2247
153648 911 16 3218 247 10836 39607 21264 5991 3337 467 878 18729 7372 4158 4818 1 7871 409 15605 2953 562 202 245 13177 13133 374 8594 548 22 55 807 517 1009 58 475
153649 906 14 14674 1139 49405 181178 96556 27459 15247 2128 4061 85940 33723 19124 22263 9 36045 1851 71236 13375 2594 941 1084 60244 59805 1692 39102 2542 106 252 3710 2394 4614 276 2204
153650 904 14 2007 147 6721 24558 13050 3713 2077 285 550 11659 4572 2587 3032 1 4872 242 9666 1801 351 121 143 8147 8132 230 5294 339 14 36 495 329 625 37 303
153651 908 15 9208 703 31057 113773 60623 17225 9560 1333 2563 54029 21126 11972 14051 7 22598 1151 44619 8392 1619 579 682 37861 37555 1064 24537 1594 63 160 2306 1498 2880 173 1396
153652 902 16 10293 798 34851 127108 68179 19246 10670 1493 2834 60349 23713 13406 15967 8 25387 1307 50389 9346 1818 662 779 42257 42120 1177 27659 1770 77 178 2600 1673 3208 200 1528
153653 905 16 4959 373 16643 61030 32473 9245 5120 713 1384 28936 11344 6443 7471 3 12091 604 23879 4497 871 304 365 20231 20130 565 13113 863 36 88 1243 822 1542 92 749
153654 896 12 5515 422 18535 68328 36359 10281 5725 806 1552 32379 12702 7227 8329 3 13608 700 26772 5022 962 358 414 22724 22527 631 14737 956 39 97 1380 909 1752 102 824
153656 908 14 826 64 2749 10202 5321 1548 849 114 233 4855 1880 1089 1231 0 2016 101 3933 741 145 50 61 3401 3329 96 2158 143 5 14 211 134 262 16 128
153659 902 11 37175 2842 124666 457519 243786 68990 38460 5352 10300 216877 85056 48257 56473 24 91005 4637 180019 33723 6520 2333 2764 152101 150947 4261 99005 6407 271 649 9304 6074 11654 699 5569
153660 902 11 11855 921 39923 146290 78021 22149 12332 1719 3269 69325 27249 15435 18110 8 29133 1509 57659 10799 2085 756 887 48632 48357 1379 31665 2027 85 204 2976 1905 3727 224 1770
153663 914 13 7601 581 25463 93622 49963 14128 7832 1103 2105 44257 17379 9861 11545 5 18669 940 36911 6909 1327 483 562 31014 31034 874 20231 1300 57 132 1903 1260 2374 144 1133
153664 919 15 18828 1436 63053 231465 123180 34947 19526 2723 5219 109630 43052 24477 28623 11 46035 2366 91009 17130 3313 1200 1394 76962 76249 2181 50002 3224 141 324 4724 3055 5889 352 2802
153665 913 27 12495 943 41817 153922 81902 23134 12958 1807 3453 72592 28552 16213 18924 10 30524 1567 60613 11362 2195 794 935 51028 50823 1446 33165 2144 97 218 3132 2034 3925 232 1850
153667 921 25 5196 397 17543 64137 34361 9670 5392 754 1443 30458 11975 6752 7989 3 12779 665 25317 4732 916 331 399 21323 21207 609 13973 894 37 87 1317 851 1634 99 764
153669 919 23 10279 778 34360 126258 67074 19101 10634 1477 2850 59796 23454 13343 15538 6 25054 1275 49473 9322 1809 638 763 41951 41653 1174 27245 1763 73 179 2565 1668 3225 192 1553
153671 905 17 6240 478 20869 76772 40962 11546 6476 913 1720 36387 14267 8095 9461 4 15268 786 30258 5667 1100 400 464 25554 25357 721 16580 1061 47 105 1571 1018 1959 117 922
153674 925 32 4123 311 13799 50585 26999 7699 4247 595 1129 23966 9407 5353 6223 2 10027 506 19867 3746 724 259 307 16792 16695 475 10916 716 29 71 1038 668 1292 78 621
153675 942 32 12261 928 41056 150704 80129 22822 12711 1761 3392 71430 28047 15953 18533 9 29887 1519 59124 11160 2140 770 911 50119 49620 1415 32524 2106 90 213 3084 2013 3865 232 1826
153677 939 32 19186 1466 64632 236646 126277 35669 20007 2789 5287 112256 44078 24947 29415 14 47107 2404 93417 17511 3381 1212 1424 78712 78126 2234 51210 3300 145 332 4837 3128 6037 362 2863
153679 939 32 621 46 2052 7650 4003 1154 646 92 176 3620 1413 801 920 0 1498 79 2951 564 109 40 42 2554 2495 71 1606 107 3 10 149 102 200 11 94
153680 933 26 170 12 573 2128 1115 322 174 24 49 1017 385 226 266 0 423 17 825 155 28 9 12 697 702 18 448 29 0 3 40 27 54 3 27
153681 933 26 12563 969 42270 154776 82265 23520 13025 1812 3464 73477 28824 16385 19011 9 30770 1571 60802 11429 2224 792 913 51479 51007 1468 33389 2164 92 223 3175 2033 3949 236 1884
153682 931 27 5334 407 17888 65623 34954 9928 5528 775 1472 31183 12221 6916 8119 4 13048 663 25760 4840 935 341 392 21836 21643 612 14167 919 37 93 1336 863 1672 101 803
153683 927 26 12830 982 43044 157945 84093 23826 13285 1854 3538 74717 29345 16644 19431 10 31316 1602 62140 11634 2260 810 952 52529 52104 1481 34089 2207 91 221 3220 2101 4048 241 1924
153684 930 30 1153 87 3909 14340 7621 2156 1204 167 326 6837 2667 1525 1777 0 2849 140 5627 1046 205 69 83 4744 4734 142 3069 203 9 20 297 188 365 22 175
153685 927 29 5818 445 19426 71694 38030 10791 6051 852 1619 33927 13302 7537 8791 4 14214 735 28089 5311 1023 376 430 23940 23607 689 15355 993 44 100 1440 953 1830 107 860
153686 928 26 20736 1595 69639 254969 136314 38460 21479 2996 5689 120689 47440 26857 31533 15 50716 2582 100613 18831 3626 1305 1538 84554 84328 2409 55181 3546 153 359 5224 3413 6486 391 3058
153687 927 26 4071 315 13677 50110 26796 7581 4246 600 1120 23704 9400 5292 6146 4 9979 511 19796 3723 711 268 295 16744 16559 468 10872 682 30 70 1015 663 1286 75 594
153688 916 17 5071 393 17027 62457 33297 9491 5267 739 1409 29614 11641 6604 7717 3 12395 640 24548 4612 897 326 377 20780 20567 585 13522 873 37 89 1266 821 1602 95 753
153689 916 17 2896 225 9698 35554 18943 5360 2988 402 804 16772 6605 3735 4395 2 7057 351 13965 2610 499 177 219 11760 11752 331 7685 502 20 51 725 480 904 54 431
153690 918 17 8732 666 29339 107608 57339 16256 9022 1269 2411 51085 20017 11383 13253 7 21370 1090 42342 7907 1535 557 648 35791 35539 1006 23249 1512 61 153 2192 1420 2748 165 1310
153691 916 17 24283 1867 81587 299712 159917 45184 25330 3572 6715 141881 55759 31640 37009 17 59658 3097 118224 22190 4275 1571 1813 99679 98966 2825 64901 4147 186 419 6111 3935 7637 457 3589
153693 916 17 10081 762 33760 124069 65713 18767 10425 1436 2795 58713 23006 13128 15252 8 24587 1235 48556 9142 1776 626 745 41203 40864 1160 26665 1737 71 177 2517 1638 3154 190 1523
153695 926 22 2622 193 8814 32200 17165 4874 2701 379 728 15286 5988 3408 3968 1 6417 321 12607 2367 459 161 192 10704 10637 296 6970 454 18 47 652 418 815 49 398
153697 920 18 5129 398 17198 63322 33862 9516 5339 743 1416 29790 11799 6653 7739 4 12548 660 24980 4682 899 332 395 21017 20909 592 13756 873 40 86 1288 859 1620 96 745
153698 927 27 3821 287 12880 47141 25125 7106 3934 543 1068 22373 8740 4963 5858 2 9396 459 18543 3472 665 236 283 15598 15592 437 10189 667 26 68 956 643 1179 73 586
153699 925 25 21500 1623 72086 264761 141029 39910 22234 3094 5964 125521 49102 27941 32716 14 52589 2666 104150 19518 3781 1359 1581 87913 87517 2474 57047 3702 154 374 5376 3513 6702 405 3247
153700 929 21 4014 309 13615 49639 26491 7586 4152 575 1118 23616 9245 5270 6151 2 9881 498 19479 3642 706 250 298 16459 16417 462 10741 695 29 72 1004 651 1254 78 615
153701 921 21 967 70 3283 11948 6433 1814 988 139 270 5680 2217 1250 1472 0 2369 119 4694 882 169 60 71 3987 3964 104 2585 165 5 16 246 158 296 19 147
153702 926 23 31772 2408 106781 391438 208539 59137 32932 4598 8787 185533 72728 41318 48290 24 77799 3921 153936 28868 5587 1996 2351 129899 129424 3651 84376 5460 228 557 7973 5219 9966 597 4767
153704 933 26 797 61 2693 9904 5302 1488 845 122 218 4611 1854 1045 1184 0 1957 111 3914 748 141 55 57 3304 3261 87 2140 131 6 13 206 132 250 15 109
153705 905 14 5158 393 17322 63649 33824 9626 5350 751 1423 30192 11831 6723 7799 3 12625 650 25033 4671 900 326 377 21201 21000 596 13728 887 39 89 1294 826 1636 97 772
153706 906 15 3958 289 13199 48512 25647 7346 4072 566 1102 23018 8968 5145 5992 3 9642 470 18969 3561 686 240 284 16095 15990 447 10354 682 25 71 976 646 1227 76 606
153707 911 15 600 46 1983 7343 3838 1108 628 87 160 3458 1365 771 899 0 1450 76 2840 542 105 37 42 2438 2410 71 1582 104 4 10 151 97 193 10 87
153708 910 14 5323 410 17780 65236 34792 9859 5524 780 1460 30912 12126 6888 8043 4 12958 670 25713 4821 940 345 388 21718 21537 610 14066 900 40 91 1328 871 1665 99 788
153709 909 14 1864 134 6206 22760 11986 3428 1896 254 519 10805 4192 2423 2812 1 4524 210 8896 1679 325 110 132 7515 7496 210 4865 325 11 34 462 298 571 36 293
153710 907 14 1142 91 3855 14156 7525 2156 1191 167 320 6709 2630 1494 1740 1 2809 144 5554 1041 202 71 88 4694 4670 136 3063 195 7 20 285 190 364 21 172
153712 918 18 15296 1159 51445 188533 100342 28450 15886 2211 4230 89354 35000 19899 23307 11 37468 1899 74083 13939 2700 958 1138 62709 62168 1753 40738 2652 110 268 3822 2475 4809 290 2312
153713 915 15 18020 1373 60520 222354 118526 33472 18719 2623 4992 105208 41279 23459 27197 13 44154 2280 87402 16455 3171 1143 1340 73940 73368 2057 48005 3084 128 310 4539 2942 5699 341 2687
153715 909 15 10071 769 33930 124290 66270 18788 10447 1466 2783 58974 23101 13149 15398 8 24756 1262 49008 9153 1772 656 752 41318 41100 1154 26833 1741 72 175 2524 1634 3175 194 1517
153718 905 17 3658 273 12287 45000 23851 6847 3759 518 1021 21385 8354 4777 5587 2 8937 433 17642 3301 644 221 263 14924 14831 418 9680 637 24 66 917 606 1154 70 560
153719 905 17 695 53 2343 8669 4610 1295 740 101 191 4086 1602 902 1061 0 1718 89 3429 641 122 45 52 2875 2876 81 1874 118 5 11 178 110 222 12 100
153722 884 19 1586 120 5370 19743 10563 2968 1668 232 438 9383 3681 2066 2415 1 3936 210 7787 1468 285 101 116 6593 6533 190 4272 267 11 27 396 260 505 28 234
153723 887 19 4730 347 15803 57989 30779 8763 4880 672 1310 27489 10781 6132 7164 3 11505 571 22707 4253 828 287 340 19230 19121 540 12478 826 34 81 1173 773 1469 89 719
153725 891 23 1926 148 6525 23790 12827 3549 1996 276 528 11294 4431 2500 2924 1 4734 239 9400 1760 338 117 145 7890 7913 215 5197 330 13 33 489 326 600 35 284
153729 891 23 1799 134 5990 22096 11725 3312 1854 257 500 10430 4111 2327 2746 1 4387 215 8710 1633 309 111 130 7339 7289 202 4761 300 13 31 448 291 568 33 264
153730 893 24 3355 258 11190 41399 21835 6230 3470 476 939 19593 7655 4363 5053 2 8211 415 16133 3029 593 209 249 13812 13629 387 8835 581 25 58 838 540 1056 62 506
153731 894 21 2965 220 9898 36200 19282 5479 3063 429 809 17098 6749 3835 4450 2 7167 359 14163 2667 517 189 215 11990 11903 336 7804 504 23 49 745 482 924 54 440
153734 907 28 1686 130 5670 20685 11179 3125 1747 249 461 9832 3874 2174 2581 0 4127 219 8242 1535 289 110 127 6885 6846 198 4508 282 13 28 425 275 525 30 245
153735 912 26 2399 173 7980 29460 15665 4404 2473 344 659 13910 5481 3099 3638 2 5842 298 11598 2158 421 150 167 9766 9734 275 6341 412 17 40 608 388 753 45 356
153736 903 21 468 33 1548 5656 3033 840 478 67 126 2659 1070 604 702 0 1126 56 2231 410 81 29 32 1868 1858 50 1230 78 3 8 116 75 145 9 69
153739 911 21 9056 696 30438 111684 59762 16857 9390 1310 2520 52907 20742 11771 13747 6 22184 1126 44065 8260 1597 579 681 37102 36936 1043 24187 1554 65 161 2284 1493 2827 174 1368
153740 903 21 7696 599 25943 95050 50637 14452 7965 1115 2116 45106 17667 10071 11668 5 18902 963 37334 6994 1346 494 582 31588 31406 888 20514 1322 55 136 1939 1255 2430 146 1151
153741 916 32 14140 1067 47399 173987 92566 26306 14593 2037 3910 82616 32379 18422 21602 8 34587 1729 68463 12770 2462 887 1037 57678 57422 1611 37458 2435 102 248 3560 2327 4431 270 2129
153743 888 22 7146 540 23922 87960 46732 13286 7388 1023 1991 41684 16336 9305 10828 4 17460 874 34488 6462 1261 438 531 29187 28981 829 18947 1239 54 126 1791 1162 2235 136 1084
153744 887 18 18528 1432 62252 228430 121793 34356 19192 2672 5180 108257 42454 23987 28223 12 45464 2325 89948 16891 3242 1159 1385 75938 75491 2129 49397 3178 133 321 4650 3030 5801 344 2782
153745 886 17 2105 158 7126 26032 13929 3918 2171 302 595 12398 4823 2741 3245 1 5162 261 10263 1895 368 130 158 8634 8634 241 5612 363 14 36 539 345 664 40 317
153746 904 28 1288 97 4344 16078 8570 2406 1336 185 355 7568 2957 1697 1952 1 3185 168 6321 1191 227 85 103 5335 5320 148 3462 224 8 23 322 213 416 24 195
153747 919 37 23223 1786 78258 286528 153034 43315 24161 3386 6421 135967 53376 30306 35543 18 57096 2937 113175 21154 4088 1498 1739 95309 94766 2677 62064 3989 170 407 5825 3767 7305 442 3473
153748 912 22 3152 241 10585 38780 20647 5857 3276 457 871 18313 7232 4094 4786 3 7696 383 15279 2862 560 201 231 12896 12790 361 8380 532 23 54 793 511 993 59 472
153749 913 22 2459 193 8239 30485 16243 4547 2572 367 682 14356 5678 3198 3748 2 6062 329 12049 2251 433 162 190 10142 10066 293 6588 419 18 41 619 407 784 45 349
153750 920 23 308 21 1048 3814 2010 579 319 43 85 1810 704 407 471 0 750 36 1502 280 56 18 21 1270 1248 37 812 54 2 5 79 50 95 5 50
153751 926 29 4710 365 15754 57878 30794 8761 4870 682 1306 27541 10751 6110 7178 3 11497 585 22741 4279 824 295 347 19252 19104 549 12505 809 35 81 1185 767 1473 88 693
153752 925 27 6163 470 20523 75654 40118 11447 6365 896 1700 35770 14071 8000 9242 3 15006 774 29571 5583 1088 395 454 25132 24912 720 16276 1061 44 107 1538 1002 1946 114 918
153753 917 24 3501 260 11628 43105 22715 6498 3591 501 985 20460 7976 4552 5283 2 8507 435 16754 3139 614 220 252 14379 14156 403 9188 608 24 60 869 575 1104 65 533
153754 917 24 1980 146 6671 24498 12977 3695 2058 288 552 11592 4538 2573 3015 1 4849 245 9606 1808 348 123 141 8142 8074 223 5247 340 14 34 490 325 624 38 299
153755 941 37 12568 968 42346 155403 82835 23431 13077 1821 3499 73528 28896 16375 19130 9 30936 1584 61245 11509 2213 800 936 51696 51338 1457 33583 2145 91 219 3169 2062 3954 235 1875
153756 941 39 7125 542 23946 87778 46611 13284 7396 1029 1980 41636 16305 9261 10704 5 17478 887 34380 6472 1234 446 505 29180 28972 822 18855 1218 51 124 1802 1180 2226 132 1070
153757 940 37 2456 190 8270 30213 16167 4592 2526 351 684 14392 5604 3175 3748 1 6033 302 11919 2201 423 151 179 9998 10046 272 6507 425 16 42 616 412 762 46 368
153759 940 37 3697 296 12549 45657 24711 6864 3875 554 1012 21642 8558 4808 5696 2 9101 475 18172 3371 651 246 280 15199 15105 427 10012 621 29 63 924 616 1170 68 529
153760 995 50 8682 661 29019 106741 56698 16041 8995 1244 2400 50523 19772 11240 13081 7 21132 1055 41821 7903 1528 547 642 35487 35185 1007 22958 1498 62 150 2187 1424 2718 162 1301
153761 991 44 7502 573 25193 92413 49241 13956 7767 1087 2076 43783 17194 9788 11412 5 18375 940 36416 6772 1332 472 558 30648 30447 864 19954 1299 56 131 1898 1229 2365 142 1134
153762 990 44 2040 160 6927 25304 13645 3841 2132 303 563 12081 4754 2683 3180 0 5045 267 10078 1860 363 134 153 8432 8370 238 5553 347 15 35 518 335 637 39 300
153765 989 44 3595 280 12036 44219 23620 6633 3730 521 993 20979 8265 4644 5517 1 8804 449 17486 3259 621 233 273 14723 14624 420 9574 610 28 60 897 590 1131 66 523
153766 1010 55 10935 858 36920 134779 72240 20398 11382 1607 3006 64152 25144 14232 16784 7 26870 1391 53297 9936 1902 706 833 44874 44601 1250 29353 1856 80 189 2738 1784 3429 207 1609
153767 928 47 6471 510 21810 79819 42862 12075 6753 953 1775 37886 14936 8429 9917 4 15935 837 31642 5941 1136 425 494 26590 26415 747 17410 1091 52 110 1625 1069 2048 119 929
153768 930 47 12021 929 40684 148429 79543 22463 12453 1744 3314 70456 27663 15650 18597 9 29651 1518 58788 10890 2119 774 904 49342 49175 1367 32266 2065 88 210 3034 1958 3748 232 1794
153769 931 47 12907 988 43419 158844 85004 23968 13364 1877 3557 75207 29595 16761 19521 8 31595 1618 62649 11706 2276 818 961 52859 52482 1468 34426 2209 95 219 3265 2117 4035 246 1926
153770 930 47 5599 429 18788 69165 36692 10433 5814 826 1561 32748 12851 7302 8473 4 13719 709 27150 5095 984 363 414 23098 22748 646 14903 957 42 97 1408 921 1763 104 833
153771 930 47 9662 745 32483 119227 63639 17977 10060 1413 2669 56452 22178 12553 14587 8 23676 1231 46910 8804 1690 625 725 39680 39343 1100 25759 1650 71 164 2438 1597 3047 179 1422
153772 949 58 2505 191 8455 31025 16496 4715 2587 364 699 14742 5732 3291 3781 2 6161 305 12167 2282 440 159 188 10279 10291 285 6634 438 17 45 620 418 785 46 377
153774 951 59 3088 234 10340 37946 20160 5741 3183 445 869 18021 7047 4017 4730 1 7561 372 14911 2785 537 194 227 12615 12504 355 8164 531 22 54 782 506 953 59 469
153775 950 56 7105 541 23714 87373 46475 13141 7356 1023 1975 41253 16239 9203 10660 5 17339 891 34316 6456 1245 453 519 29024 28813 816 18853 1210 52 120 1787 1158 2227 132 1062
153776 941 44 16998 1290 56985 209144 110899 31721 17554 2418 4731 99266 38876 22120 25663 12 41466 2083 81778 15434 2987 1053 1245 69453 68933 1977 44916 2944 120 299 4239 2784 5364 321 2553
153780 941 44 22151 1689 74389 273015 145645 41145 23010 3217 6129 129242 50833 28828 33564 16 54292 2806 107549 20160 3893 1404 1665 90840 90150 2542 58969 3793 170 385 5575 3619 6977 416 3282
153781 953 45 1164 85 3883 14200 7553 2134 1192 164 319 6750 2629 1496 1777 1 2836 138 5601 1041 204 70 82 4713 4706 131 3059 201 8 20 290 189 359 22 178
153782 953 45 12131 932 40718 149394 79432 22577 12563 1741 3355 70695 27654 15745 18335 12 29729 1507 58645 11012 2134 762 896 49643 49320 1395 32222 2073 86 209 3039 1977 3814 227 1814
153783 949 41 486 32 1598 5910 3072 899 495 66 135 2781 1098 628 715 0 1158 57 2280 429 84 26 33 1961 1929 53 1243 86 3 9 119 75 152 9 79
153784 948 41 14892 1141 50083 183353 97866 27709 15405 2145 4094 87078 34089 19363 22597 12 36430 1860 72115 13538 2624 948 1100 61011 60569 1714 39630 2554 106 259 3768 2432 4679 281 2224
153787 940 42 16043 1233 53786 197355 105205 29743 16645 2322 4435 93465 36716 20813 24427 13 39178 1999 77675 14611 2802 1005 1192 65579 65161 1870 42576 2743 117 276 4016 2635 5026 304 2376
153788 953 57 1809 135 6115 22224 11887 3395 1858 263 502 10562 4134 2356 2769 1 4401 223 8768 1619 317 111 128 7341 7398 204 4783 316 13 32 458 292 560 35 278
153790 976 46 8739 647 29213 107405 56993 16184 9006 1259 2432 50852 19969 11341 13316 6 21340 1090 42242 7880 1522 547 641 35615 35413 1001 23103 1511 64 151 2174 1427 2730 168 1320
153792 976 46 5857 461 19877 72338 38917 11002 6057 847 1613 34315 13556 7640 8908 3 14415 731 28554 5321 1025 380 440 24007 23978 672 15783 1004 41 100 1478 970 1843 113 876
153793 981 51 7452 566 25145 92137 48969 13966 7733 1081 2090 43816 17090 9767 11381 5 18278 914 36138 6818 1324 468 554 30547 30424 858 19793 1294 55 133 1875 1229 2340 143 1134
153794 980 50 9557 720 32159 117996 62877 17840 9893 1391 2647 55847 21972 12519 14427 6 23435 1193 46382 8678 1672 621 699 39313 38913 1081 25494 1640 66 163 2395 1556 3029 186 1438
153795 957 38 18800 1421 62986 231161 122917 34976 19376 2683 5231 109781 42896 24432 28504 12 45957 2305 90599 16998 3304 1170 1382 76745 76304 2126 49746 3254 131 329 4709 3062 5876 362 2860
153796 952 34 17203 1324 57749 212144 113069 31927 17911 2514 4767 100554 39468 22386 26014 14 42164 2181 83467 15728 3039 1110 1289 70655 70068 1983 45825 2916 125 298 4324 2802 5434 315 2553
153797 953 36 8402 648 28269 103638 55245 15621 8788 1226 2313 49212 19287 10912 12823 5 20656 1056 40840 7665 1479 536 609 34487 34249 984 22365 1442 65 142 2121 1372 2646 154 1247
153798 903 28 4899 373 16369 60260 31954 9066 5059 692 1371 28547 11166 6344 7440 2 11954 610 23591 4446 857 301 358 20027 19799 568 12969 851 35 85 1242 809 1529 91 737
153799 903 28 9542 727 31985 117533 62433 17798 9862 1380 2668 55797 21831 12438 14436 7 23320 1193 46212 8675 1690 600 700 39071 38790 1097 25290 1644 70 165 2366 1555 3007 178 1430
153800 910 31 7978 613 26903 98637 52576 14878 8299 1161 2229 46818 18304 10411 12174 4 19606 993 38815 7285 1405 512 592 32852 32549 928 21242 1376 56 139 1989 1297 2510 151 1206
153801 909 30 250 18 817 3023 1578 448 258 33 68 1420 555 320 360 0 586 28 1156 229 43 13 18 997 985 28 639 43 1 4 60 40 78 4 38
153802 907 28 6519 503 21841 80008 42577 12089 6753 937 1799 37964 14910 8447 9862 5 15874 805 31369 5942 1128 409 475 26626 26349 744 17266 1113 47 109 1616 1049 2049 120 964
153803 907 28 673 50 2218 8180 4297 1251 687 93 184 3873 1522 872 1014 0 1621 81 3175 603 117 41 49 2727 2667 76 1743 116 4 11 167 111 211 13 99
153804 910 32 8654 662 29113 106711 56755 16159 8945 1232 2402 50563 19786 11251 13162 6 21266 1064 41910 7863 1523 542 646 35386 35248 988 22984 1503 58 155 2160 1434 2710 163 1313
153806 918 32 4354 329 14621 53617 28533 8105 4495 624 1211 25362 9956 5648 6633 3 10662 528 21040 3941 764 273 322 17808 17705 499 11530 755 30 74 1091 706 1365 84 665
153807 919 32 1522 116 5094 18814 9927 2831 1572 214 429 8892 3483 1986 2287 1 3723 191 7340 1387 269 95 113 6239 6199 178 4007 261 11 26 380 256 479 28 230
153808 919 32 1608 125 5382 19771 10541 2968 1676 229 445 9348 3672 2083 2461 1 3928 198 7829 1475 283 100 124 6558 6515 189 4281 279 12 27 400 264 503 30 237
153809 919 32 13771 1070 46447 169978 91032 25650 14357 2025 3795 80517 31690 17940 20937 11 33779 1751 67231 12575 2440 880 1037 56564 56236 1587 36858 2369 102 239 3484 2245 4331 260 2037
153812 970 68 3947 301 13276 48564 25968 7359 4074 574 1092 23089 9052 5114 6031 2 9688 500 19167 3571 697 254 288 16136 16109 451 10518 666 28 68 997 641 1233 75 592
153813 960 55 5879 449 19925 72761 39109 11022 6093 853 1628 34548 13531 7673 9052 4 14524 734 28791 5366 1037 371 450 24106 24165 676 15879 1014 41 103 1482 967 1863 114 881
153814 963 57 4561 349 15362 56294 29931 8549 4713 650 1270 26685 10426 5954 6895 3 11182 553 22096 4135 795 281 341 18653 18623 525 12109 791 33 83 1148 754 1433 86 692
153815 953 21 33838 2572 113647 417196 222260 62963 35050 4893 9386 197678 77543 44045 51444 23 82935 4215 163967 30760 5931 2137 2505 138585 137671 3892 89988 5823 247 587 8497 5537 10658 642 5074
153817 923 21 12131 930 40723 149408 79558 22571 12573 1755 3356 70847 27809 15808 18313 9 29667 1511 58623 11060 2127 774 883 49651 49323 1399 32190 2079 87 210 3039 1972 3807 227 1812
153818 866 14 12784 971 42807 157398 83812 23748 13222 1844 3534 74486 29289 16617 19367 9 31224 1616 61799 11629 2258 810 950 52290 51918 1473 33952 2208 94 220 3221 2078 4019 244 1924
153820 867 14 1240 96 4185 15362 8200 2338 1285 173 352 7303 2853 1638 1902 1 3059 155 6030 1141 221 79 96 5106 5078 143 3319 218 8 21 314 203 387 24 188
153821 867 14 1145 83 3784 14078 7381 2094 1190 163 321 6643 2606 1489 1728 1 2775 144 5488 1045 199 68 79 4687 4616 135 3012 196 8 20 286 184 365 21 169
153824 895 31 6106 474 20600 75209 40347 11396 6306 887 1680 35687 14066 7923 9315 4 14977 764 29706 5577 1066 391 456 24960 24876 701 16371 1041 44 107 1536 1000 1907 115 911
153825 895 29 6139 461 20590 75821 40215 11454 6387 889 1711 35819 14008 8002 9262 5 15018 766 29685 5574 1076 388 461 25148 25016 718 16240 1055 43 107 1550 998 1926 116 927
153826 895 31 11229 847 37720 137896 73558 20835 11554 1614 3102 65305 25684 14596 16940 8 27433 1384 54203 10138 1941 697 822 45740 45551 1268 29797 1930 80 200 2799 1867 3493 211 1673
153827 899 35 14114 1102 47170 173490 92423 26130 14645 2046 3883 82159 32257 18268 21397 10 34498 1790 68299 12843 2475 892 1058 57737 57245 1625 37528 2391 105 244 3527 2300 4450 261 2086
153828 897 27 2517 203 8520 31019 16690 4712 2630 367 690 14759 5815 3272 3877 1 6209 318 12281 2310 438 165 193 10365 10252 297 6796 424 18 43 638 410 793 46 369
153829 896 27 3713 282 12487 45839 24394 6956 3849 527 1037 21655 8505 4857 5626 3 9084 452 17965 3411 651 229 271 15204 15102 432 9847 649 25 67 942 607 1162 71 564
153831 896 27 1095 81 3674 13432 7174 2031 1130 152 301 6344 2499 1420 1653 0 2677 132 5261 984 196 66 82 4462 4438 131 2906 194 8 19 276 180 340 19 165
153832 896 27 28152 2135 94307 346309 184061 52438 29129 4060 7820 164151 64342 36645 42788 18 68810 3476 135838 25503 4960 1784 2083 115013 114208 3227 74690 4854 202 491 7038 4568 8832 537 4256
153833 904 32 9878 766 33113 121722 65085 18256 10258 1434 2746 57390 22654 12748 14944 6 24174 1277 48014 9031 1729 637 760 40488 40211 1145 26385 1673 76 167 2472 1623 3122 179 1441
153834 908 29 2975 224 9896 36423 19362 5523 3062 426 806 17293 6775 3870 4525 1 7216 369 14368 2689 523 184 213 12126 11966 348 7878 512 22 51 746 478 930 58 444
153835 913 28 3479 266 11774 42975 22949 6507 3596 498 964 20456 7945 4534 5327 2 8576 423 16898 3149 606 220 262 14257 14272 393 9257 601 23 63 871 582 1094 66 526
153838 912 28 3247 242 10911 40009 21174 6069 3356 459 909 18951 7413 4237 4925 2 7908 393 15599 2945 579 196 240 13324 13126 376 8618 565 22 58 814 521 1012 62 502
153839 910 26 8502 658 28616 104937 56002 15809 8872 1239 2355 49620 19582 11057 13009 6 20889 1080 41373 7765 1489 546 641 34899 34603 991 22728 1463 63 147 2147 1396 2676 160 1266
153840 918 25 4813 379 16223 59386 31660 8997 5005 697 1331 28214 11067 6258 7410 3 11857 614 23448 4382 846 304 355 19711 19586 558 12846 824 36 83 1209 789 1501 91 719
153841 920 25 6123 461 20564 75627 40399 11397 6330 898 1699 35707 13986 7963 9283 4 15033 774 29789 5549 1074 396 446 25084 25045 695 16267 1053 43 107 1543 998 1913 118 924
153842 924 26 6714 504 22373 82494 43589 12405 6952 962 1865 39039 15279 8678 10052 6 16321 832 32269 6094 1175 418 481 27433 27169 775 17625 1142 51 116 1684 1088 2102 123 1004
153843 917 35 6534 500 21967 80515 43020 12148 6774 949 1800 38132 14958 8474 9997 4 16002 818 31779 5948 1152 419 498 26777 26593 748 17456 1122 46 115 1654 1070 2045 125 982
153844 923 37 1476 109 4922 18197 9555 2749 1502 209 412 8599 3360 1934 2229 1 3613 174 7066 1327 261 92 109 6039 5990 166 3849 259 9 27 363 241 468 28 231
153846 926 26 11012 844 36931 135688 72601 20335 11432 1619 3043 63991 25214 14294 16672 8 26926 1409 53588 10046 1927 711 833 45178 44760 1260 29422 1864 86 185 2770 1818 3463 207 1615
153848 920 40 9733 747 32793 120208 64364 18094 10071 1406 2702 56941 22369 12667 14891 7 23977 1231 47496 8856 1714 612 742 39946 39838 1111 26060 1656 68 171 2452 1609 3048 184 1452
153851 905 23 943 70 3116 11511 6049 1733 965 131 256 5434 2128 1208 1395 0 2277 114 4456 836 163 58 66 3810 3785 111 2457 164 6 15 233 154 299 16 140
153852 894 15 12413 949 41678 153070 81442 23077 12910 1806 3426 72268 28421 16143 18880 10 30436 1558 60264 11311 2184 792 920 50891 50492 1431 33050 2142 92 216 3129 2025 3919 232 1857
153854 895 15 6591 506 22156 81236 43407 12288 6819 961 1825 38601 15122 8584 10116 2 16172 836 32051 5983 1164 422 488 26968 26871 759 17592 1137 48 114 1678 1071 2064 128 988
153855 896 18 1847 136 6257 22811 12173 3496 1885 264 514 10870 4227 2424 2897 1 4553 212 8969 1648 331 116 134 7525 7563 205 4901 332 12 34 473 308 568 37 294
153856 907 24 8518 637 28483 104763 55456 15869 8784 1218 2377 49633 19431 11089 12895 6 20771 1049 40967 7720 1500 527 613 34863 34516 982 22467 1473 59 151 2133 1380 2668 161 1293
153858 906 24 19950 1541 67089 246108 131234 37139 20721 2912 5553 116707 45823 25983 30444 13 49026 2500 96892 18172 3488 1275 1500 81881 81165 2297 53272 3436 147 348 5018 3261 6281 378 2977
153859 900 19 12993 1002 43598 159854 85383 24120 13452 1874 3604 75959 29768 16855 19869 10 31836 1614 63061 11776 2277 820 956 53070 52809 1508 34620 2229 95 226 3257 2123 4055 245 1932
153860 900 19 5120 389 17245 63244 33642 9534 5291 736 1437 29980 11738 6664 7802 4 12558 643 24879 4657 891 315 381 20975 20889 588 13602 882 38 90 1286 849 1601 96 766
153861 909 32 2662 203 8887 32548 17216 4956 2735 372 737 15439 6040 3455 3935 2 6457 308 12696 2401 466 159 192 10800 10692 292 6979 456 16 46 661 433 826 51 410
153862 918 36 25776 1978 86655 317281 169107 48039 26747 3725 7147 150497 59046 33554 39010 21 63103 3206 124804 23438 4537 1623 1895 105533 104798 2958 68588 4425 188 452 6441 4205 8073 486 3859
153863 918 36 1231 97 4165 15270 8110 2338 1286 178 340 7260 2844 1618 1873 1 3036 158 5978 1122 222 79 91 5092 5021 143 3291 213 8 21 307 201 397 22 186
153864 888 18 21785 1677 73403 268565 143524 40622 22583 3176 6021 127339 50078 28330 33214 16 53427 2733 105854 19836 3820 1392 1604 89348 88730 2489 58159 3724 159 378 5490 3549 6835 413 3244
153865 888 18 15305 1163 51368 188196 100292 28493 15786 2199 4245 89352 35020 19824 23285 12 37454 1883 74042 13856 2687 957 1118 62507 62290 1768 40559 2644 107 269 3827 2508 4795 291 2306
153866 905 24 5389 412 17940 66287 35078 9961 5609 771 1493 31348 12324 6977 8139 4 13114 667 25934 4895 947 338 409 22040 21815 628 14212 921 39 95 1337 871 1700 101 799
153868 912 19 5497 410 18370 67288 35807 10239 5638 786 1502 31872 12503 7124 8272 3 13377 664 26436 4923 969 331 389 22281 22240 634 14494 948 40 97 1385 887 1701 106 831
153869 893 19 2908 224 9808 36030 19178 5465 3016 419 813 17082 6707 3808 4451 2 7173 371 14208 2666 510 183 215 11962 11892 342 7767 500 20 50 730 470 917 56 433
153870 932 27 1817 141 6093 22517 11968 3387 1915 275 500 10588 4189 2376 2718 1 4451 240 8837 1674 324 122 135 7541 7409 206 4812 311 13 32 451 293 576 33 264
153872 930 27 2423 189 8209 29925 15999 4517 2517 353 671 14215 5559 3145 3699 2 5948 297 11820 2201 425 155 177 9970 9914 280 6474 414 18 40 614 394 763 44 361
153873 932 24 5994 451 20080 73704 39185 11173 6204 862 1670 34951 13720 7799 8989 4 14586 753 28825 5437 1051 378 426 24563 24268 684 15812 1033 42 104 1500 978 1894 113 898
153874 906 21 1878 143 6294 23220 12242 3507 1947 269 525 11042 4292 2453 2893 1 4634 229 9156 1706 327 119 136 7715 7675 219 4940 320 14 32 470 305 585 36 285
153875 905 19 5413 409 18136 66518 35248 10083 5557 769 1505 31594 12352 7052 8254 4 13270 661 26120 4888 953 334 390 22068 21934 615 14294 938 38 95 1356 879 1685 103 825
153876 905 19 12844 977 43151 158224 84501 23883 13367 1879 3542 74921 29502 16733 19611 9 31425 1626 62366 11685 2281 825 962 52696 52236 1492 34258 2210 93 223 3241 2081 4033 243 1912
153877 919 14 7733 590 25895 95289 50676 14358 7969 1117 2152 45130 17688 10064 11718 4 18941 953 37449 6994 1345 491 566 31683 31465 879 20513 1332 56 130 1936 1261 2438 145 1165
153878 941 34 16922 1311 56939 208808 111740 31373 17552 2452 4715 98828 38855 21963 25749 12 41591 2146 82352 15396 2972 1074 1292 69402 69081 1937 45270 2905 122 294 4253 2777 5324 316 2513
153879 940 34 15995 1209 53489 196404 104216 29694 16528 2292 4434 93040 36515 20729 24214 13 39022 1975 77058 14468 2796 1002 1168 65228 64734 1848 42264 2760 115 277 3987 2610 5014 300 2398
153880 868 11 17626 1350 59067 217069 115662 32716 18216 2547 4902 102886 40287 22866 26827 12 43185 2214 85345 16027 3092 1118 1317 72067 71703 2029 46845 3035 126 305 4429 2874 5506 332 2642
153881 889 15 12535 957 41920 154350 81986 23295 12960 1805 3483 73211 28678 16300 18849 10 30614 1566 60556 11345 2201 788 918 51324 50934 1466 33198 2133 92 215 3140 2053 3940 233 1863
153882 925 15 2903 226 9786 35852 19182 5435 3031 424 792 17028 6711 3787 4432 1 7141 372 14126 2675 521 183 216 11979 11785 341 7798 495 21 50 730 464 917 54 437
153883 926 18 888 71 3019 10930 5823 1679 917 125 242 5211 2053 1159 1336 0 2179 110 4285 803 153 55 64 3638 3599 101 2362 152 6 15 224 143 280 17 132
153884 925 17 5460 411 18290 67133 35754 10110 5613 771 1515 31772 12451 7074 8323 3 13381 667 26409 4907 956 333 404 22276 22171 625 14430 951 37 96 1361 899 1716 106 838
153885 900 18 18443 1413 61913 227412 121418 34181 19164 2680 5128 107438 42319 23911 27980 14 45204 2336 89628 16856 3228 1169 1378 75597 75122 2123 49182 3162 141 318 4641 3012 5784 343 2745
153886 901 18 11905 911 39804 146642 77832 22026 12300 1712 3307 69436 27118 15427 17958 8 29085 1483 57480 10813 2083 753 880 48764 48359 1363 31440 2051 83 205 2996 1942 3738 225 1790
153887 895 12 298 23 997 3688 1938 548 309 44 83 1731 680 388 435 0 735 37 1421 270 51 19 19 1216 1221 35 776 53 2 5 75 47 92 5 47
153888 927 25 6088 456 20363 74851 39757 11301 6275 865 1685 35408 13937 7932 9232 2 14907 750 29393 5527 1069 380 448 24855 24634 694 16145 1056 41 105 1526 995 1905 117 918
153889 928 25 16968 1292 56902 208737 111413 31406 17599 2474 4685 98748 38796 21950 25499 11 41430 2127 82009 15456 2973 1090 1263 69439 68960 1925 45146 2887 118 290 4271 2747 5319 317 2532
153890 931 25 3279 252 10976 40369 21582 6049 3407 476 907 19047 7525 4251 4881 3 7983 410 15909 2998 575 210 243 13421 13337 375 8725 555 23 55 827 536 1029 61 485
153891 934 26 2382 185 8010 29305 15579 4466 2452 339 669 13987 5468 3112 3641 1 5826 302 11539 2151 419 150 168 9773 9666 273 6308 408 15 42 595 389 744 45 359
153892 949 20 13712 1044 46067 168997 89835 25562 14217 1979 3781 80126 31446 17870 20915 9 33600 1705 66420 12464 2417 858 1020 56068 55762 1581 36446 2350 99 240 3438 2246 4301 261 2070
153893 944 20 3344 258 11281 41378 22160 6208 3456 473 921 19546 7650 4362 5117 3 8233 418 16383 3045 594 212 263 13711 13705 382 8971 579 24 56 839 557 1053 65 498
153894 950 23 14660 1123 49311 180832 96476 27250 15216 2118 4065 85619 33670 19075 22365 10 36008 1835 71284 13358 2581 934 1097 60149 59783 1677 39105 2513 108 257 3689 2414 4608 278 2189
153899 915 15 4529 350 15273 56186 30037 8427 4760 674 1255 26633 10478 5916 6885 3 11155 588 22181 4159 801 295 347 18768 18546 538 12166 771 36 77 1138 747 1445 82 656
153900 920 16 8329 634 28000 102560 54789 15553 8617 1201 2291 48617 19068 10846 12627 6 20350 1035 40317 7562 1469 520 618 34016 33867 954 22176 1440 62 145 2104 1377 2612 159 1250
153901 912 28 17142 1293 57534 210985 112301 31989 17668 2469 4776 100107 39222 22297 25849 11 41840 2107 82657 15497 3015 1076 1259 70118 69537 1961 45431 2973 120 302 4292 2810 5387 327 2598
153902 906 23 8153 617 27386 100674 53628 15197 8443 1182 2270 47678 18680 10606 12365 6 20044 1025 39652 7409 1435 516 595 33393 33278 932 21662 1401 58 142 2062 1333 2556 157 1232
153903 914 26 8240 624 27696 101612 53916 15341 8556 1192 2287 48131 18857 10728 12415 6 20217 1023 39822 7475 1435 515 586 33736 33528 952 21814 1413 60 144 2092 1359 2579 154 1238
153905 912 13 4632 348 15379 56675 30127 8502 4769 659 1270 26727 10497 5953 6996 3 11247 573 22330 4165 802 290 336 18804 18692 535 12205 785 34 77 1163 749 1444 88 690
153906 951 39 11006 848 37052 136072 72661 20500 11414 1601 3047 64444 25334 14328 16777 8 27001 1383 53703 10039 1938 705 833 45221 44948 1271 29408 1879 84 188 2781 1814 3480 205 1632
153907 952 39 3807 291 12778 47019 25035 7060 3945 547 1054 22269 8707 4949 5756 3 9322 463 18437 3462 668 238 280 15626 15540 440 10100 660 26 68 953 634 1205 71 573
153908 960 38 2529 196 8532 31233 16652 4740 2635 370 698 14744 5822 3282 3857 2 6229 322 12274 2303 447 168 187 10381 10299 301 6743 432 18 44 629 409 798 48 380
153909 949 37 5128 399 17344 63261 33725 9622 5329 732 1418 30111 11829 6701 7841 3 12594 645 24831 4655 908 319 395 21104 20863 601 13688 877 35 90 1277 833 1616 94 760
153911 947 32 14951 1125 50029 183958 97804 27677 15379 2133 4175 87096 34151 19376 22739 10 36626 1834 72351 13467 2604 923 1095 61075 60752 1715 39563 2594 104 259 3743 2450 4676 284 2263
153912 945 32 12077 918 40503 149030 79126 22461 12500 1748 3360 70464 27653 15728 18246 9 29584 1504 58421 10999 2126 770 885 49551 49106 1376 32079 2087 83 211 3026 1983 3803 228 1824
153916 912 19 10664 814 35845 131553 70099 19791 11044 1530 2988 62372 24455 13902 16173 6 26198 1323 51766 9681 1861 670 784 43745 43474 1208 28358 1833 75 185 2662 1750 3352 203 1596
153917 931 35 2678 206 9050 33049 17665 5019 2771 388 741 15699 6163 3484 4056 1 6582 332 12977 2444 471 167 198 11009 10951 307 7127 454 17 47 681 430 835 50 409
153918 935 36 16526 1271 55600 203451 108779 30735 17176 2416 4553 96478 37965 21456 25032 10 40488 2072 80112 15056 2900 1069 1232 67745 67153 1896 44175 2817 115 282 4163 2678 5194 312 2457
153919 935 36 575 40 1923 7065 3735 1073 582 82 165 3358 1306 745 878 0 1398 65 2754 516 99 35 40 2325 2338 64 1510 99 3 10 142 97 178 10 89
153920 956 29 7214 556 24217 88942 47337 13446 7454 1042 2015 42230 16547 9408 10932 4 17672 906 34997 6581 1283 459 535 29586 29340 835 19232 1239 53 124 1814 1165 2281 135 1089
153921 950 29 2245 169 7561 27665 14783 4192 2320 325 625 13128 5123 2921 3420 2 5530 273 10909 2031 395 145 158 9176 9179 256 5969 391 15 39 572 364 700 44 345
153922 911 13 310 20 1042 3846 1980 587 313 42 89 1834 700 410 465 0 751 32 1472 274 55 18 21 1280 1266 34 800 55 2 5 77 51 97 5 53
153923 922 36 2548 190 8570 31432 16819 4723 2649 370 707 14886 5832 3322 3903 1 6228 319 12423 2304 453 160 189 10429 10424 291 6797 437 18 44 637 410 803 48 387
153924 931 33 4526 352 15324 56106 30050 8486 4722 664 1257 26559 10429 5922 6882 3 11147 572 22112 4156 791 295 345 18619 18583 523 12147 774 32 80 1137 740 1428 87 678
153926 929 39 8237 627 27591 101319 54186 15234 8471 1192 2285 47844 18813 10666 12476 7 20211 1036 39968 7427 1437 527 611 33689 33578 912 21973 1400 55 142 2069 1344 2575 161 1230
153927 921 27 1677 123 5560 20442 10829 3074 1723 237 458 9654 3783 2163 2500 1 4036 194 7971 1504 292 99 122 6795 6726 192 4385 290 11 29 421 266 525 30 254
153928 922 24 6391 488 21397 78569 41829 11858 6610 912 1777 37166 14594 8296 9674 4 15631 804 30996 5803 1132 399 475 26118 25960 742 16959 1094 46 110 1598 1029 2005 121 961
153929 917 20 9277 696 31211 114151 60758 17311 9570 1325 2576 54248 21222 12095 14119 6 22710 1131 44822 8388 1627 579 688 37944 37692 1049 24639 1603 63 164 2324 1524 2902 177 1401
153930 916 19 10332 799 34611 127127 67681 19165 10705 1488 2843 60122 23599 13400 15626 7 25317 1285 50026 9386 1800 655 763 42201 41995 1178 27393 1768 75 177 2587 1710 3254 193 1535
153931 918 19 28978 2221 97297 357004 190224 53960 30074 4201 8033 169232 66436 37697 43930 21 71047 3642 140498 26416 5093 1842 2134 118831 117777 3319 77194 4958 212 500 7289 4730 9090 549 4326
153932 932 30 15322 1173 51376 188658 100342 28533 15842 2213 4269 89231 35064 19897 23038 10 37488 1914 74008 13904 2670 975 1130 62652 62332 1753 40587 2640 108 266 3826 2517 4805 286 2285
153933 933 20 7172 548 23997 88298 46922 13287 7426 1036 1993 41893 16360 9304 10866 6 17545 889 34704 6542 1252 449 531 29341 29148 818 19014 1228 51 125 1790 1178 2241 135 1069
153934 931 19 2608 197 8677 32060 16926 4865 2688 371 733 15239 5935 3398 3934 1 6323 326 12538 2366 460 164 198 10676 10532 306 6873 451 19 46 647 421 822 48 398
153936 929 19 8090 632 27339 99918 53427 15172 8380 1169 2237 47477 18629 10558 12399 4 19900 1005 39371 7376 1424 511 597 33219 33029 930 21668 1392 58 142 2041 1328 2545 154 1220
153937 932 27 1509 116 5059 18595 9899 2820 1552 215 417 8842 3467 1969 2314 0 3710 181 7336 1357 268 94 112 6163 6136 172 4007 262 10 25 383 245 478 29 228
153938 937 29 413 28 1396 5057 2647 797 415 56 116 2431 949 548 649 0 1017 44 1957 356 70 23 29 1668 1661 46 1081 76 2 7 102 67 127 8 68
153939 912 21 1922 148 6452 23679 12608 3580 1992 275 540 11161 4391 2490 2907 1 4686 245 9296 1742 340 120 147 7878 7820 217 5136 326 13 34 486 303 609 37 289
153940 933 27 20403 1576 68733 251853 134426 38023 21149 2968 5682 119375 46928 26576 31054 14 50244 2542 99260 18589 3577 1302 1522 83716 83281 2355 54540 3505 145 357 5124 3348 6418 383 3056
153942 921 23 6397 487 21423 78992 42050 11824 6666 942 1771 37270 14661 8298 9672 5 15637 818 31086 5852 1133 415 472 26309 26082 747 17038 1093 48 109 1610 1036 2016 118 946
153943 910 16 11938 908 40039 146592 78307 22144 12332 1716 3298 69471 27270 15464 18123 7 29156 1476 57794 10761 2092 750 892 48667 48396 1363 31814 2060 86 207 3000 1949 3736 225 1791
153944 920 23 1570 119 5250 19314 10246 2916 1633 232 432 9153 3600 2051 2381 1 3837 196 7592 1413 276 100 117 6429 6353 183 4157 268 12 28 390 253 494 28 233
153945 927 28 8930 692 30150 110076 58984 16666 9278 1312 2469 52179 20554 11578 13590 6 21931 1129 43357 8174 1551 578 663 36565 36419 1025 23843 1533 65 155 2236 1463 2779 166 1331
153946 928 26 677 48 2233 8262 4332 1231 700 96 186 3922 1522 859 1024 0 1633 82 3206 600 120 40 47 2743 2712 81 1762 116 4 12 169 107 213 13 104
153950 887 24 4870 370 16309 59929 31895 9065 5052 717 1351 28373 11133 6329 7314 2 11855 620 23460 4419 859 320 358 20024 19694 559 12929 847 35 83 1209 790 1543 91 728
153951 895 27 9569 741 32255 118071 63209 17862 9946 1407 2643 56005 22042 12469 14698 8 23529 1199 46639 8710 1678 613 726 39270 39037 1102 25643 1636 71 168 2416 1564 3026 182 1425
153952 894 28 10674 827 35904 131513 70162 19884 11083 1557 2951 62332 24569 13907 16240 6 26191 1360 51728 9756 1881 688 790 43773 43320 1234 28483 1842 79 185 2670 1729 3364 197 1582
153953 903 30 3489 274 11773 43258 23101 6542 3633 513 965 20498 8041 4582 5331 3 8593 444 17065 3192 621 229 260 14363 14297 415 9358 600 26 62 886 575 1106 65 519
153954 924 42 26823 2059 90108 330967 176819 49865 27854 3914 7413 156693 61560 34871 40530 20 65779 3382 130315 24470 4708 1726 1997 109964 109477 3081 71550 4577 190 468 6734 4422 8436 499 3986
153955 924 42 1330 100 4477 16388 8663 2498 1367 190 371 7782 3030 1743 2002 1 3278 157 6399 1198 235 82 96 5404 5427 151 3509 227 8 25 324 217 413 24 205
153956 908 39 912 67 3091 11270 6011 1734 937 130 249 5358 2105 1207 1398 0 2244 116 4422 816 160 59 69 3742 3714 105 2444 160 6 17 228 148 291 18 140
153957 904 26 5706 447 19271 70230 37713 10645 5901 824 1587 33383 13128 7434 8698 4 14005 714 27770 5204 988 366 422 23377 23234 657 15303 969 39 99 1439 940 1784 108 838
153958 905 32 1107 86 3716 13671 7302 2033 1156 163 301 6442 2531 1431 1657 0 2714 137 5390 1011 195 71 85 4554 4515 131 2956 186 7 18 277 177 351 19 163
153959 960 58 4406 337 14746 54049 28700 8165 4531 613 1236 25625 10017 5677 6633 3 10734 533 21190 3980 761 267 323 17969 17887 496 11602 753 29 79 1095 719 1370 81 664
153961 965 60 24416 1868 82232 301523 161020 45541 25410 3546 6785 143078 56086 31753 37296 17 59976 3071 118822 22257 4298 1558 1802 100232 99736 2829 65094 4198 179 421 6135 4019 7680 462 3663
153962 964 67 2675 198 8876 32745 17309 4935 2750 376 737 15517 6078 3460 4035 1 6510 331 12797 2406 470 163 197 10878 10735 306 7044 461 17 47 665 441 839 50 408
153963 967 64 5184 404 17524 64155 34363 9736 5411 767 1443 30456 11976 6768 7931 4 12775 669 25286 4767 909 341 392 21363 21226 608 13928 877 37 92 1304 845 1626 96 768
153964 968 63 6807 518 22923 83909 44756 12627 7076 984 1880 39770 15622 8875 10370 6 16616 858 33097 6225 1201 430 507 27910 27714 788 18151 1164 52 116 1707 1104 2112 130 1010
153965 941 19 2939 224 9879 36213 19304 5491 3047 427 817 17154 6723 3819 4483 2 7199 360 14167 2664 515 186 223 11994 11989 336 7840 511 19 51 737 475 922 55 451
153967 946 24 1016 75 3383 12501 6649 1880 1045 148 283 5898 2293 1317 1537 1 2483 126 4890 919 181 62 77 4136 4149 113 2693 174 6 17 252 160 317 19 159
153968 940 22 17367 1330 58431 214054 114157 32332 18016 2515 4817 101639 39818 22593 26559 10 42644 2174 84294 15784 3058 1101 1296 71194 70635 2011 46366 2998 127 300 4352 2826 5459 331 2611
153969 917 48 24170 1856 81262 298457 158810 44979 25116 3508 6699 141238 55467 31483 36785 17 59292 3040 117408 22046 4262 1540 1803 99164 98448 2798 64372 4157 177 422 6076 3956 7601 454 3611
153970 917 48 169 12 585 2095 1133 327 171 22 47 998 391 220 249 0 411 18 816 150 30 10 10 702 702 17 454 29 0 3 45 26 52 3 27
153971 940 48 10304 795 34500 126789 67608 19066 10643 1474 2862 60005 23577 13321 15730 7 25226 1286 50051 9358 1794 642 774 42076 41896 1180 27413 1758 77 179 2578 1693 3239 193 1532
153972 925 51 5840 453 19727 72205 38603 10869 6096 856 1618 34238 13459 7592 8956 3 14406 741 28461 5348 1030 375 432 23993 23886 673 15671 1003 40 101 1478 942 1842 111 871
153973 944 62 2827 211 9506 34810 18626 5245 2931 411 780 16435 6465 3675 4303 1 6934 353 13732 2575 495 184 213 11567 11501 320 7534 481 21 49 714 461 886 54 424
153974 950 67 2570 195 8593 31630 16870 4753 2662 375 701 14993 5872 3324 3926 1 6301 324 12529 2329 448 167 186 10499 10480 293 6803 433 18 42 643 421 796 48 382
153976 931 49 3702 285 12448 45615 24339 6893 3835 536 1024 21635 8491 4816 5676 3 9067 465 17985 3363 657 240 284 15205 15028 432 9919 629 26 63 935 596 1166 70 550
153977 939 55 5982 448 19991 73523 39021 11128 6207 868 1649 34868 13691 7770 9102 3 14556 739 28905 5422 1047 375 441 24506 24188 691 15831 1034 45 104 1485 966 1892 112 894
153979 940 51 4658 354 15650 57333 30572 8670 4863 685 1277 27111 10704 6069 7087 3 11423 592 22661 4238 823 304 343 19052 18932 544 12406 794 36 81 1187 750 1463 87 699
153980 938 48 1056 82 3529 13022 6887 1944 1085 154 299 6162 2410 1368 1629 1 2581 131 5102 948 183 68 78 4326 4275 118 2777 181 7 17 262 173 328 20 159
153981 963 64 5202 395 17389 64072 34032 9619 5396 746 1434 30400 11882 6733 7906 3 12745 646 25160 4725 903 332 388 21340 21127 587 13819 883 35 91 1295 859 1648 97 768
153982 951 62 15343 1199 51733 189243 101461 28556 15992 2252 4235 89557 35366 19907 23469 12 37613 1956 74927 14043 2677 982 1163 62966 62512 1783 41209 2628 119 257 3846 2523 4813 292 2239
153984 924 50 11408 886 38349 140908 74829 21273 11784 1640 3202 67020 26104 14896 17386 8 27996 1414 55338 10378 2006 716 844 46835 46571 1306 30234 1982 80 201 2846 1883 3593 217 1730
153985 938 41 9734 735 32640 119909 63856 18174 10050 1408 2696 56701 22302 12686 14741 7 23783 1215 47077 8862 1721 621 724 39833 39634 1115 25812 1682 68 170 2442 1591 3071 187 1466
153986 925 38 2087 159 6959 25668 13589 3871 2156 297 583 12138 4761 2703 3137 2 5100 259 10054 1888 360 128 148 8512 8481 243 5500 361 15 36 518 346 658 38 308
153987 925 38 3858 294 12916 47401 25279 7135 4003 565 1055 22384 8796 5007 5756 3 9397 486 18601 3520 675 249 283 15825 15638 437 10207 653 27 67 966 627 1213 70 574
153989 927 38 2544 198 8583 31525 16902 4714 2671 374 703 14864 5878 3326 3897 1 6255 330 12517 2336 454 167 192 10509 10426 295 6826 432 20 42 646 405 813 47 372
153990 915 35 21128 1640 71164 260983 139685 39281 21967 3111 5834 123388 48602 27527 31947 18 51864 2717 103036 19293 3726 1377 1570 86936 86284 2410 56466 3585 151 360 5339 3434 6682 398 3124
153991 922 33 14989 1172 50164 184639 98138 27822 15538 2168 4168 87387 34311 19459 22621 10 36619 1908 72533 13642 2629 951 1099 61381 60798 1728 39793 2559 114 254 3763 2457 4705 278 2211
153992 929 36 14459 1099 48695 178326 95147 26934 15035 2112 4006 84525 33184 18831 21962 9 35439 1794 70098 13214 2535 929 1065 59296 58857 1656 38536 2483 108 249 3624 2351 4536 270 2156
153993 916 34 881 68 2973 10936 5800 1658 896 125 247 5223 2010 1165 1383 1 2182 108 4312 791 153 54 63 3631 3615 99 2348 154 6 16 219 149 278 17 137
153994 916 34 2570 197 8604 31531 16879 4782 2643 369 707 15009 5885 3323 3944 0 6291 319 12409 2321 449 163 192 10438 10430 296 6821 440 18 46 648 419 793 50 388
153995 921 40 15774 1204 52979 194610 103288 29482 16315 2267 4403 92285 36047 20542 24036 12 38648 1952 76309 14343 2780 995 1166 64606 64176 1820 41801 2743 112 279 3951 2593 4951 300 2398
153996 904 30 5375 422 18200 66556 35658 10071 5603 791 1498 31468 12412 7025 8173 4 13246 691 26259 4927 946 351 403 22113 22039 619 14443 916 41 93 1354 885 1705 99 790
153997 907 32 24413 1866 81802 300316 160206 45238 25298 3544 6724 142288 55903 31698 37197 16 59731 3047 118377 22144 4286 1547 1830 99847 99098 2818 65082 4196 186 425 6119 3991 7670 456 3638
153998 905 30 3550 275 11835 43712 23256 6510 3675 515 978 20531 8102 4582 5331 2 8656 462 17193 3242 625 226 270 14528 14409 405 9437 599 27 59 885 574 1133 64 519
153999 899 29 4738 363 15897 58321 31112 8834 4891 686 1311 27678 10838 6138 7226 3 11596 591 23032 4280 835 297 341 19341 19298 539 12571 817 34 82 1193 769 1475 94 710
154000 892 19 14007 1065 47041 172493 91953 26025 14405 2007 3901 81782 32014 18181 21369 9 34310 1735 67882 12647 2447 871 1039 57235 56988 1589 37212 2432 99 246 3535 2316 4371 272 2121
154001 907 25 1223 94 4112 15195 8024 2295 1280 175 338 7167 2788 1590 1825 0 3015 154 5944 1122 215 75 93 5040 5013 142 3252 211 8 21 307 199 389 22 185
154002 939 35 1738 133 5839 21547 11427 3186 1819 250 480 10120 3978 2250 2594 2 4261 217 8459 1617 304 113 126 7165 7109 194 4614 294 12 29 449 290 545 31 255
154003 912 17 5873 442 19670 72265 38543 10858 6131 861 1627 34144 13440 7602 8863 4 14368 742 28400 5354 1037 378 433 24063 23835 675 15591 1007 43 98 1472 960 1851 110 865
154004 905 23 6304 486 21330 77551 41457 11816 6518 899 1742 36936 14477 8245 9710 5 15456 769 30596 5712 1100 393 465 25749 25667 720 16823 1085 45 111 1589 1032 1963 121 947
154005 986 79 3208 241 10775 39601 20953 5992 3300 455 906 18736 7296 4172 4835 2 7869 394 15434 2904 561 196 238 13154 13076 366 8522 563 20 58 794 524 1014 60 497
154006 986 78 2638 203 8870 32429 17445 4879 2726 374 727 15353 6059 3432 3973 1 6457 333 12814 2392 461 163 200 10775 10738 305 7084 453 19 44 670 434 823 50 389
154007 989 71 3439 256 11472 42349 22262 6378 3524 479 971 20033 7796 4465 5190 2 8378 404 16476 3107 602 205 244 14011 13925 393 8997 610 23 61 864 566 1079 65 533
154010 985 57 4727 360 15878 58324 31031 8818 4892 680 1313 27670 10812 6153 7148 3 11572 581 22851 4296 835 290 351 19360 19266 548 12538 823 32 85 1182 777 1486 89 720
154011 982 54 3890 298 13036 47805 25363 7256 4009 555 1088 22747 8879 5048 5939 3 9513 471 18751 3503 682 235 288 15907 15786 449 10267 665 27 70 978 637 1219 73 592
154012 958 39 840 60 2776 10233 5354 1551 861 115 228 4826 1880 1083 1222 0 2017 104 3950 756 143 50 57 3379 3349 93 2155 144 5 14 210 133 257 15 126
154013 949 39 1973 152 6676 24341 12987 3707 2041 285 547 11580 4527 2590 2982 1 4826 242 9583 1785 352 124 149 8112 8021 222 5273 337 13 34 500 326 628 38 299
154014 935 29 7016 545 23549 86232 45851 13040 7262 1002 1940 40961 16052 9111 10674 5 17171 861 33859 6364 1227 437 524 28678 28437 804 18615 1201 50 123 1759 1142 2178 132 1052
154015 961 35 2882 221 9770 35672 19085 5438 2989 420 809 16937 6655 3783 4428 2 7093 361 14047 2626 512 185 214 11863 11767 338 7721 500 21 51 729 469 898 56 436
154016 940 26 2514 187 8349 30734 16319 4617 2599 361 691 14514 5722 3232 3786 1 6120 322 12121 2254 436 154 183 10202 10137 279 6639 427 17 42 634 411 785 48 373
154017 959 21 4660 359 15560 57166 30446 8602 4824 675 1284 27057 10629 6003 7077 2 11397 597 22566 4219 811 290 341 19038 18876 525 12375 797 33 78 1178 750 1461 87 694
154018 937 20 15642 1202 52577 193094 102838 29191 16185 2252 4370 91497 35842 20360 23805 12 38387 1944 75996 14196 2737 972 1166 64067 63843 1800 41524 2691 114 278 3934 2575 4899 299 2354
154019 927 13 4025 309 13564 49669 26501 7495 4167 570 1117 23578 9241 5234 6250 2 9926 497 19651 3651 705 247 309 16485 16435 475 10761 694 30 70 1002 657 1265 75 601
154020 947 27 7798 591 26164 96059 51231 14473 8055 1133 2159 45524 17861 10132 11964 5 19072 975 37871 7061 1361 497 575 31944 31743 883 20722 1336 57 134 1961 1289 2445 148 1165
154022 931 22 1868 148 6395 23284 12539 3518 1938 270 517 11118 4322 2476 2921 1 4659 234 9236 1710 332 120 148 7761 7713 215 5084 325 12 32 473 305 594 36 279
154023 941 21 9165 722 31003 113240 60791 17105 9525 1336 2539 53649 21127 11917 13994 7 22525 1167 44822 8407 1604 592 688 37654 37478 1050 24645 1569 67 158 2316 1519 2868 174 1366
154024 922 23 10193 775 34189 125463 66836 18953 10585 1470 2824 59423 23364 13278 15478 7 24952 1270 49472 9242 1782 639 737 41690 41350 1167 27102 1754 76 175 2550 1671 3199 192 1518
154025 921 17 4911 372 16512 60334 32275 9199 5073 709 1356 28653 11261 6397 7495 3 12058 607 23769 4449 864 312 373 20058 19970 559 13113 850 33 87 1237 798 1525 95 742
154026 921 26 1250 90 4175 15290 8045 2335 1273 174 346 7224 2829 1628 1885 1 3022 145 5955 1112 222 75 88 5064 5015 142 3267 215 8 21 314 199 390 24 193
154027 921 26 3006 220 10026 36806 19520 5554 3092 426 827 17398 6816 3884 4523 1 7288 362 14379 2709 523 184 219 12181 12122 343 7908 518 20 51 747 493 940 56 454
154028 957 35 12519 966 42088 154860 82525 23314 13046 1807 3472 73435 28775 16310 19101 7 30787 1578 61024 11464 2196 807 931 51544 51144 1460 33471 2154 89 217 3147 2059 3933 234 1871
154030 958 34 14462 1106 48651 178133 95053 26904 14967 2088 4003 84447 33201 18780 22015 11 35389 1810 70182 13146 2530 920 1073 59239 58861 1666 38542 2482 107 252 3623 2360 4528 272 2153
154031 952 32 15678 1180 52553 192931 102596 29183 16177 2258 4335 91587 35905 20432 23930 9 38347 1919 75889 14163 2737 985 1143 63998 63658 1782 41523 2704 113 275 3945 2580 4909 300 2365
154032 933 34 19275 1468 64814 237691 126762 35829 20010 2805 5344 112788 44198 25031 29293 14 47239 2413 93554 17489 3369 1229 1435 78901 78599 2222 51294 3318 142 333 4855 3159 6066 362 2869
154033 933 24 1212 94 4108 14937 7995 2291 1252 177 334 7123 2818 1596 1834 0 2967 150 5893 1099 210 80 89 4973 4948 136 3227 204 10 22 305 209 382 21 175
154034 958 51 4493 332 14971 55185 29320 8303 4639 645 1248 26030 10234 5803 6816 2 10965 567 21679 4054 782 285 337 18309 18194 516 11879 779 33 79 1123 736 1407 87 674
154035 953 39 10676 800 35692 131285 69765 19824 11011 1538 2956 62045 24416 13884 16122 8 26068 1300 51510 9645 1881 668 784 43585 43312 1226 28253 1833 73 187 2682 1741 3340 206 1607
154036 916 20 1004 75 3369 12373 6573 1873 1031 144 275 5865 2307 1314 1518 0 2455 125 4851 918 172 65 71 4117 4077 113 2661 168 7 17 254 160 306 19 153
154037 926 26 3323 262 11192 40956 21954 6194 3465 492 919 19437 7628 4329 5082 2 8199 424 16243 3017 584 218 255 13643 13511 383 8888 559 26 57 833 540 1042 62 494
154038 941 41 7997 611 26761 98471 52439 14791 8261 1149 2219 46562 18254 10364 12123 5 19543 995 38770 7290 1389 503 594 32675 32535 916 21263 1364 59 138 2005 1318 2503 149 1189
154039 924 26 2529 200 8628 31476 16952 4741 2659 383 698 14891 5870 3313 3822 1 6276 336 12442 2320 450 174 193 10504 10407 281 6838 434 18 42 642 420 796 48 369
154040 908 17 2704 204 9053 33147 17558 5030 2786 381 753 15794 6149 3504 4096 2 6585 325 12995 2431 473 162 193 10994 10954 311 7125 462 18 49 672 437 836 50 411
154041 908 17 8399 647 28109 103401 55117 15568 8727 1218 2322 48988 19209 10913 12754 6 20566 1062 40747 7634 1479 536 625 34369 34158 970 22302 1433 63 144 2123 1369 2634 157 1246
154042 913 22 1079 82 3600 13292 7067 1999 1137 164 306 6256 2476 1385 1586 1 2617 142 5201 1003 187 73 79 4454 4366 125 2857 178 9 18 265 178 340 18 151
154043 906 17 8078 612 27139 99569 52927 15034 8353 1165 2250 47241 18477 10529 12374 5 19809 1000 39137 7318 1419 502 590 33039 32833 942 21458 1402 59 142 2028 1320 2516 156 1227
154044 916 26 15130 1163 50920 186274 99354 28158 15662 2168 4205 88463 34676 19631 23122 10 37149 1877 73294 13738 2657 939 1133 61781 61585 1756 40245 2619 107 263 3787 2483 4738 285 2259
154045 924 30 1240 99 4191 15378 8166 2344 1295 180 347 7295 2859 1624 1892 1 3055 157 6031 1133 219 76 94 5101 5070 147 3327 214 7 22 309 205 394 23 187
154046 928 25 16883 1287 56886 208081 111016 31465 17471 2432 4653 98757 38770 21966 25741 10 41451 2066 81908 15349 2960 1057 1241 69068 68776 1936 44973 2902 126 298 4253 2758 5279 319 2542
154048 928 24 16830 1293 56652 207304 110699 31335 17440 2434 4660 98310 38725 21843 25488 10 41229 2131 81582 15306 2945 1076 1259 69092 68293 1939 44952 2884 126 290 4223 2750 5261 313 2499
154049 972 52 3378 266 11325 41712 22280 6240 3532 493 930 19687 7710 4352 5143 2 8311 430 16485 3101 587 222 256 13837 13831 392 9022 575 25 58 851 558 1063 63 499
154051 948 30 1939 141 6438 23797 12500 3611 1978 270 532 11321 4382 2526 2930 1 4731 235 9269 1758 338 116 135 7893 7838 220 5062 331 13 34 477 313 610 37 295
154052 976 43 13672 1034 45793 168468 89798 25311 14185 1983 3772 79491 31264 17741 20708 11 33436 1723 66427 12441 2400 871 1021 55855 55674 1579 36347 2339 107 237 3439 2233 4291 255 2018
154053 948 31 3512 270 11800 43246 22977 6548 3664 513 973 20582 8042 4585 5306 1 8576 438 16939 3190 621 223 262 14431 14228 405 9315 612 24 60 874 568 1117 66 527
154054 952 30 4855 372 16212 59501 31574 9024 5032 701 1331 28187 11080 6270 7321 4 11786 605 23300 4398 849 307 346 19838 19527 570 12845 823 37 82 1215 782 1509 90 716
154056 958 31 20336 1545 68228 250300 133647 37767 21053 2939 5656 118614 46496 26420 30828 14 49716 2518 98398 18446 3580 1285 1505 83250 82766 2320 54103 3483 142 353 5112 3325 6376 385 3046
154057 956 28 392 30 1309 4795 2552 732 410 56 105 2300 895 508 597 0 956 46 1866 359 66 27 26 1597 1577 47 1038 67 3 7 97 61 122 6 57
154059 956 28 5728 438 19160 70433 37523 10601 5934 833 1591 33363 13121 7419 8661 4 14001 726 27747 5174 1001 362 423 23393 23270 661 15229 981 42 97 1447 940 1796 108 840
154060 952 17 5514 419 18514 67903 36025 10316 5670 791 1537 32260 12558 7165 8366 4 13546 673 26660 4989 964 337 397 22502 22474 625 14544 953 36 99 1382 913 1715 105 834
154062 941 30 4311 339 14560 53308 28504 8058 4482 634 1189 25283 9918 5600 6577 3 10601 555 21058 3919 762 278 329 17769 17606 506 11581 734 32 73 1078 712 1361 79 636
154063 947 23 5348 402 17927 65710 34947 9951 5493 764 1488 31170 12185 6955 8111 4 13071 646 25828 4821 934 334 384 21759 21767 605 14118 924 38 93 1338 876 1646 102 811
154064 947 23 1745 134 5880 21493 11460 3277 1806 249 492 10252 3983 2270 2705 1 4284 214 8504 1588 309 107 126 7120 7105 214 4642 304 13 32 432 289 540 32 265
154065 916 17 11181 864 37732 137897 73876 20868 11628 1647 3094 65298 25774 14545 17045 6 27458 1423 54424 10181 1963 730 847 45915 45527 1284 29913 1920 83 192 2807 1830 3503 212 1659
154066 915 17 1733 137 5890 21472 11608 3227 1809 257 478 10171 4013 2253 2644 1 4270 226 8549 1605 302 115 129 7123 7136 202 4678 291 14 30 447 292 539 32 250
154067 909 16 2618 200 8788 32332 17145 4892 2696 372 738 15320 5974 3401 3958 2 6417 329 12622 2371 471 162 197 10746 10655 305 6950 456 17 46 658 429 831 49 396
154068 911 16 3484 271 11730 43035 22920 6497 3603 510 968 20371 8004 4539 5350 2 8593 433 17004 3168 599 222 257 14252 14197 390 9298 601 27 60 877 584 1089 66 519
154069 924 26 3578 279 12068 44205 23718 6682 3722 522 978 20933 8257 4662 5539 2 8819 456 17580 3238 633 226 276 14659 14638 422 9629 610 28 60 908 583 1120 69 526
154070 958 31 5373 412 18137 66540 35490 10019 5605 780 1494 31591 12371 6983 8260 3 13257 677 26244 4905 947 339 389 22125 21996 628 14332 932 40 91 1354 886 1698 101 803
154071 953 20 5910 448 19889 72792 38686 11023 6148 856 1623 34530 13510 7703 9045 5 14464 735 28684 5371 1046 375 432 24225 24032 677 15705 1010 42 103 1476 948 1852 113 883
154072 953 20 8461 644 28527 104545 55660 15860 8786 1232 2367 49637 19413 11080 12892 6 20748 1049 41056 7738 1506 536 638 34696 34549 983 22505 1461 63 151 2124 1391 2661 161 1279
154073 943 52 1136 85 3766 13853 7366 2089 1174 162 309 6518 2563 1458 1674 0 2734 139 5393 1019 202 72 86 4609 4566 128 2994 194 8 19 280 181 359 21 165
154074 940 38 11660 901 39144 143745 76504 21676 12095 1680 3225 68062 26670 15200 17644 9 28525 1449 56477 10617 2052 739 866 47747 47449 1339 30977 1991 83 205 2928 1905 3658 219 1741
154075 950 39 13980 1063 46789 171792 91507 25906 14458 2019 3858 81229 31881 18107 21151 11 34117 1738 67674 12676 2462 884 1028 57041 56770 1601 37001 2391 105 241 3492 2284 4373 261 2085
154076 947 39 3177 244 10702 39230 21042 5900 3300 471 884 18619 7334 4148 4822 2 7817 404 15537 2881 560 205 232 13056 12986 369 8545 539 23 53 794 514 1003 59 465
154077 951 37 11605 899 39134 143290 76407 21694 12028 1678 3244 68083 26675 15148 17740 8 28472 1462 56498 10582 2047 726 865 47728 47249 1345 30968 2012 85 204 2905 1924 3643 221 1739
154078 964 49 12643 968 42536 155778 83179 23551 13101 1827 3511 73833 29067 16395 19116 8 30947 1608 61316 11518 2211 805 948 51918 51334 1464 33793 2163 95 218 3165 2069 3950 234 1873
154080 952 41 23459 1795 78749 288674 153989 43587 24287 3393 6491 136857 53702 30441 35542 18 57356 2933 113541 21320 4117 1476 1746 95997 95376 2697 62421 4018 165 408 5893 3830 7363 444 3505
154082 935 36 7491 559 25069 92068 48690 13987 7701 1057 2078 43530 17069 9702 11324 5 18282 894 35973 6760 1310 456 545 30478 30349 865 19753 1295 51 131 1873 1227 2330 145 1146
154083 935 34 1678 131 5618 20670 11083 3098 1744 250 459 9723 3847 2175 2536 1 4107 220 8190 1525 296 113 133 6874 6832 195 4489 280 14 27 423 273 531 30 240
154084 935 34 5571 421 18656 68611 36583 10336 5766 808 1546 32513 12762 7209 8452 5 13597 704 26991 5051 986 361 410 22807 22638 643 14773 956 42 95 1397 907 1742 104 825
154085 937 35 1875 136 6264 23082 12294 3460 1943 277 511 10867 4312 2441 2806 1 4584 236 9103 1697 329 124 141 7657 7603 211 4973 319 15 31 470 308 596 36 275
154086 937 36 18420 1408 61811 226914 120954 34286 19065 2664 5113 107477 42172 23903 27885 14 45123 2300 89275 16711 3222 1160 1375 75320 75054 2136 48887 3160 136 321 4629 3041 5778 343 2740
154087 936 35 8798 677 29562 108692 57697 16473 9123 1261 2435 51600 20190 11481 13390 5 21630 1091 42623 8004 1564 554 649 36174 35848 1028 23382 1530 64 155 2215 1443 2765 167 1328
154088 938 33 12811 983 42962 157503 84022 23756 13205 1843 3551 74607 29347 16662 19475 9 31370 1588 62075 11567 2248 804 931 52247 52013 1458 34031 2204 94 220 3232 2086 3994 247 1921
154089 948 33 16920 1300 56793 208457 110923 31569 17479 2422 4713 98818 38709 22001 25685 11 41466 2099 81887 15354 2966 1059 1261 69274 68874 1943 44959 2896 117 297 4242 2770 5278 320 2549
154090 932 41 27305 2109 91868 336721 179560 50807 28301 3956 7571 159673 62549 35545 41504 18 66939 3424 132587 24810 4794 1743 2029 111919 111236 3151 72743 4694 199 472 6858 4464 8556 518 4098
154091 932 43 10738 825 35986 132007 70499 19911 11119 1557 2966 62549 24592 13918 16345 8 26262 1336 52023 9775 1879 687 799 43913 43650 1253 28566 1837 78 184 2699 1757 3367 203 1593
154092 940 44 6318 495 21352 77975 41971 11725 6602 932 1744 36831 14555 8186 9647 5 15514 817 30924 5799 1110 410 495 25915 25823 741 17043 1074 49 107 1610 1039 1984 119 919
154093 950 42 1001 77 3323 12319 6461 1842 1035 143 275 5808 2283 1304 1499 0 2432 123 4800 911 176 61 74 4090 4026 116 2624 172 8 17 255 162 318 17 149
154094 959 45 9210 703 30968 113571 60461 17167 9582 1324 2564 54007 21170 12013 14177 7 22600 1144 44670 8372 1617 582 690 37747 37430 1080 24568 1582 67 162 2308 1511 2898 174 1371
154095 971 49 22576 1727 75790 278401 148513 41905 23487 3278 6238 131663 51835 29342 34332 16 55298 2858 109693 20614 3971 1444 1696 92479 91885 2637 60213 3869 173 387 5688 3691 7109 423 3349
154096 972 50 6247 488 20917 76834 41087 11569 6510 915 1726 36339 14357 8095 9377 4 15254 791 30238 5722 1097 404 469 25611 25338 719 16623 1063 48 108 1562 1024 1970 116 915
154097 946 39 9770 753 32947 120424 64662 18223 10172 1435 2705 57042 22488 12698 14892 7 23928 1260 47664 8917 1718 630 742 40025 39888 1141 26156 1675 76 168 2463 1599 3074 182 1433
154099 954 45 2242 172 7501 27490 14680 4155 2288 321 627 13076 5111 2900 3380 2 5479 273 10825 2016 386 142 163 9134 9125 246 5904 376 16 39 559 380 695 42 330
154100 955 46 17215 1320 57909 211565 112776 32149 17832 2504 4750 100469 39489 22394 26185 10 42080 2144 83234 15594 3013 1089 1252 70509 69805 1971 45767 2954 125 297 4326 2810 5377 326 2581
154101 945 39 475 35 1585 5873 3100 875 485 65 133 2783 1066 617 721 0 1154 53 2286 424 82 29 36 1937 1933 52 1245 84 3 8 119 81 149 9 74
154102 950 41 17896 1375 60131 220270 117296 33359 18530 2593 4954 104427 41002 23266 27169 11 43779 2229 86536 16236 3136 1132 1314 73305 72596 2058 47576 3076 129 309 4511 2933 5592 337 2681
154103 951 38 2634 204 8828 32476 17203 4926 2711 379 723 15378 6028 3447 3980 1 6473 323 12745 2373 459 165 191 10790 10670 302 7004 451 19 45 668 438 833 51 394
154105 1032 68 4390 345 14810 54264 29060 8178 4561 635 1210 25743 10128 5705 6803 3 10822 556 21523 4005 769 275 333 18035 17973 508 11782 756 33 75 1118 723 1385 83 651
154106 956 112 11147 832 37270 136843 72344 20746 11458 1579 3103 64927 25366 14487 16775 7 27183 1338 53393 10069 1948 680 788 45430 45110 1271 29261 1940 77 198 2788 1806 3466 210 1698
154108 992 130 19332 1490 64897 237807 126713 35978 20031 2801 5333 112726 44285 25116 29262 14 47218 2414 93482 17536 3385 1230 1423 79174 78416 2233 51404 3321 143 333 4846 3157 6076 362 2883
154110 976 116 8769 680 29457 108419 57592 16395 9095 1268 2433 51312 20110 11433 13316 5 21491 1102 42575 8007 1549 564 648 36041 35789 1018 23328 1511 63 152 2203 1437 2767 165 1313
154111 977 111 12621 964 42282 155114 82956 23405 13111 1849 3462 73345 28908 16384 19059 9 30825 1588 61177 11473 2207 811 945 51666 51212 1450 33645 2145 94 218 3165 2049 3961 236 1868
