155301 981 41 10076 764 33718 123963 65952 18659 10416 1441 2783 58494 23023 13083 15151 8 24586 1249 48660 9127 1763 639 741 41170 40930 1135 26740 1731 69 173 2528 1659 3168 190 1512
155304 977 41 23210 1792 77970 286498 152659 43119 24092 3373 6464 135675 53250 30176 35250 20 56973 2927 112823 21136 4080 1469 1721 95122 94686 2684 61783 3983 167 403 5845 3820 7293 434 3458
155306 968 39 17341 1315 58046 213042 113134 32138 17948 2480 4803 101086 39589 22508 26255 12 42341 2118 83568 15663 3025 1073 1273 70837 70236 1999 45939 2979 125 302 4351 2825 5434 323 2615
155307 970 38 741 52 2489 9068 4818 1379 757 101 208 4328 1682 966 1145 0 1812 83 3572 661 131 41 53 3012 3002 89 1954 130 5 13 184 117 226 14 116
155308 970 38 3209 246 10787 39501 21070 6053 3328 466 890 18719 7361 4185 4820 2 7829 399 15455 2948 558 207 235 13141 13013 373 8533 553 22 56 807 519 1005 60 484
155309 980 45 471 34 1568 5814 3068 873 477 63 133 2751 1071 612 731 0 1154 57 2274 428 84 27 35 1916 1919 53 1250 83 2 8 117 76 143 9 74
155310 980 45 25892 1987 86732 318581 169491 48057 26823 3734 7187 150912 59239 33547 39380 18 63338 3232 125335 23503 4544 1617 1921 105921 105130 3016 68763 4441 187 449 6477 4215 8098 483 3870
155311 977 44 20128 1507 67495 247798 131909 37422 20854 2898 5572 117432 46072 26181 30467 14 49153 2512 97237 18253 3553 1272 1476 82352 81762 2327 53350 3469 143 349 5051 3266 6335 381 3032
155314 983 92 23524 1830 79244 290521 155077 44008 24409 3427 6525 137730 54044 30667 35779 17 57749 2983 114453 21472 4132 1517 1750 96673 96029 2722 62781 4036 171 407 5910 3849 7402 444 3503
155315 1001 104 5220 403 17629 64408 34436 9801 5406 758 1454 30582 11988 6816 7907 3 12784 655 25332 4730 922 330 391 21438 21269 594 13902 893 37 91 1315 851 1631 100 790
155316 1005 100 4469 342 14955 54919 29135 8294 4669 651 1221 25985 10255 5816 6725 3 10881 563 21523 4083 791 290 333 18353 18058 522 11841 753 35 76 1114 729 1412 81 658
155319 988 81 12132 936 40825 149901 79594 22675 12600 1750 3377 71112 27844 15831 18440 9 29780 1516 58845 11067 2141 765 903 49830 49486 1414 32228 2093 86 212 3049 1979 3816 226 1826
155321 941 45 2461 194 8231 30381 16111 4556 2556 355 672 14380 5619 3200 3718 2 6005 304 11956 2236 439 157 180 10089 10036 285 6512 412 17 41 626 408 766 45 367
155323 929 29 3822 298 12931 47252 25282 7152 3979 564 1057 22352 8787 4984 5815 3 9415 489 18651 3498 667 251 288 15723 15623 449 10238 656 29 65 976 622 1200 73 565
155324 931 21 12309 950 41594 152153 81426 23010 12794 1797 3408 72178 28328 16090 18793 8 30290 1551 60023 11261 2174 789 921 50635 50290 1415 33001 2117 88 215 3108 2011 3870 234 1844
155325 897 14 1643 119 5542 20278 10838 3060 1727 239 451 9620 3772 2132 2487 1 4025 201 8000 1489 285 107 118 6729 6708 186 4385 276 12 28 408 273 520 30 245
155326 898 14 10985 838 36736 135352 71940 20265 11416 1587 3067 63855 25128 14196 16586 8 26839 1390 53167 10025 1933 697 826 44984 44613 1264 29178 1878 80 191 2748 1796 3463 202 1645
155327 935 18 4837 351 16206 59497 31696 9018 4991 694 1341 28156 11060 6287 7272 3 11792 603 23343 4388 840 307 352 19725 19647 547 12824 833 35 84 1205 790 1514 92 729
155333 931 20 2141 162 7200 26405 14121 3964 2218 313 586 12502 4921 2812 3282 0 5272 269 10423 1925 372 139 160 8801 8708 238 5711 366 16 37 539 349 669 41 319
155335 940 38 1181 93 3983 14655 7804 2218 1237 174 327 6916 2729 1546 1793 0 2922 157 5761 1080 206 79 88 4890 4830 137 3166 199 8 20 297 194 384 22 171
155336 941 38 15300 1159 51271 188559 100565 28383 15927 2232 4215 89042 35046 19860 23188 10 37502 1959 74306 13969 2685 981 1142 62558 62338 1752 40687 2607 117 263 3854 2503 4790 287 2248
155337 945 40 6513 492 21840 80031 42550 12143 6681 932 1813 37943 14847 8475 9881 4 15896 795 31391 5872 1145 403 477 26517 26443 741 17251 1131 46 115 1627 1061 2032 127 994
155339 948 38 9565 726 32050 117482 62568 17777 9909 1378 2647 55572 21852 12430 14483 6 23319 1181 46165 8687 1677 606 704 38983 38681 1109 25363 1649 69 166 2413 1547 2991 182 1437
155340 948 36 8090 628 27338 99844 53524 15115 8429 1193 2209 47283 18658 10536 12409 6 19890 1031 39458 7374 1431 520 612 33163 32987 928 21733 1378 62 139 2043 1322 2559 155 1194
155341 948 38 16449 1263 55510 203294 108468 30710 17115 2393 4562 96269 37858 21501 24930 12 40390 2083 80018 15046 2903 1047 1214 67681 67094 1879 43880 2822 118 283 4152 2677 5216 310 2458
155342 903 31 5302 403 17858 65275 34814 9945 5481 763 1470 31053 12216 6903 8170 3 13058 645 25677 4816 932 334 389 21638 21592 628 14199 915 37 92 1320 863 1664 101 801
155343 917 37 22232 1693 74626 273743 145785 41423 22991 3206 6159 129772 50821 28844 33816 16 54384 2747 107596 20198 3910 1399 1639 90914 90419 2561 59067 3810 159 388 5596 3629 6930 421 3350
155344 922 39 2090 166 7104 26004 13950 3926 2172 306 583 12312 4839 2727 3187 2 5143 265 10263 1929 366 138 155 8623 8629 240 5636 361 15 37 532 347 661 40 312
155345 909 31 4102 309 13804 50462 26834 7663 4240 587 1139 24023 9400 5357 6240 2 10047 505 19802 3707 717 254 301 16778 16642 466 10861 706 29 73 1030 678 1274 78 622
155346 922 45 4902 364 16280 59944 31733 9079 5006 685 1371 28504 11108 6331 7481 3 11921 590 23511 4386 860 295 350 19830 19782 574 12845 849 33 87 1221 797 1523 94 750
155347 922 45 1798 138 6027 22202 11783 3337 1873 266 500 10552 4125 2347 2770 1 4397 224 8738 1620 318 110 132 7389 7326 214 4784 307 14 30 457 285 570 33 268
155348 925 43 5159 404 17365 63693 33970 9708 5355 741 1436 30291 11868 6771 7866 2 12685 637 25038 4689 905 329 396 21182 21049 588 13775 889 37 91 1294 850 1637 99 775
155349 920 23 22949 1737 76926 282450 150249 42710 23760 3312 6343 134037 52520 29830 34905 14 56145 2841 110935 20819 4042 1464 1698 94023 93172 2636 60893 3957 166 401 5759 3753 7179 431 3452
155350 924 23 441 32 1483 5453 2858 840 451 61 126 2612 1013 580 681 0 1084 49 2109 396 78 27 27 1816 1780 49 1152 79 2 8 106 74 136 8 72
155351 923 26 6670 515 22510 82315 43889 12492 6894 956 1861 39067 15286 8695 10105 4 16373 806 32348 6044 1163 416 494 27321 27271 760 17743 1154 47 120 1674 1108 2095 127 1008
155352 936 27 25702 1989 86310 316518 168982 47699 26662 3738 7135 150014 58913 33322 39019 21 63012 3217 124619 23369 4511 1639 1929 105204 104615 2954 68514 4402 186 446 6457 4194 8079 486 3828
155353 931 25 1021 77 3461 12703 6872 1889 1070 159 284 5994 2351 1332 1592 0 2526 136 5056 934 182 72 81 4236 4234 117 2790 171 8 17 259 165 322 20 148
155355 931 27 9809 758 32963 120990 64594 18237 10200 1411 2694 57368 22521 12747 14919 6 24132 1233 47705 8925 1727 628 737 40221 39978 1136 26192 1679 71 166 2476 1606 3081 185 1454
155356 928 26 856 69 2928 10690 5809 1611 916 134 232 5071 1992 1121 1301 0 2116 116 4240 802 151 60 67 3599 3536 101 2345 141 6 13 219 138 276 16 121
155357 932 22 5253 404 17605 64709 34551 9694 5471 776 1429 30565 12032 6807 7903 3 12821 675 25481 4805 920 345 405 21564 21348 612 14003 897 40 88 1311 850 1670 96 767
155359 899 15 7637 596 25609 94003 49944 14205 7903 1089 2121 44667 17467 9939 11657 6 18708 934 36879 6927 1338 477 571 31235 30991 883 20294 1314 53 133 1905 1256 2380 145 1148
155364 918 25 2432 188 8144 29960 16041 4523 2523 349 669 14045 5570 3152 3583 1 5927 314 11789 2233 432 155 184 9967 9905 286 6508 414 18 39 613 400 770 45 356
155366 918 25 6754 520 22646 83228 44293 12539 7019 972 1871 39362 15456 8774 10275 5 16579 841 32802 6136 1179 424 508 27568 27492 787 17939 1155 51 118 1700 1113 2116 127 1006
155367 918 25 5603 425 18791 69114 36709 10416 5789 803 1555 32609 12770 7282 8461 5 13732 695 27173 5089 984 350 414 22871 22882 643 14810 960 40 100 1401 920 1762 106 838
155369 896 11 2976 225 10050 36710 19640 5536 3100 428 816 17462 6833 3874 4554 2 7328 369 14476 2709 527 189 225 12226 12140 347 7977 516 20 51 739 486 946 56 446
155370 930 23 21463 1650 72305 264789 141350 40022 22253 3128 5915 125308 49273 27998 32507 14 52613 2691 104130 19570 3780 1381 1584 87947 87473 2459 57206 3706 153 371 5417 3514 6737 412 3217
155371 931 26 12516 966 42011 154075 82068 23357 12984 1807 3456 73345 28742 16283 19153 8 30647 1576 60698 11339 2195 790 932 51334 50860 1437 33318 2138 92 219 3115 2064 3950 235 1843
155372 893 14 26091 2005 87508 321293 170946 48493 27122 3775 7215 152188 59694 33888 39416 20 63807 3274 126333 23766 4571 1656 1913 106774 105992 2982 69160 4469 191 451 6553 4269 8161 487 3890
155373 899 21 10052 780 33877 124048 66363 18732 10447 1454 2787 58739 23116 13075 15234 7 24650 1289 48921 9223 1758 636 768 41292 40970 1184 26881 1730 73 172 2514 1639 3169 187 1484
155374 899 21 6848 527 23008 84392 44922 12742 7094 992 1903 39947 15746 8919 10404 5 16798 859 33176 6228 1202 434 502 28025 27861 789 18185 1172 48 120 1725 1129 2145 128 1016
155375 893 14 13669 1042 46147 168611 90251 25539 14160 1981 3768 79868 31459 17837 20900 10 33529 1708 66576 12429 2403 862 1025 55960 55800 1567 36554 2355 100 239 3441 2254 4275 260 2038
155376 893 14 21868 1681 73334 269288 143084 40700 22666 3153 6079 127645 50070 28425 33288 16 53526 2748 105816 19877 3840 1372 1623 89397 88785 2525 58092 3766 159 381 5466 3581 6890 410 3268
155377 896 15 13298 1003 44661 163825 87102 24791 13791 1905 3677 77633 30483 17300 20180 9 32510 1647 64284 12097 2350 828 975 54454 53959 1533 35325 2286 94 233 3334 2159 4176 252 2013
155382 890 13 815 67 2774 10206 5443 1567 857 122 233 4891 1901 1079 1231 0 2027 107 3972 764 144 54 60 3418 3375 100 2220 139 6 14 201 134 261 14 114
155383 888 12 8941 686 30000 110020 58421 16655 9244 1286 2461 52218 20437 11640 13577 5 21839 1102 43196 8111 1565 562 657 36525 36238 1022 23703 1541 63 155 2223 1472 2795 170 1348
155384 891 11 10906 825 36752 134815 71846 20378 11330 1603 3027 63833 25099 14294 16493 7 26739 1376 52995 9928 1915 714 802 44946 44461 1238 29097 1876 77 187 2733 1770 3465 211 1647
155385 892 12 6646 510 22415 82077 43710 12380 6874 954 1846 38970 15201 8652 10212 4 16353 816 32291 6027 1161 421 492 27280 27088 761 17665 1143 47 117 1679 1095 2076 127 996
155387 896 12 19584 1522 66005 241440 129029 36478 20318 2836 5428 114672 44962 25455 29980 14 48102 2448 95296 17813 3416 1242 1468 80249 79884 2245 52253 3354 144 337 4922 3213 6118 372 2920
155392 931 23 13513 1031 45163 166146 88279 25056 13950 1944 3748 78642 30920 17549 20494 10 32971 1677 65318 12231 2369 854 993 55207 54760 1562 35813 2325 98 235 3387 2214 4243 256 2016
155393 910 22 3050 230 10247 37604 20098 5642 3168 443 843 17817 6982 3948 4674 2 7452 375 14840 2793 528 198 221 12536 12449 344 8087 522 22 52 769 496 955 58 448
155396 910 22 8847 664 29654 108710 57798 16474 9090 1263 2450 51512 20178 11510 13431 6 21664 1071 42688 7947 1549 559 641 36110 35851 996 23481 1522 63 156 2212 1455 2768 168 1339
155397 906 19 7186 552 24100 88500 47304 13389 7475 1056 1974 41886 16519 9364 10814 5 17580 932 34820 6552 1283 473 537 29493 29233 829 19188 1228 54 122 1797 1169 2286 133 1048
155398 906 19 6964 535 23397 85771 46058 12899 7231 1021 1916 40639 15993 9047 10597 5 17014 889 33981 6359 1226 447 532 28477 28368 806 18685 1189 54 119 1765 1143 2176 133 1026
155400 908 19 6531 496 21769 80158 42538 12083 6760 943 1792 37940 14880 8455 9870 4 15929 830 31482 5923 1157 421 483 26690 26399 763 17298 1117 49 110 1633 1048 2056 120 974
155401 915 23 54596 4159 183292 672884 358310 101656 56547 7913 15123 319093 125052 71024 82826 40 133723 6808 264440 49659 9625 3451 4035 223739 222259 6279 145029 9360 391 962 13671 8908 17145 1030 8211
155402 914 25 1872 139 6362 23250 12496 3488 1949 273 522 11019 4313 2451 2912 1 4631 232 9177 1703 333 121 141 7707 7725 209 5039 327 12 34 480 307 591 36 281
155403 914 25 1310 98 4360 15999 8584 2390 1353 189 358 7519 2990 1693 1941 0 3185 167 6311 1186 233 83 96 5341 5265 144 3489 222 9 22 330 214 413 24 192
155404 910 21 11528 881 38784 142004 75696 21503 11951 1679 3186 67340 26383 15003 17383 7 28188 1433 55765 10442 2028 732 846 47192 46865 1318 30616 1982 83 200 2899 1877 3603 220 1746
155409 945 37 5015 376 16787 61661 32768 9303 5192 726 1373 29151 11471 6511 7533 3 12248 631 24196 4536 881 317 366 20439 20349 564 13257 853 35 87 1259 820 1567 96 760
155410 946 23 12337 953 41468 151993 81142 22968 12818 1805 3405 71920 28304 16027 18642 8 30232 1547 59751 11250 2152 796 911 50559 50196 1424 32858 2116 90 210 3093 2013 3876 229 1832
155411 949 23 23461 1787 78830 289440 153834 43758 24341 3382 6524 137046 53759 30555 35543 17 57532 2912 113530 21389 4131 1476 1730 96237 95515 2698 62320 4039 166 410 5895 3836 7364 442 3543
155412 955 26 6662 510 22284 81811 43365 12421 6868 957 1840 38903 15190 8658 10037 5 16219 805 32033 6020 1167 410 483 27155 27016 764 17545 1149 46 119 1674 1090 2090 125 1009
155414 955 27 8423 650 28287 103871 55293 15691 8768 1222 2338 49336 19328 10938 12848 5 20686 1044 40841 7684 1485 529 623 34527 34309 980 22417 1448 63 144 2105 1370 2655 157 1257
155415 973 57 1594 119 5325 19671 10452 2949 1667 230 433 9282 3643 2069 2385 1 3878 205 7714 1461 282 100 120 6536 6488 188 4218 269 12 26 399 257 508 29 236
155416 968 25 299 21 1000 3684 1987 547 306 44 82 1720 675 388 438 0 729 38 1446 266 51 19 21 1229 1219 29 795 51 1 5 75 50 96 6 44
155419 901 26 10701 811 35825 131788 70086 19842 11071 1535 2989 62487 24452 13868 16279 7 26184 1321 51804 9709 1881 665 786 43846 43510 1230 28363 1838 75 186 2672 1752 3366 202 1611
155427 887 15 11866 909 39879 146398 77948 22085 12283 1710 3301 69399 27196 15432 18109 10 29092 1493 57622 10782 2075 744 883 48578 48334 1367 31556 2044 83 206 2987 1938 3721 227 1780
155431 881 14 21739 1674 73055 268197 142861 40509 22470 3137 6061 127090 49729 28272 33020 16 53309 2691 105495 19741 3825 1361 1620 89066 88686 2518 57811 3760 153 384 5455 3573 6835 412 3259
155432 888 17 1402 103 4659 17234 9046 2593 1435 199 391 8150 3174 1825 2088 1 3420 160 6689 1268 244 88 102 5711 5658 161 3648 247 9 24 351 229 439 27 215
155433 897 11 10260 781 34419 126322 67142 19067 10665 1472 2852 59751 23514 13329 15494 8 25007 1273 49531 9344 1810 641 761 42024 41641 1187 27260 1757 75 179 2568 1654 3219 193 1546
155435 901 26 25161 1933 84510 310334 165592 46770 26085 3653 7010 146979 57732 32706 38408 19 61725 3194 122571 22879 4417 1602 1881 103104 102610 2905 67165 4315 187 436 6322 4111 7920 476 3735
155437 930 34 1302 102 4436 16123 8691 2436 1366 195 361 7660 3023 1710 2008 1 3226 165 6433 1198 230 84 96 5398 5337 148 3543 222 9 22 326 215 410 24 186
155438 922 29 10756 838 36213 132789 70999 19982 11182 1566 2967 62810 24679 13955 16298 8 26387 1369 52290 9869 1887 693 810 44206 43860 1241 28791 1843 79 186 2703 1762 3386 199 1593
155439 915 22 6640 510 22379 82140 43737 12380 6901 955 1846 38886 15210 8656 10164 4 16354 828 32312 6050 1166 428 502 27292 27141 771 17715 1147 48 115 1677 1091 2099 125 997
155440 922 24 2570 193 8652 31660 16924 4781 2666 377 709 15035 5913 3326 3936 1 6321 328 12440 2334 443 169 188 10515 10460 300 6862 441 18 43 654 423 806 47 377
155441 912 24 9174 701 30694 112653 59998 17032 9543 1341 2515 53176 21020 11883 13812 7 22368 1156 44349 8314 1611 583 681 37452 37156 1057 24378 1547 71 158 2297 1478 2880 173 1354
155442 914 24 17847 1378 59772 219905 117028 33131 18565 2598 4915 104144 40956 23159 27210 12 43707 2266 86551 16277 3132 1145 1328 73161 72377 2091 47561 3040 134 304 4497 2895 5608 334 2644
155443 911 21 13562 1042 45554 166874 89350 25174 14067 1965 3755 79119 31057 17598 20613 9 33176 1696 65907 12330 2389 871 1017 55489 55162 1561 36180 2309 99 237 3410 2220 4222 257 2028
155444 908 21 18872 1444 63492 232698 123865 35236 19517 2712 5228 110221 43313 24621 28549 14 46229 2330 91282 17158 3330 1195 1418 77397 76754 2170 50240 3251 134 330 4762 3070 5934 355 2844
155445 905 21 3000 227 10124 37116 19852 5605 3112 443 834 17584 6888 3925 4597 2 7390 374 14620 2721 533 194 225 12313 12298 340 8017 523 22 52 755 496 943 58 456
155446 906 21 13393 1031 44866 165236 88095 24826 13886 1955 3727 78252 30648 17412 20359 10 32872 1695 65123 12178 2340 862 990 54871 54612 1540 35631 2301 100 229 3364 2198 4237 251 1985
155447 903 16 40841 3147 137477 503909 268819 76196 42408 5931 11301 238857 93781 53223 62081 29 100184 5143 198470 37247 7195 2599 3032 167718 166365 4714 108854 6995 295 708 10240 6643 12865 773 6108
155448 903 12 10640 825 35901 131640 70409 19847 11133 1574 2935 62444 24595 13912 16218 7 26182 1393 52029 9787 1885 697 784 43918 43393 1236 28571 1800 79 178 2680 1718 3383 200 1554
155449 907 11 3811 295 12803 47225 25121 7084 3979 565 1054 22294 8769 4964 5808 2 9354 487 18574 3496 673 252 282 15722 15562 449 10192 652 28 66 972 621 1205 71 564
155450 952 12 29891 2271 100129 367799 195671 55449 31015 4321 8264 174068 68363 38839 45059 22 72967 3746 144412 27125 5245 1886 2201 122330 121269 3429 79356 5116 217 514 7511 4869 9385 561 4455
155459 885 13 1168 87 3915 14254 7599 2170 1201 166 326 6751 2661 1504 1757 1 2831 143 5626 1044 205 70 80 4729 4713 127 3064 197 8 20 288 189 359 23 173
155460 915 26 14649 1105 48905 180074 95787 27121 15089 2099 4052 85074 33325 18994 22048 9 35783 1810 70726 13255 2566 920 1078 59775 59518 1664 38707 2505 101 255 3662 2413 4580 277 2203
155461 917 26 20376 1567 68562 251373 134246 37931 21211 2959 5642 119279 46740 26453 31071 16 50009 2568 99085 18563 3589 1301 1515 83577 83187 2357 54305 3495 150 354 5118 3346 6407 383 3047
155463 917 31 16930 1282 56625 208233 110581 31346 17505 2424 4672 98359 38607 21914 25556 11 41388 2102 81811 15328 2960 1058 1245 69082 68739 1937 44803 2907 120 292 4261 2746 5274 320 2568
155464 919 31 3591 266 11973 44015 23413 6683 3673 511 997 20812 8139 4664 5412 2 8760 435 17254 3210 625 223 266 14626 14568 394 9488 615 22 64 890 589 1117 68 546
155465 917 29 4378 335 14707 53877 28550 8134 4523 623 1215 25509 10027 5697 6677 4 10700 527 21179 3955 771 274 319 17925 17747 497 11587 746 31 76 1101 716 1373 82 663
155466 917 29 11547 897 38822 142400 76310 21454 12000 1692 3189 67294 26541 14968 17544 9 28295 1485 56348 10549 2020 750 869 47315 47158 1332 30836 1968 91 198 2912 1903 3623 216 1690
155468 903 17 5859 444 19743 72359 38628 10927 6063 848 1627 34248 13419 7632 8967 4 14419 728 28508 5325 1026 378 441 24017 23902 668 15636 1011 43 103 1478 968 1831 112 886
155469 903 17 16372 1238 54909 201873 107413 30387 16976 2378 4519 95519 37534 21298 24895 13 40089 2040 79342 14852 2877 1034 1225 67027 66605 1890 43528 2813 120 284 4144 2682 5147 310 2455
155470 903 17 2315 186 7870 28673 15529 4341 2422 340 640 13626 5412 3021 3594 2 5746 298 11418 2131 403 149 184 9526 9521 275 6301 390 18 39 593 388 731 42 332
155471 916 21 32959 2527 110615 405860 216078 61234 34147 4753 9118 192242 75452 42834 50050 24 80581 4088 159460 30001 5779 2069 2431 134920 133934 3819 87491 5652 238 570 8285 5400 10339 624 4930
155472 916 21 8771 665 29465 108279 57600 16358 9050 1272 2436 51413 20051 11439 13306 6 21497 1080 42469 7964 1553 555 646 35952 35797 1003 23261 1514 60 155 2206 1428 2751 168 1339
155473 919 26 22122 1718 74398 272785 145534 41127 22983 3204 6110 129291 50736 28786 33687 16 54218 2780 107484 20182 3889 1405 1656 90619 90100 2557 59017 3777 160 386 5561 3632 6937 414 3273
155475 912 16 848 68 2894 10573 5618 1623 887 126 237 5045 1969 1122 1308 0 2096 108 4131 783 153 58 67 3548 3471 101 2279 150 7 15 212 135 278 15 127
155476 906 13 3683 281 12376 45345 24352 6830 3821 540 1016 21437 8414 4775 5617 3 9062 456 17917 3371 645 237 278 15013 15098 424 9822 630 27 64 934 604 1147 69 547
155477 906 13 6404 494 21448 78769 41968 11885 6654 928 1757 37247 14650 8314 9640 4 15630 804 30983 5836 1122 404 472 26234 26008 731 17010 1081 48 110 1609 1042 2020 116 942
155478 906 13 3340 258 11333 41188 22019 6285 3448 478 928 19661 7718 4372 5171 1 8224 414 16259 3019 578 209 247 13694 13627 387 8980 575 22 59 836 545 1045 65 503
155479 889 33 30713 2349 103238 378976 202332 57041 31886 4452 8516 179405 70424 39917 46736 20 75275 3867 149153 27972 5414 1957 2291 126012 125179 3541 81914 5277 225 532 7742 5029 9650 582 4583
155480 905 42 36180 2773 121403 445801 237511 67186 37540 5257 10043 211154 82883 46973 54803 27 88559 4548 175357 32842 6327 2316 2689 148133 147210 4166 96211 6209 266 625 9084 5933 11401 679 5368
155481 891 38 1264 93 4173 15396 8183 2328 1294 181 344 7239 2861 1631 1913 0 3047 157 6036 1127 227 79 96 5086 5078 143 3317 219 9 22 319 205 397 25 188
155482 911 40 30385 2339 102052 374159 199481 56603 31463 4392 8416 177464 69629 39515 46153 22 74380 3810 147273 27554 5348 1920 2245 124443 123606 3487 80856 5233 221 526 7625 4956 9530 577 4550
155483 910 43 6176 477 20784 76223 40826 11482 6425 901 1704 36001 14193 8048 9374 5 15099 803 30122 5656 1081 396 470 25349 25192 704 16519 1044 48 106 1552 1005 1937 115 897
155484 929 51 4515 338 15143 55732 29510 8377 4633 641 1266 26417 10302 5892 6919 3 11092 546 21867 4055 790 276 322 18421 18412 514 11911 794 32 81 1132 745 1401 86 694
155485 933 53 11575 892 38816 142398 76073 21531 11963 1668 3217 67499 26503 15014 17669 8 28359 1447 56237 10478 2020 734 849 47311 47081 1314 30875 1978 84 201 2913 1898 3623 222 1729
155486 940 59 20765 1594 69768 255603 136163 38662 21557 3012 5745 121410 47640 26959 31551 15 50741 2594 100420 18931 3647 1326 1547 85045 84253 2416 55226 3566 151 360 5213 3372 6507 384 3091
155487 927 49 7140 543 24102 88023 46938 13329 7381 1026 1997 41726 16388 9325 10890 3 17507 868 34606 6456 1248 445 527 29156 29072 805 18996 1228 51 128 1786 1164 2228 137 1088
155488 941 59 7620 566 25496 93524 49656 14211 7815 1086 2120 44319 17359 9910 11568 4 18583 916 36680 6833 1333 473 554 31045 30856 863 20115 1315 51 134 1912 1253 2375 147 1172
155489 923 42 3907 299 13169 48236 25749 7311 4047 570 1074 22881 8951 5101 5980 2 9606 489 19045 3540 689 254 291 16024 15979 452 10409 675 28 68 984 633 1219 75 590
155490 927 45 9993 770 33644 123359 65769 18684 10384 1441 2772 58523 22932 13003 15291 7 24493 1256 48683 9117 1762 631 741 41028 40762 1156 26614 1713 71 175 2505 1626 3127 188 1502
155492 913 42 7698 605 25717 94596 50400 14207 7977 1112 2130 44726 17591 9962 11654 6 18800 970 37333 6990 1348 494 561 31460 31210 891 20422 1298 59 130 1932 1260 2424 142 1112
155494 912 42 2111 166 7069 26002 13706 3912 2176 297 596 12376 4793 2733 3206 1 5155 260 10157 1924 363 125 155 8629 8572 249 5563 366 14 37 520 343 668 38 318
155495 913 43 6025 463 20236 74148 39611 11181 6213 870 1666 35148 13792 7845 9166 5 14770 740 29221 5449 1063 385 451 24663 24518 686 16059 1033 42 105 1530 986 1884 115 907
155496 920 44 22362 1717 75349 275740 147356 41744 23211 3241 6189 130802 51513 29114 34259 14 54884 2823 108709 20417 3932 1428 1659 91696 90974 2597 59772 3833 164 386 5608 3656 6999 417 3315
155497 919 42 20046 1531 67258 246771 131519 37308 20764 2906 5520 116832 45862 26044 30507 16 49038 2504 97274 18177 3536 1263 1503 82009 81510 2320 53281 3430 148 350 5028 3247 6308 379 2997
155498 912 38 11161 849 37442 137201 72726 20867 11519 1585 3108 65334 25539 14537 17022 7 27327 1364 53806 10097 1961 682 799 45606 45269 1287 29538 1938 77 199 2786 1817 3458 213 1706
155499 910 36 32782 2508 110221 404026 215728 61012 34011 4768 9056 191582 75129 42643 49905 24 80316 4113 159242 29825 5785 2081 2445 134244 133497 3772 87396 5647 241 574 8287 5346 10288 620 4922
155500 913 36 9815 753 32960 120872 64342 18249 10162 1410 2714 57258 22440 12728 14900 6 24031 1213 47524 8927 1718 616 720 40132 39956 1122 26025 1684 70 168 2482 1607 3065 184 1473
155501 912 36 18515 1431 62246 228258 121582 34624 19218 2692 5169 108484 42620 24159 28087 13 45327 2327 89481 16896 3280 1183 1361 75966 75262 2160 49268 3191 133 324 4633 2992 5833 349 2785
155502 911 36 33982 2629 114292 419482 224352 63053 35367 4967 9411 198274 78206 44148 51627 28 83400 4356 165636 31137 5955 2187 2569 139484 138613 3943 91019 5795 263 584 8570 5561 10707 629 5011
155503 911 36 14965 1135 50326 184608 98557 27804 15497 2159 4145 87551 34295 19448 22922 12 36687 1885 72864 13616 2625 955 1123 61347 61061 1735 39991 2567 109 261 3767 2457 4701 283 2237
155504 911 36 33615 2579 112659 413825 220475 62398 34811 4863 9337 195604 76860 43576 50725 28 82209 4193 162833 30547 5870 2128 2490 137399 136816 3855 89117 5741 247 583 8447 5529 10573 630 4979
155505 942 29 15372 1174 51665 189604 101073 28666 16002 2250 4250 89760 35321 20086 23264 11 37667 1944 74571 14043 2720 992 1121 63169 62526 1771 40949 2631 113 264 3881 2479 4837 292 2304
155506 942 18 6991 535 23391 85840 45742 12958 7243 1034 1934 40597 15998 9073 10442 4 16982 898 33686 6355 1231 457 509 28635 28257 803 18485 1192 53 119 1746 1131 2194 129 1034
155507 941 18 17860 1400 60123 220452 117979 33339 18584 2620 4933 104441 41164 23242 27251 10 43911 2294 86980 16290 3145 1170 1355 73491 72751 2059 47887 3042 133 308 4473 2919 5639 335 2646
155509 940 18 4320 319 14407 53030 27982 8029 4451 613 1197 25101 9813 5614 6468 3 10493 519 20631 3895 766 262 311 17620 17453 493 11332 746 29 78 1086 690 1345 83 670
155510 940 24 26326 2026 88523 324425 173362 48915 27264 3818 7308 153647 60347 34179 39993 18 64583 3307 127837 23893 4608 1679 1970 107792 107198 3019 70258 4525 190 457 6630 4332 8275 493 3914
155511 942 24 23814 1829 80130 293438 156369 44397 24646 3429 6607 139291 54586 30972 36334 18 58310 2965 115519 21635 4175 1510 1772 97578 96879 2751 63437 4105 173 417 5969 3879 7454 453 3580
155512 947 24 769 57 2611 9559 5038 1460 795 111 215 4557 1782 1024 1172 0 1901 94 3744 696 139 47 51 3171 3150 90 2027 136 5 14 198 129 241 15 120
155513 879 12 14722 1133 49601 181330 96942 27404 15233 2140 4061 86003 33767 19113 22370 9 36155 1845 71467 13351 2573 937 1095 60294 59899 1669 39274 2527 108 253 3698 2418 4604 280 2196
155514 878 12 5080 389 17146 62585 33319 9514 5299 732 1390 29771 11675 6634 7810 3 12475 627 24630 4627 890 319 376 20832 20624 591 13543 867 38 87 1276 814 1597 95 761
155516 917 26 10939 824 36722 134738 71658 20367 11287 1568 3063 63908 25045 14257 16669 6 26772 1341 53000 9888 1912 680 813 44686 44500 1254 29050 1895 76 195 2754 1791 3429 211 1661
155520 917 26 7046 555 23680 86858 46414 13151 7353 1033 1942 41035 16204 9184 10709 6 17276 910 34280 6416 1248 458 546 28906 28658 818 18811 1204 51 122 1781 1147 2234 134 1045
155521 918 24 23074 1759 77656 284854 151553 43070 23937 3340 6400 135134 53028 30105 35159 14 56558 2864 111974 20967 4068 1461 1716 94714 93930 2668 61431 3975 171 406 5790 3786 7255 435 3465
155522 970 67 2754 207 9169 33762 17931 5029 2854 394 755 15847 6243 3542 4140 2 6692 337 13323 2479 477 173 199 11166 11168 309 7242 470 21 46 697 442 854 50 414
155523 983 81 570 43 1901 6958 3656 1067 585 79 158 3291 1298 736 863 0 1381 68 2704 502 95 33 40 2287 2285 69 1488 99 4 9 140 94 181 10 82
155524 984 79 12856 986 43269 158479 84527 23959 13329 1856 3564 75145 29445 16730 19629 9 31518 1596 62370 11679 2274 810 961 52636 52390 1487 34281 2208 92 224 3244 2101 4038 247 1945
155526 979 75 16933 1331 57241 209243 111850 31671 17591 2465 4678 99455 38970 22060 26006 14 41633 2157 82645 15472 2972 1081 1265 69597 69264 1952 45391 2900 120 295 4264 2778 5306 319 2516
155527 972 65 6039 464 20285 74442 39622 11231 6275 879 1671 35227 13874 7862 9117 4 14785 753 29230 5518 1047 387 447 24748 24539 690 16096 1037 44 104 1514 985 1912 113 896
155529 935 32 58269 4442 195472 717749 382051 108245 60316 8422 16171 339927 133379 75884 88625 45 142755 7255 282301 52820 10241 3676 4317 238238 236931 6652 154823 10031 416 1014 14635 9527 18286 1113 8761
155530 945 36 14855 1143 49861 183294 97630 27681 15390 2126 4125 86665 33953 19323 22558 11 36427 1856 72050 13532 2623 941 1116 60844 60598 1705 39550 2557 109 259 3748 2433 4653 284 2228
155531 950 40 4178 324 14086 51369 27505 7797 4314 609 1152 24368 9561 5414 6313 3 10216 530 20254 3782 733 266 313 17029 17033 477 11110 715 29 73 1057 689 1298 78 612
155532 950 40 20727 1585 69690 255629 136480 38603 21493 3016 5739 121112 47632 27000 31652 16 50787 2596 100747 18860 3637 1331 1549 84879 84468 2395 55304 3556 154 358 5212 3393 6501 396 3088
155533 950 30 5469 421 18403 67072 35960 10197 5636 777 1515 31907 12507 7091 8355 3 13382 679 26466 4909 960 340 413 22290 22186 631 14609 946 37 95 1373 894 1716 105 826
155535 951 31 7669 580 25734 94505 50541 14185 7964 1118 2107 44661 17560 9938 11663 5 18743 968 37265 7017 1340 490 579 31341 31247 894 20449 1315 57 131 1930 1245 2403 144 1130
155536 956 28 3579 272 12099 44326 23645 6672 3706 512 1007 20994 8196 4663 5405 2 8845 434 17425 3262 626 227 263 14671 14763 401 9529 614 23 63 900 600 1122 67 546
155537 958 29 9035 674 30270 111027 58838 16838 9279 1286 2513 52698 20618 11765 13689 5 22063 1091 43474 8178 1581 559 656 36849 36600 1040 23834 1573 62 159 2268 1465 2824 171 1382
155538 953 31 13884 1080 46766 171419 91477 25857 14409 2006 3861 81215 31950 18060 21103 11 34050 1760 67523 12678 2434 888 1031 57141 56635 1612 37097 2362 103 238 3505 2283 4360 260 2044
155541 955 46 28353 2174 94999 349119 186259 52576 29366 4110 7875 165257 64939 36757 43145 21 69424 3584 137850 25755 4968 1800 2117 115985 115485 3268 75474 4849 210 490 7104 4637 8929 535 4201
155542 956 46 7657 589 25705 94506 50236 14282 7974 1106 2137 44719 17532 9990 11604 7 18696 951 37056 7002 1341 488 568 31423 31161 885 20337 1315 53 137 1917 1257 2414 148 1142
155543 956 46 6920 530 23170 85243 45340 12807 7163 982 1935 40323 15795 8951 10522 5 16956 861 33539 6309 1208 438 518 28329 28155 809 18393 1189 48 120 1724 1131 2171 128 1031
155544 955 46 11096 848 37208 136731 72723 20558 11481 1593 3096 64743 25323 14406 16841 9 27138 1366 53740 10103 1941 695 826 45398 45123 1268 29401 1912 78 196 2808 1835 3463 209 1676
155546 938 32 5551 439 18604 68431 36696 10230 5774 807 1523 32288 12683 7182 8456 3 13610 718 27066 5076 981 361 432 22832 22650 635 14888 933 42 94 1405 908 1765 102 807
155549 918 26 4811 359 16130 59146 31294 9027 4957 684 1338 28031 10989 6268 7279 3 11724 586 23125 4368 840 296 345 19665 19424 562 12728 824 34 85 1211 772 1497 91 740
155550 919 27 1926 146 6466 23662 12587 3581 1990 280 529 11191 4389 2501 2931 0 4708 238 9338 1734 337 120 141 7856 7781 219 5117 329 14 33 486 308 602 37 291
155551 920 26 10367 780 34785 127513 67685 19307 10684 1491 2883 60502 23639 13476 15679 6 25315 1266 49904 9356 1827 642 746 42356 42023 1175 27439 1803 71 184 2606 1688 3237 199 1591
155552 922 26 19485 1492 65566 240434 128234 36340 20220 2834 5405 113964 44689 25371 29480 15 47855 2443 94578 17745 3422 1244 1431 79895 79546 2233 51896 3338 143 338 4917 3194 6120 365 2902
155553 925 27 1523 111 5102 18782 10015 2838 1587 227 422 8895 3502 1990 2342 0 3733 191 7385 1381 269 100 114 6237 6174 176 4051 264 11 26 372 244 478 29 229
155554 932 33 4485 346 15173 55718 29865 8401 4660 658 1251 26395 10341 5866 6876 3 11117 572 22052 4107 795 286 346 18462 18534 514 12079 774 31 76 1122 743 1419 84 660
155555 933 33 5769 448 19323 70967 37689 10731 5981 824 1597 33694 13183 7477 8739 5 14090 719 27793 5246 1015 363 426 23593 23406 670 15313 985 41 99 1445 933 1797 106 872
155556 934 33 42504 3250 142728 523609 279033 79155 44089 6167 11803 248062 97373 55306 64420 32 104091 5328 205828 38604 7481 2707 3153 174186 172831 4870 113031 7293 307 740 10668 6935 13355 801 6358
155557 946 41 3609 276 12120 44337 23640 6727 3722 514 997 21006 8253 4705 5399 2 8806 444 17383 3250 634 225 269 14744 14640 401 9578 619 25 63 911 589 1133 67 540
155558 938 33 3602 281 12156 44637 23935 6670 3740 531 991 21121 8283 4685 5549 3 8906 456 17701 3280 633 234 274 14816 14804 414 9678 614 26 60 924 590 1137 68 530
155559 936 33 9605 746 32314 118724 63665 17804 10026 1419 2641 56055 22092 12468 14527 7 23629 1241 46925 8822 1687 630 729 39490 39339 1095 25767 1629 67 165 2410 1573 3022 179 1420
155560 940 36 25209 1946 84592 310899 165570 46879 26149 3652 6995 147179 57783 32804 38201 19 61735 3146 122157 22961 4428 1614 1872 103453 102573 2915 67126 4331 181 436 6342 4115 7948 474 3759
155561 940 36 6054 470 20380 74610 40019 11235 6277 872 1664 35332 13880 7838 9187 4 14822 775 29553 5519 1065 384 451 24791 24712 700 16230 1026 46 102 1538 991 1900 113 897
155562 942 36 2725 205 9126 33554 17884 5050 2818 390 764 15839 6217 3533 4062 2 6658 339 13115 2485 477 173 206 11122 11074 318 7226 469 19 48 678 448 854 50 408
155563 944 35 2851 222 9627 35129 18885 5286 2970 422 780 16678 6577 3700 4311 2 7004 367 13905 2595 498 190 214 11717 11638 324 7641 480 22 47 712 467 898 52 408
155564 888 17 4094 310 13804 50319 26803 7635 4251 590 1136 23915 9424 5328 6247 2 10005 501 19753 3704 709 258 290 16765 16553 470 10876 698 29 71 1027 665 1287 74 606
155565 890 19 5353 404 17944 65878 35111 9889 5545 780 1477 31218 12285 6933 8176 3 13086 672 26003 4873 930 342 392 21906 21767 609 14198 907 41 90 1348 876 1669 100 788
155566 915 32 2417 187 8153 29785 15886 4495 2505 349 663 14137 5531 3142 3665 1 5915 301 11733 2185 421 153 180 9920 9836 269 6426 417 16 40 610 395 755 48 361
155567 927 31 14993 1135 50242 184431 98347 27837 15529 2171 4126 87363 34282 19445 22801 11 36697 1874 72721 13644 2621 965 1102 61331 60948 1734 39765 2559 110 260 3766 2444 4695 280 2239
155569 900 15 16055 1219 53957 197951 105725 29895 16664 2342 4439 93614 36873 20909 24300 12 39286 2031 77912 14625 2827 1043 1199 65820 65307 1851 42887 2764 119 276 4051 2629 5050 308 2385
155570 912 36 5092 386 17048 62645 33274 9485 5261 726 1400 29675 11580 6613 7674 4 12389 619 24479 4617 897 314 378 20817 20688 584 13468 875 35 89 1280 827 1602 96 774
155571 919 35 4813 367 16073 59196 31370 8926 4983 685 1335 27890 10958 6203 7229 4 11727 592 23158 4364 836 296 348 19633 19539 558 12673 831 35 81 1207 790 1501 89 717
155572 920 26 4052 309 13629 49919 26533 7588 4185 579 1122 23705 9296 5285 6176 2 9919 495 19573 3689 714 256 300 16538 16419 473 10769 702 28 71 1027 661 1268 77 612
155573 915 24 14331 1074 48082 176380 93976 26613 14837 2071 3994 83515 32692 18640 21652 10 35036 1761 69206 13018 2534 905 1055 58627 58198 1628 38071 2470 100 253 3592 2327 4498 272 2170
155574 925 29 1111 89 3773 13700 7379 2075 1157 159 307 6456 2549 1457 1694 1 2736 133 5460 1018 195 71 87 4542 4551 126 2996 189 8 19 283 184 347 21 168
155575 887 14 13094 1020 43929 161433 86150 24281 13605 1888 3643 76491 30019 16979 19919 9 32091 1675 63601 11940 2288 839 985 53757 53246 1502 34960 2226 96 225 3282 2158 4134 245 1938
155580 895 18 9318 699 31272 114677 61063 17381 9627 1345 2582 54404 21276 12133 14199 6 22784 1150 45038 8424 1635 588 687 38058 37897 1059 24710 1622 65 164 2336 1520 2911 181 1416
155581 896 18 4258 325 14286 52486 27958 7905 4429 620 1186 24907 9758 5529 6495 4 10439 534 20653 3878 747 273 320 17469 17331 489 11314 731 32 72 1061 688 1341 80 634
155582 899 27 7352 565 24776 90848 48733 13682 7598 1085 2025 43076 16900 9586 11272 5 18163 938 36059 6661 1286 478 550 30162 30156 837 19732 1265 55 126 1850 1207 2310 141 1091
155584 898 25 4374 330 14590 53717 28603 8088 4523 638 1197 25457 10004 5664 6597 4 10662 551 21117 3958 772 278 325 17904 17706 507 11626 746 33 74 1102 707 1366 81 643
155585 900 23 6885 526 23040 84696 45238 12713 7110 997 1905 39940 15699 8876 10432 5 16826 855 33388 6245 1194 437 515 28121 28014 784 18338 1179 50 117 1753 1139 2156 129 1021
155586 900 23 9075 687 30451 111975 59691 16848 9403 1320 2517 52933 20759 11798 13718 6 22247 1149 44095 8256 1586 575 677 37166 37132 1057 24126 1560 65 158 2269 1475 2848 171 1348
155587 897 23 1228 96 4136 15191 8201 2262 1286 183 341 7203 2824 1578 1901 1 3020 162 6037 1133 217 82 97 5043 5029 147 3328 210 9 20 306 200 387 22 178
155588 916 29 26854 2069 90379 330770 176893 50028 27829 3895 7433 156782 61576 34838 41023 20 65877 3378 130659 24462 4696 1703 2028 109917 109488 3087 71657 4596 200 463 6731 4411 8411 512 3974
155589 916 29 24289 1879 81950 300000 160579 45362 25244 3549 6741 142216 55948 31680 37024 16 59726 3083 118334 22166 4257 1561 1829 99681 99217 2784 65012 4170 178 421 6116 3970 7631 460 3602
155590 908 28 12681 988 42550 156332 83419 23663 13189 1832 3513 74007 29156 16493 19320 8 31095 1606 61681 11545 2226 813 964 51966 51567 1476 33895 2173 96 216 3179 2119 4010 238 1859
155591 897 23 1967 146 6603 24062 12907 3659 2024 272 536 11512 4509 2540 3009 1 4808 244 9494 1782 347 115 139 7993 7977 226 5233 338 13 32 490 311 606 37 297
155592 898 24 10536 803 35416 129893 69216 19585 10911 1530 2900 61521 24156 13684 15992 8 25820 1310 51096 9564 1856 667 784 43189 42888 1223 28043 1806 75 182 2650 1710 3323 198 1580
155593 895 23 3684 273 12308 45237 24114 6812 3797 533 1017 21317 8413 4764 5508 2 8988 463 17814 3343 638 233 263 14989 14936 420 9758 627 25 62 924 606 1152 70 544
155594 828 20 5494 422 18416 67817 36077 10214 5727 803 1515 32078 12616 7169 8289 4 13439 692 26713 5016 959 355 408 22499 22382 635 14578 933 41 95 1386 900 1729 104 814
155595 828 20 1592 118 5337 19591 10485 2967 1652 236 443 9233 3648 2076 2372 1 3877 206 7694 1451 277 105 117 6499 6464 182 4219 271 12 27 398 256 491 31 236
155596 834 22 6282 474 21108 77619 41335 11698 6528 930 1744 36711 14415 8209 9385 3 15382 783 30425 5729 1101 403 457 25845 25589 708 16660 1080 47 110 1581 1026 1980 116 939
155597 879 40 15466 1174 51892 190830 101419 28791 16050 2238 4301 90504 35420 20171 23441 8 37841 1911 74875 14054 2709 980 1144 63518 62913 1772 41095 2683 111 270 3882 2522 4877 291 2345
155598 867 45 4451 339 15025 54992 29319 8300 4612 641 1235 26046 10225 5818 6864 3 10953 544 21723 4033 784 277 324 18214 18211 522 11862 768 34 77 1129 718 1388 86 670
155599 876 48 11603 884 38939 142678 76179 21548 11956 1662 3212 67724 26526 15037 17563 8 28376 1436 56145 10515 2026 714 857 47457 47099 1327 30843 1997 85 196 2901 1895 3624 222 1731
155600 872 46 4334 330 14584 53308 28491 8054 4466 621 1197 25252 9886 5631 6619 3 10593 525 21051 3910 758 267 321 17635 17678 481 11505 747 29 74 1096 715 1347 85 654
155601 871 47 9234 705 30869 113490 60452 17040 9551 1326 2573 53812 21060 11925 14030 5 22524 1154 44696 8362 1616 573 679 37745 37460 1057 24507 1582 66 158 2319 1511 2882 172 1370
155602 868 46 6591 497 22078 81270 43220 12233 6840 970 1841 38461 15063 8555 9971 5 16177 833 31892 5989 1165 424 483 27003 26857 748 17470 1141 48 113 1645 1068 2066 126 995
155603 870 48 23468 1775 78516 288741 153209 43494 24347 3390 6518 136519 53595 30456 35404 17 57276 2896 113254 21307 4123 1471 1726 96056 95018 2718 62158 4043 172 407 5885 3816 7393 440 3516
155604 877 47 30174 2343 101288 371790 198011 56145 31257 4332 8351 176081 69089 39151 45905 23 73896 3787 146351 27507 5281 1912 2255 123639 122667 3475 80269 5157 217 520 7577 4939 9478 573 4494
155605 917 44 1142 85 3863 14158 7541 2149 1174 158 322 6716 2625 1484 1762 0 2824 143 5567 1042 201 70 89 4679 4690 134 3060 202 6 20 288 183 363 22 178
155606 926 44 10886 842 36697 134351 71782 20294 11277 1559 2994 63717 24987 14158 16604 7 26765 1370 53011 9875 1911 688 821 44660 44395 1244 29154 1862 79 186 2744 1791 3422 208 1625
155607 922 35 11582 872 38812 142492 75935 21454 11999 1676 3191 67444 26516 15024 17537 8 28277 1453 56117 10530 2028 730 865 47326 47021 1341 30741 1992 86 200 2915 1898 3636 219 1728
155609 899 28 30980 2334 103882 381066 202870 57531 32042 4455 8574 180604 70942 40234 46932 20 75738 3834 149693 28039 5432 1940 2296 126542 125668 3567 82318 5323 226 537 7775 5073 9697 585 4641
155610 874 28 16863 1291 56545 207508 110418 31452 17485 2431 4655 98376 38693 21920 25591 11 41189 2108 81483 15324 2961 1068 1242 68997 68351 1969 44872 2900 125 290 4210 2733 5313 319 2506
155611 895 52 455 35 1553 5699 3043 874 473 67 133 2714 1055 606 688 0 1133 61 2224 425 80 30 35 1904 1893 52 1227 79 3 8 112 75 143 8 66
155612 906 48 7438 566 25039 91502 49030 13797 7739 1087 2039 43407 17086 9657 11288 4 18209 936 36030 6793 1296 485 549 30505 30224 839 19850 1273 51 127 1877 1211 2332 140 1091
155613 855 36 12049 940 40568 148601 79197 22477 12496 1737 3345 70453 27624 15691 18437 8 29586 1495 58565 10910 2124 769 910 49383 49069 1395 32145 2077 87 210 3020 1980 3792 230 1811
155614 864 25 18946 1444 63891 233741 124839 35451 19609 2743 5280 111019 43524 24729 28824 12 46415 2356 91912 17205 3333 1202 1402 77687 77191 2179 50493 3272 134 334 4770 3105 5953 364 2866
155615 863 25 6635 528 22432 81976 44082 12375 6916 973 1830 38875 15312 8630 10137 5 16285 843 32468 6093 1158 435 508 27360 27131 761 17904 1123 49 114 1674 1091 2098 126 966
155616 863 25 5853 453 19672 72234 38671 10828 6108 856 1601 34137 13468 7601 8915 4 14394 754 28562 5352 1025 389 440 24026 23829 681 15696 992 46 97 1488 972 1846 109 857
155617 865 25 19608 1498 65986 241421 129125 36502 20329 2827 5406 114539 44948 25477 29984 14 47993 2437 95339 17851 3437 1238 1459 80239 79842 2267 52354 3340 148 336 4939 3210 6138 371 2896
155618 857 23 300 23 1014 3714 1980 560 317 45 84 1774 699 393 456 0 737 42 1475 276 51 20 24 1236 1225 36 807 49 2 5 73 49 96 5 41
155619 876 27 13299 1023 44706 164299 87442 24801 13805 1929 3686 77860 30489 17331 20232 10 32642 1672 64633 12119 2350 852 982 54595 54256 1544 35437 2276 98 235 3362 2173 4181 254 1994
155620 858 24 7187 545 24138 88431 47061 13441 7454 1033 1995 41994 16431 9354 10896 5 17563 888 34709 6521 1268 450 529 29463 29151 830 19074 1241 52 125 1809 1175 2246 135 1086
155621 870 31 12040 905 40399 148175 78679 22488 12418 1722 3344 70339 27435 15666 18252 8 29481 1465 58065 10917 2114 742 873 49172 49006 1389 31820 2088 78 217 3017 1962 3773 228 1839
155622 872 31 16043 1227 53990 197797 105642 29941 16603 2329 4440 93538 36784 20902 24361 12 39325 2005 77934 14603 2812 1020 1202 65714 65399 1852 42750 2761 120 278 4037 2623 5032 307 2387
155623 928 68 19941 1523 66776 245313 130503 37087 20589 2876 5536 116282 45530 25932 30166 14 48755 2490 96243 18047 3507 1260 1464 81630 80900 2289 52891 3443 139 350 5003 3237 6263 379 3018
155625 933 69 5210 394 17386 63914 33972 9598 5380 746 1438 30258 11849 6707 7891 3 12662 640 25121 4717 894 320 377 21234 21117 600 13730 894 38 90 1294 853 1635 97 767
155626 943 84 5491 427 18495 67758 36261 10236 5704 805 1515 32132 12652 7121 8347 3 13477 711 26740 5001 968 357 402 22573 22444 630 14690 926 40 92 1392 895 1722 102 811
155627 938 70 25172 1937 84728 310525 165490 46884 26188 3647 6961 147449 57838 32736 38468 17 61740 3160 122289 22918 4435 1603 1868 103313 102444 2948 67151 4317 187 431 6343 4091 7929 474 3753
155628 897 44 6277 476 20954 76972 40993 11628 6493 903 1739 36542 14356 8132 9574 4 15296 776 30290 5679 1101 394 457 25546 25369 736 16599 1072 46 108 1573 1026 1958 118 929
155629 897 44 19994 1520 67024 245464 130774 37210 20729 2887 5535 116479 45763 25940 30462 14 48792 2485 96551 18151 3507 1257 1463 81537 80913 2335 53069 3442 149 346 5015 3252 6241 376 2978
155630 901 49 14490 1092 48712 178984 95375 26906 15055 2105 4016 84618 33218 18891 21836 11 35538 1837 70374 13231 2554 918 1073 59469 59111 1635 38606 2476 100 251 3656 2367 4593 275 2170
155631 916 44 10656 807 35613 130949 69551 19765 11038 1528 2956 61940 24305 13840 16103 8 26001 1308 51377 9667 1871 662 781 43475 43105 1234 28161 1838 79 184 2664 1760 3329 201 1590
155632 923 67 5528 398 18380 67658 35574 10195 5651 775 1537 32045 12525 7148 8309 4 13416 643 26268 4951 954 332 392 22406 22248 625 14373 965 36 98 1367 905 1719 104 854
155633 925 64 1154 86 3857 14209 7548 2147 1195 165 320 6699 2631 1509 1741 0 2835 139 5581 1036 203 75 83 4696 4688 129 3054 200 7 19 289 185 360 23 177
155634 928 64 15118 1147 50898 186432 99596 28158 15727 2192 4167 88277 34768 19706 23066 11 37033 1898 73533 13786 2672 966 1136 61975 61520 1765 40430 2608 116 259 3819 2461 4746 285 2252
155635 923 62 30615 2302 102345 376659 200330 56726 31678 4424 8463 178098 69938 39758 46157 22 74740 3813 147823 27770 5373 1939 2232 125101 124229 3471 81193 5252 214 532 7719 4990 9600 585 4603
155636 947 63 5188 414 17430 63925 34217 9678 5426 763 1423 30245 11950 6730 7918 2 12746 679 25254 4736 914 338 405 21296 21089 614 13913 883 39 86 1298 840 1643 95 749
155637 950 64 14352 1102 48234 176668 94393 26695 14818 2063 3974 83765 32832 18607 21804 10 35170 1794 69545 13028 2505 899 1071 58618 58531 1643 38178 2465 102 248 3567 2363 4487 268 2130
155638 945 63 2895 214 9723 35636 18864 5431 2979 416 805 16957 6625 3801 4421 2 7062 353 13920 2591 514 182 213 11860 11704 333 7623 503 21 51 731 471 908 56 446
155639 920 45 14824 1129 49831 182696 97247 27682 15395 2136 4130 86805 33943 19310 22597 10 36247 1870 71799 13479 2609 934 1102 60725 60284 1730 39449 2571 109 258 3721 2418 4651 280 2229
155641 930 51 567 43 1922 6961 3739 1064 579 77 157 3325 1297 735 864 0 1392 63 2732 515 99 33 42 2297 2305 64 1514 98 3 10 143 93 176 10 86
155642 928 50 11094 868 37342 137114 73361 20572 11620 1641 3065 64846 25588 14447 16859 9 27278 1443 54213 10196 1950 723 824 45763 45290 1288 29712 1864 82 187 2791 1793 3527 205 1611
155643 944 67 15114 1164 50754 186058 99235 28068 15692 2196 4183 88175 34720 19612 22947 11 36964 1900 73281 13746 2639 968 1116 61993 61398 1726 40170 2567 111 258 3822 2479 4750 285 2237
155645 938 58 1781 144 6074 22102 11893 3377 1861 266 492 10550 4134 2333 2719 0 4424 227 8761 1640 309 117 136 7373 7324 209 4842 298 14 31 445 300 557 33 261
155647 935 55 1444 109 4814 17794 9438 2676 1504 213 401 8391 3296 1881 2164 0 3519 189 6973 1313 255 95 108 5903 5837 169 3822 246 11 24 359 237 451 27 212
155649 934 55 10689 825 35976 131684 70250 19940 11081 1554 2938 62382 24538 13903 16331 8 26213 1338 51891 9705 1888 675 799 43725 43465 1226 28521 1832 81 185 2682 1743 3370 204 1599
155650 938 55 14742 1104 49315 181438 96208 27434 15199 2103 4092 85987 33636 19197 22409 11 36027 1805 71102 13316 2604 923 1081 60274 59844 1696 38989 2559 102 260 3679 2402 4629 281 2248
155651 940 56 6336 475 21246 78048 41345 11828 6544 903 1764 37031 14483 8272 9673 4 15483 772 30547 5731 1116 399 457 25882 25725 737 16737 1103 43 112 1585 1022 1989 124 971
155653 939 56 6622 506 22326 81877 43544 12353 6870 955 1846 38776 15181 8645 10179 5 16304 817 32306 6023 1178 413 489 27106 27074 769 17694 1151 48 117 1665 1086 2080 125 1004
155655 944 61 22153 1701 74432 272789 145429 41203 22918 3205 6134 129184 50791 28821 33593 16 54251 2762 107358 20115 3870 1402 1652 90585 90114 2523 58857 3803 165 386 5561 3647 6955 421 3292
155656 936 46 25956 1998 87200 319357 170677 48196 26910 3765 7142 151202 59450 33665 39472 18 63544 3245 125995 23575 4535 1647 1923 105963 105559 3005 69096 4448 194 449 6535 4268 8126 490 3835
155657 938 44 12785 970 42949 157275 83945 23843 13268 1866 3534 74541 29305 16643 19383 8 31267 1599 61902 11619 2257 815 932 52382 51910 1458 33975 2185 95 222 3229 2078 3976 242 1915
155658 938 44 6023 468 20303 74422 39874 11201 6289 888 1667 35235 13845 7830 9246 5 14797 773 29422 5503 1074 389 464 24734 24609 698 16159 1037 42 104 1511 972 1891 114 898
155659 968 55 13938 1075 46814 171767 91554 25869 14498 2034 3855 81237 31996 18120 21060 11 34154 1761 67579 12716 2453 892 1037 57047 56662 1597 37172 2369 101 240 3510 2258 4405 264 2056
155660 969 55 6239 480 20935 76782 41025 11564 6469 911 1717 36381 14327 8104 9529 5 15264 782 30346 5666 1098 397 471 25534 25407 718 16628 1066 49 107 1563 1022 1965 116 912
155661 970 55 60714 4637 203839 748250 398581 112822 62894 8794 16865 354435 139086 79075 92425 47 148863 7582 294476 55091 10669 3838 4503 248432 247101 6930 161486 10442 435 1057 15255 9931 19059 1158 9120
155662 960 48 10645 822 35673 131115 69808 19780 11043 1532 2962 61923 24364 13819 16063 9 26040 1342 51603 9678 1873 676 789 43631 43281 1220 28294 1821 77 186 2675 1744 3338 199 1585
155666 962 48 684 49 2287 8412 4468 1255 707 97 188 3946 1542 886 1034 0 1669 84 3319 618 118 43 50 2781 2794 77 1790 119 5 11 172 116 212 12 105
155667 949 38 4965 382 16679 61438 32778 9134 5183 728 1377 28919 11364 6449 7422 4 12224 631 24268 4580 857 319 378 20378 20330 556 13231 837 37 85 1237 832 1563 92 732
155668 949 38 7539 563 25349 92916 49250 14080 7800 1068 2102 44073 17251 9819 11458 5 18429 915 36380 6818 1327 463 549 30855 30639 871 19985 1314 54 134 1887 1218 2368 142 1158
155669 950 38 1035 82 3520 12968 6864 1942 1077 148 295 6183 2389 1359 1595 0 2587 129 5095 956 181 66 77 4317 4270 124 2792 178 7 17 261 169 331 19 159
155670 952 39 14123 1077 47314 173973 92478 26246 14634 2041 3919 82306 32293 18376 21361 12 34549 1769 68371 12819 2482 894 1034 57849 57478 1615 37475 2428 101 249 3526 2312 4444 266 2110
155671 935 32 5367 411 18090 66110 35161 10063 5574 771 1484 31350 12361 7001 8175 3 13128 661 25959 4890 949 333 396 21989 21783 635 14323 927 39 94 1339 864 1694 101 810
155672 941 33 2425 187 8122 29893 16053 4491 2521 370 671 14084 5555 3142 3684 1 5946 317 11882 2209 428 162 183 9936 9886 283 6478 407 19 41 615 389 754 46 357
155673 964 38 4179 315 14007 51449 27278 7784 4328 599 1166 24446 9531 5447 6402 2 10242 509 20192 3778 733 258 310 17073 16945 477 11085 723 29 73 1048 676 1305 80 645
155674 966 38 6442 505 21736 79462 42558 12018 6727 942 1776 37741 14808 8398 9865 5 15837 821 31414 5890 1137 414 488 26449 26254 746 17283 1100 48 113 1630 1040 2019 119 958
155675 965 38 22448 1724 75337 276520 147580 41626 23250 3246 6227 130909 51482 29106 33949 15 54956 2839 108909 20425 3938 1416 1670 91963 91268 2593 59813 3848 165 387 5653 3671 7049 415 3340
155677 947 26 4998 381 16978 61884 33193 9347 5195 724 1394 29405 11544 6522 7692 2 12308 630 24476 4563 877 310 371 20591 20539 568 13439 860 36 87 1254 828 1576 95 746
155678 950 26 10367 774 34755 127479 67773 19316 10668 1483 2893 60368 23648 13481 15731 8 25348 1288 50137 9377 1815 639 750 42278 42126 1164 27418 1786 73 182 2587 1703 3229 198 1567
155679 952 31 2181 169 7312 27001 14331 4073 2269 314 610 12761 5034 2841 3302 1 5363 282 10580 2010 389 135 164 8990 8901 257 5826 368 15 37 545 355 699 41 321
155680 961 39 6578 489 21990 80829 42770 12208 6801 930 1836 38316 15005 8544 9940 4 16045 805 31656 5983 1159 401 484 26849 26648 766 17385 1126 45 117 1631 1073 2060 122 1000
155681 961 40 3781 273 12705 46639 24762 7043 3890 536 1059 22021 8636 4905 5679 2 9243 457 18238 3412 660 228 278 15417 15430 429 9989 658 26 65 942 615 1182 72 576
155682 950 27 6488 492 21878 79713 42585 12160 6729 936 1785 37829 14886 8431 9885 5 15904 804 31417 5846 1143 400 481 26422 26406 743 17276 1100 46 114 1624 1042 2022 123 975
155684 950 27 2594 204 8780 32066 17161 4882 2687 382 728 15225 5980 3389 3922 2 6409 329 12638 2365 455 169 191 10684 10620 295 6966 444 17 45 647 430 812 49 385
155687 956 35 4878 383 16546 60520 32468 9096 5117 723 1353 28557 11246 6368 7370 3 12029 623 23900 4473 851 319 374 20136 20041 563 13142 833 37 82 1241 799 1557 91 716
155689 957 35 6425 480 21502 78893 41813 11950 6596 915 1786 37487 14618 8340 9722 3 15699 779 30893 5765 1116 400 455 26224 26026 727 16906 1111 42 113 1605 1049 2000 123 985
155690 925 26 3694 287 12484 45747 24489 6924 3859 540 1022 21681 8496 4816 5700 2 9124 473 18160 3380 651 239 284 15231 15147 436 9949 625 26 63 929 599 1166 70 548
155691 934 23 21836 1691 73498 269685 144006 40607 22754 3195 6058 127872 50239 28443 33137 17 53621 2788 106220 19980 3850 1416 1644 89792 89117 2529 58379 3708 162 377 5495 3565 6910 401 3229
155692 932 24 2181 171 7350 26934 14329 4054 2264 315 609 12753 4989 2820 3333 2 5358 269 10575 1989 379 137 158 8979 8914 251 5775 370 15 38 541 360 681 40 323
155694 909 13 5492 423 18443 67597 36066 10256 5673 796 1537 32001 12598 7140 8363 3 13477 691 26618 4964 959 355 413 22490 22278 630 14664 938 40 94 1375 894 1720 105 825
155697 911 18 37375 2871 125626 460511 245618 69561 38711 5382 10366 218294 85686 48626 56975 27 91648 4674 181335 33979 6558 2366 2802 153057 152031 4315 99624 6433 270 647 9381 6116 11730 713 5610
155698 911 18 6852 523 23051 84547 44922 12806 7077 980 1912 40118 15721 8904 10437 5 16801 851 33176 6236 1200 423 502 28081 27886 792 18224 1179 46 120 1708 1106 2153 130 1037
155699 942 30 10736 815 36056 132115 70234 20036 11104 1536 2978 62700 24573 14005 16335 8 26211 1318 51786 9746 1899 664 786 43817 43518 1249 28502 1865 77 186 2715 1747 3352 204 1627
155701 938 22 7752 575 25946 95126 50664 14333 8002 1113 2157 45011 17691 10044 11663 5 18910 940 37283 7003 1363 485 561 31612 31425 886 20471 1338 54 137 1949 1253 2423 145 1165
155702 942 24 46327 3522 155236 570430 303846 85921 48025 6713 12822 269970 106064 60204 70069 34 113308 5810 224224 42080 8131 2943 3405 189600 188244 5295 123137 7938 333 805 11678 7538 14523 878 6928
155703 999 125 8559 651 28592 105397 55750 15933 8817 1217 2381 49940 19495 11118 13113 6 20954 1037 41332 7770 1510 526 634 34966 34735 985 22605 1485 58 151 2128 1386 2681 163 1298
155704 1018 132 6134 471 20669 75663 40280 11521 6350 886 1694 35828 14131 7998 9398 4 15069 764 29786 5552 1075 389 453 25154 24939 705 16347 1060 44 107 1549 1004 1930 118 917
155706 1023 133 37914 2928 126922 466748 248608 70215 39261 5472 10501 221072 86759 49181 57607 28 92746 4776 183811 34455 6653 2399 2854 155165 154040 4379 100819 6487 275 658 9519 6179 11926 711 5651
155708 1033 140 20278 1547 68068 249909 133226 37609 21043 2933 5600 118183 46487 26345 30824 16 49675 2539 98588 18464 3557 1293 1505 83004 82579 2351 53969 3473 155 344 5129 3326 6371 379 3003
155709 1034 140 21387 1635 71777 263612 140821 39618 22207 3105 5944 124553 49038 27720 32459 16 52413 2701 103899 19506 3740 1358 1595 87593 87092 2453 57000 3663 162 369 5388 3499 6699 399 3188
155710 1022 134 5806 440 19434 71511 37967 10766 6004 834 1625 33804 13276 7551 8844 3 14227 727 28113 5273 1025 368 421 23755 23566 672 15432 1008 42 100 1459 937 1821 110 877
155711 1021 132 14901 1152 50286 183722 98396 27745 15488 2177 4107 87140 34270 19389 22768 11 36608 1888 72586 13595 2611 964 1131 61173 60741 1704 39925 2538 110 257 3752 2432 4673 283 2210
155712 1021 128 13142 989 43995 161503 85895 24457 13522 1878 3668 76481 30092 17058 19931 7 32089 1614 63390 11840 2298 817 964 53693 53218 1500 34856 2255 93 231 3298 2149 4101 251 1983
155713 998 127 16649 1269 55941 204978 109424 30953 17226 2424 4623 97182 38196 21641 25177 11 40722 2096 80559 15102 2913 1066 1236 68186 67678 1917 44270 2863 124 289 4174 2748 5229 309 2463
155714 1002 124 5721 427 19217 70402 37575 10679 5874 815 1582 33392 13059 7449 8747 3 13989 693 27625 5143 1006 355 423 23365 23302 644 15225 997 38 103 1440 931 1794 111 875
155715 1019 134 8897 694 30006 110208 58864 16585 9285 1309 2463 52158 20576 11631 13476 7 21884 1159 43440 8186 1564 573 658 36746 36342 1023 23826 1504 64 152 2238 1447 2840 167 1303
155716 1075 165 20807 1609 70024 256462 136846 38872 21634 3025 5762 121642 47799 27157 31688 16 50989 2622 101066 18951 3673 1321 1555 85302 84755 2400 55516 3556 156 366 5204 3388 6550 391 3104
155717 1079 170 21647 1645 72716 266614 141802 40373 22450 3135 5993 126462 49632 28152 32942 17 52946 2706 104916 19603 3809 1363 1575 88645 88030 2493 57389 3722 164 380 5454 3521 6789 410 3254
155718 1079 170 14554 1119 48949 179591 96140 27033 15112 2135 4031 85098 33458 18936 22211 9 35723 1828 70992 13259 2552 935 1084 59740 59394 1671 38946 2474 109 251 3661 2389 4595 275 2138
155719 1102 178 5448 428 18282 67304 35777 10143 5652 794 1512 32006 12503 7108 8330 4 13394 675 26544 4945 951 349 401 22445 22232 631 14485 927 40 95 1371 882 1719 102 816
155721 1103 178 5308 402 17887 65486 34790 9926 5515 765 1481 31112 12185 6906 8090 3 13021 649 25701 4826 931 329 381 21786 21640 615 14072 922 39 92 1325 862 1661 100 802
155722 1105 175 42722 3262 143457 525717 280026 79494 44247 6148 11822 249308 97857 55575 65064 32 104620 5287 206852 38752 7496 2685 3169 174598 173569 4921 113562 7367 315 747 10698 6978 13381 810 6408
155723 1099 166 12027 911 40279 147935 78920 22263 12448 1746 3338 70037 27529 15632 18200 8 29393 1513 58100 10914 2093 755 886 49118 48833 1384 31954 2072 85 207 3032 1968 3762 227 1800
155724 1100 166 5772 442 19361 71213 37787 10739 5973 829 1616 33695 13235 7512 8707 4 14178 713 27909 5234 1008 369 429 23629 23464 664 15302 991 41 102 1451 954 1813 108 864
155725 1104 171 28078 2138 94339 345860 184447 52180 29068 4059 7778 163962 64334 36516 42673 19 68778 3490 136128 25521 4957 1773 2084 114878 114209 3239 74716 4845 208 486 7081 4593 8775 534 4231
155726 1122 175 22520 1740 75881 278196 148766 41932 23360 3270 6217 131598 51803 29369 34213 17 55305 2836 109663 20547 3961 1442 1697 92482 91977 2592 60219 3871 163 392 5687 3693 7106 426 3352
155727 1116 167 9416 721 31657 116042 61897 17555 9763 1364 2607 54910 21562 12231 14216 8 23079 1182 45531 8568 1648 605 705 38590 38400 1078 25023 1615 67 164 2374 1553 2957 174 1398
155728 1088 172 896 64 2980 10996 5840 1645 936 129 247 5211 2034 1150 1366 0 2174 110 4316 819 158 55 65 3636 3611 106 2369 154 5 16 228 140 276 18 138
155729 1087 172 2314 172 7779 28482 15140 4359 2390 324 638 13554 5293 3017 3554 1 5683 289 11253 2101 406 141 168 9446 9424 270 6130 400 16 41 575 378 724 44 350
155730 1086 167 7627 596 25532 93975 50082 14078 7946 1110 2103 44341 17520 9872 11562 5 18649 977 36991 6985 1348 482 572 31272 30936 895 20347 1299 56 128 1910 1234 2410 141 1121
155731 1088 167 4239 327 14344 52292 28163 7880 4405 628 1157 24817 9804 5511 6534 3 10425 550 20753 3863 737 283 323 17431 17290 484 11435 724 32 71 1068 709 1327 78 617
155732 1105 174 1658 123 5591 20456 10900 3097 1701 234 463 9669 3771 2164 2534 1 4075 205 8043 1489 290 102 125 6772 6776 181 4391 288 11 30 409 278 515 32 250
155733 1054 147 1031 78 3471 12780 6845 1927 1070 148 284 6021 2375 1344 1548 0 2530 132 5021 934 180 67 79 4247 4244 119 2762 175 6 17 256 168 327 20 153
155734 1124 163 4170 320 13971 51260 27379 7716 4306 606 1154 24290 9527 5406 6298 2 10180 537 20162 3773 730 267 309 17030 16917 470 11089 716 32 71 1035 684 1309 80 609
155735 1077 160 27146 2095 91329 335031 179006 50637 28193 3955 7561 158984 62298 35355 41293 20 66589 3404 132007 24757 4778 1735 2036 111535 110751 3144 72474 4664 195 479 6818 4439 8504 515 4073
155737 1077 156 11232 870 37626 138765 73908 20801 11658 1645 3139 65625 25748 14617 17046 9 27566 1422 54640 10261 1977 731 846 46198 45843 1301 29844 1921 83 194 2814 1842 3560 208 1655
155739 1077 156 92696 7128 311287 1142125 608947 172279 96285 13461 25628 541164 212561 120544 140724 67 226982 11629 449687 84420 16292 5887 6864 379722 377000 10705 246760 15906 695 1602 23295 15120 29121 1749 13785
155740 1077 156 1385 106 4630 17060 9066 2582 1419 197 382 8121 3179 1796 2107 0 3385 168 6710 1249 245 85 102 5661 5624 165 3669 238 10 22 352 227 433 25 209
155741 1075 149 21199 1622 71196 260935 139436 39301 21948 3073 5858 123641 48564 27506 32118 13 51931 2649 102746 19318 3705 1352 1582 86758 86216 2419 56497 3623 149 364 5343 3471 6653 404 3156
155742 1080 158 1273 96 4266 15622 8275 2384 1297 179 353 7432 2895 1658 1996 0 3123 152 6164 1136 223 78 94 5158 5154 145 3359 218 8 22 317 212 391 24 195
155743 1081 158 5511 434 18679 68247 36648 10307 5747 811 1524 32436 12716 7200 8512 4 13610 690 27012 5030 978 360 421 22700 22612 635 14838 941 41 94 1400 904 1719 105 823
155744 1078 158 26043 1977 87460 320863 170976 48427 27064 3769 7194 151956 59674 33904 39538 19 63690 3253 126231 23707 4588 1651 1937 106596 105830 3001 69297 4492 193 450 6555 4249 8160 491 3895
155745 1066 149 19563 1504 65805 241555 128853 36422 20393 2876 5411 114414 44892 25494 29803 14 48104 2490 95186 17882 3445 1262 1459 80292 79783 2263 52236 3354 147 339 4927 3178 6151 369 2910
155746 1066 148 12423 942 41618 152845 81191 23132 12873 1795 3449 72609 28419 16143 18936 9 30391 1538 60022 11304 2167 786 910 50850 50364 1436 32956 2134 91 218 3112 2024 3866 229 1874
155747 1069 148 22735 1766 76376 280132 149303 42303 23579 3293 6281 132640 52046 29527 34575 17 55742 2855 110410 20674 3987 1442 1691 93189 92453 2609 60559 3909 164 394 5700 3704 7151 428 3392
155748 1066 150 4593 356 15421 56622 30225 8477 4765 668 1266 26712 10516 5955 6999 3 11267 575 22395 4180 804 295 344 18829 18689 537 12250 778 35 77 1156 742 1446 86 686
155749 1059 153 17146 1310 57436 211527 112584 31814 17750 2492 4782 100190 39213 22306 26060 13 42071 2148 83292 15571 3001 1097 1258 70243 69898 1968 45524 2952 126 294 4303 2804 5416 323 2559
155750 1079 156 21520 1642 72234 264840 141271 40038 22287 3111 5946 125629 49247 27970 32701 15 52670 2677 104252 19541 3765 1384 1586 88063 87463 2485 57203 3689 152 372 5408 3535 6732 407 3218
155751 1138 203 8596 657 28882 105872 56138 16011 8900 1232 2382 50181 19638 11165 13084 6 21055 1043 41539 7819 1500 531 619 35132 34934 983 22774 1486 60 151 2159 1403 2694 159 1304
155752 1144 203 4084 321 13863 50547 27183 7657 4265 605 1126 23973 9419 5346 6279 3 10111 522 20026 3744 720 267 309 16781 16734 464 10989 691 29 71 1046 678 1277 78 608
155754 1141 203 17726 1341 59461 218436 116171 33074 18362 2578 4936 103334 40509 23102 26754 12 43352 2214 85667 16082 3123 1126 1307 72650 72126 2015 47015 3058 125 312 4443 2875 5570 338 2687
155755 1127 183 18526 1417 62361 228354 121934 34517 19244 2685 5106 108352 42559 24099 28122 12 45376 2336 89894 16854 3270 1188 1364 75997 75376 2147 49333 3200 136 313 4657 3032 5836 348 2765
155756 1127 183 7325 560 24609 90133 48029 13716 7611 1064 2019 42776 16831 9556 11165 4 17942 911 35491 6640 1298 465 543 29955 29679 849 19452 1252 54 126 1857 1191 2308 140 1100
155757 1127 181 4127 306 13821 50811 27016 7658 4273 598 1146 24058 9438 5384 6156 3 10045 520 19847 3751 732 264 299 16980 16715 477 10938 709 29 71 1044 662 1308 77 618
155758 1127 182 29486 2259 99042 362932 193648 54904 30550 4268 8162 171974 67567 38338 44922 22 72210 3688 143029 26768 5178 1872 2207 120506 119882 3412 78563 5063 217 511 7434 4823 9233 560 4389
155759 1067 148 3811 297 12767 46905 25106 7047 3965 557 1041 22093 8727 4940 5710 2 9301 485 18527 3500 673 249 279 15591 15502 443 10143 644 28 63 962 619 1196 71 557
155760 1070 148 17489 1354 58906 215965 115094 32599 18146 2531 4866 102462 40233 22753 26715 14 42917 2202 85025 15979 3085 1114 1289 71817 71252 2024 46590 3001 125 305 4403 2864 5494 330 2617
155761 992 128 10770 826 36150 132645 70906 19982 11163 1574 2980 62925 24712 14005 16416 7 26390 1347 52299 9769 1892 699 797 44093 43839 1223 28693 1852 76 186 2700 1772 3382 207 1607
155764 1032 141 7886 606 26418 97343 51624 14626 8164 1127 2212 46034 18058 10243 11881 5 19275 996 38192 7209 1385 492 580 32366 32089 907 20897 1344 56 138 1974 1301 2485 145 1177
155765 1043 139 8401 658 28327 103971 55569 15620 8763 1222 2340 49264 19330 10945 12850 6 20709 1083 41103 7693 1491 538 633 34584 34382 969 22530 1441 63 145 2110 1389 2638 160 1236
155766 1025 150 3192 236 10679 39150 20845 5909 3275 450 883 18488 7280 4136 4833 2 7761 388 15384 2866 551 196 233 12967 12921 360 8445 550 21 55 804 528 1007 61 480
155767 1051 158 1773 134 5950 21721 11622 3320 1838 253 482 10292 4083 2301 2671 0 4331 219 8555 1605 309 112 131 7228 7151 195 4709 300 13 31 443 292 554 35 265
155768 1052 159 24779 1897 83258 305164 162885 46159 25670 3581 6888 144595 56731 32218 37487 18 60637 3086 120251 22524 4359 1581 1826 101457 100832 2812 65883 4237 179 434 6217 4062 7736 473 3721
155769 1051 158 357 27 1208 4428 2358 672 370 50 100 2114 831 470 558 0 881 42 1758 328 60 21 24 1485 1452 40 961 60 3 6 90 60 111 6 54
155770 1035 150 899 69 2981 10997 5812 1650 922 128 250 5219 2036 1144 1357 1 2181 111 4313 808 156 55 62 3643 3637 98 2340 153 6 15 223 150 276 15 132
155771 1037 150 12832 986 43238 158439 84596 23898 13341 1869 3549 75067 29492 16703 19500 10 31520 1622 62399 11742 2276 823 952 52769 52292 1481 34290 2206 92 225 3245 2095 4025 239 1919
155772 1037 150 7106 541 23771 87322 46277 13236 7261 995 1976 41480 16161 9215 10777 4 17344 855 34253 6395 1244 426 510 28871 28896 820 18667 1229 50 124 1794 1157 2215 137 1086
155773 1038 151 16665 1272 56046 205461 109593 31135 17313 2429 4575 97362 38256 21747 25349 12 40862 2087 80913 15147 2943 1070 1236 68340 67825 1925 44416 2858 125 287 4195 2717 5261 320 2492
155774 1032 153 17085 1333 57464 210828 112404 31858 17710 2468 4732 99961 39147 22192 26016 13 41938 2163 83094 15570 3001 1080 1283 70085 69674 1979 45554 2921 124 294 4273 2814 5359 319 2540
155776 1050 151 6028 463 20282 74198 39576 11227 6224 856 1660 35094 13775 7843 9191 4 14768 727 29225 5450 1059 375 451 24581 24552 674 16066 1035 41 107 1510 989 1905 117 913
155777 1043 152 28632 2197 96161 352670 187686 53388 29663 4144 7926 167181 65599 37229 43605 19 70097 3566 138711 26062 5034 1818 2135 117265 116266 3320 76164 4936 213 497 7187 4647 8981 538 4295
155778 1022 137 2213 178 7421 27513 14752 4104 2342 323 611 12885 5101 2885 3305 2 5464 302 10853 2068 394 152 175 9162 9089 261 5985 373 17 35 558 364 710 40 320
155779 1026 139 815 61 2770 10086 5371 1541 838 114 230 4776 1874 1067 1246 0 2000 106 3973 741 142 50 59 3344 3329 91 2183 141 5 14 206 136 251 16 125
155780 1037 144 3545 281 12001 43838 23436 6677 3695 522 980 20886 8195 4634 5409 2 8736 458 17237 3253 629 227 264 14632 14499 425 9525 604 26 61 882 574 1122 66 523
155782 1032 139 18668 1430 62536 229839 122286 34583 19298 2700 5173 108830 42730 24287 28290 13 45693 2332 90380 16909 3279 1179 1379 76465 75828 2140 49644 3209 136 325 4694 3044 5879 352 2795
155783 1033 134 6924 526 23266 85270 45434 12897 7171 1004 1920 40402 15859 9042 10510 4 16933 871 33567 6268 1218 442 504 28426 28101 793 18477 1191 50 120 1745 1124 2166 133 1044
155784 1048 131 5077 389 16983 62266 33160 9402 5248 727 1383 29526 11578 6555 7709 3 12362 630 24584 4578 888 314 376 20698 20536 586 13467 868 39 85 1277 817 1588 97 757
155785 1043 127 3157 244 10656 38999 20802 5912 3247 442 885 18530 7223 4117 4859 1 7784 389 15368 2871 553 193 245 12925 12886 361 8442 551 20 55 796 514 981 62 485
155787 1049 128 23151 1788 77768 285503 152316 42942 24039 3353 6423 135054 53092 30044 35226 20 56715 2902 112566 21052 4059 1463 1711 94832 94320 2671 61676 3959 172 401 5827 3795 7249 439 3443
155788 1049 128 2550 190 8507 31254 16502 4732 2613 358 704 14781 5771 3318 3847 1 6218 304 12220 2301 449 154 182 10318 10302 291 6692 444 17 44 638 408 783 49 399
155789 1049 128 3577 275 12033 44121 23563 6646 3700 508 997 21025 8188 4657 5525 3 8791 442 17406 3251 619 224 269 14640 14608 407 9559 618 23 61 895 597 1129 69 535
155790 1044 135 4061 302 13696 50289 26817 7581 4211 595 1143 23844 9340 5347 6205 3 9991 514 19858 3711 722 262 303 16738 16623 470 10865 697 29 72 1022 664 1280 79 614
155791 1048 138 4909 365 16528 60438 32122 9194 5032 698 1369 28718 11251 6395 7418 2 11993 595 23628 4435 865 299 353 20060 19976 559 13016 850 32 87 1233 807 1531 93 746
155792 1059 137 1358 101 4534 16705 8855 2499 1401 191 375 7961 3098 1759 2079 1 3317 168 6540 1221 241 82 102 5564 5500 157 3600 236 8 23 337 219 435 25 204
155794 1059 137 15419 1188 51872 190002 101456 28726 15929 2219 4272 90200 35311 20051 23574 9 37796 1923 74824 13982 2707 973 1153 63101 62846 1766 41102 2649 109 269 3873 2521 4825 296 2315
155795 1068 139 13864 1046 46449 170398 90634 25736 14373 1997 3834 80733 31712 18011 20920 9 33843 1719 66920 12553 2432 871 1018 56640 56188 1614 36824 2371 101 239 3483 2232 4363 259 2070
155796 1068 139 9118 701 30527 112113 59671 16905 9455 1311 2515 53127 20872 11833 13805 7 22250 1145 44048 8291 1602 578 679 37313 36960 1056 24192 1556 65 157 2284 1486 2860 169 1352
155797 1066 132 59448 4527 199291 732151 390002 110301 61616 8603 16462 346524 136165 77248 90070 43 145528 7442 287914 54011 10438 3769 4369 243225 241683 6816 158082 10196 427 1035 14981 9692 18638 1125 8892
155799 1070 134 4182 332 14190 51691 27921 7788 4378 619 1153 24577 9670 5454 6369 3 10301 543 20489 3824 736 273 322 17213 17145 477 11287 712 30 69 1057 690 1313 79 604
155800 1074 136 7804 603 26174 95931 51199 14481 8104 1120 2152 45351 17864 10127 11688 5 19038 970 37719 7084 1367 485 590 31924 31657 893 20785 1339 58 133 1957 1274 2465 145 1153
155801 1017 133 4553 345 15221 55913 29633 8480 4669 649 1268 26623 10390 5918 6934 2 11114 540 21937 4089 799 279 321 18509 18494 521 11957 790 32 83 1138 750 1423 87 701
155802 1018 133 14829 1139 49845 183078 97485 27646 15368 2129 4129 86661 34002 19287 22455 11 36319 1879 71984 13554 2602 937 1103 60944 60367 1712 39513 2554 107 257 3719 2418 4669 282 2227
155803 1018 133 21214 1628 71437 261164 139349 39674 21995 3073 5880 123981 48684 27594 32230 15 51909 2651 102748 19265 3711 1348 1560 86883 86249 2450 56405 3642 155 369 5315 3476 6622 402 3179
155804 1022 137 336 27 1126 4129 2145 631 345 46 93 1968 763 433 509 0 825 40 1584 307 61 19 24 1371 1353 41 879 58 2 6 84 52 104 6 54
155806 1020 133 3476 258 11652 42787 22517 6505 3572 487 976 20304 7909 4536 5276 2 8491 413 16652 3143 609 209 244 14172 14053 402 9130 619 22 61 863 572 1086 66 540
155808 1020 133 14223 1087 47979 175869 93520 26581 14762 2032 3997 83658 32651 18610 21760 9 35050 1762 69106 12946 2497 887 1058 58477 58110 1633 37938 2467 99 253 3574 2334 4462 273 2161
155809 1019 133 1916 139 6496 23649 12636 3587 1997 274 526 11212 4408 2498 2929 1 4695 235 9333 1753 337 115 141 7855 7820 220 5131 335 13 33 476 306 604 36 291
155810 1018 133 971 78 3281 11998 6447 1823 1015 144 266 5681 2251 1266 1481 0 2403 128 4750 895 167 63 73 3993 3963 114 2621 161 7 16 245 158 307 17 142
155812 1018 133 12387 955 41539 152479 81115 23051 12838 1787 3424 72310 28401 16099 18816 10 30328 1554 59933 11251 2174 782 916 50699 50298 1433 32890 2121 89 214 3104 2019 3891 232 1852
155813 1018 133 5415 399 18090 66450 35210 10026 5570 766 1506 31430 12368 7047 8144 3 13188 653 26042 4892 944 330 388 22033 21902 622 14288 942 37 94 1353 886 1701 102 819
155814 1024 132 38946 2954 130495 479067 255482 72205 40319 5655 10762 226778 89214 50592 59004 25 95267 4875 188847 35289 6825 2483 2873 159345 158045 4454 103683 6687 284 671 9773 6355 12248 737 5798
155815 1025 132 7554 573 25288 92957 49304 14030 7823 1087 2088 44010 17283 9795 11452 4 18443 942 36519 6874 1332 473 549 30919 30602 873 19980 1301 56 132 1893 1228 2377 142 1134
155816 1042 132 11646 887 39114 143617 76506 21608 12043 1668 3270 68095 26693 15176 17670 7 28592 1441 56517 10552 2031 728 857 47739 47477 1316 30954 2003 82 203 2902 1917 3663 223 1743
155817 1038 130 20476 1562 68613 252030 134085 37970 21269 2984 5675 119234 46890 26588 30983 14 50037 2569 98967 18628 3582 1310 1507 83884 82988 2345 54331 3514 151 355 5140 3348 6441 382 3052
155818 1059 148 11806 909 39675 145921 77859 22020 12240 1712 3274 69133 27088 15375 17949 8 28928 1506 57425 10764 2083 758 884 48507 48242 1375 31525 2033 86 199 2974 1945 3721 222 1749
155819 1061 152 5532 402 18481 67998 36025 10224 5687 780 1545 32352 12580 7140 8449 3 13498 660 26616 4989 974 340 399 22588 22387 636 14598 967 37 97 1384 908 1715 105 850
155820 1051 143 14408 1113 48296 177684 94826 26652 14961 2091 4009 83931 33048 18655 21879 11 35297 1838 70056 13190 2527 909 1090 59132 58654 1672 38458 2467 108 248 3619 2350 4529 265 2129
155821 1057 143 11103 860 37474 137098 73242 20748 11538 1612 3081 65057 25523 14471 16963 6 27338 1380 53981 10117 1959 705 831 45522 45362 1281 29674 1916 80 194 2787 1811 3494 209 1660
155822 1059 136 9707 751 32609 119779 63669 18102 10081 1409 2697 56853 22264 12658 14819 6 23784 1223 47063 8879 1720 613 721 39787 39459 1126 25887 1679 71 169 2434 1582 3049 182 1456
155823 1062 135 16968 1267 56905 208819 110893 31557 17537 2433 4722 98914 38689 22079 25795 12 41420 2092 81937 15388 2982 1050 1252 69282 68790 1922 44914 2940 117 297 4257 2771 5295 328 2582
155826 1035 132 5337 409 17897 65732 35036 9926 5533 774 1485 31193 12235 6956 8076 2 13083 669 25835 4835 935 337 397 21858 21695 610 14191 914 39 94 1336 865 1659 99 801
155827 1053 137 3218 247 10721 39592 20959 5959 3320 460 890 18713 7338 4173 4852 2 7848 394 15500 2909 571 206 244 13175 13013 376 8513 552 22 55 808 522 1018 60 484
155828 1056 138 39731 3068 133323 489361 260847 73736 41178 5771 11008 231666 90978 51585 60296 29 97283 4993 192558 36153 6971 2542 2951 162671 161568 4576 105688 6800 294 686 9972 6476 12476 743 5913
155829 1047 135 20512 1557 68945 252883 134831 38159 21257 2982 5666 119715 46991 26679 31230 15 50303 2578 99686 18660 3596 1306 1525 84049 83667 2378 54589 3523 148 359 5144 3327 6446 386 3062
155830 1059 139 2618 202 8822 32471 17245 4882 2725 377 730 15386 5977 3420 3955 2 6452 328 12759 2390 464 164 191 10800 10742 295 6975 454 18 47 659 431 828 50 402
155833 1059 139 670 47 2243 8230 4354 1239 692 93 186 3895 1530 869 1006 0 1626 81 3224 607 115 39 47 2732 2705 75 1765 118 4 11 165 111 209 12 105
155834 1058 138 8790 673 29434 108074 57570 16307 9130 1267 2427 51263 20153 11415 13253 4 21465 1104 42423 7978 1538 553 655 35993 35581 1031 23420 1502 64 149 2199 1414 2784 163 1299
155835 1055 137 5835 450 19574 71803 38386 10835 6046 838 1603 34038 13364 7548 8844 4 14296 738 28245 5299 1019 369 439 23922 23715 671 15600 991 42 98 1477 952 1821 109 860
155836 1063 134 21981 1688 73695 270340 144055 40915 22712 3158 6074 128111 50310 28553 33270 14 53764 2728 106199 19936 3867 1372 1639 89853 89264 2528 58358 3769 155 383 5516 3586 6860 419 3312
155837 1039 132 8464 656 28435 104826 55761 15732 8842 1237 2342 49594 19441 11034 12869 7 20798 1093 41216 7726 1488 542 643 34887 34616 1008 22526 1449 61 145 2135 1386 2689 156 1240
155838 1045 133 15690 1202 52664 193617 102588 29244 16242 2246 4377 91634 35901 20448 23901 13 38393 1958 75923 14229 2766 983 1159 64321 63807 1818 41530 2717 113 274 3930 2570 4948 299 2366
155839 1057 137 15790 1196 52815 194430 103307 29228 16340 2286 4390 91995 36081 20469 23822 10 38579 1991 76350 14333 2772 999 1175 64740 64086 1834 41853 2694 116 272 3943 2585 4949 295 2352
155840 1055 136 8354 631 28016 102760 54564 15544 8627 1199 2320 48726 19071 10833 12739 6 20436 1019 40358 7536 1463 524 608 34179 33897 961 22127 1449 61 147 2104 1357 2600 159 1267
155841 1065 129 9566 737 32245 118107 63335 17769 9925 1389 2662 55968 22001 12425 14537 7 23479 1227 46637 8750 1680 610 718 39246 39106 1093 25594 1619 69 167 2410 1582 2981 180 1412
155842 1089 147 19613 1533 65985 241937 129469 36606 20376 2871 5408 114595 45195 25507 29905 11 48175 2513 95424 17868 3448 1283 1490 80629 79831 2263 52564 3345 145 339 4907 3214 6187 368 2903
155843 1073 141 4912 368 16432 60509 32132 9094 5079 698 1363 28587 11198 6354 7454 3 12029 603 23727 4487 863 308 367 20034 20015 568 13000 855 34 86 1230 805 1540 92 744
155844 1081 144 1175 85 3941 14376 7623 2197 1191 164 324 6862 2665 1518 1780 0 2854 136 5596 1050 206 70 83 4749 4762 134 3070 207 8 22 292 192 363 23 183
155845 1080 142 8897 687 29861 109807 58391 16525 9208 1283 2486 51825 20366 11565 13534 7 21822 1114 43109 8089 1552 564 663 36459 36257 1008 23647 1540 61 154 2239 1457 2816 170 1340
155846 1079 143 4564 348 15428 56643 30391 8491 4762 670 1275 26818 10493 5926 6991 3 11257 581 22430 4198 792 294 349 18793 18866 529 12286 777 32 78 1149 753 1440 84 664
155847 1077 142 21687 1687 72856 267261 142760 40283 22619 3184 5997 126649 49867 28209 32817 17 53126 2759 105311 19828 3812 1400 1610 89099 88212 2513 57797 3678 160 375 5430 3523 6860 403 3185
155849 1078 142 5267 411 17771 64830 34784 9834 5487 765 1447 30803 12148 6845 8095 3 12953 680 25634 4815 920 333 401 21542 21401 612 14156 902 39 90 1316 867 1644 98 772
155850 1072 146 5660 436 19084 70004 37340 10527 5893 823 1560 33100 13041 7391 8680 4 13908 714 27632 5167 1004 366 423 23251 23079 650 15137 973 43 96 1434 927 1775 108 841
155852 1076 147 1004 77 3401 12483 6758 1877 1041 155 276 5869 2329 1307 1516 1 2489 129 4995 911 175 70 75 4178 4158 110 2715 164 7 16 251 163 321 18 144
155854 1079 148 4587 337 15298 56276 29826 8529 4697 647 1269 26681 10410 5942 6998 3 11154 545 22145 4135 807 275 333 18613 18574 527 12072 796 32 81 1152 745 1420 90 700
155855 1080 148 2558 189 8566 31432 16706 4746 2627 360 711 14938 5807 3316 3905 1 6245 313 12349 2304 450 151 187 10427 10386 293 6761 444 17 45 639 418 798 50 390
155856 1080 149 2783 218 9389 34445 18385 5177 2899 408 777 16318 6416 3619 4291 2 6869 361 13648 2536 493 180 207 11449 11384 322 7463 477 21 46 706 457 871 53 413
155857 1047 142 8239 639 27777 101853 54451 15415 8587 1221 2286 48087 18959 10750 12499 7 20207 1054 40109 7574 1446 536 618 33874 33649 965 22076 1404 63 141 2065 1343 2598 152 1209
155858 1047 141 4459 331 14885 54852 29041 8271 4596 640 1245 25966 10177 5796 6740 3 10858 542 21442 4034 793 279 324 18239 18053 511 11729 771 30 79 1113 721 1406 85 684
155859 1051 141 35742 2753 120086 440933 235010 66557 37062 5183 9955 209089 81947 46503 54430 27 87761 4463 173609 32502 6244 2253 2659 146477 145693 4105 95089 6143 263 626 8992 5878 11213 677 5342
155860 1051 141 13986 1073 46941 172321 91959 25991 14492 2023 3883 81514 32017 18170 21280 10 34186 1762 67846 12728 2443 894 1050 57261 56758 1615 37269 2405 104 239 3533 2289 4388 267 2082
155862 1071 144 3786 291 12699 46682 24873 7048 3930 552 1054 22115 8670 4910 5792 3 9251 482 18390 3435 670 240 282 15538 15399 445 10069 656 27 65 942 627 1192 71 560
155863 1071 143 7134 550 23832 87866 46729 13191 7384 1041 1984 41420 16299 9243 10675 6 17382 909 34507 6496 1249 454 527 29206 28959 820 18953 1212 51 121 1780 1173 2249 131 1049
155864 1070 143 6092 471 20534 75300 40115 11387 6315 875 1690 35728 13972 7962 9251 4 14977 749 29638 5542 1064 382 456 24974 24910 709 16245 1052 46 108 1537 1005 1918 114 908
155866 1065 149 2206 175 7438 27285 14495 4108 2308 318 615 12951 5090 2877 3397 2 5442 276 10769 2027 381 136 162 9090 9009 257 5903 380 15 38 545 362 699 40 324
155867 1065 149 13384 1047 45184 165590 88480 24919 13905 1949 3726 78495 30774 17459 20333 8 32973 1707 65340 12226 2342 868 1016 55096 54707 1525 35894 2286 97 230 3365 2211 4221 254 1974
155868 1066 150 5507 416 18518 67725 36110 10275 5692 796 1512 32088 12625 7159 8408 3 13500 685 26622 4987 966 349 407 22508 22377 630 14657 949 37 95 1390 896 1730 104 822
155869 1067 150 9741 752 32836 120232 64237 18171 10152 1431 2697 57093 22357 12697 14811 7 23912 1233 47392 8894 1715 633 725 40037 39758 1127 25987 1666 72 170 2445 1594 3050 183 1451
155870 1069 153 2524 195 8536 31334 16745 4753 2612 364 706 14859 5831 3311 3862 1 6246 324 12365 2313 443 168 188 10464 10351 295 6805 431 18 43 631 419 801 47 380
155871 1072 152 31421 2437 105706 387737 207074 58442 32645 4574 8701 183532 72081 40889 47812 26 77080 3935 152912 28629 5503 2013 2365 128823 128216 3640 83895 5376 235 540 7918 5166 9888 591 4639
155873 1073 153 5207 384 17393 63984 33891 9675 5336 727 1455 30389 11850 6738 7914 3 12735 625 25047 4672 915 311 373 21175 21176 592 13702 902 35 92 1312 858 1614 99 802
155874 1068 153 6817 537 23102 84362 45391 12714 7106 1009 1874 39942 15737 8920 10445 5 16789 871 33485 6240 1192 445 526 28129 27915 765 18392 1159 52 118 1737 1135 2171 130 997
155875 1070 149 6705 519 22561 82592 44097 12453 6997 980 1857 39145 15391 8718 10241 4 16439 865 32549 6152 1171 431 500 27457 27231 774 17934 1157 50 115 1683 1086 2105 124 989
155876 1084 156 20051 1544 67378 246884 131675 37302 20773 2899 5548 117226 45914 26017 30456 12 49127 2493 97077 18158 3514 1278 1497 82123 81478 2296 53389 3438 146 350 5041 3285 6282 377 2999
155877 1086 156 16609 1280 55917 204574 109134 31043 17177 2383 4618 97085 38127 21635 25212 11 40706 2061 80384 15099 2923 1043 1232 67976 67508 1918 44247 2866 120 289 4151 2713 5215 314 2503
155878 1083 154 18472 1429 62103 227568 121568 34283 19196 2659 5098 107941 42392 23976 28177 14 45274 2320 89775 16862 3222 1164 1381 75737 75225 2130 49387 3150 136 320 4667 3006 5794 344 2739
155879 1088 146 5752 443 19485 71131 38046 10753 5976 832 1602 33809 13238 7504 8819 5 14197 727 28032 5241 1010 374 428 23665 23553 656 15385 988 39 102 1435 932 1798 107 865
155880 1093 141 4843 371 16307 59684 31871 9020 5016 701 1348 28293 11125 6304 7294 3 11853 616 23457 4423 851 308 364 19892 19687 555 12912 835 36 84 1221 791 1516 90 725
155881 1082 147 12520 943 42056 154477 82066 23309 12971 1812 3486 73189 28686 16362 19002 9 30678 1548 60650 11413 2207 793 929 51381 50892 1449 33237 2162 92 220 3131 2042 3945 237 1899
155882 1074 144 18435 1422 61735 226670 120792 34255 19065 2657 5077 107349 42210 23916 27930 12 45056 2309 89127 16704 3246 1162 1376 75307 74830 2128 48894 3151 135 318 4627 3011 5751 350 2754
155885 1077 146 3492 265 11699 43032 22784 6518 3624 498 976 20405 7972 4554 5301 3 8530 429 16848 3169 611 216 260 14285 14178 398 9238 606 24 62 865 575 1105 66 525
155886 1081 143 12012 923 40334 147965 79013 22337 12436 1758 3297 70070 27551 15654 18233 8 29453 1500 58357 10856 2101 773 887 49196 48904 1368 32001 2059 90 209 3047 1973 3780 231 1788
155887 1075 144 4170 316 13924 51316 27207 7742 4319 595 1166 24246 9528 5411 6230 3 10149 522 20063 3790 736 263 305 17078 16937 477 11027 716 30 73 1029 683 1321 77 621
155888 1074 143 10675 824 35798 131729 70141 19880 11077 1538 2967 62362 24474 13905 16222 8 26149 1348 51898 9752 1876 671 804 43773 43476 1242 28462 1827 80 186 2680 1745 3381 201 1591
155889 1079 143 2183 162 7275 26921 14307 4059 2255 312 610 12823 4985 2822 3347 1 5342 276 10571 1979 387 138 164 8964 8913 257 5800 379 15 36 537 359 689 40 326
155890 1079 146 11248 857 37832 138813 74023 20954 11733 1662 3115 65573 25799 14636 16973 8 27591 1423 54625 10258 1982 729 839 46144 45808 1301 29989 1921 86 195 2838 1821 3540 211 1677
155891 1071 140 8388 648 28181 103402 54986 15688 8688 1219 2326 49053 19227 10927 12689 7 20553 1068 40523 7655 1479 529 615 34430 34100 979 22284 1437 62 145 2096 1371 2637 154 1247
155892 1077 148 11180 859 37724 138070 73852 20829 11585 1622 3106 65418 25701 14511 17041 9 27511 1408 54539 10183 1950 713 839 45836 45749 1288 29926 1915 79 191 2828 1853 3517 210 1648
155893 1077 146 4366 330 14697 53800 28692 8218 4509 622 1208 25570 10022 5694 6642 2 10722 554 21211 3964 766 273 324 17918 17807 507 11625 751 32 77 1086 712 1375 82 652
155896 1077 147 8548 656 28556 104989 55838 15808 8867 1231 2361 49678 19503 11062 12896 5 20839 1077 41217 7735 1497 536 637 34908 34633 993 22711 1471 62 146 2134 1387 2712 158 1261
155897 1062 141 14564 1139 49092 179811 96367 27135 15114 2118 4048 85314 33465 18944 22247 9 35822 1835 71101 13266 2560 928 1097 59777 59537 1673 39062 2497 108 252 3667 2398 4588 274 2146
155899 1069 144 12986 995 43780 160384 85718 24186 13506 1885 3591 75977 29945 16871 19739 9 31922 1649 63207 11876 2275 836 969 53416 52999 1487 34761 2205 97 224 3269 2124 4062 242 1922
155900 1095 158 2898 222 9808 35854 19257 5389 3017 430 804 17021 6664 3770 4416 2 7137 370 14202 2636 503 188 221 11895 11919 327 7776 496 19 50 727 478 912 54 427
155902 1095 157 5071 405 17201 62787 33626 9519 5264 748 1422 29870 11699 6622 7754 4 12511 646 24779 4633 888 330 390 20901 20772 573 13563 868 36 91 1276 837 1591 95 754
155903 1101 156 10201 784 34318 125945 67145 19045 10606 1491 2833 59644 23473 13320 15543 7 25036 1264 49524 9318 1795 658 761 41876 41564 1174 27194 1762 73 177 2578 1647 3224 195 1530
