156503 1064 166 4971 380 16793 61435 32718 9300 5168 717 1386 29139 11444 6500 7583 3 12216 618 24105 4543 872 316 369 20446 20245 575 13280 860 34 86 1260 812 1555 95 750
156504 1082 178 29859 2277 100075 367917 195920 55397 30975 4324 8284 174014 68351 38787 45099 20 73060 3775 144595 27229 5249 1879 2211 122353 121326 3428 79449 5100 213 518 7491 4873 9425 560 4447
156505 1086 178 15453 1185 51854 190431 101504 28781 16063 2251 4271 90360 35510 20106 23479 11 37818 1955 74967 14088 2716 999 1140 63396 62810 1812 41126 2649 117 265 3873 2513 4867 290 2287
156506 1086 178 16523 1278 55679 204043 108977 30855 17122 2403 4607 96817 37963 21542 25137 12 40632 2081 80517 14978 2908 1053 1224 67865 67515 1908 44097 2821 118 286 4156 2715 5191 315 2468
156507 1088 178 43443 3310 146053 535701 285612 80932 44998 6304 12031 253554 99506 56655 65941 32 106518 5387 210788 39440 7650 2775 3207 177824 177023 4971 115606 7480 317 762 10940 7095 13626 834 6554
156508 1086 178 925 73 3100 11389 6104 1710 957 132 257 5426 2116 1193 1408 0 2271 116 4500 846 162 59 69 3818 3789 107 2466 158 6 16 236 152 289 17 140
156509 1055 137 1695 129 5670 20786 11114 3136 1773 250 464 9769 3891 2200 2484 1 4100 223 8166 1557 298 111 125 6941 6847 196 4512 283 13 28 421 273 528 31 248
156510 1061 140 12062 916 40289 148257 78739 22340 12467 1734 3330 70114 27551 15625 18216 9 29371 1495 58184 10916 2132 761 892 49284 48900 1388 31933 2059 90 209 3021 1948 3801 224 1803
156511 1062 143 2816 216 9457 34851 18528 5232 2919 406 786 16472 6454 3669 4267 2 6889 343 13674 2567 494 176 210 11575 11496 319 7502 489 19 49 716 459 898 53 423
156512 1068 144 4696 360 15753 57721 30705 8726 4860 681 1294 27333 10755 6105 7142 3 11487 591 22708 4261 826 299 348 19207 19018 534 12508 805 34 82 1179 767 1482 89 698
156513 1049 115 9595 737 32319 118406 63437 17802 9915 1383 2652 56076 22021 12450 14665 7 23599 1211 46833 8716 1694 606 730 39374 39255 1088 25679 1631 67 166 2416 1582 3004 182 1432
156514 1069 117 9347 717 31275 115040 61030 17348 9707 1348 2593 54459 21339 12144 14111 8 22809 1170 45081 8496 1644 593 694 38282 37918 1086 24710 1606 70 161 2355 1517 2937 177 1393
156515 1072 118 25041 1938 84469 308639 165309 46632 25949 3623 6905 146532 57593 32609 38279 19 61436 3157 121939 22777 4374 1591 1878 102485 102031 2900 67024 4286 185 431 6326 4100 7846 476 3711
156517 993 104 3726 271 12452 45913 24216 6957 3824 525 1049 21687 8450 4828 5602 2 9109 439 17878 3370 649 224 267 15170 15139 429 9791 648 24 66 934 606 1162 72 579
156518 995 104 3734 289 12471 45988 24430 6951 3885 543 1040 21755 8524 4828 5592 2 9097 467 17988 3425 654 239 279 15338 15144 435 9896 631 25 64 932 602 1181 69 553
156519 995 104 9150 701 30775 112973 60213 17042 9518 1331 2544 53511 20965 11901 13831 5 22521 1166 44414 8337 1608 586 687 37568 37356 1050 24391 1569 67 158 2292 1508 2888 172 1353
156520 1000 103 2949 219 9769 36018 18981 5428 2999 405 811 17032 6654 3796 4383 2 7125 356 14007 2637 508 170 208 11908 11876 340 7679 512 20 53 738 486 909 55 451
156521 1026 103 12623 963 42413 155670 82856 23550 13087 1820 3501 73779 28925 16447 19210 9 30962 1549 61156 11488 2223 799 938 51701 51342 1460 33611 2182 89 220 3177 2072 3961 240 1908
156522 1026 103 25400 1955 85306 313194 166979 47301 26335 3683 7052 148578 58305 33102 38573 17 62293 3198 123172 23075 4471 1608 1898 104232 103279 2934 67689 4373 185 439 6387 4142 7993 480 3805
156523 1021 108 30981 2384 103940 382167 203299 57579 32090 4481 8647 181231 71075 40297 47065 24 75943 3905 150213 28165 5442 1974 2293 127134 126000 3587 82440 5331 226 539 7790 5052 9739 587 4633
156524 1022 108 11795 907 39763 145563 77828 21937 12239 1723 3241 69074 27072 15338 17922 8 29005 1482 57408 10732 2066 758 864 48442 48117 1334 31468 2021 82 204 2989 1920 3699 227 1765
156525 1022 108 1265 98 4221 15663 8304 2340 1318 184 357 7379 2900 1650 1905 1 3094 162 6151 1159 224 79 94 5234 5166 146 3372 215 9 22 319 204 403 24 185
156526 1015 107 5514 417 18421 67718 35997 10197 5684 787 1522 32032 12546 7127 8343 4 13441 677 26575 5006 960 340 402 22457 22385 634 14528 941 40 93 1384 897 1714 102 822
156527 1026 107 13504 1032 45527 166502 88995 25130 13973 1962 3753 78939 31059 17598 20546 9 33138 1698 65679 12271 2353 860 996 55402 54990 1554 36064 2317 98 231 3410 2211 4241 256 2006
156528 1043 108 4171 316 14026 51570 27486 7777 4306 606 1146 24362 9589 5437 6280 2 10213 527 20304 3793 733 270 302 17120 17027 476 11112 720 30 73 1065 695 1317 81 619
156531 1034 107 4629 356 15580 57156 30373 8658 4760 657 1295 27193 10590 6052 7110 3 11425 566 22445 4185 823 281 338 18946 18924 529 12270 802 32 82 1171 757 1443 88 707
156532 1064 109 3686 283 12390 45405 24272 6854 3838 544 1015 21491 8484 4794 5547 2 9003 472 17855 3373 640 240 270 15122 14974 423 9818 637 27 64 917 591 1148 67 548
156534 1062 104 7424 566 24827 91436 48679 13796 7713 1089 2032 43149 16964 9664 11194 5 18152 943 35883 6755 1304 484 563 30398 30121 857 19735 1272 53 127 1868 1201 2330 141 1108
156535 1053 104 33850 2581 113775 417329 222803 63054 35088 4917 9363 197853 77763 44133 51525 24 82945 4235 164403 30772 5958 2170 2531 138619 137915 3913 90298 5822 249 588 8524 5541 10624 643 5054
156536 1055 105 13891 1059 46499 170987 91036 25711 14402 2006 3821 80876 31784 17995 21158 10 34030 1740 67310 12647 2450 899 1041 56785 56437 1609 36862 2379 107 238 3470 2257 4372 259 2058
156537 1057 105 7798 598 26105 95632 51023 14436 8070 1119 2143 45320 17832 10095 11809 6 19010 962 37663 7056 1361 485 581 31808 31638 903 20697 1326 61 133 1949 1264 2444 144 1147
156538 1057 105 12992 1017 43885 160798 86181 24176 13599 1928 3576 76055 30027 16953 19657 10 31980 1699 63534 11946 2292 863 969 53629 53101 1488 34861 2188 96 219 3301 2114 4131 242 1897
156540 1059 104 12248 927 41239 150924 80469 22912 12669 1773 3416 71689 28082 16010 18649 9 30009 1511 59347 11109 2152 776 895 50136 49798 1410 32514 2121 92 219 3077 2014 3808 235 1852
156541 1039 107 971 80 3312 12044 6511 1841 1012 144 267 5777 2265 1278 1515 0 2410 121 4789 899 171 66 71 4019 4005 115 2633 165 7 17 247 159 304 18 142
156543 1039 104 4847 375 16349 59750 32002 9044 5042 705 1341 28373 11171 6316 7344 3 11917 620 23571 4435 846 310 365 19917 19775 558 12998 822 35 83 1207 788 1523 89 711
156544 1045 103 11515 878 38576 141859 75491 21428 11933 1668 3175 67152 26418 15005 17515 7 28167 1460 55800 10475 2035 722 855 47202 46762 1342 30627 1980 84 198 2895 1877 3652 218 1715
156545 1047 103 8351 630 28087 102965 54850 15624 8628 1198 2310 48782 19125 10884 12703 4 20518 1025 40450 7555 1480 518 624 34162 33981 964 22251 1442 60 146 2111 1360 2621 160 1265
156546 1049 106 45705 3517 153592 562966 300514 84967 47412 6637 12671 266872 104859 59372 69410 34 111955 5762 221787 41507 8017 2909 3378 187340 185920 5238 121842 7807 331 792 11486 7455 14373 860 6799
156547 1024 95 4996 385 16772 61622 32922 9294 5186 720 1382 29143 11465 6478 7510 2 12262 639 24213 4546 886 316 374 20431 20386 577 13361 859 35 86 1267 815 1565 93 743
156548 1024 95 6852 524 23146 84858 45249 12802 7113 992 1919 40291 15774 8946 10476 6 16904 859 33545 6233 1206 434 505 28198 28049 790 18336 1174 51 118 1726 1126 2157 131 1030
156549 1028 98 3977 305 13360 48952 26044 7391 4088 564 1108 23238 9090 5157 6079 4 9737 491 19285 3598 702 248 297 16269 16180 463 10555 683 28 70 999 650 1239 74 604
156550 1028 98 3599 281 12143 44395 23761 6710 3736 526 991 21005 8278 4701 5544 3 8845 459 17591 3268 628 231 269 14746 14678 406 9650 615 26 62 912 589 1127 69 536
156551 1028 98 911 75 3101 11354 6065 1716 956 134 257 5450 2107 1194 1448 0 2277 115 4516 842 161 61 72 3777 3750 107 2478 159 6 15 229 157 287 17 133
156552 1036 102 17938 1378 60328 221518 118103 33340 18647 2615 5007 105056 41245 23372 27326 13 44023 2260 87261 16326 3147 1135 1349 73748 73069 2064 47805 3075 136 312 4515 2950 5660 338 2667
156553 1032 99 9425 718 31543 115565 61671 17498 9755 1351 2588 54905 21553 12236 14310 5 22996 1163 45448 8524 1659 592 696 38467 38122 1068 25042 1608 64 166 2355 1527 2940 178 1415
156555 1049 103 23210 1743 77806 285696 151573 43309 23972 3305 6461 135401 53003 30249 35236 16 56723 2851 111903 20985 4076 1434 1705 94912 94128 2663 61434 4027 165 409 5815 3796 7271 442 3535
156556 1036 104 6498 493 21789 80034 42739 12080 6733 952 1790 37807 14905 8464 9735 4 15906 827 31488 5911 1138 422 481 26661 26403 738 17311 1116 47 112 1621 1057 2039 123 969
156557 1036 104 4130 314 13718 50820 26837 7642 4286 589 1146 24027 9391 5337 6227 3 10045 507 19901 3756 719 258 303 16884 16716 479 10894 706 29 70 1032 676 1308 77 614
156558 1037 105 1581 118 5262 19324 10252 2887 1620 224 432 9142 3580 2034 2408 1 3829 190 7605 1417 277 97 118 6406 6395 184 4153 278 11 28 396 257 497 29 241
156559 1050 103 1981 152 6622 24387 13033 3628 2053 286 544 11483 4500 2557 2922 1 4823 248 9587 1818 345 125 151 8120 8068 225 5270 343 14 35 500 328 631 36 292
156560 1052 103 20055 1527 67414 246954 131758 37300 20804 2917 5541 117127 45970 26057 30553 13 49136 2504 97325 18223 3523 1286 1486 82212 81515 2302 53402 3438 146 346 5052 3280 6272 378 3009
156561 1051 103 36861 2814 123992 454157 242713 68587 38149 5366 10215 215139 84597 47937 55968 26 90376 4633 178822 33492 6462 2362 2747 151014 150021 4224 98256 6331 263 637 9289 6032 11543 699 5514
156562 1028 130 9409 714 31580 115923 61718 17473 9732 1350 2618 54866 21528 12214 14321 6 23066 1185 45617 8554 1636 589 691 38522 38287 1079 25021 1603 66 164 2361 1531 2930 180 1411
156565 1028 130 10944 835 36758 134920 71841 20394 11323 1591 3032 63908 25053 14280 16609 7 26793 1343 52866 9919 1926 693 823 44811 44562 1248 29118 1886 77 194 2775 1797 3435 208 1648
156566 1033 131 8357 638 28151 103226 55069 15554 8673 1226 2328 48909 19195 10877 12693 5 20525 1049 40537 7635 1470 538 634 34340 34083 953 22280 1434 61 147 2100 1367 2608 157 1258
156568 1050 143 36740 2811 123296 452356 241146 68211 38067 5307 10194 214460 84096 47727 55902 25 89976 4573 178075 33354 6458 2305 2731 150294 149291 4226 97910 6342 269 641 9214 6002 11506 689 5505
156569 1051 143 14955 1132 50112 184193 98019 27783 15439 2152 4152 87124 34195 19417 22659 10 36604 1847 72373 13573 2628 933 1095 61114 60848 1729 39662 2577 107 260 3756 2436 4681 286 2245
156570 1047 143 5458 421 18340 67262 35885 10182 5657 784 1515 31896 12506 7077 8319 4 13353 677 26498 4972 960 345 402 22330 22242 635 14480 931 41 94 1380 897 1686 102 817
156571 1050 143 699 52 2298 8552 4514 1273 712 98 198 4028 1579 883 1040 0 1695 87 3362 638 119 43 49 2835 2825 81 1831 117 4 11 171 112 219 12 104
156573 1047 142 13171 1017 44354 162619 86805 24538 13708 1932 3643 77083 30262 17164 20043 9 32333 1662 64063 11993 2316 854 974 54177 53679 1508 35167 2260 93 227 3311 2148 4154 250 1968
156574 1058 143 9047 702 30446 111649 59322 16945 9401 1306 2495 53044 20783 11795 13795 6 22181 1127 43795 8235 1601 576 681 37130 36780 1060 24064 1556 63 157 2274 1467 2844 170 1364
156575 1057 143 10897 840 36611 134583 71962 20191 11319 1590 3009 63576 25013 14120 16485 9 26768 1392 53100 9986 1900 702 820 44711 44594 1239 29111 1846 75 188 2743 1792 3418 204 1612
156576 1045 137 9404 724 31616 116220 61828 17488 9798 1366 2617 55144 21568 12243 14345 7 23115 1193 45744 8650 1667 601 695 38698 38396 1087 25094 1601 68 161 2364 1519 2949 173 1408
156578 1042 134 15472 1216 52114 191090 102215 28767 16152 2285 4299 90500 35591 20114 23412 11 37928 1992 75356 14182 2708 1005 1150 63712 63118 1776 41453 2637 117 266 3875 2538 4879 288 2265
156579 1049 138 21767 1644 72914 267840 142257 40518 22558 3144 6022 126836 49787 28312 32985 14 53169 2705 105032 19771 3832 1384 1597 89053 88158 2518 57801 3748 158 376 5470 3546 6831 414 3278
156580 1049 138 5613 440 19086 69456 37430 10497 5855 826 1554 32954 12980 7329 8660 4 13914 706 27581 5147 983 366 433 23128 23028 642 15188 958 39 98 1410 917 1773 108 829
156581 1047 134 11374 865 38105 139857 74592 21062 11754 1654 3136 66188 25992 14749 17213 8 27803 1423 55066 10314 1987 727 837 46492 46231 1308 30218 1952 86 195 2841 1852 3564 214 1680
156583 1047 134 2263 173 7497 27885 14711 4178 2338 333 631 13139 5177 2946 3405 1 5522 296 10913 2052 399 144 167 9271 9152 266 5963 388 16 38 564 368 721 42 331
156584 1041 128 148 9 478 1794 905 268 147 18 42 857 319 194 217 0 350 12 670 122 25 7 9 595 578 16 365 28 0 2 35 24 47 2 26
156585 1006 99 12213 929 40939 150321 79996 22699 12660 1757 3395 71152 27914 15884 18474 10 29868 1509 59051 11095 2145 766 896 49947 49538 1410 32381 2106 91 211 3060 2024 3819 230 1818
156586 1007 99 9276 700 31048 114019 60715 17198 9582 1333 2572 54109 21163 12034 14069 6 22657 1151 44764 8384 1631 582 681 37975 37651 1063 24606 1603 69 161 2319 1523 2914 174 1379
156588 1011 99 25891 1990 87292 319591 170431 48389 26846 3749 7191 151604 59479 33787 39458 19 63621 3235 125772 23601 4560 1635 1905 106198 105528 2962 69023 4462 184 455 6526 4219 8142 489 3898
156589 1030 109 2806 211 9411 34562 18385 5226 2889 399 783 16395 6403 3645 4302 1 6848 336 13579 2523 494 172 209 11434 11399 329 7455 487 21 49 711 466 870 54 428
156590 1031 110 10614 820 35620 130801 69532 19805 10982 1534 2940 62105 24347 13830 16156 6 26036 1312 51386 9655 1862 664 786 43482 43140 1210 28183 1819 74 186 2661 1739 3326 200 1604
156591 1054 117 3162 242 10605 38921 20782 5890 3278 458 867 18436 7257 4103 4795 2 7750 395 15296 2864 558 204 234 12971 12832 361 8468 541 22 54 799 507 992 61 475
156592 1030 102 15288 1181 51185 187979 100028 28312 15778 2199 4220 88984 34943 19830 23270 11 37420 1908 73991 13836 2683 962 1125 62451 62039 1756 40541 2621 109 264 3823 2503 4798 288 2282
156593 1034 103 14457 1117 48601 178239 94961 26931 14981 2074 3992 84534 33159 18817 21957 10 35543 1800 70152 13134 2540 917 1074 59257 58839 1661 38498 2481 103 248 3639 2365 4529 274 2161
156594 1028 105 10199 776 34168 125331 66660 18972 10515 1467 2820 59475 23315 13241 15515 6 24916 1262 49243 9208 1791 637 751 41601 41363 1171 27049 1760 75 177 2552 1652 3191 196 1543
156595 1038 104 15727 1197 52730 193688 103179 29262 16256 2273 4364 91687 35995 20449 23815 10 38406 1961 76122 14268 2771 996 1167 64320 63916 1804 41757 2718 116 273 3953 2560 4951 299 2367
156596 1021 112 10077 773 33808 124086 65932 18707 10466 1450 2802 58953 23095 13074 15381 8 24661 1258 48815 9138 1759 623 737 41215 40959 1166 26783 1738 74 173 2507 1655 3153 188 1497
156597 1026 115 21264 1632 71644 262305 139908 39805 22014 3087 5907 124654 48826 27766 32416 15 52189 2655 103215 19333 3740 1347 1567 87073 86641 2458 56603 3677 153 373 5335 3492 6678 403 3192
156598 1026 115 12547 946 42145 154722 82033 23413 12982 1797 3493 73395 28765 16365 19120 8 30780 1535 60652 11370 2201 783 916 51451 51013 1440 33298 2173 87 219 3142 2029 3951 237 1911
156599 1032 112 43644 3355 146810 537564 286698 81260 45183 6295 12108 255218 99970 56734 66728 28 107078 5429 211742 39626 7649 2753 3261 178670 177514 5008 116291 7521 318 756 10955 7124 13646 835 6564
156600 1034 116 5543 421 18607 68215 36253 10341 5759 802 1526 32440 12669 7231 8441 3 13576 686 26777 5024 976 350 413 22684 22494 635 14698 965 38 97 1386 896 1755 106 834
156601 1036 113 8964 689 30019 110280 58690 16647 9270 1294 2486 52210 20522 11635 13612 6 21879 1136 43452 8140 1572 568 665 36734 36295 1034 23846 1526 66 155 2240 1464 2817 169 1331
156602 1032 108 12526 967 42017 154310 82268 23216 12947 1804 3470 73122 28632 16261 19022 9 30682 1583 60781 11354 2200 788 935 51285 51000 1433 33295 2154 89 218 3162 2059 3926 236 1875
156603 1033 108 14116 1091 47299 173779 92748 26161 14625 2045 3911 82104 32330 18298 21235 11 34490 1771 68432 12832 2478 902 1051 57856 57349 1627 37595 2396 104 242 3551 2317 4480 264 2083
156604 1043 122 3039 247 10278 37630 20177 5686 3180 448 855 17956 7010 3967 4658 2 7514 390 14867 2794 536 196 234 12603 12451 350 8179 518 22 53 754 507 965 56 443
156605 1043 122 3908 305 13120 48047 25553 7302 4027 557 1082 22822 8928 5066 5954 3 9576 468 18852 3536 683 240 290 15927 15888 455 10366 674 27 68 972 629 1232 74 593
156607 1046 125 10093 771 34047 124620 66445 18824 10465 1456 2813 59109 23172 13146 15416 6 24790 1269 48909 9227 1776 643 758 41472 41057 1166 26951 1759 73 179 2516 1640 3174 186 1513
156608 1049 124 6736 510 22622 82797 44215 12504 6954 963 1864 39195 15381 8748 10217 4 16489 823 32532 6092 1164 421 499 27434 27361 760 17865 1160 49 117 1691 1106 2104 128 1018
156609 1020 104 1534 120 5193 18872 10075 2878 1585 218 422 9005 3521 2013 2343 1 3754 188 7412 1393 266 94 113 6279 6227 177 4080 266 10 27 383 254 479 29 226
156610 1026 106 9998 769 33433 123174 65313 18535 10321 1423 2777 58291 22849 12955 15190 7 24478 1240 48388 9080 1744 612 745 40826 40651 1164 26492 1723 70 174 2495 1653 3129 186 1500
156611 1013 106 30711 2327 102888 377096 200979 57046 31725 4411 8491 178960 70240 39935 46611 20 74984 3784 148255 27760 5391 1922 2264 125330 124387 3498 81561 5280 213 537 7707 4991 9596 586 4622
156612 1015 105 10222 776 34345 126152 67521 18911 10630 1495 2831 59600 23475 13296 15546 8 25106 1303 49906 9344 1789 661 773 41909 41751 1189 27306 1739 77 177 2568 1690 3219 193 1498
156615 1015 104 8475 657 28444 104378 55816 15652 8822 1244 2352 49408 19424 10973 12791 6 20790 1080 41129 7739 1474 546 627 34710 34522 981 22588 1445 61 145 2141 1388 2649 156 1249
156616 1058 121 2034 156 6848 25191 13526 3795 2129 304 563 11957 4677 2653 3146 2 5005 265 9951 1868 362 137 153 8367 8364 241 5462 350 16 34 511 333 641 37 296
156617 1033 99 7158 545 24019 88288 47091 13271 7424 1039 1989 41679 16383 9325 10746 5 17526 905 34656 6507 1261 459 532 29358 29149 822 18998 1236 53 128 1801 1182 2245 134 1064
156618 1041 98 7552 573 25357 93329 49706 14049 7822 1092 2120 44126 17234 9805 11440 7 18508 941 36656 6889 1324 475 571 30932 30875 861 20060 1294 54 132 1901 1240 2359 143 1146
156619 1039 98 34055 2604 114374 419483 223483 63317 35237 4903 9452 198609 77968 44289 51786 25 83288 4265 164909 30939 5968 2135 2544 139313 138421 3933 90622 5877 248 599 8542 5579 10682 644 5089
156620 1043 97 9797 758 32914 120990 64608 18159 10166 1433 2731 57312 22490 12729 15065 6 24063 1249 47801 8923 1722 633 740 40206 39938 1124 26179 1673 75 168 2469 1617 3074 186 1456
156621 1040 97 6206 477 20828 76416 40682 11568 6381 884 1735 36196 14222 8089 9486 5 15207 777 30169 5610 1082 383 451 25430 25248 695 16472 1061 44 109 1564 1032 1938 118 925
156622 1036 95 13502 1031 45334 166377 88497 25126 14010 1958 3767 78864 30932 17587 20495 9 33036 1678 65319 12301 2384 858 1006 55230 54910 1555 35859 2331 100 236 3389 2216 4245 255 2031
156623 1042 95 6236 471 20830 76533 40673 11536 6471 902 1711 36347 14248 8090 9420 3 15190 773 29996 5652 1093 399 456 25496 25187 709 16489 1076 43 109 1559 1010 1948 117 934
156624 1046 104 1533 115 5148 18997 10148 2848 1586 224 426 8954 3505 1991 2323 1 3778 193 7491 1397 272 98 112 6300 6307 178 4092 265 11 27 387 255 483 28 232
156625 1041 99 16311 1248 54820 201107 107336 30297 16954 2365 4522 95212 37394 21178 24769 13 39971 2046 79233 14895 2853 1043 1209 66801 66439 1889 43470 2792 120 279 4126 2680 5110 304 2421
156626 1041 99 22748 1765 76582 280279 149679 42350 23616 3280 6295 132899 52195 29502 34733 18 55805 2848 110465 20719 3988 1439 1687 93219 92599 2614 60641 3878 169 391 5680 3717 7144 423 3373
156627 1039 96 4591 348 15380 56625 30080 8513 4749 657 1285 26809 10471 5970 6994 3 11297 561 22234 4192 801 292 348 18836 18698 525 12228 785 31 82 1141 749 1444 86 694
156628 1044 100 7932 611 26685 97912 52152 14839 8201 1151 2210 46548 18214 10374 12048 4 19458 991 38450 7191 1396 511 587 32657 32317 899 21189 1366 53 139 1991 1289 2490 152 1207
156629 1042 96 36264 2823 121849 446708 238501 67511 37587 5267 10039 211904 83127 47174 55154 27 88807 4554 175962 32996 6341 2304 2713 148422 147545 4162 96600 6223 269 634 9107 5973 11376 683 5381
156631 1043 123 984 72 3278 12021 6258 1836 1013 137 276 5697 2230 1277 1478 0 2374 111 4628 886 172 57 65 3974 3918 112 2553 174 7 18 243 160 304 18 153
156632 1075 137 17136 1308 57405 211188 112225 31853 17689 2463 4751 99903 39088 22284 25850 14 41953 2135 82932 15579 3023 1076 1256 70137 69802 1954 45370 2934 119 301 4312 2798 5371 324 2587
156633 1079 139 9255 709 31252 114320 60960 17237 9584 1331 2571 54220 21237 12040 14137 6 22768 1150 44957 8431 1611 586 687 37980 37746 1060 24655 1593 65 161 2332 1524 2891 175 1386
156634 1071 134 2575 197 8601 31788 16802 4805 2664 367 725 15052 5873 3359 3864 1 6302 322 12368 2337 456 161 185 10615 10491 291 6788 445 18 45 646 416 803 47 386
156635 1037 117 9333 712 31323 114901 61187 17354 9613 1335 2603 54474 21367 12101 14154 6 22864 1166 45270 8469 1625 586 689 38160 38007 1059 24720 1593 63 162 2332 1541 2911 177 1397
156638 1047 119 31563 2418 106218 389456 207942 58735 32819 4593 8752 184519 72474 41091 48020 22 77474 3985 153453 28798 5574 2021 2354 129414 128655 3643 84166 5392 233 548 7966 5148 9897 591 4719
156640 1047 118 3304 255 11071 40686 21783 6107 3419 472 921 19238 7586 4269 5059 2 8101 420 16071 2991 574 203 255 13472 13477 390 8814 571 24 56 836 551 1034 61 484
156642 1051 118 18542 1416 62398 228862 122009 34535 19229 2693 5143 108485 42544 24236 28070 11 45492 2314 90015 16848 3240 1185 1380 76138 75561 2106 49428 3196 131 319 4663 3042 5842 357 2784
156643 1048 118 3483 263 11616 42716 22618 6471 3582 493 963 20233 7885 4510 5242 3 8475 408 16725 3148 609 211 251 14124 14139 396 9138 602 24 62 871 565 1094 67 536
156644 1048 118 7027 532 23767 87058 46637 13172 7279 1027 1962 41297 16190 9180 10794 4 17335 886 34360 6385 1242 449 540 28860 28859 811 18843 1220 50 123 1783 1147 2209 135 1057
156645 1051 118 163 11 578 2055 1118 319 170 23 46 999 386 218 272 0 417 19 823 148 28 10 11 676 690 20 460 28 1 3 42 25 49 3 26
156646 1039 117 20164 1550 67655 248290 132169 37500 20908 2901 5556 117659 46169 26148 30548 16 49322 2509 97619 18311 3539 1269 1498 82590 81962 2326 53651 3456 149 343 5091 3264 6341 379 3017
156648 1057 121 1960 148 6530 23998 12831 3612 2011 282 537 11382 4464 2524 2976 1 4758 246 9484 1770 342 124 143 7957 7927 224 5189 332 15 33 495 318 605 36 287
156649 1035 116 5310 407 17847 65341 34906 9873 5509 772 1461 30958 12184 6926 8078 3 12964 674 25675 4818 942 341 396 21817 21543 607 14161 913 37 91 1342 861 1663 102 791
156650 1045 114 565 43 1910 6981 3735 1042 586 78 157 3307 1281 729 863 0 1407 68 2769 524 94 34 42 2313 2337 62 1519 94 2 10 140 96 175 10 84
156651 1044 112 7102 545 23864 87513 46590 13225 7374 1029 1958 41535 16308 9229 10927 4 17426 897 34533 6480 1255 450 538 29084 28835 830 18986 1218 52 122 1784 1151 2222 134 1062
156652 1043 112 12571 963 42268 154749 82363 23459 12985 1796 3489 73491 28872 16362 19295 9 30825 1546 60845 11369 2197 782 931 51382 51045 1449 33401 2180 89 221 3140 2078 3936 240 1891
156653 1054 128 2631 204 8784 32348 17030 4903 2731 383 730 15361 6006 3433 3969 2 6400 318 12644 2365 454 162 187 10732 10648 307 6907 457 19 46 659 427 835 48 398
156654 1054 128 4464 349 15033 55187 29329 8311 4643 645 1231 26222 10270 5847 6907 4 11005 562 21803 4053 790 284 338 18398 18193 526 11910 766 33 78 1134 731 1416 86 668
156655 1056 128 2483 195 8316 30498 16303 4614 2552 354 689 14490 5658 3212 3823 1 6077 307 12066 2239 429 155 191 10145 10069 283 6604 423 18 42 622 411 774 49 371
156656 1060 99 7981 623 26876 98548 52637 14897 8293 1162 2208 46797 18324 10390 12162 6 19593 1004 38837 7291 1401 512 598 32724 32633 927 21282 1375 58 138 2017 1303 2509 149 1200
156657 1077 111 8904 675 29769 109465 58211 16565 9238 1296 2454 51880 20408 11546 13516 6 21698 1123 43058 8089 1557 563 662 36514 36017 1025 23595 1530 67 153 2220 1438 2813 168 1328
156659 1064 99 14959 1136 49988 183676 97696 27693 15420 2158 4145 86949 34146 19389 22561 11 36496 1864 72070 13535 2620 946 1106 61153 60540 1708 39561 2555 106 258 3732 2444 4686 279 2231
156663 1078 105 310 21 1024 3764 1960 580 306 38 88 1808 687 400 476 0 764 29 1451 270 54 15 21 1233 1248 33 797 58 1 6 74 50 94 6 53
156664 1075 103 12517 957 42025 154358 82250 23204 12925 1793 3486 73136 28629 16279 19005 9 30692 1567 60756 11369 2193 788 944 51284 51011 1423 33380 2152 89 215 3132 2076 3936 238 1866
156665 1065 113 16550 1247 55495 203581 108185 30835 17050 2361 4608 96646 37828 21515 25171 11 40505 2019 79857 14933 2902 1023 1196 67678 67190 1897 43840 2877 118 292 4161 2708 5157 315 2513
156666 1065 113 3628 283 12278 44728 23951 6795 3775 531 1011 21312 8372 4731 5541 2 8927 451 17664 3314 632 234 263 14954 14768 418 9711 620 27 63 909 597 1144 67 537
156667 1074 116 2499 187 8373 30760 16377 4669 2571 368 690 14540 5710 3253 3797 2 6126 308 12079 2253 447 162 186 10227 10130 282 6636 432 17 44 623 410 781 47 380
156668 1031 116 30180 2303 101384 372162 198287 56180 31213 4342 8376 176169 69065 39227 45831 23 74047 3753 146352 27473 5309 1900 2246 123542 123029 3440 80315 5191 213 527 7573 4942 9449 573 4538
156669 1054 125 5421 422 18369 66902 35935 10152 5651 790 1477 31819 12554 7055 8418 3 13339 690 26592 4959 953 345 403 22237 22112 638 14572 919 43 92 1367 882 1697 101 791
156670 1057 120 498 36 1654 6054 3187 920 516 74 138 2889 1121 649 744 0 1201 58 2346 446 87 30 33 2019 1989 57 1300 85 3 8 122 74 150 8 77
156671 1015 102 23087 1769 77822 284790 152089 43018 23891 3335 6399 134969 53045 30026 35436 17 56732 2903 112359 20992 4061 1471 1743 94603 94115 2651 61675 3973 167 402 5808 3769 7206 442 3460
156672 1023 108 26209 2039 88151 323418 172494 48776 27223 3797 7258 153186 60211 34112 39811 20 64297 3312 127387 23973 4607 1670 1954 107636 106718 3023 69930 4484 192 454 6583 4305 8248 492 3884
156673 1023 106 9037 681 30439 111670 59679 16799 9360 1313 2511 52810 20753 11767 13797 7 22229 1133 44168 8218 1580 570 682 37042 36996 1032 24163 1548 67 157 2278 1487 2833 172 1344
156674 1024 106 7558 587 25337 93158 49647 13995 7848 1090 2098 44065 17257 9755 11479 5 18528 945 36659 6893 1319 482 563 30962 30831 871 20067 1301 54 132 1893 1244 2379 142 1124
156675 1053 120 5236 402 17582 64508 34213 9759 5429 750 1456 30598 11997 6820 7964 3 12829 647 25304 4755 919 331 387 21413 21245 612 13888 898 37 92 1304 855 1638 97 788
156676 1053 120 5845 438 19569 71816 38192 10875 6017 832 1622 34068 13341 7587 8858 3 14306 717 28180 5266 1027 361 429 23832 23717 676 15507 1013 42 100 1473 947 1823 112 889
156677 1026 105 12524 951 42012 154441 82180 23335 13025 1832 3462 73201 28744 16311 19037 10 30637 1579 60734 11410 2203 800 933 51480 50867 1458 33307 2157 95 216 3123 2012 3980 236 1879
156678 1042 114 1771 135 5920 21702 11532 3308 1815 251 489 10297 4046 2300 2685 1 4297 208 8488 1587 314 112 133 7193 7147 203 4675 306 12 31 439 286 561 34 266
156679 1043 114 16657 1275 56011 205533 109688 31013 17259 2412 4621 97559 38207 21627 25465 13 40938 2100 81023 15120 2936 1058 1221 68306 67981 1924 44361 2866 120 285 4180 2737 5233 315 2490
156680 1031 108 2736 212 9180 33761 17952 5041 2828 388 781 16032 6256 3542 4178 2 6723 340 13274 2486 475 169 213 11233 11175 311 7262 467 18 48 682 451 861 50 408
156681 1032 105 23467 1817 79068 289221 154614 43706 24320 3410 6497 137091 53874 30565 35603 16 57516 2941 113966 21321 4097 1502 1728 96260 95579 2656 62620 4021 174 407 5894 3880 7398 446 3487
156682 1033 103 23682 1812 79629 291872 155791 44034 24576 3421 6530 138359 54274 30834 36059 16 58037 2970 114976 21560 4165 1503 1758 97100 96307 2717 63157 4049 173 415 5964 3867 7424 450 3547
156683 1033 99 5705 439 19156 70488 37476 10644 5939 833 1584 33380 13128 7437 8677 4 14003 720 27642 5229 998 367 419 23542 23146 659 15225 973 41 99 1437 938 1803 107 854
156684 1034 98 2475 187 8341 30452 16328 4638 2549 355 680 14492 5675 3226 3794 1 6056 317 12027 2239 428 151 192 10104 10055 289 6642 427 18 42 628 416 772 47 361
156685 1071 114 1168 92 3927 14465 7706 2168 1218 170 320 6829 2684 1509 1792 0 2873 144 5715 1067 203 76 87 4821 4755 134 3130 196 8 19 294 192 368 21 176
156686 1062 107 12472 963 41986 153537 81916 23309 12886 1787 3455 72988 28642 16219 18913 8 30479 1568 60371 11279 2199 780 927 51102 50696 1440 33179 2144 90 219 3122 2040 3898 236 1880
156687 1039 98 6205 481 20717 76594 40618 11490 6429 901 1745 36216 14192 8063 9344 4 15159 789 30038 5641 1093 392 453 25443 25262 714 16418 1070 45 105 1555 1011 1951 114 921
156688 1041 96 19124 1470 64378 235956 125711 35662 19872 2781 5310 111808 43919 24884 29113 13 46951 2392 92864 17421 3362 1215 1397 78516 77916 2213 50960 3274 138 332 4815 3132 5992 358 2863
156689 1041 96 26394 2007 88629 325327 173305 49142 27358 3833 7309 153984 60513 34340 39955 18 64668 3320 128010 24000 4635 1684 1963 108269 107316 3042 70297 4521 197 456 6610 4315 8313 493 3925
156690 1067 123 3436 265 11582 42223 22384 6423 3532 487 956 20103 7851 4488 5189 3 8399 416 16494 3099 598 206 251 14008 13925 391 9063 596 24 61 864 560 1069 65 527
156691 1071 128 2503 193 8457 30911 16644 4660 2602 369 700 14582 5768 3258 3803 2 6142 321 12216 2282 438 164 186 10253 10246 284 6703 431 18 44 628 421 784 47 370
156692 1073 129 47316 3595 158969 584059 310663 88132 48946 6834 13166 276818 108368 61714 71956 36 116024 5899 229528 43000 8329 2986 3506 194035 192915 5464 125668 8170 338 828 11904 7767 14867 901 7125
156693 1070 125 18217 1388 61051 224080 119393 33874 18823 2634 5049 106320 41681 23687 27795 12 44624 2250 88166 16470 3204 1148 1362 74490 73947 2089 48418 3127 131 322 4575 2988 5700 346 2739
156694 1052 115 24031 1833 80895 296626 157864 44852 24937 3476 6666 140715 55230 31335 36594 14 58890 2984 116600 21856 4236 1520 1790 98610 97816 2784 63990 4141 177 422 6029 3942 7555 452 3608
156695 1048 114 22921 1766 77122 282689 151154 42680 23795 3327 6362 134007 52580 29842 34969 16 56253 2871 111591 20863 4045 1466 1716 93969 93442 2641 61251 3928 165 402 5770 3746 7172 435 3438
156696 1048 114 11858 902 39772 145937 77934 22057 12323 1739 3264 69067 27187 15440 18007 6 29034 1496 57495 10782 2094 780 891 48578 48094 1371 31681 2034 91 200 2968 1915 3738 222 1756
156698 1048 114 2917 220 9737 35866 19024 5420 3040 429 803 16970 6639 3784 4353 2 7109 368 14026 2654 521 188 217 11943 11833 341 7682 498 19 50 726 463 928 54 438
156699 1052 114 4163 316 13931 51214 27244 7712 4295 601 1158 24288 9494 5408 6345 3 10202 515 20144 3766 722 265 310 17019 16898 485 11069 711 30 71 1045 689 1299 76 619
156700 1059 120 18601 1420 62571 229326 122270 34622 19333 2698 5132 108635 42678 24142 28354 15 45653 2319 90301 16953 3252 1180 1395 76163 75789 2162 49561 3192 139 319 4687 3038 5839 347 2765
156701 1071 108 15557 1206 52491 192231 102747 29070 16137 2257 4323 91146 35711 20218 23727 11 38187 1971 75773 14217 2731 991 1166 63972 63600 1781 41609 2667 106 270 3920 2529 4869 295 2334
156702 1064 106 727 55 2430 8917 4746 1338 737 100 198 4235 1650 951 1119 1 1774 84 3492 643 126 44 54 2954 2947 78 1923 127 4 13 185 120 227 14 114
156707 1066 127 291 21 971 3572 1903 537 297 42 81 1674 668 375 429 0 702 36 1404 263 50 19 20 1190 1167 31 776 49 2 4 71 48 92 5 42
156708 1077 133 5937 458 19861 73129 38867 11029 6147 855 1646 34570 13617 7723 9057 2 14566 741 28777 5397 1045 370 447 24293 24113 678 15790 1015 42 104 1486 963 1880 113 888
156709 1072 129 3618 271 12008 44453 23548 6656 3721 517 1016 20943 8211 4677 5385 3 8829 450 17408 3260 628 223 262 14780 14657 404 9543 618 25 61 910 598 1140 67 544
156710 1075 130 3850 289 12895 47278 25288 7114 3961 543 1077 22371 8795 4976 5825 3 9401 464 18642 3476 674 236 293 15653 15630 438 10260 659 26 68 955 638 1210 72 573
156711 1077 131 10181 761 34148 125179 66404 18952 10511 1455 2831 59462 23286 13248 15505 6 24886 1233 49069 9191 1781 628 744 41537 41268 1172 26903 1769 72 179 2542 1644 3160 195 1559
156712 1080 132 3619 273 12154 44574 23805 6722 3747 527 1000 21082 8304 4699 5471 2 8838 453 17579 3293 635 230 261 14766 14749 420 9596 622 27 62 916 583 1137 68 538
156713 1082 132 9932 755 33285 122326 65015 18424 10267 1421 2758 58001 22748 12889 15173 6 24307 1230 48070 9019 1736 627 732 40611 40412 1150 26318 1709 72 171 2493 1627 3098 186 1496
156715 1081 131 13491 1040 45564 166465 89280 25162 14003 1961 3725 78911 30985 17553 20545 10 33137 1703 65663 12272 2368 863 1034 55324 55061 1541 36173 2321 95 234 3397 2212 4238 256 2011
156716 1065 117 5448 438 18334 67405 36003 10167 5680 788 1523 31929 12548 7099 8261 4 13440 705 26615 4989 952 355 409 22432 22271 632 14607 923 40 92 1362 895 1714 101 802
156717 1066 117 3184 240 10729 39072 20826 5983 3264 448 882 18581 7278 4145 4852 1 7787 384 15371 2862 557 191 230 12943 12932 359 8437 553 20 55 792 518 984 62 492
156718 1066 117 30758 2359 103074 378566 201862 57073 31964 4473 8471 179157 70460 39948 46621 22 75198 3898 149066 28000 5400 1973 2274 125931 124859 3573 81789 5261 227 531 7739 4992 9627 578 4580
156721 1034 105 36565 2789 122585 449940 239780 67833 37874 5277 10129 213292 83590 47454 55579 26 89459 4536 177001 33183 6422 2297 2722 149551 148494 4204 97321 6305 268 638 9163 5971 11462 686 5477
156722 1035 105 23417 1807 78569 288297 153893 43434 24246 3386 6497 136648 53613 30374 35793 18 57382 2919 113613 21221 4097 1476 1733 95732 95307 2695 62366 4020 171 405 5877 3824 7330 440 3497
156723 1035 105 16036 1243 53761 197593 105408 29747 16679 2326 4444 93498 36754 20803 24251 10 39252 2044 77751 14672 2819 1025 1200 65810 65097 1849 42738 2727 116 275 4045 2620 5044 297 2380
156724 1035 105 22658 1747 76272 279457 149244 42139 23555 3268 6269 132695 52063 29471 34679 17 55615 2830 110241 20678 3961 1428 1691 92990 92354 2617 60585 3870 167 394 5722 3685 7112 424 3373
156725 1036 105 14869 1151 49910 183323 97701 27785 15437 2143 4114 86837 34164 19353 22648 10 36457 1877 72233 13524 2615 949 1120 60919 60486 1735 39685 2554 112 254 3734 2476 4694 279 2193
156727 1044 108 2870 216 9605 35267 18647 5333 2956 406 795 16656 6541 3742 4279 2 6954 347 13746 2594 495 180 210 11722 11575 324 7542 496 20 50 709 477 912 53 432
156728 1048 101 14015 1063 47058 172684 91772 26199 14449 2009 3910 81904 32054 18252 21239 8 34370 1722 67723 12669 2457 885 1016 57364 57001 1594 37076 2406 96 243 3512 2299 4380 269 2123
156732 1039 100 5460 416 18396 67420 35877 10218 5650 794 1524 32038 12507 7123 8344 4 13464 665 26539 4940 959 343 390 22373 22308 616 14499 938 42 97 1374 890 1691 104 828
156733 1039 100 28465 2209 95968 351478 187630 53136 29619 4159 7922 166714 65423 37081 43367 21 69961 3604 138446 25987 4988 1836 2118 116921 116103 3276 75918 4889 208 496 7142 4656 8928 536 4240
156734 1044 100 27052 2078 90909 333395 177724 50378 28154 3944 7476 158079 62063 35198 41125 19 66307 3377 131089 24623 4754 1719 1992 110828 110114 3135 72013 4637 201 470 6846 4428 8486 506 4036
156735 1047 103 9265 705 31015 114190 60645 17167 9570 1335 2578 53895 21181 12055 13894 7 22660 1163 44703 8414 1623 586 693 37963 37680 1055 24566 1590 62 163 2316 1513 2924 173 1387
156739 1047 101 1047 73 3513 12818 6788 1951 1066 145 292 6090 2385 1354 1613 0 2550 120 5005 932 180 61 76 4211 4226 120 2745 184 6 19 259 174 324 20 165
156740 1049 105 24876 1902 83371 306486 163064 46232 25767 3591 6904 145340 56890 32337 37902 17 60911 3085 120425 22556 4367 1566 1822 101818 101158 2870 66026 4287 182 432 6253 4073 7808 472 3740
156741 1046 100 51079 3918 171765 629993 335541 95028 52966 7388 14187 298469 117012 66487 77582 37 125077 6387 247718 46525 8994 3255 3801 209409 207906 5917 135956 8811 373 886 12852 8324 16033 962 7672
156742 1048 100 15086 1179 50715 186043 99395 28094 15597 2186 4214 88135 34593 19598 22851 11 37022 1900 73175 13757 2635 965 1138 61931 61496 1732 40270 2575 105 260 3800 2471 4727 286 2253
156744 1042 99 3072 228 10248 37605 19999 5650 3170 437 854 17781 6935 3954 4667 3 7475 378 14815 2777 538 185 223 12427 12437 347 8116 527 21 54 762 492 947 58 462
156745 1062 116 46782 3591 157372 576895 307515 87240 48499 6775 12958 273495 107304 60945 71108 33 114701 5854 227105 42595 8232 2965 3457 191869 190533 5388 124496 8025 337 812 11724 7618 14698 886 7015
156746 1058 111 6728 517 22535 82779 44070 12494 6948 961 1881 39210 15386 8737 10239 4 16492 848 32596 6093 1177 415 504 27475 27365 770 17865 1160 47 115 1697 1121 2109 126 999
156747 1057 111 30832 2355 103319 378753 201291 57328 31930 4430 8552 179707 70557 39982 46812 22 75298 3831 148655 27973 5407 1940 2259 125941 124770 3570 81711 5300 218 542 7701 5001 9626 576 4629
156749 1052 104 19096 1457 63886 234759 125159 35417 19794 2759 5252 111141 43676 24767 28856 13 46656 2393 92377 17362 3364 1217 1420 78060 77547 2204 50698 3259 142 328 4804 3105 5983 359 2846
156751 1047 99 16914 1303 56906 208591 111515 31485 17572 2472 4679 98749 38810 22008 25752 13 41465 2144 82249 15428 2970 1077 1257 69284 69006 1962 45138 2886 130 293 4276 2769 5323 316 2498
156753 1041 98 7017 532 23396 86113 45700 12988 7231 991 1954 40778 15969 9069 10576 4 17096 852 33748 6358 1228 422 522 28552 28434 806 18563 1203 50 123 1747 1145 2194 130 1058
156757 1065 108 12617 969 42334 154999 82627 23463 13084 1810 3468 73366 28920 16377 19270 9 30838 1566 61145 11449 2216 791 934 51439 51094 1461 33571 2163 92 219 3171 2054 3952 243 1884
156759 1076 113 16194 1218 54359 199372 106002 30218 16733 2320 4494 94532 37098 21081 24591 11 39621 1996 78328 14666 2842 1013 1194 66238 65821 1875 43037 2785 118 283 4075 2632 5084 306 2444
156760 1066 104 5958 446 20040 73294 39093 11124 6148 852 1639 34771 13689 7744 9096 3 14533 729 28825 5410 1042 370 430 24332 24182 689 15827 1017 44 105 1511 975 1853 111 892
156762 1069 105 13480 1039 45319 166101 88628 25099 14008 1972 3723 78591 30924 17515 20390 8 33032 1685 65273 12287 2351 871 993 55273 54829 1557 35906 2315 98 231 3379 2197 4238 252 2006
156763 1038 101 6859 533 22940 84306 44850 12683 7093 996 1909 39940 15641 8857 10370 5 16716 860 33116 6233 1198 439 513 28049 27795 797 18158 1165 51 118 1717 1124 2158 128 1019
156764 1048 101 9598 720 32050 117717 62493 17800 9872 1379 2660 55794 21835 12458 14496 7 23400 1175 46195 8665 1684 602 698 39051 38822 1097 25272 1656 71 166 2403 1564 2988 183 1447
156766 1049 101 25273 1967 85067 311751 166403 47055 26324 3706 6956 147853 58128 32909 38470 18 61984 3216 122954 23027 4453 1629 1879 103924 102832 2922 67491 4330 191 436 6353 4122 7942 472 3734
156767 1046 101 5764 438 19179 70843 37596 10623 5937 824 1611 33461 13101 7460 8710 4 14047 716 27806 5213 1011 357 430 23534 23349 661 15241 986 41 102 1432 944 1824 106 861
156768 1040 96 4115 313 13764 50733 26780 7617 4261 585 1148 23981 9373 5374 6248 3 10089 497 19909 3711 732 255 302 16823 16726 476 10871 717 29 72 1037 665 1299 78 626
156769 1045 95 18938 1451 63590 233316 124572 35174 19649 2748 5212 110488 43399 24605 28694 14 46432 2373 91842 17240 3332 1218 1409 77522 77194 2174 50442 3241 133 330 4754 3107 5954 358 2828
156770 1048 97 5320 393 17807 65612 34899 9885 5503 783 1467 31107 12214 6953 8017 3 13015 672 25744 4805 944 345 394 21826 21628 613 14165 923 41 91 1336 870 1692 101 795
156771 1045 113 25356 1911 85204 312430 166159 47344 26225 3658 7032 148181 58079 33017 38521 17 62183 3139 122660 22947 4455 1603 1861 103787 103147 2925 67208 4388 184 446 6369 4157 7971 484 3831
156773 1057 115 8186 634 27423 100972 53836 15178 8527 1205 2251 47791 18752 10619 12395 6 20075 1062 39780 7481 1438 541 608 33666 33352 947 21773 1392 63 140 2054 1326 2584 148 1205
156774 1039 114 1497 117 5071 18615 9938 2814 1556 215 410 8839 3452 1959 2327 0 3723 192 7356 1365 264 97 114 6168 6166 181 4011 260 11 25 380 246 474 29 223
156775 1007 96 20447 1568 68466 251831 133750 37996 21158 2940 5669 119097 46726 26592 30864 15 49973 2548 98722 18604 3596 1298 1536 83830 82993 2337 54296 3522 143 351 5111 3329 6459 387 3068
156776 1014 98 22796 1730 76461 280733 149479 42445 23584 3306 6316 133014 52242 29662 34513 15 55755 2852 110166 20712 4007 1442 1695 93299 92653 2637 60495 3940 165 395 5734 3715 7154 429 3431
156777 1012 97 9870 783 33262 121884 65344 18415 10291 1453 2737 57844 22760 12847 15018 7 24242 1273 48128 9028 1731 640 749 40549 40324 1155 26489 1677 78 169 2485 1628 3100 183 1427
156778 1018 99 3385 265 11314 41762 22284 6258 3488 495 947 19742 7759 4405 5127 1 8302 428 16504 3070 597 221 247 13916 13803 384 9031 586 25 56 841 552 1075 65 504
156779 1023 98 5429 406 18183 66789 35523 10064 5620 786 1503 31613 12409 7038 8153 4 13198 667 26127 4920 949 339 393 22198 22021 619 14355 929 37 95 1359 892 1697 102 814
156781 1023 98 11219 856 37753 138456 73942 20843 11638 1614 3119 65557 25753 14661 16973 9 27483 1395 54468 10250 1978 707 835 46013 45751 1291 29882 1923 81 197 2826 1842 3534 212 1677
156782 1029 97 8853 677 29796 109321 58214 16511 9156 1283 2455 51823 20302 11548 13449 6 21713 1101 42962 8031 1550 561 651 36324 36104 1001 23518 1526 65 152 2232 1450 2784 170 1338
156784 1028 97 40943 3134 137558 504130 268859 76289 42433 5912 11346 239139 93868 53134 62384 31 100218 5111 198531 37218 7192 2598 3024 167595 166533 4754 108849 7034 299 713 10274 6695 12837 780 6110
156785 1024 98 11927 923 40052 147089 78260 22180 12373 1719 3301 69664 27286 15549 18048 9 29183 1482 57786 10863 2099 756 886 48876 48558 1369 31689 2034 84 210 2995 1947 3745 225 1782
156786 1032 101 7749 597 25965 95317 50766 14397 8027 1110 2151 45081 17676 10001 11642 7 18916 962 37453 7043 1352 484 575 31660 31525 889 20502 1323 56 133 1948 1275 2425 141 1151
156788 1024 95 4791 366 16071 59021 31367 8902 4965 696 1332 27982 10978 6228 7318 3 11763 602 23260 4338 835 302 348 19637 19442 552 12726 815 38 83 1194 775 1498 90 711
156792 1021 95 6477 490 21575 79431 41992 12007 6630 908 1803 37550 14688 8363 9747 5 15838 776 31079 5822 1129 395 470 26288 26197 741 17024 1119 44 115 1618 1067 2017 123 984
156793 1026 103 71498 5490 239788 881036 468988 132784 74156 10332 19825 417233 163743 92920 108583 55 175131 8969 346539 65114 12568 4532 5337 292982 290714 8262 190162 12263 517 1242 17961 11661 22494 1343 10696
156794 1025 102 3503 258 11626 42941 22719 6472 3601 504 968 20345 7992 4537 5320 2 8496 435 16886 3138 607 218 258 14246 14147 406 9181 597 27 61 878 581 1095 65 519
156795 1022 106 15980 1223 53595 196923 104720 29719 16528 2296 4442 93369 36551 20762 24223 13 39082 1999 77347 14520 2814 990 1183 65375 65050 1851 42432 2766 117 278 4000 2619 5018 298 2384
156796 1023 107 26837 2067 90178 330774 176267 49980 27882 3905 7410 156977 61556 34887 40980 18 65899 3366 130390 24352 4719 1712 1994 109989 109236 3097 71498 4604 201 461 6745 4373 8459 507 3999
156797 1036 111 26782 2048 90209 330532 176247 49986 27780 3879 7431 156778 61496 34890 40771 20 65839 3329 130071 24379 4702 1699 1969 109764 109287 3082 71381 4601 198 467 6750 4378 8391 504 4005
156798 1025 106 21382 1620 71703 263053 139886 39797 22106 3054 5926 124646 48895 27729 32421 15 52205 2641 103118 19396 3762 1338 1585 87468 86810 2475 56638 3706 153 374 5343 3478 6716 404 3225
156799 1010 97 6941 530 23286 85793 45712 12900 7233 1014 1920 40478 15883 9045 10550 5 17102 888 33845 6345 1224 449 520 28450 28389 810 18491 1188 50 121 1743 1123 2187 131 1034
156800 1070 158 15761 1213 53033 194501 103581 29317 16417 2289 4377 92158 36153 20464 23927 10 38675 1984 76498 14369 2761 997 1150 64697 64185 1825 41935 2713 116 274 3951 2580 4950 294 2354
156801 1081 156 31598 2431 106230 389154 207782 58881 32739 4574 8753 184467 72487 41095 48196 23 77436 3971 153409 28695 5545 2010 2369 129231 128587 3661 84302 5424 233 547 7971 5175 9898 600 4690
156802 1083 155 18962 1436 63705 233708 124470 35281 19637 2742 5266 110733 43402 24629 28997 15 46469 2351 92097 17255 3334 1194 1405 77675 77128 2179 50442 3271 139 333 4761 3092 5931 357 2847
156803 1067 154 9792 747 33038 120965 64549 18280 10147 1415 2723 57345 22519 12790 14953 5 24091 1212 47652 8880 1714 617 724 40184 40068 1118 26181 1689 68 170 2459 1609 3098 187 1468
156804 1075 153 8698 679 29337 107384 57375 16259 9020 1262 2418 50978 19983 11326 13281 6 21401 1094 42296 7929 1528 554 660 35733 35497 997 23257 1495 62 152 2183 1435 2741 166 1291
156805 1072 154 54859 4193 184217 675527 360362 102011 56893 7956 15157 320044 125719 71355 83546 36 134386 6872 266205 49826 9619 3495 4093 224409 223113 6339 146006 9418 404 949 13781 8962 17176 1046 8198
156806 1080 128 4598 340 15372 56580 30096 8481 4734 660 1279 26760 10464 5974 6942 4 11221 576 22274 4166 803 287 339 18772 18733 519 12167 790 31 80 1155 754 1439 87 688
156807 1077 126 38294 2923 128355 471010 250735 71182 39521 5523 10607 223187 87516 49800 58002 28 93634 4748 185063 34641 6730 2424 2791 156527 155453 4389 101535 6591 273 669 9644 6228 11987 731 5782
156808 1072 124 5231 394 17499 64463 34073 9715 5422 739 1456 30526 11916 6755 7964 3 12812 639 25256 4752 902 321 382 21344 21308 608 13831 905 36 91 1311 856 1633 99 792
156809 1072 123 4638 349 15573 57146 30465 8630 4805 663 1288 27087 10613 6044 7030 3 11358 580 22472 4220 811 290 334 18941 18893 521 12317 792 33 80 1166 759 1454 86 695
156811 1073 123 10866 832 36638 134168 71457 20234 11262 1561 3016 63601 24922 14139 16601 8 26709 1355 52754 9905 1900 689 809 44573 44301 1253 28944 1867 78 190 2734 1787 3403 204 1624
156812 1083 116 19912 1545 67040 245586 131114 37157 20686 2890 5495 116367 45698 25912 30188 15 48846 2498 96885 18131 3496 1281 1481 81825 81029 2271 53119 3412 147 341 5020 3249 6262 380 2959
156813 1013 101 30038 2314 101079 370493 198155 55924 31186 4392 8312 175479 68966 39075 45608 21 73703 3782 146094 27328 5276 1939 2249 123128 122546 3454 80152 5134 226 522 7544 4936 9435 564 4473
156814 1031 111 32851 2522 110401 404765 215499 61227 34104 4734 9134 192138 75455 42774 50132 20 80606 4106 159205 29897 5762 2083 2442 134622 133456 3831 87557 5659 237 567 8235 5353 10321 619 4925
156815 1031 105 410 28 1366 4967 2602 771 408 55 110 2375 924 531 639 0 994 42 1938 352 72 22 25 1638 1631 45 1066 72 2 7 102 64 122 8 70
156816 1030 105 4456 332 14912 54830 28886 8302 4588 632 1242 26010 10153 5804 6719 2 10868 535 21429 4011 781 270 321 18203 18038 515 11716 776 31 79 1119 726 1407 83 687
156817 1026 102 6342 483 21308 78082 41619 11832 6558 915 1767 37067 14525 8248 9600 5 15531 786 30734 5768 1112 402 466 26020 25775 728 16885 1087 44 111 1582 1025 1983 118 941
156818 1032 106 14522 1116 48868 178944 95404 27141 15077 2102 4008 84778 33326 18927 22083 10 35638 1809 70388 13253 2555 925 1077 59452 59050 1683 38707 2493 106 254 3654 2369 4544 275 2179
156819 1033 102 5668 432 19060 69685 37276 10561 5875 820 1562 33076 13015 7387 8763 3 13911 704 27568 5133 997 357 423 23120 23002 650 15149 988 42 97 1414 928 1771 109 849
156820 1040 125 13458 1042 45229 165851 88294 25158 13944 1941 3749 78673 30885 17556 20530 9 32987 1685 65242 12223 2375 845 1004 55175 54668 1573 35844 2321 98 235 3384 2184 4224 255 2017
156821 1046 127 11597 890 39137 143552 76799 21620 12017 1688 3225 68025 26698 15149 17717 9 28563 1461 56589 10561 2036 738 868 47689 47579 1332 30984 1986 82 201 2931 1908 3657 218 1718
156824 1047 125 963 75 3204 11840 6178 1801 1001 137 273 5617 2187 1254 1444 1 2344 120 4580 884 171 59 63 3953 3869 113 2510 168 7 16 239 154 301 17 145
156826 1043 125 12558 954 42069 154761 82394 23300 13046 1826 3473 73214 28769 16307 19077 7 30771 1588 60840 11443 2210 803 934 51517 50997 1451 33501 2159 91 216 3171 2047 3951 235 1877
156827 1023 107 39408 3053 132387 485657 259537 73191 40913 5726 10904 230041 90403 51194 59851 29 96524 4977 191455 35919 6928 2527 2951 161465 160443 4552 105102 6742 295 678 9952 6440 12379 738 5827
156829 1048 126 7800 601 26385 96487 51813 14566 8111 1133 2163 45780 17975 10170 11912 5 19162 968 38069 7115 1380 502 596 32097 31946 903 20976 1335 56 134 1978 1277 2451 147 1159
156831 1059 124 25647 1979 86446 316753 169119 47816 26634 3725 7113 150054 59012 33373 39070 19 63096 3238 124820 23335 4498 1640 1916 105266 104735 2939 68512 4408 186 448 6472 4227 8064 481 3826
156832 1063 114 1486 111 4976 18256 9607 2777 1522 208 410 8657 3403 1936 2275 0 3617 171 7142 1329 262 91 101 6068 5997 167 3880 259 10 26 375 241 456 29 233
156833 1049 114 2176 167 7277 26682 14295 4027 2260 322 595 12591 5003 2814 3240 1 5297 279 10534 1985 379 142 160 8898 8809 252 5790 362 18 36 544 357 678 39 311
156834 1061 114 4460 342 14953 54798 28998 8326 4609 638 1240 26048 10185 5801 6693 2 10878 543 21311 4047 782 274 327 18221 18020 515 11734 776 32 79 1104 712 1398 81 679
156835 1061 114 11902 918 40050 146881 78460 22175 12386 1742 3277 69605 27372 15475 18224 8 29205 1511 58009 10832 2104 760 888 48825 48524 1392 31774 2051 94 202 3006 1949 3766 226 1753
156836 1071 116 44839 3377 150213 552136 293166 83424 46320 6425 12469 261533 102449 58272 68019 32 109605 5558 216609 40588 7879 2802 3306 183331 182111 5161 118694 7735 322 789 11237 7336 14052 849 6773
156837 1061 122 72299 5522 242483 890747 474909 134129 74993 10492 20008 421537 165709 93935 109535 53 177066 9083 350530 65759 12695 4608 5348 296018 294166 8287 192457 12387 517 1257 18203 11796 22675 1367 10803
156838 1049 112 7972 624 26872 98562 52685 14867 8331 1177 2208 46777 18368 10389 12070 6 19612 1028 38802 7295 1405 524 599 32881 32573 916 21317 1360 58 137 2002 1294 2515 148 1179
156839 1057 116 9477 715 31919 116769 62330 17718 9829 1365 2639 55489 21764 12346 14495 7 23210 1200 46007 8615 1670 601 711 38797 38503 1103 25293 1634 72 164 2373 1548 2964 178 1418
156841 1057 116 9904 744 33027 121757 64552 18274 10235 1424 2756 57448 22575 12797 14992 7 24148 1243 47897 8976 1738 620 730 40405 40120 1152 26197 1688 74 171 2462 1613 3102 184 1475
156842 1001 98 9629 725 32267 118477 63154 17943 9979 1405 2663 56112 22024 12533 14637 5 23529 1198 46610 8722 1696 621 713 39347 39085 1117 25632 1661 71 164 2420 1562 3032 182 1441
156844 1033 117 6048 462 20256 74507 39696 11198 6279 876 1674 35227 13820 7835 9161 4 14815 757 29376 5517 1073 386 458 24748 24614 701 16100 1033 45 102 1535 981 1887 114 894
156845 1038 121 1763 137 5909 21784 11568 3294 1835 251 494 10278 4054 2295 2653 1 4331 226 8566 1630 310 113 129 7269 7147 209 4712 301 12 29 445 289 563 33 261
156848 1041 120 23041 1770 77627 283895 151238 42902 23908 3328 6387 134834 52830 29965 35187 16 56479 2881 111728 20930 4037 1457 1707 94357 93669 2665 61388 3965 169 403 5780 3751 7230 434 3452
156849 1047 123 31359 2414 105230 386363 205598 58259 32539 4536 8686 183311 71794 40720 47772 21 76807 3929 151875 28435 5485 1990 2334 128493 127463 3642 83349 5389 235 543 7892 5140 9840 589 4675
156850 1046 112 23516 1790 78677 289117 153854 43575 24322 3387 6498 136943 53747 30475 35672 15 57531 2932 113713 21293 4112 1500 1734 96094 95352 2691 62396 4027 170 406 5897 3845 7376 446 3501
156851 1047 112 17324 1314 57997 213069 113492 32212 17922 2497 4798 100711 39544 22496 25973 12 42277 2143 83551 15732 3037 1090 1278 70748 70429 1974 45889 2976 120 302 4353 2832 5419 328 2607
156852 1046 113 4891 373 16430 60318 32038 9116 5047 702 1360 28547 11193 6381 7421 3 11997 598 23729 4426 854 306 353 20017 19969 562 12963 835 35 87 1220 801 1538 92 739
156854 1047 116 10667 829 35948 131648 70531 19859 11061 1555 2945 62488 24523 13881 16294 8 26209 1359 51945 9702 1889 688 807 43866 43522 1238 28594 1822 78 182 2684 1745 3357 202 1575
156855 1057 129 21996 1686 73675 270470 143863 40872 22687 3166 6108 128211 50318 28571 33488 17 53762 2730 106481 19882 3856 1384 1599 89811 89253 2521 58247 3778 157 379 5506 3597 6883 420 3283
156856 1056 129 1766 130 5918 21675 11643 3237 1822 254 486 10241 4020 2279 2646 1 4292 217 8530 1606 311 109 134 7202 7177 204 4717 300 12 30 451 287 553 32 262
156857 1057 129 11077 858 37343 136684 73181 20666 11513 1628 3056 64840 25433 14442 16979 8 27227 1386 54015 10067 1937 721 835 45416 45233 1250 29652 1897 81 192 2781 1818 3483 214 1644
156858 1057 129 5354 418 17940 65747 35236 9904 5551 778 1469 31149 12277 6915 8014 4 13080 683 25928 4871 934 346 401 21888 21744 613 14257 906 41 90 1330 879 1692 98 774
156859 1056 129 9132 685 30496 112240 59536 16968 9448 1322 2523 53062 20793 11886 13763 6 22255 1133 43964 8266 1616 584 672 37305 36956 1050 24110 1577 66 161 2303 1476 2872 175 1380
156860 1061 129 20626 1592 69402 254620 135723 38422 21403 2983 5713 120866 47334 26838 31557 15 50680 2585 100360 18784 3616 1312 1525 84625 84115 2381 55038 3540 150 356 5189 3399 6467 389 3086
156861 1067 130 2807 213 9414 34455 18385 5228 2872 396 777 16340 6389 3629 4224 2 6870 347 13561 2536 488 172 205 11446 11450 313 7438 479 18 49 707 464 880 54 422
156862 1066 132 6396 483 21274 78716 41579 11800 6616 926 1783 37130 14532 8298 9591 5 15536 788 30756 5806 1128 404 475 26192 25854 730 16833 1111 49 110 1598 1050 2020 120 959
156863 1074 131 31394 2426 105437 386548 205807 58442 32523 4529 8684 183167 71821 40792 47485 25 76775 3903 151824 28536 5504 1964 2297 128498 127706 3609 83324 5405 224 551 7899 5137 9859 590 4703
156864 1068 124 31693 2422 106493 391029 208730 58841 32907 4596 8783 185091 72668 41197 48167 21 77666 3990 153874 28871 5590 2024 2359 130037 129140 3651 84494 5445 233 548 7987 5183 9958 599 4729
156865 1113 130 6489 499 21851 79938 42823 12111 6686 929 1799 37972 14903 8437 9913 4 15935 810 31473 5871 1142 402 499 26519 26445 755 17347 1127 44 112 1638 1072 2041 125 975
156866 1116 128 17829 1351 59966 219559 117247 33156 18386 2564 4956 104020 40835 23184 27076 12 43679 2228 86464 16139 3113 1127 1328 72971 72560 2011 47412 3074 129 310 4482 2946 5569 342 2668
156867 1093 123 16769 1276 56166 206474 109972 31128 17336 2410 4655 97736 38390 21803 25508 11 41042 2108 81433 15231 2932 1051 1248 68619 68187 1922 44603 2880 122 289 4186 2755 5291 317 2496
156868 1092 123 4747 365 15991 58597 31286 8873 4929 680 1313 27684 10883 6193 7128 2 11637 589 22997 4320 837 302 351 19495 19345 542 12661 814 35 81 1200 785 1486 89 714
156869 1092 123 12885 974 43078 158337 84001 23954 13314 1861 3559 75070 29364 16772 19399 9 31418 1587 61990 11632 2256 820 927 52699 52203 1460 33983 2235 86 226 3216 2097 4044 248 1962
156871 1077 119 22378 1714 75163 275813 146821 41588 23254 3240 6175 130626 51256 29076 34104 17 54892 2795 108637 20342 3937 1411 1642 91736 91029 2582 59560 3866 168 386 5645 3646 7044 420 3358
156873 1087 119 1286 100 4328 15860 8423 2420 1313 181 362 7535 2939 1672 1962 0 3154 156 6209 1164 226 79 93 5242 5236 145 3389 232 7 23 323 211 402 26 200
156874 1081 115 2201 163 7343 26991 14281 4066 2263 313 609 12758 5004 2857 3282 1 5367 261 10574 1982 380 134 153 8974 8899 246 5778 378 16 38 551 364 694 41 332
156875 1082 115 7568 569 25353 93110 49439 14066 7811 1070 2095 44169 17310 9834 11495 5 18494 929 36535 6867 1327 474 548 30952 30666 878 20060 1304 52 133 1892 1223 2389 145 1157
156876 1036 102 2207 170 7351 27194 14422 4080 2273 316 618 12793 5030 2847 3288 2 5405 274 10634 2001 383 138 158 9013 8999 254 5816 382 15 38 551 367 696 41 325
156877 1041 106 12624 968 42535 155760 83100 23584 13089 1828 3496 73765 28979 16471 19195 10 30924 1573 61283 11486 2229 795 934 51660 51490 1468 33652 2167 93 219 3186 2078 3974 237 1883
156878 1050 103 5590 422 18716 68641 36610 10366 5775 809 1554 32535 12731 7227 8492 4 13636 696 27032 5074 984 349 404 22780 22684 640 14832 962 38 98 1402 900 1737 105 843
156880 1062 107 22035 1717 74172 271586 144924 41067 22880 3207 6075 128730 50637 28663 33642 16 54005 2787 107122 20053 3867 1411 1638 90287 89632 2558 58746 3783 165 380 5538 3611 6930 413 3266
156881 1057 103 7632 590 25618 93873 50122 14200 7934 1114 2096 44498 17523 9919 11582 5 18693 956 37038 6922 1344 493 564 31202 31003 872 20367 1304 55 131 1906 1246 2400 143 1137
156882 1055 100 11011 845 36991 135823 72475 20467 11394 1586 3050 64280 25230 14311 16728 8 27030 1393 53533 10008 1930 694 830 45170 44978 1264 29337 1882 78 191 2757 1809 3471 207 1640
156883 1022 105 16254 1247 54779 200552 107052 30377 16890 2371 4465 94900 37344 21220 24685 11 39872 2039 78977 14763 2865 1041 1201 66731 66211 1864 43342 2787 120 279 4093 2649 5136 311 2434
156884 1028 108 10588 806 35459 130081 69177 19670 10914 1521 2951 61625 24123 13780 16047 8 25823 1293 50992 9564 1852 668 794 43254 42918 1194 27981 1850 72 188 2645 1715 3334 203 1607
156885 1045 113 14286 1092 47919 176268 93596 26588 14812 2053 3986 83370 32726 18593 21689 11 35050 1788 69278 13026 2495 901 1049 58563 58146 1643 37998 2449 102 250 3576 2333 4495 272 2143
156886 1022 106 771 57 2561 9467 4976 1434 793 111 214 4499 1736 1003 1160 0 1872 93 3675 695 133 46 54 3141 3123 88 2013 135 5 13 193 124 245 13 116
156887 996 91 3790 287 12661 46453 24707 7031 3908 538 1044 21963 8623 4936 5752 3 9211 473 18286 3429 668 237 278 15456 15279 432 10047 649 27 65 950 606 1194 72 567
156888 998 91 17980 1381 60304 221228 117919 33389 18652 2610 4972 104784 41148 23334 27172 14 43912 2255 87003 16364 3151 1139 1334 73571 73042 2074 47768 3074 128 311 4515 2944 5646 339 2679
156892 1008 91 8393 655 28300 103798 55639 15644 8737 1236 2322 49114 19298 10939 12804 6 20719 1056 41060 7674 1478 550 637 34568 34319 949 22553 1428 61 144 2129 1376 2649 161 1248
156893 1007 91 31530 2427 105923 388499 207312 58656 32727 4548 8726 184238 72299 40951 48152 20 77281 3953 153219 28710 5545 1994 2343 129158 128337 3649 84054 5406 232 544 7930 5144 9875 596 4698
156894 1012 90 8888 680 29858 109490 58372 16573 9221 1282 2472 51832 20378 11573 13438 6 21756 1110 43084 8101 1559 565 651 36387 36138 1013 23652 1522 64 156 2223 1449 2781 172 1341
156895 1008 95 1743 126 5790 21298 11327 3221 1769 241 478 10106 3974 2260 2646 1 4229 211 8324 1550 304 101 131 7047 7008 204 4600 310 12 30 437 287 539 33 271
156896 1011 92 3524 272 11834 43486 23252 6582 3643 514 970 20554 8093 4589 5374 2 8659 438 17194 3215 620 230 262 14457 14379 414 9444 603 27 61 887 591 1116 65 518
156897 1010 89 10765 823 36127 132657 70659 19985 11158 1542 2992 62905 24697 13988 16396 6 26400 1333 52163 9785 1895 680 802 44115 43744 1257 28664 1846 80 186 2722 1750 3395 199 1605
156898 1052 92 18805 1434 63042 231398 123284 34879 19477 2696 5182 109799 43016 24397 28590 14 45996 2343 91071 17137 3301 1182 1400 76976 76401 2177 50075 3220 135 327 4732 3063 5902 347 2800
156899 1048 97 7862 607 26370 96686 51711 14606 8154 1143 2163 45827 18044 10204 11864 5 19193 1001 38099 7143 1380 500 586 32217 31849 921 20974 1340 59 132 1988 1280 2479 146 1154
156900 1048 96 9114 713 30763 112520 60161 17043 9462 1327 2530 53458 20952 11872 13960 7 22432 1147 44364 8310 1599 585 694 37462 37201 1048 24398 1565 65 159 2286 1504 2869 174 1350
156901 1049 96 1620 117 5456 19948 10643 3042 1650 228 452 9471 3694 2112 2505 0 3970 187 7823 1446 286 101 118 6563 6613 179 4273 288 10 29 411 271 494 33 257
156902 1068 100 2721 207 9025 33248 17661 5019 2818 392 745 15679 6202 3508 4095 2 6630 335 13078 2452 473 175 198 11027 10946 308 7160 459 21 47 678 446 853 51 400
156904 1072 96 5815 453 19540 71719 38263 10846 6043 834 1605 34059 13298 7548 8896 4 14313 718 28250 5335 1029 369 436 23804 23764 674 15496 994 41 101 1455 950 1814 108 873
156905 1080 96 219 12 709 2625 1355 396 214 29 59 1238 483 279 330 0 517 22 1020 184 38 13 14 866 859 25 548 38 1 3 53 35 66 4 35
156906 1049 107 8474 653 28430 104295 55615 15735 8770 1231 2348 49298 19370 10986 12760 7 20744 1064 40988 7727 1477 543 629 34646 34468 966 22524 1460 61 145 2116 1401 2669 159 1254
156907 1049 107 7771 604 26161 95697 50989 14559 8062 1114 2150 45492 17852 10120 11958 5 19115 954 37710 7045 1350 492 584 31768 31577 915 20719 1351 56 136 1942 1285 2447 148 1160
156908 1051 107 9489 735 31921 117081 62318 17660 9858 1357 2637 55579 21743 12340 14465 7 23268 1195 46071 8687 1667 600 699 38961 38583 1108 25270 1630 67 162 2386 1560 2967 176 1425
156909 1052 109 29983 2337 100821 369449 197523 55738 31124 4371 8323 175234 68806 38911 45582 24 73566 3776 145638 27272 5270 1920 2255 122882 122190 3451 80070 5125 219 520 7547 4896 9434 568 4451
156911 1046 103 3393 256 11355 41834 22312 6309 3505 488 940 19744 7767 4425 5083 1 8324 431 16437 3071 594 217 250 13914 13816 377 9059 590 25 57 845 561 1068 65 499
156912 1044 103 5956 458 20062 73476 39268 11097 6159 856 1656 34847 13640 7766 9068 4 14634 743 29010 5400 1053 379 450 24410 24353 681 15896 1025 43 103 1505 986 1853 114 901
156913 1046 103 4542 348 15250 56039 29803 8473 4701 662 1260 26604 10427 5921 6952 3 11115 564 22042 4123 806 290 340 18636 18491 523 12055 788 31 79 1138 731 1425 88 688
156914 1044 106 17777 1349 59648 218947 116679 33151 18404 2578 4940 103850 40749 23165 26914 12 43501 2223 86280 16156 3131 1120 1307 72728 72325 2027 47228 3056 132 306 4442 2926 5595 334 2652
156915 1044 106 16348 1240 54859 201403 107256 30447 16922 2362 4524 95489 37505 21260 24964 12 40048 2046 79327 14804 2866 1033 1215 66910 66431 1882 43497 2817 116 285 4104 2667 5128 312 2449
156916 1060 106 6400 492 21493 78801 41939 11934 6678 937 1753 37319 14718 8349 9649 5 15632 810 30929 5856 1136 417 482 26331 25950 749 17031 1079 48 109 1598 1045 2028 117 940
156918 1051 104 3470 258 11649 42774 22668 6492 3567 496 969 20295 7953 4523 5264 2 8479 413 16719 3131 608 214 247 14197 14075 397 9180 603 23 61 873 574 1090 66 532
156919 1053 104 25269 1936 84785 311444 165537 47043 26184 3644 6995 147706 57898 32869 38356 16 61862 3154 122240 22986 4452 1611 1873 103609 102683 2944 67118 4352 181 440 6339 4104 7945 471 3784
156920 1052 104 16876 1282 56616 208191 110805 31361 17493 2430 4703 98539 38717 21982 25619 12 41353 2127 81735 15381 2971 1074 1252 69202 68703 1953 44900 2905 121 292 4227 2767 5296 318 2528
156922 1033 90 8542 654 28715 105252 56134 15836 8888 1245 2367 49849 19583 11093 13020 7 20968 1071 41498 7790 1500 545 632 34959 34769 972 22739 1460 63 147 2130 1398 2671 163 1263
156923 1032 90 4123 314 13865 50769 26954 7693 4265 593 1136 24129 9432 5386 6309 2 10116 504 19945 3725 729 260 307 16897 16744 477 10931 715 29 73 1026 669 1303 78 624
156924 1034 89 2388 181 8019 29163 15538 4424 2451 331 655 13881 5465 3092 3647 1 5807 290 11485 2161 408 141 173 9652 9600 270 6348 408 16 40 592 390 733 45 358
156926 1034 90 19415 1509 65437 239458 128113 36256 20127 2810 5394 113780 44621 25228 29556 13 47734 2439 94392 17687 3399 1243 1443 79628 79272 2229 51818 3308 142 334 4878 3185 6092 367 2884
156927 1036 88 8418 634 28203 103761 55146 15645 8704 1211 2330 49227 19252 10947 12810 6 20553 1053 40715 7652 1496 527 637 34470 34229 983 22335 1453 62 148 2114 1365 2649 160 1267
156928 1035 87 1350 103 4501 16571 8836 2475 1395 193 374 7839 3045 1735 2034 0 3304 162 6532 1226 234 84 97 5486 5492 148 3578 232 9 24 338 220 422 26 204
156929 1035 87 5491 404 18337 67046 35663 10185 5613 779 1507 31725 12453 7090 8239 3 13346 664 26314 4932 954 334 396 22218 22167 603 14439 948 37 96 1381 894 1705 105 841
156933 1039 87 3231 247 10835 39595 21207 5981 3347 475 878 18695 7395 4185 4878 2 7858 403 15605 2926 562 211 240 13134 13065 367 8577 542 27 54 814 531 1009 59 467
156934 1040 87 1734 138 5856 21399 11508 3232 1807 256 472 10147 3991 2258 2655 1 4283 215 8470 1586 305 113 131 7110 7093 196 4670 294 13 30 443 289 548 33 256
156935 1038 87 8975 681 30145 110290 58853 16659 9255 1277 2480 52233 20452 11630 13663 7 21931 1114 43491 8162 1567 554 675 36538 36443 1010 23825 1539 63 153 2255 1468 2774 172 1348
156936 1044 92 2899 231 9802 35771 19123 5402 3006 416 800 17009 6688 3770 4411 1 7142 365 14095 2657 510 184 215 11901 11814 329 7764 496 21 49 731 470 914 54 430
156937 1067 98 44239 3393 148337 545251 290466 82164 45982 6416 12244 257974 101417 57522 67188 32 108359 5570 214584 40345 7784 2831 3314 181212 179804 5157 117814 7571 334 759 11135 7208 13929 832 6574
156938 1062 96 5330 407 17780 65507 34770 9855 5520 776 1483 31046 12210 6930 8005 3 12999 664 25670 4823 937 343 389 21884 21525 617 14123 915 39 91 1329 858 1676 98 794
156939 1063 95 3673 289 12495 45598 24509 6907 3809 534 1030 21608 8518 4820 5667 2 9120 472 18069 3366 649 235 281 15162 15085 420 9938 638 25 64 919 613 1151 72 548
156940 1063 95 11249 847 37668 138414 73680 20836 11652 1620 3119 65563 25676 14596 17005 9 27489 1399 54365 10228 1974 708 827 45981 45732 1281 29795 1918 83 194 2804 1830 3515 209 1684
156941 1050 94 23218 1790 78145 286103 152846 43203 24142 3382 6401 135505 53361 30167 35364 20 56842 2933 112922 21161 4087 1487 1732 95136 94566 2688 61876 3976 176 401 5827 3774 7289 435 3443
156942 1049 94 730 56 2441 8906 4787 1362 756 105 193 4236 1662 935 1083 0 1768 94 3499 665 129 45 57 2978 2964 86 1943 122 5 12 176 116 228 13 104
156943 1037 87 606 47 2007 7447 3933 1111 613 83 166 3495 1375 781 889 0 1477 73 2910 543 103 35 47 2468 2452 67 1603 105 4 9 153 97 195 11 90
156944 1047 88 1976 153 6666 24356 13039 3674 2051 286 537 11515 4530 2560 3021 1 4841 252 9619 1798 349 127 147 8077 8068 235 5288 341 14 33 492 319 613 36 285
156945 1047 90 21932 1691 73710 269936 143939 40832 22717 3189 6046 128116 50282 28531 33370 16 53683 2757 106335 19894 3841 1407 1614 89817 89029 2542 58431 3768 165 378 5502 3587 6888 414 3267
156946 1047 90 16019 1211 53763 196996 104859 29799 16506 2286 4459 93303 36543 20789 24386 11 39290 1983 77540 14447 2804 991 1171 65394 65097 1817 42396 2763 114 283 4002 2636 4997 307 2418
156947 1043 88 211 14 696 2605 1337 391 216 28 61 1242 477 272 322 0 512 26 989 191 38 10 16 863 849 24 533 39 0 3 52 35 66 4 34
156949 1052 93 23580 1825 79298 290873 155120 43870 24481 3428 6546 137911 54188 30674 35751 16 57921 2954 114468 21477 4135 1492 1755 96775 95954 2731 62849 4042 174 408 5916 3852 7433 440 3514
156950 1044 92 3947 303 13275 48680 26034 7350 4096 570 1087 22936 9055 5175 5955 3 9694 513 19196 3583 699 257 297 16229 16062 445 10568 670 29 67 995 650 1241 76 586
156951 1044 87 28389 2203 95597 350146 187082 52946 29480 4133 7854 165954 65237 36981 43317 20 69678 3559 138126 25857 4979 1809 2090 116329 115698 3267 75761 4866 207 489 7158 4645 8918 542 4235
156952 1037 87 13764 1060 46087 169547 90263 25460 14313 1993 3825 80113 31507 17831 20812 10 33646 1725 66633 12532 2411 884 1014 56426 55824 1590 36570 2349 99 236 3452 2244 4333 257 2053
156954 1037 87 7574 582 25568 93639 49872 14174 7843 1100 2103 44404 17439 9911 11658 6 18652 948 36983 6896 1345 482 561 31035 30928 883 20226 1309 58 132 1917 1243 2367 146 1143
156955 1049 98 13513 1046 45460 166702 88873 25307 14059 1961 3736 79129 31028 17659 20511 9 33137 1703 65578 12310 2391 862 1021 55537 54971 1566 36058 2325 101 235 3397 2192 4255 260 2028
156956 1055 97 9301 708 31262 114433 60864 17438 9618 1339 2574 54420 21318 12146 14124 6 22724 1146 44920 8428 1658 568 683 38083 37757 1077 24668 1603 66 164 2338 1510 2923 178 1426
156958 1053 94 12780 963 42778 157442 83678 23726 13207 1846 3530 74579 29255 16662 19331 8 31301 1590 61790 11579 2253 808 933 52355 52004 1469 33864 2212 92 221 3221 2091 4020 242 1919
156959 1054 91 3878 297 12927 47742 25286 7138 4012 558 1081 22507 8823 5027 5821 3 9428 475 18707 3528 677 245 278 15900 15704 445 10237 670 27 65 975 640 1221 71 575
156961 1052 85 23071 1779 77166 284168 151320 42678 24009 3371 6377 134370 52901 29952 34886 17 56436 2924 111930 21098 4042 1490 1709 94570 93703 2653 61334 3926 178 395 5784 3788 7287 429 3371
156963 1052 92 7520 577 25224 92542 49363 14003 7789 1090 2077 43820 17200 9756 11461 4 18386 940 36415 6854 1321 480 567 30790 30524 870 20016 1287 56 130 1895 1228 2350 142 1122
156964 1052 92 12038 920 40355 148245 78968 22285 12450 1730 3344 70253 27447 15612 18322 9 29476 1499 58394 10941 2093 765 902 49185 48980 1391 32012 2069 87 209 3019 1980 3773 224 1791
156965 1050 91 767 57 2575 9447 4990 1438 801 111 215 4490 1763 999 1194 0 1885 90 3734 694 137 48 54 3138 3117 89 2042 130 5 14 188 120 240 14 119
156966 1019 83 6534 489 21855 80190 42561 12100 6731 923 1818 38126 14845 8458 9927 4 15973 788 31504 5902 1130 402 473 26568 26497 746 17188 1127 47 115 1628 1078 2023 123 992
156967 1024 84 10407 781 34800 127848 67912 19344 10727 1494 2867 60669 23755 13526 15737 6 25390 1276 50047 9404 1821 660 762 42503 42145 1187 27508 1807 69 185 2604 1696 3262 198 1576
156968 1023 83 2440 185 8248 30262 16125 4599 2531 362 678 14377 5617 3227 3740 2 6025 312 11869 2225 438 158 178 10065 9980 281 6523 423 18 42 625 389 772 48 375
156969 1023 83 4452 342 14990 54927 29274 8339 4631 654 1224 26021 10210 5807 6695 3 10892 559 21539 4071 783 289 330 18310 18106 504 11839 765 31 78 1126 722 1398 84 670
156970 1023 83 5102 391 16971 62536 33177 9424 5281 729 1410 29553 11661 6628 7625 4 12415 640 24537 4631 892 327 373 20807 20570 589 13467 865 37 87 1266 834 1610 94 746
156973 1047 92 10996 828 36970 135406 72169 20551 11404 1584 3050 64330 25166 14354 16721 8 26926 1356 53181 9993 1955 694 805 45055 44671 1275 29309 1906 78 190 2765 1774 3459 210 1678
156976 1039 90 11047 847 37182 136216 72843 20550 11464 1616 3038 64577 25419 14402 16768 9 27025 1394 53733 10026 1940 714 820 45332 44963 1273 29536 1891 84 190 2775 1807 3465 209 1631
156977 1044 95 3619 283 12176 44604 23785 6766 3752 526 993 21162 8294 4713 5556 2 8890 448 17605 3305 644 231 273 14837 14696 416 9695 623 25 64 908 582 1128 68 547
156978 1051 102 687 54 2312 8518 4507 1285 720 102 187 4016 1571 897 1045 0 1686 87 3341 626 122 44 51 2811 2817 80 1811 119 5 12 177 113 213 12 101
156979 1057 102 27684 2105 92838 340918 181790 51419 28632 4017 7663 161245 63333 35957 41728 20 67642 3465 133971 25113 4880 1762 2045 113338 112573 3167 73594 4761 198 481 7022 4546 8685 525 4147
156980 1047 89 14909 1147 50213 183849 98011 27878 15416 2151 4153 87325 34217 19469 22728 10 36538 1856 72367 13555 2623 934 1106 61256 60629 1715 39745 2585 107 263 3729 2462 4682 285 2244
156981 1042 87 18224 1397 61231 224484 119890 33923 18872 2641 5065 106369 41747 23651 27743 14 44649 2305 88511 16564 3187 1150 1373 74475 74323 2112 48517 3130 136 315 4566 2987 5706 344 2705
156982 1042 87 11535 879 38521 141700 75199 21440 11890 1652 3208 67038 26277 14991 17359 8 28187 1401 55448 10419 2031 720 851 47072 46673 1308 30496 1988 81 199 2897 1880 3615 218 1745
156983 1069 103 22470 1736 75267 276449 147453 41624 23302 3272 6191 130815 51379 29130 33912 16 54922 2850 109009 20444 3938 1437 1660 91918 91277 2578 59732 3825 170 384 5645 3685 7082 421 3294
156984 1044 86 7334 556 24619 90196 47868 13701 7586 1055 2025 42776 16790 9569 11080 5 17949 901 35294 6672 1294 461 540 29971 29716 847 19451 1256 50 129 1832 1182 2291 137 1114
156985 1044 86 6662 516 22434 82145 43982 12396 6914 965 1850 39030 15294 8636 10143 4 16313 844 32415 6078 1169 430 494 27368 27185 778 17821 1132 47 114 1680 1090 2091 123 986
156986 1041 84 6053 466 20370 74583 39740 11224 6322 883 1671 35333 13886 7854 9224 4 14834 772 29366 5539 1053 384 447 24797 24596 691 16163 1036 45 104 1533 977 1898 113 900
156987 1085 124 65091 5008 218582 802191 427331 121015 67562 9382 18014 379831 148973 84598 98721 51 159542 8190 315833 59226 11431 4121 4825 266781 264769 7485 173160 11121 472 1124 16341 10648 20492 1223 9691
156988 1091 124 53730 4143 180749 662633 353718 100228 55744 7793 14888 313875 123267 69999 81895 38 131908 6713 261133 48885 9455 3417 3984 220022 218976 6199 143212 9239 387 932 13555 8767 16880 1029 8050
156990 1054 88 21497 1651 72225 265146 141668 39907 22333 3144 5947 125596 49315 27963 32813 14 52802 2733 104729 19544 3778 1392 1610 88201 87630 2498 57429 3669 164 367 5393 3525 6770 408 3187
156991 1044 85 10960 841 36904 135323 71929 20459 11385 1580 3055 64212 25184 14322 16768 8 26916 1371 53185 9980 1935 693 823 44948 44633 1284 29225 1887 79 193 2731 1788 3446 206 1649
156993 1039 83 10704 821 35924 131893 70082 19923 11131 1556 2957 62619 24560 13927 16260 8 26190 1353 51859 9773 1878 676 780 43887 43478 1239 28405 1828 76 186 2692 1740 3357 200 1594
156994 1041 83 1730 132 5799 21276 11366 3235 1781 247 474 10117 3987 2251 2688 0 4240 208 8440 1543 300 108 124 7043 7039 206 4614 298 13 30 441 286 546 34 257
156995 1047 84 5446 425 18369 67262 35926 10140 5658 790 1513 31801 12516 7083 8220 4 13342 681 26492 4967 949 345 414 22304 22206 631 14537 941 41 94 1380 881 1713 103 801
156996 1049 125 11309 878 37982 139362 74249 21088 11763 1646 3123 65960 25962 14742 17175 9 27692 1438 54793 10268 1997 725 857 46366 45963 1308 30109 1949 81 198 2844 1833 3573 214 1696
156997 1049 125 58672 4496 197103 722679 384842 109309 60737 8488 16250 342566 134321 76358 88956 44 143621 7295 284184 53225 10313 3701 4302 240260 238707 6765 155772 10108 424 1023 14745 9581 18443 1112 8792
156999 1049 125 3607 280 12122 44474 23670 6732 3745 524 1003 21106 8313 4709 5491 2 8861 450 17471 3282 630 228 273 14778 14680 417 9605 620 28 64 902 592 1135 66 529
157000 1065 137 10253 802 34351 126083 67134 19098 10603 1481 2825 59949 23412 13296 15542 8 25052 1280 49597 9296 1791 654 765 41930 41759 1194 27175 1743 76 177 2556 1675 3215 190 1515
157001 1065 137 5825 438 19491 71659 37964 10819 6029 828 1606 33957 13325 7590 8960 4 14258 718 28161 5287 1029 360 429 23737 23632 697 15419 1008 43 102 1464 938 1825 107 875
157002 1068 138 8993 699 30346 111079 59383 16816 9357 1305 2492 52659 20671 11692 13788 7 22127 1126 43803 8216 1583 569 689 36920 36742 1054 24069 1541 63 156 2254 1468 2825 169 1336
157003 1018 99 18199 1367 60758 223626 119037 33580 18787 2610 5032 105619 41531 23554 27546 13 44426 2255 88004 16443 3185 1149 1360 74352 73761 2105 48286 3109 135 310 4567 2959 5726 342 2704
157004 1021 94 5100 390 17195 62930 33599 9513 5276 727 1415 29817 11673 6653 7761 4 12515 635 24798 4621 906 320 381 20885 20855 590 13628 891 36 89 1283 841 1604 97 772
157005 1018 94 868 60 2901 10558 5576 1623 885 123 236 5039 1958 1129 1326 0 2099 96 4113 762 157 50 56 3492 3489 96 2256 153 5 15 219 136 264 17 143
157006 1035 100 5618 419 18864 69106 36579 10522 5786 795 1573 32838 12853 7329 8561 3 13730 681 27030 5078 981 339 408 22969 22748 636 14829 978 38 100 1401 910 1758 107 861
157007 1026 94 4474 334 15002 54964 29168 8311 4601 643 1246 26116 10181 5808 6802 3 10896 543 21610 4031 776 275 324 18209 18190 508 11768 774 32 79 1115 731 1393 86 685
157008 1026 93 8035 612 27075 99229 52664 15041 8315 1150 2240 47133 18449 10517 12278 5 19833 973 38956 7256 1409 501 592 32926 32731 930 21418 1386 56 144 2017 1317 2521 150 1225
157009 1027 94 26729 2024 89874 329366 175612 49835 27659 3868 7418 156176 61376 34846 40753 20 65499 3307 129626 24238 4694 1685 1982 109440 108657 3082 71267 4608 192 468 6722 4373 8392 513 4009
157010 1029 96 5251 400 17556 64586 34316 9707 5434 753 1453 30499 11968 6819 7886 4 12780 655 25425 4747 916 330 384 21438 21347 598 13895 898 40 90 1317 853 1656 96 782
157011 1027 93 4299 323 14422 52901 28308 7960 4458 622 1179 24979 9827 5554 6492 3 10516 540 20889 3907 747 274 316 17516 17520 475 11432 734 29 74 1083 709 1348 82 637
157012 1039 112 6256 466 20918 76865 40786 11603 6445 899 1743 36296 14276 8117 9408 5 15263 776 30109 5667 1089 394 458 25508 25333 724 16526 1079 47 110 1571 1025 1943 117 935
157013 1039 104 15915 1212 53384 195793 104283 29634 16438 2268 4423 92753 36391 20640 24141 10 38914 1976 76820 14430 2790 1000 1192 65026 64607 1817 42251 2744 111 273 3990 2594 4960 304 2401
157015 1036 107 4680 344 15638 57722 30524 8657 4793 652 1309 27249 10612 6088 7031 4 11445 564 22515 4231 822 281 342 19149 19063 521 12350 814 31 84 1183 759 1482 90 726
157016 1046 103 23225 1774 77981 285705 152467 43167 24020 3358 6428 135360 53145 30210 35241 18 56784 2891 112506 21064 4091 1465 1747 94856 94420 2666 61735 3994 166 408 5836 3799 7289 444 3483
157017 1016 88 15283 1165 51208 187956 99873 28468 15818 2206 4248 89259 34959 19872 23161 12 37330 1876 73684 13852 2678 964 1113 62484 62032 1773 40404 2633 110 268 3824 2489 4786 290 2302
157018 1037 101 11322 854 38014 139681 74136 21016 11714 1619 3144 66118 25869 14736 17203 8 27742 1384 54775 10277 1994 702 823 46301 46143 1313 29993 1957 82 199 2851 1838 3528 215 1720
157019 1053 108 10922 837 36841 134822 71910 20336 11324 1571 3028 63921 25108 14256 16594 8 26796 1365 53053 9944 1916 686 810 44763 44482 1256 29131 1871 77 190 2748 1787 3434 207 1642
157020 1042 100 14892 1130 49945 183698 97543 27793 15414 2153 4132 86881 34040 19375 22536 13 36442 1863 72018 13511 2614 946 1097 61022 60564 1717 39427 2576 102 258 3743 2444 4696 282 2238
157022 1051 108 11211 875 37668 138224 73676 20832 11609 1623 3100 65521 25732 14579 17104 8 27486 1413 54474 10183 1978 709 833 45972 45667 1298 29855 1926 81 193 2827 1829 3513 212 1667
157023 1047 106 19637 1508 66279 241979 129407 36714 20334 2840 5464 114920 45076 25585 30073 14 48256 2438 95465 17828 3425 1237 1454 80375 80081 2256 52392 3359 143 343 4930 3212 6129 373 2927
157024 1047 106 13708 1056 45881 168563 89939 25376 14207 2005 3762 79764 31348 17775 20732 10 33522 1721 66413 12451 2405 883 1015 56074 55597 1553 36395 2342 99 235 3439 2235 4298 262 2034
157027 1050 103 8706 671 29148 107126 56873 16178 9007 1240 2413 50782 19940 11316 13150 5 21249 1066 41939 7904 1536 543 647 35645 35287 1023 23121 1510 61 154 2198 1408 2757 162 1312
157029 1050 103 4210 324 14160 51936 27612 7881 4362 603 1173 24628 9664 5504 6432 2 10330 530 20428 3806 745 260 313 17242 17144 492 11212 722 31 73 1063 677 1331 80 635
157030 1058 105 5369 407 18043 66282 35394 9974 5564 778 1497 31350 12315 6978 8118 3 13152 685 26071 4875 938 337 404 21960 21943 624 14287 928 39 94 1353 895 1695 99 793
157031 1059 104 6505 492 21837 80126 42754 12089 6730 940 1786 37935 14887 8455 9871 4 15902 813 31543 5906 1151 409 481 26637 26439 747 17295 1112 46 110 1633 1062 2041 125 976
157032 1058 104 5768 441 19516 71413 38203 10823 5993 845 1599 33838 13314 7548 8794 4 14207 736 28150 5267 1010 366 426 23670 23648 669 15424 989 44 102 1456 947 1807 108 855
157033 1060 104 3973 300 13390 48999 26319 7384 4121 587 1099 23203 9159 5161 6009 2 9735 501 19388 3621 694 258 296 16321 16206 442 10636 666 30 68 998 659 1258 75 583
157034 1058 107 17264 1308 57807 212650 113099 32047 17882 2503 4789 100486 39545 22445 26150 13 42233 2138 83533 15661 3040 1100 1271 70648 70145 1993 45819 2960 123 300 4330 2822 5412 329 2583
157036 1061 105 17065 1317 57606 210703 112744 31904 17719 2489 4719 100060 39231 22282 26083 13 41951 2136 83176 15482 2986 1098 1276 69968 69766 1934 45607 2935 125 296 4292 2793 5369 328 2538
157038 1056 103 49542 3799 166099 609713 325213 91930 51277 7136 13705 288641 113350 64218 75362 39 121084 6214 240195 44971 8714 3128 3689 202644 201365 5709 131778 8487 365 854 12459 8074 15552 940 7393
157039 1056 103 16249 1241 54686 200305 106940 30237 16860 2364 4495 94942 37293 21144 24647 12 39900 2031 78887 14771 2842 1048 1211 66568 66186 1849 43305 2801 120 281 4109 2668 5098 306 2426
157040 1058 107 17136 1308 57590 211343 112668 31860 17742 2474 4773 100148 39215 22254 26050 12 42013 2126 83145 15598 3009 1083 1272 70218 69891 1967 45635 2953 123 297 4293 2820 5377 322 2575
157042 1066 108 5119 396 17232 63139 33670 9542 5299 726 1418 29913 11770 6663 7847 4 12567 631 24886 4639 902 317 385 20938 20861 597 13670 888 36 90 1280 831 1619 98 769
157043 1061 108 2562 198 8582 31568 16837 4773 2670 373 704 14871 5895 3325 3864 2 6250 330 12357 2348 451 165 203 10533 10367 301 6856 438 19 44 635 409 812 46 375
157044 1085 113 5193 403 17534 64120 34220 9713 5371 744 1428 30400 11953 6778 7947 3 12772 649 25266 4732 910 329 377 21357 21139 592 13875 896 37 90 1305 858 1633 99 780
157045 1083 113 5242 415 17755 64957 34804 9822 5497 775 1441 30824 12128 6838 8029 3 12952 669 25672 4809 922 344 404 21632 21479 620 14127 884 39 87 1333 845 1656 97 766
157046 1083 113 12736 986 42910 157207 83917 23788 13260 1851 3507 74448 29281 16596 19441 9 31305 1622 61979 11611 2242 817 958 52263 51964 1482 34050 2177 92 221 3198 2047 4006 240 1898
157047 1087 112 5270 397 17703 65145 34615 9801 5466 759 1461 30658 12047 6860 7906 4 12877 656 25540 4810 936 336 396 21641 21545 606 14004 903 37 93 1314 866 1658 99 795
157048 1066 109 3863 306 12962 47539 25464 7177 4029 565 1053 22459 8869 4988 5916 2 9489 496 18880 3522 674 256 294 15808 15710 448 10357 650 28 64 966 625 1222 73 560
157050 1066 109 6162 491 20717 75913 40730 11468 6377 900 1704 36004 14175 8000 9482 4 15147 785 30115 5576 1078 400 474 25298 25118 713 16536 1047 46 104 1546 1016 1933 115 908
157051 1066 106 23871 1839 80582 294273 157544 44520 24785 3486 6581 139732 54878 31052 36527 16 58657 3015 116275 21721 4184 1535 1793 97924 97396 2737 63831 4077 176 414 6007 3906 7496 454 3553
157052 1067 106 20934 1626 70398 258172 138174 38835 21779 3052 5810 122008 48138 27121 31805 16 51306 2679 101907 19144 3665 1341 1588 85939 85291 2415 56010 3578 159 360 5276 3424 6588 390 3093
157053 1020 86 8117 614 27239 99984 53348 15093 8370 1175 2241 47219 18567 10599 12286 6 19864 1017 39428 7352 1426 518 600 33254 33025 913 21588 1383 60 142 2048 1342 2560 156 1213
157054 1036 94 10890 853 36600 134129 71687 20215 11276 1580 3026 63646 24972 14122 16622 7 26709 1365 52953 9880 1894 698 819 44608 44337 1250 29015 1853 82 187 2727 1805 3416 206 1601
157055 1035 94 11928 909 40187 146941 78372 22305 12360 1725 3293 69667 27368 15547 18122 8 29229 1480 57733 10830 2094 758 887 48837 48487 1362 31790 2050 88 208 2999 1957 3732 227 1792
157056 1035 93 8306 626 27707 101953 54032 15376 8557 1176 2286 48205 18886 10748 12490 6 20206 1025 39992 7513 1445 509 606 33825 33623 960 21876 1429 61 144 2084 1366 2597 154 1246
157057 1049 101 756 58 2554 9355 4983 1412 788 110 211 4445 1744 982 1137 0 1844 96 3682 688 129 47 55 3091 3106 90 1997 129 5 13 189 126 236 13 111
157058 1043 95 798 60 2701 9861 5288 1497 813 115 225 4702 1847 1037 1257 0 1983 96 3910 719 139 51 59 3287 3258 93 2140 139 5 14 202 133 243 15 119
157059 1037 86 5438 422 18280 67027 35734 10164 5630 778 1509 31769 12456 7072 8235 4 13313 677 26265 4940 957 341 414 22290 22130 635 14458 939 38 93 1365 896 1704 102 810
157060 1035 84 7126 556 24039 88235 47340 13212 7454 1063 1976 41811 16519 9260 10881 5 17587 914 34897 6522 1251 474 537 29436 29200 817 19148 1205 53 120 1796 1155 2251 135 1037
157061 1044 93 20809 1595 70060 257219 136984 38760 21576 3018 5778 121740 47837 27155 31663 17 51106 2619 101172 18971 3664 1328 1564 85504 84874 2389 55498 3580 155 361 5242 3417 6535 393 3111
157062 1044 93 13182 1005 44183 162253 86231 24480 13651 1895 3649 76811 30148 17130 19928 8 32245 1624 63630 11952 2314 828 959 53951 53477 1512 34977 2275 94 231 3333 2153 4133 247 1993
157063 1046 92 12572 985 42291 155206 82984 23345 13106 1839 3460 73590 28899 16321 19169 10 30855 1616 61370 11496 2199 813 937 51620 51324 1460 33580 2138 96 215 3177 2057 3955 233 1837
157066 1046 92 3419 251 11459 41937 22275 6380 3479 483 953 19957 7794 4458 5217 1 8340 414 16516 3052 594 200 236 13907 13861 382 8999 591 22 59 852 567 1056 67 521
157067 1039 80 18269 1418 61495 225786 120036 34060 19011 2657 5092 106865 41901 23839 27740 15 44858 2298 88634 16738 3209 1161 1371 75070 74416 2102 48606 3161 133 323 4591 3006 5753 342 2746
157068 1040 80 9392 705 31420 115320 61310 17450 9651 1343 2607 54594 21467 12163 14260 6 22933 1146 45318 8450 1619 577 679 38267 38092 1081 24826 1619 64 164 2352 1542 2930 179 1412
157069 1041 81 3256 255 10946 40193 21392 6025 3384 469 900 19047 7459 4222 4971 3 7986 414 15862 2984 574 204 238 13355 13298 377 8665 555 24 56 814 533 1025 59 483
157070 1039 82 9259 693 31141 113862 60848 17246 9514 1334 2573 54049 21183 12014 14103 5 22676 1114 44785 8356 1629 588 681 37796 37693 1057 24606 1597 64 163 2337 1529 2858 178 1409
157071 1038 85 7867 595 26438 96900 51530 14691 8124 1131 2180 45989 17965 10261 11840 6 19273 957 37969 7129 1382 489 578 32156 32019 897 20886 1361 54 138 1981 1293 2480 148 1188
157072 1034 96 10636 840 35958 131503 70639 19811 11104 1563 2930 62426 24570 13834 16374 7 26197 1371 52260 9737 1866 689 814 43830 43503 1244 28619 1793 85 179 2695 1745 3364 199 1538
157074 1034 96 1655 123 5529 20372 10792 3088 1694 232 468 9670 3770 2153 2504 1 4047 196 7974 1498 294 97 117 6738 6736 188 4368 291 10 29 411 278 512 31 258
157075 1063 109 15924 1222 53562 196604 105196 29599 16583 2328 4409 93024 36606 20727 24212 10 39080 2026 77541 14585 2800 1030 1198 65353 64922 1846 42625 2726 124 272 4031 2610 5017 299 2358
157076 1082 108 5469 415 18260 67188 35678 10109 5651 782 1518 31819 12478 7086 8256 4 13365 678 26373 4953 946 340 399 22312 22173 624 14481 939 39 94 1358 896 1726 100 810
157077 1067 129 10887 832 36442 133995 71410 20169 11279 1580 3003 63440 24878 14103 16408 7 26547 1379 52704 9921 1892 688 801 44577 44285 1255 28884 1858 80 186 2723 1782 3432 203 1600
157078 1071 129 9930 750 33325 122435 65332 18414 10285 1439 2750 57771 22721 12900 15018 7 24287 1237 48170 9053 1745 632 741 40564 40490 1143 26422 1709 76 172 2494 1625 3127 185 1478
157079 1069 129 15768 1210 52968 194379 103400 29349 16316 2274 4369 92199 36151 20512 24008 11 38645 1964 76453 14287 2770 984 1152 64615 64179 1810 41875 2720 116 274 3951 2565 4938 298 2362
157080 1079 135 5645 427 19014 69725 37164 10565 5851 825 1567 33114 12947 7392 8579 2 13859 694 27379 5127 987 355 417 23168 23025 634 14995 979 41 100 1420 932 1770 107 852
157081 1079 135 2997 229 10040 37043 19543 5629 3115 436 833 17548 6864 3923 4566 2 7362 371 14488 2750 535 191 218 12333 12188 347 7928 520 20 54 753 483 945 56 456
157082 1078 136 8393 652 28125 103171 55016 15575 8671 1203 2311 48924 19210 10887 12752 5 20527 1057 40700 7601 1467 532 631 34283 34069 956 22340 1432 59 143 2107 1383 2635 158 1246
157083 1075 129 2541 184 8518 31283 16562 4720 2630 363 718 14815 5801 3315 3835 1 6174 315 12229 2317 450 158 183 10391 10275 287 6687 442 16 45 632 413 798 48 395
157084 1081 138 15115 1154 50594 185953 98999 28121 15625 2200 4180 88107 34507 19655 22873 10 36996 1889 73065 13702 2676 965 1123 61792 61326 1728 40113 2597 108 266 3811 2461 4745 287 2273
157085 1080 137 4147 320 13984 51167 27423 7707 4318 609 1143 24239 9548 5389 6339 3 10200 524 20270 3805 724 269 314 16995 16968 493 11065 708 31 71 1032 679 1300 76 603
157088 1082 137 25752 1972 86454 316878 169320 47766 26648 3730 7112 150223 58966 33396 39083 15 63081 3213 124845 23416 4503 1640 1916 105319 104707 2955 68619 4402 183 443 6483 4221 8084 491 3826
157089 1082 137 4522 346 15231 55891 29921 8439 4692 667 1254 26574 10378 5892 6926 3 11133 580 22102 4100 795 289 334 18542 18544 515 12098 773 33 76 1136 740 1421 86 667
157090 1084 134 6751 514 22589 83230 44241 12456 7018 981 1865 39302 15421 8719 10186 5 16529 858 32715 6146 1177 431 495 27600 27528 770 17890 1160 49 116 1701 1102 2116 126 1000
157091 1086 134 2625 202 8849 32293 17275 4888 2700 378 734 15331 6007 3400 4011 1 6431 324 12758 2367 456 168 196 10735 10672 293 7020 456 19 45 655 441 823 50 392
157092 1087 137 4680 353 15748 57506 30683 8772 4832 670 1291 27327 10674 6110 7054 3 11428 575 22546 4226 826 291 345 19117 19009 535 12434 814 30 81 1173 768 1466 89 712
157093 1096 142 4495 345 15001 55425 29258 8424 4634 640 1258 26371 10267 5854 6864 2 11028 560 21660 4060 795 279 321 18426 18271 527 11866 782 29 81 1117 734 1411 84 687
157094 1096 143 5881 451 19714 72262 38641 10909 6099 867 1599 34129 13499 7649 8882 4 14427 734 28450 5336 1030 381 434 24000 23843 660 15719 1003 42 102 1486 955 1836 112 874
157095 1092 142 22074 1682 74211 272646 145622 41117 22877 3228 6130 129010 50691 28775 33539 16 54180 2774 107284 20101 3891 1416 1637 90618 90234 2531 58734 3793 156 384 5572 3618 6941 419 3289
157098 1095 141 12204 922 40941 150163 79867 22700 12653 1774 3350 71061 27984 15927 18510 8 29836 1528 59059 11125 2141 782 895 49942 49407 1405 32450 2088 90 212 3082 1974 3827 232 1825
157099 1095 141 6133 465 20515 75336 40030 11388 6318 877 1704 35657 14012 7936 9253 4 14957 751 29566 5540 1070 378 448 25016 24857 701 16188 1057 44 107 1522 998 1916 116 926
157100 1095 141 5819 463 19599 71716 38326 10817 6043 833 1611 34147 13389 7557 8951 5 14301 734 28357 5301 1018 366 431 23849 23725 682 15581 989 45 99 1458 959 1820 107 858
157101 1096 143 1719 132 5720 21026 11137 3196 1763 240 472 9872 3924 2229 2575 0 4194 206 8236 1540 299 107 124 6959 6914 195 4513 292 12 30 432 281 542 33 257
157102 1094 141 15978 1224 53873 197584 105301 29825 16550 2320 4431 93563 36669 20890 24224 10 39255 1979 77645 14527 2796 1017 1189 65626 65296 1817 42597 2770 116 282 4036 2628 5036 303 2409
157103 1094 141 24485 1891 82319 302079 160849 45580 25400 3552 6795 143305 56141 31906 37285 17 60119 3051 118903 22255 4292 1569 1818 100396 99794 2812 65191 4217 178 426 6158 4001 7706 464 3676
157104 1096 140 8460 642 28442 104311 55381 15809 8731 1208 2362 49470 19380 11013 12850 6 20700 1064 40865 7689 1495 524 627 34779 34346 968 22486 1469 56 150 2102 1375 2657 159 1287
157105 1110 146 19201 1478 64575 236762 126200 35822 19921 2782 5342 112161 44003 24911 29237 14 47001 2431 93273 17539 3372 1221 1436 78775 78243 2224 51142 3283 141 332 4806 3146 6008 362 2858
157106 1114 145 13453 1020 45219 165795 88249 25099 13908 1947 3755 78729 30790 17512 20415 11 32995 1671 65166 12204 2360 846 990 55032 54841 1521 35650 2320 93 237 3363 2218 4219 258 2036
157107 1114 145 2512 196 8517 31146 16660 4712 2612 366 690 14840 5823 3300 3879 0 6210 321 12279 2305 442 166 197 10400 10263 296 6793 437 19 42 632 408 797 48 373
157108 1106 143 7022 540 23680 86562 46293 13068 7302 1030 1940 41079 16195 9128 10726 5 17232 891 34191 6411 1228 452 523 28806 28597 818 18755 1194 53 122 1749 1141 2189 131 1031
157110 1103 143 12873 975 42975 158180 83969 23814 13301 1848 3553 74805 29398 16668 19469 10 31336 1589 62072 11640 2273 807 949 52563 52169 1482 34053 2202 95 223 3226 2081 4052 239 1928
157111 1101 142 22834 1779 76871 281898 150666 42617 23740 3337 6338 133621 52472 29736 34676 16 56048 2894 111023 20855 4022 1470 1705 93789 93193 2653 61002 3908 171 393 5748 3740 7190 428 3377
157112 1102 142 6365 488 21168 78042 41467 11754 6591 917 1764 36822 14509 8211 9642 4 15469 792 30637 5781 1111 401 468 25946 25696 732 16803 1082 47 109 1612 1030 1997 120 937
157114 1101 142 10150 782 34057 124651 66439 18917 10473 1459 2793 59151 23256 13165 15375 7 24761 1259 48946 9182 1772 644 753 41460 41091 1175 26939 1737 72 176 2539 1647 3186 191 1513
157115 1093 131 4202 323 14211 51898 27819 7879 4362 604 1166 24688 9689 5476 6490 3 10338 521 20473 3842 737 266 319 17233 17176 494 11307 726 29 73 1055 696 1322 80 626
157116 1098 129 2853 219 9565 35306 18794 5231 2975 420 791 16651 6539 3714 4303 2 7000 362 13954 2610 503 186 208 11766 11634 334 7620 484 21 47 720 468 908 53 417
