157117 1102 150 5531 412 18412 67922 35952 10269 5703 798 1522 32038 12600 7217 8387 4 13438 686 26659 4998 977 351 398 22455 22320 645 14537 960 41 96 1389 913 1740 106 829
157118 1118 158 3956 301 13284 48708 26051 7339 4106 581 1096 23053 9092 5121 5972 3 9651 511 19191 3612 691 254 295 16147 16092 468 10552 679 29 67 997 652 1240 73 578
157119 1072 120 10464 784 35028 128463 68401 19385 10832 1512 2845 60871 23911 13576 15899 7 25503 1312 50572 9499 1850 673 768 42731 42323 1231 27708 1804 83 178 2631 1681 3276 195 1561
157120 1059 115 12597 976 42365 155593 83383 23337 13114 1853 3462 73520 28981 16365 19070 10 30970 1605 61458 11528 2209 817 953 51747 51524 1443 33790 2143 88 216 3170 2069 3976 236 1866
157121 1107 129 6110 470 20489 75124 40088 11322 6328 878 1687 35646 13978 7926 9283 5 14914 758 29582 5543 1070 389 455 25067 24736 693 16271 1046 44 105 1537 988 1916 114 912
157122 1115 132 11776 890 39475 144717 76915 21916 12151 1687 3263 68659 26923 15307 17809 6 28762 1441 56765 10691 2064 741 866 48124 47721 1360 31195 2030 82 205 2959 1910 3684 221 1784
157123 1086 115 37678 2875 126291 463884 246977 70021 39025 5482 10478 219884 86211 48954 56967 26 92148 4729 182258 34239 6619 2387 2765 154318 153139 4315 99992 6468 273 649 9440 6149 11830 713 5639
157124 1095 121 3609 263 12027 44278 23305 6702 3707 503 1001 20961 8186 4688 5430 2 8760 427 17265 3245 636 214 259 14725 14549 415 9447 624 26 63 902 589 1130 69 553
157126 1095 121 11938 904 40081 146530 78340 22104 12347 1732 3279 69443 27306 15459 17966 7 29149 1483 57596 10844 2088 760 882 48719 48404 1349 31750 2037 80 205 3016 1934 3716 227 1787
157127 1095 116 16128 1242 54232 198620 106024 30028 16718 2324 4450 94140 36957 21003 24640 11 39482 2025 78270 14652 2837 1026 1208 66004 65556 1844 43029 2765 113 279 4053 2636 5047 309 2417
157129 1081 130 3320 256 11159 40971 21866 6181 3472 481 912 19445 7677 4322 5012 2 8130 429 16119 3056 587 212 248 13719 13454 389 8900 561 24 57 832 536 1055 62 491
157130 1061 118 492 39 1684 6084 3289 923 506 70 136 2897 1130 641 751 0 1219 59 2398 447 89 29 37 2022 2027 56 1337 88 2 8 127 79 152 9 76
157131 1060 120 726 56 2418 8872 4768 1320 743 103 202 4208 1634 925 1084 0 1753 90 3487 657 125 46 54 2946 2958 85 1910 125 4 12 181 115 223 13 107
157132 1063 119 6801 515 22790 83842 44595 12587 7035 976 1891 39795 15544 8849 10367 5 16632 837 32983 6170 1194 424 500 27789 27748 779 18047 1174 49 117 1706 1120 2122 128 1018
157133 1068 124 7463 571 25166 92248 49248 13940 7756 1080 2077 43763 17191 9750 11451 6 18338 962 36427 6786 1325 473 561 30692 30504 864 19994 1295 56 130 1868 1230 2348 142 1119
157134 1062 118 22568 1708 75881 278035 148348 41918 23379 3239 6246 131818 51742 29325 34644 16 55360 2813 109761 20505 3967 1417 1681 92283 91955 2637 60130 3863 170 393 5686 3680 7064 424 3367
157135 1028 83 10570 806 35347 129808 69025 19640 10934 1525 2929 61541 24186 13665 16023 8 25801 1322 51020 9573 1833 668 774 43138 42859 1224 27958 1805 78 185 2644 1742 3313 197 1564
157137 1045 92 20803 1579 69814 256672 136551 38698 21628 3052 5757 121363 47700 27109 31426 14 50873 2621 100774 18938 3679 1339 1545 85373 84594 2407 55200 3574 159 355 5245 3412 6558 389 3097
157138 1042 88 5032 390 16907 62345 33382 9349 5242 742 1387 29432 11544 6548 7590 3 12395 656 24638 4619 882 328 388 20721 20640 589 13537 850 37 85 1269 832 1592 94 735
157139 1044 92 7710 576 25765 94855 50445 14234 7953 1116 2140 44875 17576 9991 11714 5 18810 962 37267 6939 1345 491 578 31542 31273 879 20431 1334 55 134 1935 1278 2441 146 1148
157140 1044 90 4867 367 16431 60122 31937 9145 5024 685 1365 28522 11169 6372 7373 2 11971 590 23519 4417 869 295 358 19898 19852 555 12941 856 31 89 1229 796 1531 93 755
157142 1045 93 22114 1690 74138 272397 144842 41066 22892 3178 6139 128930 50511 28705 33560 16 54090 2769 106989 20107 3892 1385 1648 90459 89888 2557 58715 3800 163 384 5545 3603 6951 416 3324
157143 1049 91 11666 883 39076 143695 76367 21715 12006 1652 3263 68058 26579 15117 17667 9 28544 1441 56281 10564 2051 719 865 47669 47531 1333 30869 2011 81 205 2913 1920 3627 223 1772
157145 1049 91 4386 329 14683 53987 28635 8180 4546 631 1223 25542 10030 5705 6568 3 10714 532 21091 3979 770 276 315 17918 17784 501 11567 758 32 75 1092 722 1370 82 660
157146 1048 90 8496 660 28805 105091 56250 15940 8826 1236 2359 49937 19569 11108 13053 6 20995 1064 41509 7741 1493 544 630 34887 34795 970 22773 1450 59 150 2150 1395 2661 163 1287
157148 1048 90 1413 109 4749 17431 9272 2649 1451 200 396 8312 3216 1846 2156 0 3464 170 6871 1271 247 88 101 5789 5779 159 3728 243 8 25 356 233 441 28 218
157149 1049 90 6031 455 20268 74071 39596 11191 6233 866 1671 35164 13811 7840 9173 4 14705 734 29141 5466 1054 380 442 24626 24434 683 16049 1041 44 107 1514 991 1897 114 903
157150 1045 87 1178 87 3905 14434 7658 2147 1202 164 326 6784 2663 1496 1779 1 2860 141 5685 1062 203 70 91 4755 4781 134 3092 196 8 20 297 194 363 22 175
157151 1046 87 24971 1916 83893 307844 164390 46434 26001 3651 6909 145606 57359 32493 37797 18 61136 3176 121305 22791 4378 1606 1866 102480 101647 2876 66569 4253 185 430 6274 4057 7902 467 3690
157152 1050 88 17940 1382 60197 221220 117557 33378 18590 2579 4973 104797 41084 23366 27344 13 43946 2237 86982 16305 3147 1138 1332 73579 72867 2058 47716 3074 132 311 4500 2937 5649 339 2684
157153 1049 88 22478 1735 75776 277190 148556 41844 23373 3286 6201 131307 51771 29247 34271 16 55203 2875 109632 20506 3954 1469 1710 92255 91633 2594 60196 3842 171 386 5653 3701 7062 421 3320
157154 1059 109 54638 4192 183639 673330 358992 101803 56691 7936 15164 319099 125332 71108 82851 40 133897 6882 264834 49686 9605 3489 4059 223995 222303 6275 145461 9372 398 950 13717 8929 17183 1028 8145
157155 1059 103 20360 1533 68254 250252 132833 37973 20964 2895 5642 118496 46437 26441 30815 13 49693 2479 98023 18425 3572 1263 1505 83056 82541 2326 53841 3527 139 356 5089 3322 6364 390 3100
157156 1064 106 9431 711 31738 116443 61953 17636 9709 1367 2633 55394 21618 12314 14413 7 23157 1171 45743 8543 1671 592 698 38657 38507 1085 25012 1628 67 167 2368 1540 2951 181 1433
157157 1052 99 11974 914 40087 147480 78418 22211 12337 1715 3338 69899 27341 15551 18208 8 29315 1498 58011 10850 2107 747 894 48971 48686 1386 31745 2072 85 211 3013 1966 3763 225 1804
157158 1035 84 6489 502 21844 80276 42937 12014 6745 958 1797 37887 14952 8459 9904 4 15991 828 31808 5911 1129 422 489 26672 26565 747 17352 1113 50 111 1650 1062 2034 125 958
157159 1036 87 19836 1521 66792 244492 130716 36906 20627 2905 5456 115812 45641 25815 30160 14 48684 2512 96474 18067 3501 1282 1466 81387 80759 2276 52918 3390 149 342 5003 3238 6230 376 2945
157160 1042 83 5619 438 18828 69012 36752 10401 5800 793 1553 32592 12840 7266 8506 5 13691 685 27113 5075 985 349 426 22921 22756 645 14933 967 41 98 1419 924 1751 106 841
157161 1008 92 10491 815 35394 129301 69592 19482 10903 1550 2900 61263 24173 13613 15913 7 25749 1365 51196 9575 1840 700 800 43017 42779 1209 28179 1795 82 176 2629 1717 3284 194 1528
157163 1008 92 10608 806 35727 130963 69663 19733 10991 1535 2942 62078 24259 13798 16236 7 26035 1306 51525 9629 1860 672 784 43499 43233 1220 28161 1818 77 186 2687 1741 3308 201 1594
157164 1015 92 4079 302 13708 50238 26671 7608 4173 574 1141 23817 9327 5318 6197 2 9974 486 19677 3680 719 244 298 16639 16590 466 10817 714 27 72 1028 672 1268 78 635
157165 1033 91 8748 683 29481 108228 57624 16348 9091 1263 2443 51184 20147 11401 13332 7 21512 1106 42636 8005 1539 550 652 35986 35774 1015 23366 1491 63 152 2204 1438 2762 166 1294
157166 1034 92 6932 528 23237 85202 45339 12863 7196 995 1913 40353 15849 9034 10470 5 16897 863 33446 6322 1221 441 522 28289 28063 802 18395 1188 51 121 1742 1127 2167 129 1032
157167 1034 91 7761 585 25934 95339 50587 14367 8012 1111 2148 45143 17669 10075 11653 5 18884 951 37418 6995 1356 484 563 31647 31483 883 20479 1331 57 135 1942 1267 2439 142 1169
157171 1029 92 18386 1392 61430 225925 120058 34022 19021 2651 5077 106892 42011 23838 27847 14 44816 2260 88752 16633 3217 1155 1348 75096 74459 2131 48651 3149 132 319 4616 3002 5749 350 2748
157172 1029 92 2509 195 8453 31030 16594 4700 2614 369 696 14689 5792 3261 3794 1 6202 314 12207 2296 442 164 185 10349 10266 284 6687 427 18 43 626 415 787 46 372
157173 1032 92 15726 1223 53120 194187 103930 29326 16376 2295 4344 92090 36261 20451 23999 11 38682 1990 76641 14377 2763 1022 1163 64586 64177 1814 42085 2702 116 268 3986 2588 4935 297 2336
157174 1019 94 1683 123 5564 20526 10829 3103 1697 233 468 9725 3787 2182 2554 0 4096 192 8058 1500 291 99 123 6782 6760 180 4402 297 9 30 416 282 522 32 258
157175 1023 94 7616 573 25508 93941 49904 14116 7881 1098 2123 44459 17422 9900 11546 5 18646 954 36879 6904 1331 473 560 31180 30993 862 20191 1312 54 132 1901 1259 2414 144 1135
157176 1025 97 2018 154 6745 24800 13192 3737 2081 285 565 11752 4578 2613 3091 1 4902 255 9787 1816 353 121 147 8210 8197 230 5323 350 15 35 500 326 632 38 302
157177 1026 96 10733 826 36294 132600 70954 20024 11125 1551 2975 62965 24669 13983 16429 9 26422 1364 52304 9759 1890 693 814 44091 43854 1231 28720 1851 75 187 2693 1747 3373 205 1608
157178 1029 99 1492 110 5007 18330 9733 2789 1534 209 414 8664 3392 1949 2243 1 3624 180 7146 1337 266 93 113 6062 6052 169 3948 267 10 26 373 249 462 28 231
157179 1030 96 10566 825 35675 130568 69818 19728 11014 1555 2917 61998 24382 13769 16238 8 25994 1360 51538 9648 1858 685 800 43467 43096 1235 28322 1814 80 181 2663 1731 3328 201 1557
157180 1029 96 10108 797 34165 124635 66841 18859 10559 1490 2781 59210 23312 13153 15391 6 24818 1294 49171 9274 1767 659 766 41640 41133 1166 27104 1733 76 172 2548 1634 3186 186 1483
157181 1035 99 7024 551 23691 86747 46415 13132 7304 1014 1952 41288 16179 9164 10870 5 17307 897 34354 6414 1239 448 524 28842 28703 825 18884 1209 51 121 1765 1156 2211 132 1047
157182 1035 99 9316 718 31320 114900 61244 17315 9692 1350 2581 54445 21382 12084 14116 7 22761 1178 45235 8500 1623 589 681 38257 37963 1076 24803 1590 68 160 2336 1516 2946 172 1378
157183 1034 96 5945 457 20016 73539 39259 11078 6167 865 1643 34814 13685 7743 9055 3 14636 759 28958 5433 1044 389 452 24426 24298 685 15921 1018 45 104 1495 979 1872 111 878
157184 1037 106 17303 1321 58124 213264 113576 32228 17886 2484 4802 101123 39640 22517 26393 13 42454 2157 83924 15721 3049 1073 1277 70771 70553 2004 46014 2991 124 303 4348 2834 5403 325 2598
157185 1046 99 2577 195 8615 31767 16828 4812 2650 367 713 15071 5885 3351 3953 1 6317 317 12492 2337 445 156 181 10552 10458 290 6825 442 18 45 650 421 810 49 388
157186 1053 100 1801 141 6081 22247 11812 3436 1860 265 496 10700 4157 2372 2792 0 4454 220 8709 1626 313 118 127 7437 7341 214 4791 315 12 32 449 290 567 35 273
157187 1046 98 2779 214 9313 34192 18276 5144 2874 406 761 16230 6355 3581 4224 2 6801 354 13533 2522 484 177 203 11394 11312 314 7414 473 21 46 695 459 875 52 402
157188 1075 103 9288 715 31314 114673 61320 17359 9665 1351 2568 54378 21384 12107 14259 6 22856 1182 45442 8459 1635 590 700 38111 37920 1089 24890 1586 71 159 2333 1521 2930 177 1369
157189 1074 103 26671 2055 89484 328562 175157 49622 27685 3869 7390 155672 61299 34676 40561 17 65291 3380 129428 24298 4681 1705 1977 109338 108296 3105 71138 4566 202 457 6667 4346 8410 502 3940
157190 1059 95 5368 418 18109 66198 35493 10021 5577 788 1486 31403 12351 7004 8288 4 13234 668 26204 4873 936 348 400 21964 21919 610 14398 921 38 92 1342 878 1676 104 801
157191 1060 95 43662 3351 146622 538106 287069 81313 45262 6352 12130 255183 100080 56804 66267 31 106923 5471 211712 39690 7681 2784 3245 179046 177752 5031 116287 7510 315 768 10949 7153 13693 824 6542
157192 1055 95 3180 243 10681 39104 20984 5909 3302 461 877 18568 7316 4129 4844 2 7764 397 15432 2916 553 208 233 13017 12910 371 8503 543 24 54 810 522 989 59 468
157193 1061 98 9538 729 32036 117667 62531 17724 9863 1370 2656 55765 21811 12393 14455 8 23361 1174 46264 8636 1671 598 695 39026 38910 1093 25284 1647 68 165 2416 1567 2997 180 1444
157194 1060 93 35453 2726 119028 436472 232736 65944 36728 5127 9799 206930 81183 46063 53922 24 86822 4435 171843 32255 6208 2238 2643 145090 144065 4078 94321 6078 263 616 8913 5825 11114 673 5284
157195 1060 93 22958 1715 76867 282245 149861 42629 23688 3292 6385 133677 52297 29835 34821 16 55974 2815 110740 20764 4038 1427 1686 93600 93053 2600 60640 3967 159 403 5763 3759 7166 442 3483
157197 1061 93 3747 291 12633 46247 24739 6939 3899 544 1040 21903 8619 4852 5764 2 9268 472 18289 3421 650 244 287 15380 15268 419 10060 642 27 65 942 618 1184 71 558
157199 1061 93 4947 382 16632 60920 32558 9198 5131 714 1363 28898 11344 6411 7611 3 12166 615 24077 4510 874 314 372 20246 20105 576 13239 854 36 85 1240 799 1546 93 747
157200 1069 94 12356 936 41447 152501 81246 22968 12826 1798 3431 72187 28341 16107 18762 9 30294 1560 60067 11260 2185 783 917 50642 50411 1418 32877 2126 88 214 3112 2015 3888 235 1846
157201 1006 97 372 25 1231 4530 2375 692 378 52 103 2151 836 475 581 0 894 42 1775 329 65 21 25 1494 1489 42 970 64 2 7 92 61 113 7 59
157203 1044 134 557 44 1872 6911 3685 1043 578 80 153 3280 1277 727 833 0 1369 73 2701 522 100 34 45 2314 2271 67 1493 97 3 9 140 91 179 10 83
157204 1052 137 5025 374 16754 61796 32791 9281 5165 719 1386 29279 11452 6508 7612 3 12234 626 24201 4541 888 313 378 20539 20335 584 13288 870 36 86 1265 813 1573 95 754
157205 1049 135 3172 249 10679 39184 20921 5872 3332 470 879 18502 7320 4123 4809 2 7759 413 15421 2925 558 208 236 13065 12884 366 8490 533 23 53 800 515 992 59 464
157208 1050 127 13040 1004 43831 160553 86033 24250 13556 1909 3613 76060 29933 16921 19845 10 31892 1670 63461 11911 2289 840 982 53375 53151 1520 34790 2238 100 224 3272 2133 4104 243 1920
157209 1050 127 17508 1353 58846 215931 115267 32603 18157 2542 4863 102528 40171 22773 26769 11 42996 2200 85130 15889 3086 1105 1310 71815 71349 2024 46741 3011 128 305 4403 2864 5507 331 2619
157211 1055 126 11584 889 38932 143016 76003 21561 12039 1666 3235 67653 26606 15111 17612 9 28445 1450 56231 10568 2028 735 848 47529 47174 1346 30833 1993 86 201 2926 1903 3643 217 1718
157213 1056 126 6724 510 22579 82780 43973 12545 6971 972 1852 39192 15417 8758 10155 4 16411 840 32429 6116 1177 428 499 27491 27270 780 17851 1169 50 116 1685 1102 2118 127 1002
157214 1060 126 12558 949 42144 154711 82331 23375 12971 1808 3499 73303 28741 16353 18965 9 30698 1550 60746 11366 2193 796 918 51378 51063 1438 33302 2162 93 221 3133 2085 3957 238 1873
157215 1056 126 3990 301 13444 49348 26272 7493 4125 582 1119 23489 9194 5234 6068 2 9793 491 19316 3618 700 253 292 16394 16317 459 10627 684 28 70 985 658 1262 75 595
157216 1048 122 43856 3361 147613 541073 288964 81729 45383 6387 12141 256488 100634 57087 66838 34 107603 5525 213281 39893 7722 2800 3266 179701 178940 5041 116915 7538 320 760 11029 7179 13757 836 6555
157217 1057 129 12430 951 41905 153345 81791 23198 12916 1804 3436 72713 28607 16201 18913 8 30444 1554 60365 11308 2178 784 924 50998 50548 1439 33261 2138 93 214 3138 2040 3912 234 1859
157218 1061 129 23745 1835 80032 293324 156412 44260 24687 3455 6574 139063 54619 30959 36337 17 58308 2995 115571 21667 4176 1518 1778 97515 96881 2763 63389 4086 174 412 5973 3870 7459 450 3539
157219 1063 138 14176 1104 47757 174718 93294 26489 14725 2055 3918 83060 32594 18441 21704 8 34783 1771 68822 12902 2506 904 1063 58119 57641 1651 37886 2442 102 242 3550 2308 4448 269 2127
157220 1061 132 9895 754 33122 121686 64526 18418 10236 1415 2745 57741 22591 12885 14976 6 24188 1211 47591 8972 1730 617 734 40392 40051 1151 26232 1710 70 173 2478 1612 3110 186 1503
157221 1060 132 16739 1293 56386 206270 110237 31138 17336 2410 4649 97939 38425 21741 25543 13 41165 2088 81297 15220 2926 1047 1260 68443 68242 1931 44667 2884 120 291 4208 2751 5233 312 2490
157222 1060 132 3627 280 12246 44770 23934 6764 3773 529 1013 21323 8344 4725 5564 2 8883 458 17653 3289 636 237 275 14969 14761 418 9754 622 26 62 919 590 1138 69 541
157223 1059 131 12467 986 42120 154334 82464 23367 12962 1816 3461 73306 28759 16280 19078 7 30756 1571 60839 11371 2187 795 931 51295 51054 1441 33369 2143 90 220 3137 2037 3920 234 1854
157227 1059 132 5399 412 18065 66605 35306 10044 5593 784 1504 31558 12325 7069 8189 3 13203 672 26109 4900 955 346 401 22144 21934 622 14315 937 39 96 1348 874 1699 103 819
157228 1058 131 648 46 2150 7893 4153 1210 656 88 178 3770 1471 842 992 0 1576 73 3087 570 112 35 47 2589 2616 73 1688 114 4 11 159 105 205 12 98
157229 1058 131 17953 1363 60089 220918 117593 33381 18591 2597 4973 104559 41057 23319 27103 13 43827 2228 86749 16344 3156 1135 1312 73413 72864 2061 47534 3090 132 312 4504 2920 5634 338 2691
157230 1058 131 5274 400 17634 64775 34382 9757 5478 766 1454 30705 12050 6857 7924 3 12821 650 25358 4801 932 334 382 21589 21287 611 13975 904 36 91 1318 845 1666 96 791
157231 1047 128 5064 384 16952 62315 32945 9412 5210 712 1424 29589 11533 6553 7678 4 12358 613 24407 4592 877 309 358 20711 20537 583 13329 868 35 88 1259 831 1574 93 764
157232 1047 126 9559 730 32208 117890 62980 17850 9872 1364 2650 56004 21899 12475 14560 6 23479 1191 46431 8724 1677 599 726 39152 38996 1107 25526 1649 63 167 2400 1561 2996 184 1451
157234 1057 134 20905 1595 70010 257354 136834 38871 21680 3018 5787 121808 47769 27185 31582 15 51161 2602 101046 19001 3670 1323 1538 85460 84844 2420 55383 3600 153 364 5234 3442 6580 393 3118
157235 1021 112 3143 246 10448 38723 20394 5790 3252 448 884 18262 7159 4072 4723 2 7642 402 15173 2848 549 194 224 12895 12704 365 8298 534 22 52 787 514 989 58 468
157236 1023 112 5378 402 17881 66032 34786 9975 5531 750 1493 31227 12191 6950 8192 4 13093 650 25823 4873 949 323 390 21893 21737 624 14081 933 37 93 1328 865 1685 103 817
157238 1021 112 6487 497 21718 79851 42624 12005 6704 942 1802 37810 14854 8420 9831 4 15800 820 31403 5893 1142 415 496 26519 26316 755 17281 1108 48 110 1643 1064 2019 122 959
157239 1021 112 8696 666 29174 107153 56833 16202 9001 1237 2427 50845 19902 11330 13325 6 21302 1058 42040 7877 1529 552 652 35563 35299 1016 23051 1511 63 152 2178 1431 2733 166 1309
157240 1021 112 11581 874 38849 142720 75824 21595 11940 1667 3238 67641 26488 15100 17546 7 28311 1413 55898 10478 2040 724 849 47389 47077 1319 30638 2001 83 205 2910 1906 3615 220 1751
157241 1027 110 6575 504 21974 80830 43131 12172 6829 953 1809 38125 15036 8524 9898 5 16068 827 31896 6006 1152 428 488 26871 26642 759 17456 1111 50 113 1642 1084 2071 123 957
157243 1027 110 4433 341 14913 54631 29195 8272 4629 652 1222 25811 10176 5771 6687 2 10868 571 21496 4048 776 289 340 18209 18028 510 11832 754 34 76 1109 719 1393 82 645
157244 1025 110 5393 415 18065 66412 35414 9999 5591 787 1493 31399 12377 6960 8155 4 13158 686 26140 4920 939 344 401 22090 21932 627 14312 918 40 91 1358 886 1701 100 791
157245 1039 119 13131 1009 44281 162193 86527 24585 13637 1900 3649 76941 30137 17098 20076 9 32233 1642 63959 11967 2318 829 973 53935 53655 1509 35005 2255 91 232 3290 2140 4116 248 1977
157246 1040 118 8434 633 28272 104005 55310 15718 8682 1219 2355 49240 19312 11013 12804 5 20665 1043 40882 7601 1480 531 617 34492 34395 964 22348 1452 60 150 2124 1378 2644 162 1282
157247 1044 122 1822 136 6042 22326 11815 3342 1891 259 500 10547 4135 2344 2714 1 4430 225 8749 1649 320 114 132 7419 7361 208 4804 310 13 31 456 291 575 33 274
157248 1026 101 25825 1974 86340 317726 168918 47865 26777 3727 7159 150162 59000 33538 39095 19 63083 3230 124751 23471 4548 1636 1938 105615 104629 2986 68584 4430 190 446 6476 4206 8141 485 3856
157249 1025 101 6674 516 22498 82201 44032 12499 6907 973 1829 39049 15348 8695 10275 4 16406 843 32557 6052 1173 430 503 27296 27223 776 17863 1143 49 115 1669 1083 2077 128 994
157250 1032 102 30921 2321 103767 380963 202019 57702 31965 4427 8590 180658 70791 40310 47067 20 75710 3781 149314 28006 5440 1938 2265 126644 125499 3568 82072 5362 219 541 7751 5017 9733 591 4708
157251 1045 107 3161 238 10599 38883 20648 5845 3291 461 876 18430 7234 4123 4754 2 7735 392 15234 2861 554 202 225 12997 12758 353 8378 541 21 56 788 506 997 58 473
157252 1030 99 44776 3425 150309 551429 294073 83052 46435 6495 12361 260963 102533 58126 67929 33 109662 5634 217231 40738 7842 2842 3309 183263 182218 5159 119226 7677 329 772 11224 7276 14095 839 6645
157253 1041 114 22281 1696 74971 274787 146362 41577 23108 3224 6170 130092 51083 29026 33708 15 54611 2771 108082 20247 3910 1406 1645 91232 90808 2559 59265 3825 161 391 5608 3655 6980 421 3344
157254 1044 114 49969 3840 168159 616352 328646 93289 51953 7271 13868 292259 114654 65131 75896 36 122570 6285 242449 45543 8793 3204 3712 205069 203443 5759 133111 8591 366 869 12538 8135 15688 948 7493
157255 1024 99 12946 989 43436 159504 85087 23952 13417 1889 3588 75536 29681 16832 19600 11 31669 1619 62767 11770 2269 832 974 53081 52630 1481 34436 2213 97 222 3263 2131 4071 243 1918
157257 1032 97 7754 596 25995 95426 50745 14414 8050 1131 2140 45191 17751 10069 11708 5 18917 959 37443 7050 1367 490 579 31768 31469 901 20627 1330 57 137 1959 1245 2426 143 1165
157258 1032 97 6825 506 22802 83664 44290 12660 7040 970 1874 39603 15519 8865 10278 4 16592 821 32800 6156 1190 421 489 27774 27534 771 17966 1179 50 122 1703 1115 2128 128 1031
157259 1032 106 734 62 2511 9113 4938 1397 770 108 203 4366 1702 952 1143 0 1835 96 3607 681 128 48 61 3050 3017 86 2022 121 4 12 184 118 229 14 107
157260 1034 106 6619 515 22283 81619 43609 12365 6861 972 1822 38679 15226 8655 10077 4 16258 830 32229 6002 1155 431 485 27112 26982 747 17683 1134 49 117 1676 1084 2084 129 986
157261 1034 111 14786 1133 49572 182079 96928 27460 15377 2146 4073 86038 33909 19228 22389 11 36201 1859 71581 13480 2602 945 1098 60426 60014 1720 39410 2529 113 254 3727 2401 4643 275 2195
157262 986 84 46627 3573 156755 574648 306521 86754 48353 6749 12912 272182 106841 60647 71049 36 114208 5818 226327 42342 8166 2960 3464 190855 189849 5398 124200 7987 340 800 11738 7630 14629 885 6946
157263 1003 90 10871 837 36473 133454 71292 20180 11228 1567 2984 63350 24917 14095 16522 7 26558 1342 52549 9859 1909 676 801 44303 44079 1254 28944 1862 84 186 2740 1783 3390 204 1615
157264 1013 97 3927 302 13221 48527 25935 7321 4057 569 1091 23106 8996 5122 6012 3 9656 497 19149 3557 684 253 289 16122 16073 450 10500 680 28 67 988 647 1234 75 583
157265 1014 98 663 50 2235 8240 4349 1242 685 96 189 3885 1520 868 986 0 1628 86 3199 611 118 42 52 2751 2716 72 1753 114 3 12 165 108 213 12 101
157266 1004 91 11328 870 38050 139622 74545 21095 11758 1655 3126 66246 25993 14744 17187 7 27785 1435 55068 10310 1995 721 847 46525 46147 1296 30177 1937 84 194 2831 1852 3568 213 1686
157267 1030 101 9391 723 31646 115959 61749 17476 9708 1349 2628 55139 21559 12240 14396 6 23105 1150 45682 8512 1647 585 690 38462 38349 1093 25061 1616 68 163 2378 1541 2941 177 1421
157268 1036 103 8981 678 30166 110676 58899 16654 9268 1292 2508 52404 20586 11710 13643 6 22032 1108 43607 8130 1572 564 660 36772 36517 1026 23897 1556 63 155 2259 1475 2822 170 1352
157269 1024 93 28954 2245 97374 356990 190839 53834 30061 4197 8039 169031 66567 37543 44111 22 70978 3682 140887 26379 5071 1834 2186 118787 117942 3347 77419 4954 218 500 7286 4735 9109 543 4297
157270 1040 97 8560 650 28862 105910 56209 16055 8818 1233 2394 50431 19659 11209 13150 6 21059 1060 41562 7746 1519 539 626 35167 34988 998 22716 1489 61 154 2151 1391 2684 165 1310
157271 1038 97 2828 214 9515 34973 18505 5294 2940 404 798 16659 6490 3694 4313 2 6955 352 13691 2580 496 176 206 11615 11535 327 7508 492 21 50 714 466 876 52 429
157272 1033 99 12563 954 42103 154514 82240 23383 13022 1810 3464 73194 28768 16306 19035 8 30669 1566 60709 11399 2198 788 919 51395 50903 1445 33320 2159 90 219 3151 2045 3930 237 1887
157275 1046 113 28206 2188 94855 347498 185564 52573 29295 4123 7767 164589 64704 36670 42597 18 69093 3573 136719 25719 4950 1822 2094 115617 114749 3249 75135 4825 204 484 7092 4594 8864 529 4192
157276 1037 105 6529 506 22071 80867 43162 12183 6815 951 1815 38367 15052 8485 10065 4 16109 830 31943 5963 1152 415 480 26866 26730 766 17466 1131 49 112 1644 1074 2066 123 974
157277 1016 94 35098 2682 117636 431932 230103 65140 36311 5063 9731 204743 80243 45575 53265 24 85875 4365 169902 31843 6162 2202 2612 143479 142554 4024 93393 6047 255 614 8795 5750 10994 659 5260
157278 1037 101 9380 699 31408 115266 61036 17457 9633 1330 2612 54699 21399 12213 14204 5 22903 1131 45127 8493 1640 579 680 38246 37985 1079 24733 1633 64 165 2355 1522 2934 177 1433
157279 1020 93 8763 680 29588 108292 57799 16343 9084 1261 2442 51439 20100 11393 13375 8 21526 1100 42707 7988 1533 561 647 36022 35793 1000 23363 1499 63 151 2190 1451 2734 163 1303
157280 1020 93 15951 1238 53775 196979 105176 29840 16537 2296 4445 93365 36676 20830 24289 10 39235 1982 77579 14530 2810 1010 1184 65500 65022 1824 42644 2758 110 277 4011 2616 5012 307 2394
157281 1021 96 5422 411 18119 66774 35294 10032 5605 765 1504 31671 12383 7040 8179 3 13208 667 26104 4934 955 333 395 22211 21974 633 14245 941 37 94 1362 883 1709 102 821
157282 1021 94 23486 1785 78612 289398 153702 43628 24262 3393 6554 137166 53647 30566 35620 18 57442 2920 113447 21287 4109 1475 1724 96197 95453 2694 62173 4049 170 409 5888 3856 7375 443 3537
157283 1030 93 16522 1268 55586 203990 108888 30670 17155 2398 4589 96650 37897 21437 25364 11 40681 2076 80510 15078 2903 1062 1249 67648 67489 1910 43999 2842 123 283 4126 2714 5179 311 2457
157284 1027 93 2055 161 6960 25387 13748 3839 2142 305 567 12007 4732 2661 3151 1 5054 266 10081 1877 362 137 158 8416 8429 235 5545 353 15 34 520 335 637 39 302
157285 1044 111 20455 1554 68618 251430 133855 38084 21145 2928 5661 119090 46770 26586 30837 15 49904 2520 98656 18494 3589 1268 1512 83511 83053 2342 54263 3532 146 355 5128 3350 6415 390 3075
157286 1043 99 43542 3371 146628 536498 286949 81188 45171 6365 12024 254434 99900 56671 66059 28 106744 5488 211319 39612 7632 2801 3258 178458 177295 4978 116138 7463 317 751 10942 7123 13671 825 6481
157288 1047 100 5009 380 16922 61821 32900 9383 5174 715 1399 29411 11505 6551 7668 3 12289 621 24314 4517 883 314 366 20542 20442 574 13316 868 35 88 1246 816 1553 95 763
157289 1019 89 24033 1854 80860 296454 157903 44792 24912 3462 6682 140476 55057 31272 36592 19 58995 2994 116797 21915 4209 1524 1776 98407 98001 2761 63869 4124 174 418 6034 3952 7542 455 3597
157290 1025 99 6830 524 22876 84000 44589 12760 7084 982 1882 39868 15633 8887 10355 5 16681 847 32939 6199 1207 428 508 27950 27624 800 18086 1167 49 119 1705 1110 2149 127 1020
157291 1023 89 16338 1267 54934 201492 107568 30384 16927 2378 4529 95498 37540 21237 24927 11 40151 2065 79485 14876 2865 1051 1220 66912 66623 1884 43589 2795 121 283 4124 2686 5106 307 2436
157292 1045 116 360 27 1206 4466 2387 674 372 50 99 2087 823 466 533 0 879 47 1749 331 63 23 28 1487 1469 42 961 62 2 6 92 60 115 6 51
157293 1045 116 11420 884 38245 140220 74890 21136 11805 1640 3142 66356 26110 14788 17287 7 27909 1438 55285 10342 1997 719 844 46597 46304 1297 30403 1943 84 195 2860 1862 3578 216 1687
157294 1048 101 58715 4537 197436 724155 386800 109163 61015 8541 16249 342955 134819 76381 89132 45 143890 7439 285360 53570 10335 3763 4385 240874 239124 6771 156619 10050 437 1010 14817 9586 18508 1101 8698
157295 1050 103 1627 123 5372 19894 10559 2973 1677 232 449 9354 3683 2089 2407 1 3932 199 7831 1444 280 100 124 6620 6564 181 4283 272 12 28 409 269 516 30 238
157296 1047 101 7289 564 24560 90039 48176 13561 7584 1066 2013 42710 16788 9471 11115 5 17881 932 35540 6673 1279 467 543 29974 29725 848 19521 1241 55 125 1833 1202 2298 137 1073
157297 1047 101 8561 647 28797 105665 56334 15956 8935 1257 2372 50044 19673 11166 13046 7 20997 1086 41628 7830 1513 552 635 35187 34873 1001 22832 1466 64 145 2151 1401 2707 158 1265
157298 1049 100 24313 1867 81787 299649 159815 45285 25215 3500 6747 142261 55797 31665 37210 14 59632 3057 118080 22106 4271 1546 1834 99618 98856 2822 64873 4185 178 426 6111 3972 7623 463 3630
157300 1039 102 24924 1883 83402 306414 162524 46250 25797 3567 6911 145272 56863 32354 37632 17 60811 3051 119970 22552 4366 1550 1831 101904 100932 2868 65954 4298 178 435 6246 4062 7837 467 3771
157301 1031 100 12464 948 41944 153886 82005 23217 12951 1802 3468 72964 28587 16240 18999 8 30591 1559 60552 11339 2190 790 921 51098 50867 1440 33148 2147 91 216 3123 2033 3904 235 1879
157302 1038 102 1840 135 6127 22392 11997 3402 1885 268 494 10543 4176 2370 2749 1 4470 227 8821 1648 318 119 134 7418 7416 203 4844 315 12 33 458 294 575 36 277
157303 1043 107 13447 1021 45247 165932 88473 25096 13957 1955 3734 78551 30779 17489 20377 10 32985 1670 65256 12243 2366 862 989 55102 54831 1544 35765 2301 97 235 3390 2193 4209 259 2031
157304 1048 108 11481 890 38721 141795 75448 21485 11945 1660 3200 67378 26407 14953 17560 7 28186 1426 55661 10465 2040 725 854 47206 46710 1335 30647 1990 80 200 2884 1871 3624 216 1738
157305 1048 108 5402 416 18255 66558 35643 10071 5606 774 1485 31583 12406 7027 8360 4 13329 672 26455 4908 948 333 411 22070 22060 624 14505 932 40 93 1348 883 1697 103 806
157306 1048 108 7727 590 26065 95156 50730 14432 8002 1120 2132 45233 17759 10079 11796 4 18953 966 37472 6986 1362 483 570 31664 31395 876 20639 1325 56 135 1922 1255 2425 147 1163
157307 1048 101 10467 824 35293 129231 69098 19491 10929 1521 2921 61255 24106 13614 15920 7 25747 1321 50940 9563 1829 661 785 42961 42783 1206 28031 1782 76 184 2629 1707 3286 194 1554
157308 1049 101 18344 1404 61475 225818 120691 33959 19012 2667 5058 106631 42011 23798 27725 13 44832 2316 89061 16711 3214 1170 1383 74992 74630 2117 48860 3130 142 315 4640 3028 5766 343 2691
157309 1056 106 1290 102 4346 15994 8542 2399 1340 185 355 7565 2956 1682 1972 0 3173 164 6317 1192 232 84 98 5345 5259 151 3477 221 10 21 329 208 409 23 191
157310 1044 105 14681 1124 49325 180840 96643 27212 15249 2128 4027 85363 33680 19038 22205 11 35903 1865 71388 13386 2573 937 1102 60069 59782 1684 39170 2489 116 249 3694 2407 4596 273 2154
157311 1036 98 12021 925 40461 148607 79252 22393 12488 1757 3339 70374 27723 15691 18241 9 29514 1547 58510 11022 2117 768 886 49495 49010 1381 32102 2044 86 207 3011 1948 3814 228 1780
157312 1040 100 6989 532 23273 85834 45500 12871 7219 1014 1940 40631 15947 9062 10502 4 17035 865 33614 6308 1226 446 512 28598 28235 807 18447 1203 51 119 1749 1130 2191 129 1044
157314 1038 98 12851 982 43130 158332 84642 23811 13298 1865 3542 74847 29460 16676 19501 9 31512 1617 62449 11664 2250 824 970 52531 52365 1462 34315 2195 95 222 3233 2098 4040 245 1907
157315 1048 98 17749 1355 59491 218526 116547 32888 18388 2580 4933 103409 40577 23059 26730 15 43317 2232 85882 16134 3105 1142 1322 72660 72226 2029 47099 3019 132 306 4453 2903 5567 329 2626
157316 1044 99 13180 997 44276 162151 86444 24501 13610 1900 3646 76956 30203 17157 20049 8 32249 1630 63746 11903 2311 825 968 53903 53515 1496 35065 2280 96 232 3292 2168 4128 247 1977
157317 1045 99 2735 202 9223 33653 17994 5069 2815 392 760 15996 6289 3547 4254 2 6741 329 13301 2474 472 170 201 11139 11152 308 7289 475 18 47 677 449 842 53 413
157318 1035 87 16541 1262 55565 203789 108361 30805 17122 2365 4621 96659 37928 21519 25218 12 40533 2042 80112 15030 2894 1034 1214 67726 67270 1922 43937 2848 116 286 4150 2690 5186 314 2487
157319 1035 87 10935 835 36804 134692 71744 20437 11297 1573 3035 63958 25021 14211 16647 7 26797 1339 52910 9931 1923 684 798 44668 44544 1262 29028 1894 79 192 2745 1784 3418 210 1658
157320 1033 86 14228 1099 47718 175059 93354 26380 14730 2056 3943 82932 32559 18459 21626 10 34798 1777 68990 12912 2480 900 1063 58133 57817 1633 37832 2427 107 246 3572 2341 4468 270 2104
157321 1032 88 5236 396 17509 64522 34202 9751 5433 755 1462 30555 11965 6776 7927 3 12832 669 25216 4751 920 337 395 21484 21243 601 13898 897 39 89 1306 854 1657 98 773
157322 1024 83 6810 529 22826 83942 44854 12649 7069 995 1890 39815 15620 8868 10330 5 16705 860 33078 6212 1186 443 506 27911 27755 783 18163 1175 52 117 1707 1117 2158 129 1002
157324 1052 95 4927 369 16406 60460 32096 9113 5036 697 1374 28576 11195 6368 7433 3 11993 602 23731 4429 864 297 366 20027 19956 573 13018 846 37 85 1234 809 1544 93 737
157325 1052 95 6808 518 22826 83764 44339 12719 7029 972 1895 39881 15548 8875 10376 4 16648 822 32759 6158 1188 421 503 27790 27579 795 18000 1179 50 122 1698 1109 2134 127 1039
157326 1051 95 18886 1439 63291 232709 123740 35017 19548 2736 5229 110221 43243 24532 28599 14 46194 2370 91426 17175 3291 1196 1394 77336 76717 2178 50163 3242 141 323 4745 3095 5940 353 2801
157327 1047 89 2068 157 6923 25479 13539 3873 2154 298 575 12063 4750 2678 3109 1 5032 268 10008 1899 366 131 157 8481 8396 246 5493 355 15 35 511 330 657 38 301
157328 1047 89 4246 320 14227 52195 27751 7920 4380 610 1177 24748 9692 5536 6386 2 10340 525 20438 3846 750 263 310 17364 17161 488 11260 732 30 72 1068 689 1332 81 645
157329 1051 89 54238 4173 182471 668968 357077 101041 56344 7880 15016 316880 124605 70605 82409 39 133083 6848 263481 49451 9546 3470 4055 222496 220906 6265 144940 9299 397 933 13649 8834 17084 1022 8071
157330 1060 86 36310 2775 121953 447266 238643 67506 37644 5261 10041 212040 83152 47204 55259 27 88906 4544 176240 33019 6402 2293 2701 148566 147767 4181 96704 6251 267 636 9166 5923 11387 685 5457
157331 1050 83 16587 1276 55636 204534 109171 30811 17183 2399 4603 96890 38031 21559 25141 10 40711 2082 80630 15098 2893 1060 1233 68034 67625 1905 44136 2845 123 286 4189 2722 5221 314 2459
157332 1050 83 8166 637 27551 101028 54105 15220 8530 1204 2263 47862 18836 10651 12450 7 20122 1044 39991 7485 1437 528 614 33653 33434 934 21848 1387 64 139 2063 1337 2562 154 1208
157336 1050 83 1322 104 4478 16220 8610 2520 1368 184 368 7742 3046 1723 2011 0 3231 157 6365 1193 227 80 99 5411 5370 154 3510 225 10 24 319 221 418 24 195
157337 1049 82 2040 159 6834 25222 13355 3774 2118 288 574 11925 4677 2652 3061 2 4990 258 9856 1871 358 130 152 8378 8305 238 5405 351 15 35 510 341 647 37 305
157338 1061 84 4508 340 15063 55406 29446 8368 4674 658 1244 26153 10247 5842 6713 3 10994 558 21682 4085 798 287 334 18430 18313 519 11879 770 31 79 1125 718 1430 85 679
157339 1060 83 12766 988 42892 157532 83951 23699 13257 1850 3569 74683 29244 16600 19487 9 31298 1606 62065 11664 2245 808 957 52439 51929 1471 34045 2189 93 224 3224 2103 4006 241 1915
157340 1041 95 4897 386 16597 60417 32496 9159 5079 708 1365 28755 11290 6372 7525 3 12083 617 23911 4477 857 308 373 20094 20011 560 13173 843 35 85 1230 810 1533 93 722
157341 1041 95 8065 610 27046 99332 52932 14981 8328 1168 2244 47016 18457 10490 12259 6 19718 1008 39061 7301 1415 505 602 32963 32779 929 21449 1400 59 138 2028 1315 2536 154 1210
157342 1040 95 1916 142 6392 23497 12497 3519 1972 279 528 11065 4365 2480 2883 1 4669 232 9299 1728 331 119 134 7782 7718 209 5081 326 14 33 479 308 600 35 284
157343 1040 95 12590 955 42200 154931 82509 23445 12978 1804 3482 73461 28766 16364 19238 9 30814 1551 60930 11369 2216 794 941 51465 51140 1438 33418 2179 89 222 3154 2059 3941 242 1905
157344 1041 97 2910 227 9847 36079 19291 5412 3016 415 806 17179 6715 3795 4528 2 7205 365 14285 2688 505 182 220 11961 11941 331 7830 500 19 51 729 479 913 55 441
157345 1053 104 10594 813 35606 130685 69523 19733 10976 1527 2945 61964 24304 13788 16203 8 25981 1346 51429 9637 1872 670 788 43442 43120 1226 28190 1825 77 184 2645 1739 3329 198 1583
157346 1057 103 21278 1624 71485 262459 140044 39481 22040 3098 5888 124093 48709 27650 32382 16 52171 2657 103327 19345 3735 1357 1578 86991 86824 2433 56588 3652 157 369 5382 3512 6675 405 3193
157347 1055 103 9996 774 33640 123325 65765 18679 10387 1443 2775 58529 22963 13011 15225 6 24536 1247 48542 9096 1763 626 734 41014 40683 1176 26623 1730 75 173 2519 1633 3143 189 1494
157348 1055 103 3625 272 12218 44684 23918 6755 3751 526 996 21172 8320 4718 5558 2 8897 453 17659 3291 638 232 268 14821 14797 420 9671 627 27 62 917 582 1141 69 548
157350 1047 100 25001 1928 84130 307862 164753 46426 25955 3623 6878 145812 57374 32453 38127 18 61294 3141 121585 22771 4374 1583 1866 102184 101796 2913 66783 4273 186 431 6293 4107 7827 472 3690
157351 1039 92 24617 1906 82984 304104 162525 45857 25562 3592 6849 143952 56680 32083 37329 18 60625 3098 119902 22482 4313 1583 1845 101115 100572 2831 65901 4211 179 428 6187 4050 7760 462 3664
157353 1039 93 7399 566 24929 91299 48720 13835 7702 1075 2062 43337 17013 9642 11373 5 18139 920 36012 6726 1305 470 560 30355 30123 881 19746 1276 56 129 1860 1215 2321 140 1109
157354 1045 96 12291 942 41205 151394 80684 22744 12735 1777 3399 71574 28068 15937 18649 10 30098 1538 59725 11175 2166 785 920 50249 50108 1415 32666 2102 91 213 3086 2025 3844 233 1834
157355 1040 94 9097 697 30670 112365 59962 17030 9395 1317 2528 53289 20893 11865 13911 6 22389 1136 44346 8255 1587 572 674 37210 37199 1029 24241 1571 66 156 2284 1506 2840 174 1365
157356 1040 94 666 47 2196 8189 4304 1211 685 95 184 3840 1514 873 985 0 1611 84 3204 607 116 41 50 2753 2673 71 1740 116 4 11 165 106 213 12 98
157357 1043 92 14633 1134 49269 180617 96408 27176 15173 2125 4047 85636 33529 19030 22232 11 35927 1831 71209 13320 2585 938 1092 59969 59772 1670 38952 2518 106 252 3702 2412 4584 276 2189
157358 1044 92 1510 114 5091 18626 9960 2818 1567 218 416 8822 3479 1965 2293 1 3695 184 7358 1370 264 94 114 6207 6157 172 4051 255 12 26 385 247 474 28 224
157360 1030 87 6825 510 22858 83759 44606 12689 7031 977 1888 39734 15585 8851 10319 4 16673 840 32884 6163 1196 424 499 27804 27651 784 18111 1178 48 116 1718 1109 2126 130 1034
157361 1031 87 16272 1224 54451 200222 106328 30233 16825 2340 4501 95039 37185 21134 24758 10 39761 2010 78548 14756 2859 1026 1188 66535 66019 1880 43062 2812 113 289 4085 2643 5106 310 2459
157362 1036 87 2389 179 8022 29358 15649 4428 2477 346 659 13922 5473 3089 3625 1 5854 294 11537 2156 419 155 170 9746 9708 273 6341 414 17 42 602 382 742 45 364
157363 1038 89 1404 108 4707 17320 9179 2636 1448 201 397 8224 3227 1829 2122 1 3435 175 6776 1276 251 87 101 5776 5691 161 3717 241 9 24 347 226 439 26 214
157364 1038 89 2315 178 7850 28640 15319 4340 2425 332 645 13637 5339 3038 3572 2 5695 290 11287 2128 407 152 172 9515 9454 271 6222 396 17 40 586 385 728 46 344
157367 1039 89 10930 823 36538 134292 71330 20258 11226 1558 3055 63521 24861 14175 16554 6 26712 1333 52692 9863 1907 667 806 44472 44330 1231 28894 1880 78 193 2719 1806 3417 209 1649
157368 1036 89 9455 717 31967 116804 62537 17627 9783 1376 2595 55391 21782 12330 14428 5 23257 1177 46067 8573 1668 608 699 38826 38650 1067 25328 1630 66 164 2403 1532 2968 184 1433
157369 1044 90 3007 230 10046 37047 19720 5599 3154 447 822 17450 6926 3924 4517 2 7343 390 14538 2747 527 198 233 12326 12172 356 8032 514 23 51 752 492 962 55 435
157370 1042 89 14660 1117 49147 180337 96095 27191 15162 2119 4054 85402 33523 19014 22192 11 35816 1845 70980 13301 2554 923 1090 59941 59504 1679 38952 2495 110 254 3687 2419 4584 275 2164
157371 1048 88 16568 1271 55683 204337 108840 30842 17179 2390 4584 96643 37921 21581 25127 13 40651 2073 80403 15076 2892 1038 1231 67895 67477 1878 44111 2848 118 289 4156 2715 5223 315 2486
157372 1015 81 2931 228 9891 36261 19401 5437 3052 427 821 17198 6732 3815 4476 2 7229 367 14316 2684 513 186 213 12029 12051 334 7844 505 21 51 739 487 923 55 442
157373 1015 81 38475 2938 129032 473496 252291 71503 39840 5548 10651 224538 88114 49956 58273 27 93964 4816 186163 34900 6753 2431 2841 157419 156226 4448 102185 6596 283 662 9656 6260 12067 724 5745
157374 1018 83 8872 698 29822 109409 58412 16440 9189 1281 2451 51762 20331 11531 13602 7 21827 1133 43266 8070 1548 565 677 36377 36119 1022 23734 1505 64 152 2216 1445 2795 167 1316
157376 1024 84 17275 1334 58072 212819 113471 32078 17923 2505 4786 100898 39594 22432 26199 12 42285 2163 83860 15752 3026 1104 1270 70813 70301 2000 45921 2960 129 300 4337 2826 5417 323 2568
157377 1022 83 4789 365 16141 59012 31546 8925 4981 698 1311 27898 10997 6251 7268 3 11710 598 23252 4352 843 309 361 19630 19458 553 12814 819 35 81 1210 775 1517 91 717
157378 1026 87 8479 644 28355 103958 55154 15763 8712 1202 2356 49265 19316 10983 12776 4 20656 1044 40687 7631 1476 528 618 34526 34218 967 22333 1461 59 147 2130 1389 2652 162 1279
157379 1033 84 4492 337 15071 55200 29272 8383 4631 639 1249 26234 10240 5836 6770 2 10975 540 21570 4067 793 277 326 18324 18251 530 11857 780 31 80 1122 729 1403 83 688
157380 1028 83 4752 355 15807 58404 30919 8821 4880 665 1329 27589 10758 6141 7135 3 11596 577 22830 4304 837 290 352 19347 19281 544 12514 823 31 84 1183 777 1487 89 726
157381 1028 83 3960 304 13388 48984 26210 7409 4103 571 1096 23170 9100 5171 6049 3 9771 502 19339 3615 692 251 305 16249 16229 457 10641 681 28 68 998 659 1255 75 584
157382 1029 82 4489 340 15030 55058 29491 8313 4635 639 1245 26118 10277 5812 6750 3 10953 551 21645 4083 782 277 334 18307 18176 515 11955 772 30 76 1123 733 1404 85 668
157383 1029 82 25678 1960 86276 316164 168696 47931 26598 3715 7118 150096 58875 33417 39005 16 62879 3206 124351 23349 4542 1619 1893 104975 104478 2950 68351 4435 180 449 6458 4186 8047 490 3871
157384 1058 86 3540 267 11857 43554 23302 6527 3675 521 973 20575 8129 4566 5383 2 8675 458 17186 3225 615 235 263 14471 14358 407 9422 597 26 60 891 582 1110 67 513
157385 1042 85 19544 1481 65612 240438 128152 36369 20238 2810 5400 114026 44681 25390 29732 11 47809 2436 94679 17764 3435 1220 1454 79986 79378 2243 52047 3366 143 337 4905 3187 6142 371 2923
157386 1055 94 9821 758 33211 121449 64765 18411 10223 1437 2717 57644 22656 12854 14971 5 24164 1222 47763 8973 1719 632 723 40415 40040 1128 26315 1680 72 171 2478 1610 3097 185 1470
157387 1043 87 8301 630 27889 102291 54574 15487 8596 1201 2303 48599 19034 10811 12725 5 20370 1037 40337 7552 1473 529 624 34040 33756 970 22204 1425 61 143 2080 1340 2599 158 1251
157388 1023 78 9065 693 30363 111324 59351 16792 9392 1309 2496 52798 20806 11754 13791 5 22146 1120 43821 8224 1585 563 675 37022 36717 1037 24081 1541 68 155 2276 1494 2833 168 1339
157389 1023 78 11193 833 37474 137579 73126 20700 11522 1583 3121 65122 25461 14498 16946 9 27324 1367 54045 10169 1954 693 824 45670 45387 1275 29619 1923 79 194 2805 1823 3476 212 1695
157390 1070 105 21267 1621 71593 262056 139914 39529 22012 3068 5888 124173 48783 27665 32357 15 52184 2633 103139 19289 3732 1342 1569 87063 86605 2422 56754 3664 150 370 5371 3469 6662 404 3213
157391 1071 109 18675 1429 62632 230306 122677 34691 19370 2698 5162 108919 42781 24252 28311 14 45696 2349 90505 16994 3301 1175 1395 76464 76108 2181 49740 3210 136 325 4716 3050 5871 350 2785
157392 1071 109 19678 1485 65886 241959 128574 36617 20262 2800 5456 114653 44883 25545 29797 14 48058 2414 94851 17802 3450 1216 1436 80270 79915 2243 52048 3414 141 346 4941 3235 6133 374 2980
157395 1071 109 18568 1415 62327 228482 121816 34498 19270 2703 5124 108321 42528 24112 28085 11 45421 2311 89772 16899 3258 1192 1369 76057 75388 2127 49419 3177 128 319 4670 3009 5833 351 2772
157396 1070 107 13791 1050 46195 169839 90344 25573 14250 1979 3832 80414 31464 17885 20824 9 33765 1689 66661 12539 2411 861 1007 56413 56106 1571 36531 2379 97 241 3456 2261 4319 261 2083
157397 1062 98 19697 1512 66464 243364 130007 36694 20513 2850 5456 115452 45371 25656 30176 12 48510 2484 96068 18027 3458 1255 1459 80830 80490 2288 52690 3380 148 338 4960 3227 6171 368 2924
157398 1062 96 19275 1497 64912 237822 127140 35895 20060 2816 5337 112704 44277 25063 29353 14 47263 2447 93730 17601 3390 1222 1441 79036 78639 2260 51511 3295 149 333 4872 3144 6093 357 2839
157399 1061 95 4305 331 14534 53099 28451 8044 4472 631 1188 25268 9936 5602 6629 3 10588 555 21027 3922 744 277 327 17654 17564 498 11539 731 32 72 1075 705 1347 81 638
157400 1040 78 18898 1438 63403 232928 123754 35121 19550 2699 5257 110225 43289 24574 28717 14 46258 2334 91429 17163 3330 1187 1386 77464 76713 2194 50245 3264 138 332 4773 3069 5950 357 2847
157401 1042 78 11152 862 37506 137561 73425 20727 11549 1620 3101 64951 25575 14522 16929 9 27351 1395 54186 10146 1959 717 833 45703 45411 1275 29768 1919 80 193 2800 1828 3520 211 1663
157405 1042 78 36122 2779 121420 445048 237033 67310 37512 5212 10039 211244 82968 47034 55139 22 88628 4514 175103 32890 6330 2299 2684 148038 146734 4205 96293 6219 261 623 9057 5892 11345 681 5408
157406 1011 86 49686 3845 166693 612407 325971 92394 51462 7171 13735 289929 113721 64605 75271 37 121694 6263 240810 45266 8723 3158 3702 203530 202012 5725 132080 8517 357 866 12487 8110 15613 929 7401
157407 1016 89 7869 606 26446 96941 51778 14662 8184 1140 2169 45949 18043 10235 11937 6 19297 997 38195 7187 1387 502 584 32170 32058 923 20989 1336 56 137 1989 1286 2461 145 1163
157408 1021 88 6812 519 22796 83757 44573 12619 7068 975 1883 39554 15568 8824 10323 5 16644 862 32910 6195 1188 433 506 27858 27584 784 18177 1163 47 114 1722 1110 2139 129 1009
157409 1019 87 1194 97 4003 14592 7887 2219 1237 177 317 6915 2745 1527 1801 0 2915 157 5777 1090 206 81 91 4874 4819 136 3216 198 8 20 299 195 372 22 170
157411 1019 87 14260 1092 47723 175554 93519 26502 14800 2071 3947 83072 32674 18531 21589 9 34815 1805 69100 12987 2507 906 1076 58388 57815 1674 37969 2435 109 245 3573 2331 4502 267 2111
157412 1018 86 2557 193 8581 31254 16595 4747 2626 353 704 14870 5843 3316 3892 2 6205 309 12269 2314 438 150 182 10347 10268 290 6771 438 17 43 635 418 789 48 384
157413 1017 86 19848 1511 66608 244374 130271 36859 20512 2871 5490 115844 45424 25799 30164 14 48555 2450 96124 18023 3490 1254 1465 81060 80741 2279 52775 3409 144 345 4999 3268 6208 379 2999
157415 1020 91 36517 2788 122480 450349 239553 67744 37849 5286 10163 213238 83619 47481 55268 26 89366 4578 176878 33229 6418 2315 2723 149710 148686 4199 97011 6269 266 634 9162 5970 11494 685 5466
157417 1022 91 5404 412 18076 66467 35332 9990 5596 777 1502 31434 12344 7009 8149 4 13187 671 26074 4923 949 338 389 22107 21884 624 14297 924 39 94 1356 880 1700 99 806
157418 1023 91 13621 1033 45654 167743 89281 25338 14142 1969 3786 79410 31196 17718 20727 11 33299 1707 65942 12339 2401 857 1011 55668 55409 1592 36197 2358 100 238 3405 2207 4289 259 2044
157419 1023 91 23157 1789 77847 285494 152152 43219 24023 3344 6428 135346 53115 30180 35254 17 56784 2903 112381 21088 4085 1461 1723 94832 94266 2712 61704 3974 168 406 5846 3780 7264 434 3451
157420 1013 88 2631 196 8859 32451 17333 4887 2728 378 725 15351 6034 3426 4029 1 6441 325 12800 2382 465 169 195 10757 10719 305 7008 455 20 45 670 432 829 50 393
157421 1033 102 22714 1729 76030 279569 148477 42266 23444 3253 6292 132331 51727 29492 34250 18 55503 2796 109508 20626 3991 1415 1672 92784 92342 2592 60112 3912 157 396 5704 3725 7095 432 3434
157422 1033 102 9913 763 33262 121852 64908 18473 10249 1409 2737 57786 22653 12902 14958 8 24208 1238 47976 9020 1738 612 728 40463 40271 1131 26313 1689 70 173 2481 1638 3104 189 1480
157423 1019 90 14241 1105 47865 175559 93937 26391 14775 2069 3963 83053 32724 18419 21662 10 34993 1822 69264 12985 2488 900 1083 58389 58050 1631 38087 2429 106 246 3578 2334 4475 263 2105
157425 1022 90 32157 2448 107987 396076 211398 59706 33434 4678 8882 187601 73746 41799 48876 22 78692 4016 156050 29268 5638 2061 2377 131842 130672 3690 85658 5525 235 558 8100 5241 10098 608 4789
157426 1028 90 7319 554 24513 90080 47877 13572 7552 1041 2029 42585 16663 9499 11121 5 17902 896 35369 6643 1273 453 528 29858 29748 842 19367 1268 51 130 1832 1198 2297 137 1105
157428 1019 88 8787 652 29299 108037 57099 16309 9096 1250 2440 51062 20031 11399 13149 6 21415 1090 42215 7960 1560 538 635 35939 35574 1017 23132 1518 64 153 2195 1416 2758 165 1330
157430 1014 85 65776 4997 220673 810390 431424 122373 68065 9521 18217 384236 150575 85575 99714 47 161045 8181 318371 59753 11601 4143 4851 269420 267641 7559 174658 11295 472 1156 16494 10729 20641 1242 9897
157431 1023 88 20835 1591 70099 257040 136816 38865 21553 2988 5798 121863 47789 27167 31852 17 51183 2576 101172 18930 3659 1303 1553 85316 84954 2397 55447 3595 146 364 5224 3431 6542 396 3146
157432 1021 87 509 39 1766 6337 3427 966 532 74 140 3050 1190 673 821 0 1274 64 2533 467 90 32 38 2113 2090 56 1403 89 4 9 133 83 160 10 77
157433 1020 86 2877 208 9603 35293 18642 5358 2974 407 802 16733 6517 3726 4329 2 7006 348 13758 2581 501 178 205 11698 11632 324 7552 493 20 51 712 470 888 56 438
157434 1023 86 14824 1134 49870 182862 97456 27596 15330 2135 4107 86617 33955 19337 22606 12 36355 1843 71994 13457 2612 937 1106 60683 60439 1711 39430 2559 107 257 3727 2431 4653 282 2231
157435 1023 89 2025 155 6798 25033 13259 3744 2080 289 566 11851 4601 2634 3083 1 4958 242 9852 1835 355 124 147 8301 8285 229 5324 347 14 34 510 333 632 38 308
157437 1033 92 4692 356 15715 57850 30669 8707 4864 679 1304 27377 10714 6103 7144 3 11500 570 22644 4253 829 293 347 19217 19075 540 12442 808 32 82 1180 765 1483 88 712
157438 1010 81 12597 930 42039 154655 81945 23316 12992 1812 3484 73255 28756 16374 19086 8 30746 1545 60708 11364 2198 787 910 51430 50928 1430 33242 2172 90 218 3138 2054 3941 239 1896
157440 1020 92 7854 603 26460 96979 51682 14694 8131 1134 2180 45963 18038 10259 12008 5 19281 965 38195 7117 1384 499 582 32147 32102 916 20906 1352 60 137 1977 1279 2459 150 1179
157441 1042 98 25381 1947 85203 312725 167061 47186 26315 3684 7017 148096 58256 32974 38516 17 62187 3208 123251 23088 4463 1625 1893 103919 103293 2908 67629 4367 185 439 6380 4170 7975 481 3773
157442 1019 89 3397 253 11366 41789 22235 6282 3512 498 944 19808 7752 4405 5171 2 8289 432 16451 3054 588 216 250 13854 13788 389 9008 589 24 59 853 561 1073 65 502
157443 1024 89 14993 1146 50438 184934 98552 27921 15502 2157 4156 87611 34339 19558 22857 12 36768 1862 72794 13605 2642 948 1120 61364 61128 1731 39874 2587 108 261 3766 2459 4705 285 2259
157444 1013 84 17375 1336 58506 214120 114312 32356 18018 2503 4809 101632 39807 22595 26525 13 42635 2158 84441 15809 3050 1090 1286 71095 70846 2002 46343 2986 124 302 4373 2844 5449 329 2612
157445 1017 84 7446 571 24969 91747 48770 13789 7726 1074 2052 43513 17044 9666 11292 4 18209 941 36065 6775 1313 469 558 30548 30213 872 19776 1287 53 127 1879 1215 2340 140 1117
157446 1015 84 14415 1119 48626 177770 94966 26926 14962 2097 4015 84149 33140 18793 21791 10 35428 1820 69988 13140 2523 912 1057 59090 58794 1661 38480 2466 105 254 3621 2357 4516 270 2150
157447 1016 84 16609 1273 55786 204724 109063 30938 17247 2410 4602 97093 38105 21604 25247 10 40732 2094 80656 15106 2920 1052 1237 68151 67530 1901 44273 2844 125 284 4147 2695 5238 313 2466
157448 1016 84 35069 2666 117735 431907 230383 65077 36451 5100 9693 204514 80401 45588 53267 24 85809 4378 170099 31913 6151 2246 2596 143812 142449 4027 93378 6026 258 608 8830 5713 11015 663 5223
157449 1038 81 10250 799 34630 126759 67642 19145 10616 1479 2856 60253 23592 13380 15791 6 25290 1294 49983 9308 1811 648 772 42096 41889 1195 27487 1767 78 177 2605 1685 3212 195 1527
157450 1036 81 40761 3111 136862 501798 267634 75833 42201 5889 11294 237805 93282 52935 61871 29 99682 5074 197456 37107 7155 2567 3060 166784 165650 4681 108448 6977 299 712 10215 6688 12751 767 6102
157451 1032 107 2297 176 7682 28264 15075 4231 2385 332 637 13362 5226 2962 3460 1 5606 292 11085 2094 407 148 174 9409 9331 266 6113 389 17 39 573 372 724 41 338
157452 1051 110 9132 715 30771 112620 60218 17042 9494 1326 2527 53412 20997 11897 13978 6 22453 1150 44565 8298 1606 579 685 37465 37248 1061 24448 1561 69 159 2295 1500 2881 172 1353
157453 1050 109 9861 752 33142 121489 64831 18359 10245 1438 2728 57557 22612 12841 15010 7 24136 1236 47902 8968 1743 631 741 40503 40054 1131 26343 1698 69 170 2472 1596 3126 188 1480
157454 1058 114 16389 1261 55083 202253 107706 30540 16998 2378 4558 96040 37567 21333 24755 11 40215 2074 79495 14966 2888 1045 1205 67288 66808 1899 43554 2812 114 285 4089 2676 5162 304 2454
157455 1051 112 7971 626 26821 98619 52906 14819 8352 1174 2204 46568 18368 10348 12056 4 19630 1025 38972 7341 1408 521 611 32814 32634 935 21483 1356 60 134 2012 1308 2517 147 1163
157456 1051 112 6715 512 22515 82814 44162 12460 6984 987 1850 39105 15376 8763 10170 6 16387 838 32590 6123 1195 427 500 27514 27350 772 17847 1152 49 117 1692 1090 2127 127 1010
157457 1051 112 242 15 797 2913 1540 443 240 32 64 1367 540 310 362 0 582 26 1136 208 40 14 15 943 965 25 619 44 1 4 60 39 71 5 40
157458 1051 107 6316 479 21146 77546 41258 11765 6531 905 1751 36768 14438 8178 9540 4 15403 769 30454 5747 1110 392 456 25712 25599 728 16684 1084 46 108 1582 1030 1962 118 948
157459 1047 102 8733 667 29330 107623 57013 16284 9045 1252 2435 51128 20019 11376 13348 6 21349 1077 42162 7918 1536 554 633 35757 35416 1006 23134 1504 61 154 2187 1431 2737 164 1332
157461 1027 99 23659 1840 79635 291659 155637 44120 24566 3447 6528 138266 54375 30792 36083 17 57988 2998 114982 21547 4156 1517 1762 97005 96261 2744 63070 4060 177 408 5942 3876 7452 444 3507
157462 1028 100 38712 2984 130371 477521 254588 72173 40191 5628 10715 226416 88896 50451 58830 29 94919 4882 187941 35270 6799 2476 2859 158906 157567 4465 103162 6657 284 669 9739 6328 12206 729 5777
157463 1029 99 4414 338 14761 54418 28852 8208 4554 637 1241 25875 10133 5757 6771 2 10805 549 21362 3988 776 280 323 18148 17920 509 11705 757 33 76 1109 717 1383 82 661
157464 1041 103 43094 3308 144690 530673 283110 80100 44693 6256 11915 251411 98802 56014 65545 33 105441 5398 209130 39167 7570 2738 3203 176419 175256 4949 114736 7404 325 751 10811 7041 13533 810 6427
157465 1042 104 10553 815 35457 130080 69260 19688 10952 1513 2933 61845 24185 13714 16043 7 25835 1337 51162 9637 1861 658 797 43318 42935 1245 28158 1791 76 184 2642 1711 3343 195 1571
157466 1034 101 4525 356 15261 55954 29680 8489 4707 647 1267 26582 10399 5930 6982 3 11155 557 22012 4111 789 275 332 18572 18466 519 12050 795 32 80 1132 742 1414 86 686
157467 1030 100 4850 360 16282 59752 31839 8976 5008 697 1357 28342 11090 6297 7395 3 11905 590 23522 4389 845 305 354 19837 19775 552 12862 832 34 85 1216 795 1510 93 733
157468 1042 106 9894 768 33367 121991 65237 18499 10282 1446 2720 57903 22768 12879 15087 5 24315 1238 48089 9018 1734 637 746 40569 40332 1137 26430 1692 73 174 2495 1629 3105 188 1477
157469 1033 101 6968 528 23380 86015 46058 12894 7251 1025 1910 40561 15996 9062 10476 6 17014 907 33920 6386 1220 461 520 28651 28428 793 18597 1174 54 118 1766 1142 2187 130 1010
157471 1038 101 4041 303 13514 49708 26313 7532 4161 577 1126 23554 9201 5270 6113 3 9861 496 19436 3657 712 248 293 16528 16339 469 10666 694 30 69 1011 647 1268 76 614
157472 1039 101 2111 162 7132 26026 13902 3966 2187 303 586 12345 4832 2748 3253 1 5170 261 10221 1910 370 135 157 8638 8611 239 5600 366 15 37 533 345 663 40 323
157473 1038 101 18432 1396 61923 227535 121157 34260 19120 2667 5113 107610 42233 24036 27845 15 45188 2308 89468 16801 3244 1162 1365 75537 75234 2093 49000 3153 131 321 4640 3007 5824 348 2766
157474 1019 104 16326 1245 54708 200933 106900 30345 16840 2351 4541 95185 37301 21231 24694 12 39849 2006 78859 14767 2870 1040 1203 66738 66382 1862 43194 2803 118 284 4100 2674 5099 309 2464
157475 1019 104 29322 2269 98317 361400 192662 54439 30449 4263 8133 171103 67118 38076 44440 22 71880 3702 142178 26742 5143 1878 2199 120161 119424 3369 78027 4999 213 508 7312 4808 9226 550 4349
157478 1024 106 25056 1906 84084 308596 164708 46531 25972 3625 6925 146043 57405 32549 38078 18 61307 3151 121504 22768 4406 1584 1868 102517 101891 2907 66692 4321 185 429 6305 4081 7869 475 3736
157479 1020 105 8109 619 27336 99907 53309 15098 8399 1162 2259 47435 18602 10564 12388 6 19901 991 39330 7366 1432 502 585 33158 32964 931 21613 1405 57 143 2046 1322 2535 154 1232
157480 1044 118 4400 347 14860 54206 28930 8224 4567 635 1224 25822 10122 5724 6661 2 10777 553 21274 4013 774 285 322 18096 17882 500 11692 758 31 76 1100 706 1382 83 664
157481 1052 121 21354 1639 71558 263121 140368 39505 22115 3092 5902 124564 48932 27654 32341 16 52264 2703 103749 19421 3749 1351 1597 87557 86828 2470 56803 3657 164 358 5376 3501 6726 402 3150
157484 1051 118 8807 668 29556 108465 57805 16335 9114 1278 2433 51499 20158 11439 13391 5 21568 1107 42696 7990 1539 563 645 36136 35829 989 23413 1515 62 152 2197 1448 2775 166 1308
157485 1051 118 2154 164 7227 26639 14056 3981 2214 307 607 12621 4908 2804 3336 1 5290 259 10525 1955 376 131 156 8833 8786 239 5696 375 16 37 542 353 665 42 329
157486 1052 118 8908 673 29833 109472 58178 16603 9176 1281 2460 51853 20318 11565 13443 6 21733 1090 42956 8043 1571 548 639 36271 36165 1027 23535 1545 64 157 2237 1448 2781 169 1343
157487 1050 117 2617 201 8776 32096 17166 4878 2699 376 727 15227 5985 3396 3961 1 6399 318 12628 2368 463 164 188 10662 10594 301 6953 450 17 46 653 425 807 50 394
157488 1040 109 18694 1435 62911 230809 123327 34801 19364 2712 5184 109326 42930 24303 28442 14 45962 2345 90958 17037 3276 1193 1405 76680 76384 2148 49976 3192 131 325 4680 3074 5884 352 2797
157493 1040 109 2198 169 7380 27122 14421 4101 2291 316 607 12868 5032 2865 3306 1 5391 278 10618 2005 394 139 164 8991 8956 258 5858 380 15 38 553 357 692 40 331
157494 1029 121 5219 392 17403 63846 33938 9625 5368 743 1441 30332 11910 6756 7909 3 12686 637 25078 4695 910 322 388 21234 21032 593 13825 899 38 93 1302 858 1630 99 785
157495 1033 121 22149 1700 74445 272792 145259 41252 22960 3205 6137 129342 50842 28844 33585 14 54210 2784 107173 20170 3874 1410 1649 90764 89984 2551 58932 3815 164 385 5553 3613 6951 411 3320
157496 1033 121 4371 332 14693 53940 28669 8173 4542 627 1211 25646 10042 5709 6664 2 10705 556 21152 3989 775 276 325 17950 17753 526 11640 753 32 75 1096 704 1391 81 656
157497 1034 122 25313 1950 85059 311772 165829 47122 26202 3643 7024 147774 57888 32948 38333 19 61941 3110 122396 22997 4441 1578 1849 103565 102974 2901 67165 4365 176 449 6366 4137 7950 479 3823
157498 1043 129 15407 1166 51571 189689 100719 28591 15893 2212 4269 89822 35204 20021 23314 9 37739 1899 74430 13922 2713 968 1136 63071 62565 1773 40788 2664 111 271 3868 2517 4828 293 2330
157499 1050 129 21872 1666 73414 269519 143602 40685 22692 3168 6026 127578 50120 28495 33229 17 53532 2756 106146 19886 3861 1390 1617 89561 88958 2534 58277 3742 163 378 5529 3583 6864 414 3248
157500 1058 144 14855 1122 49847 182803 97194 27668 15323 2129 4139 86722 33969 19316 22558 11 36324 1834 71714 13419 2616 922 1081 60765 60346 1688 39403 2563 98 263 3719 2427 4649 280 2256
157502 1064 144 2703 206 9050 33261 17760 4986 2820 398 746 15687 6199 3496 4032 2 6599 351 13093 2463 467 176 201 11108 10964 309 7216 460 22 45 679 438 863 49 389
157503 1062 145 7994 602 26791 98139 52288 14901 8256 1145 2205 46648 18270 10376 12149 5 19514 974 38544 7243 1408 492 589 32558 32471 934 21192 1375 60 138 2004 1307 2498 151 1205
157504 1062 145 18649 1433 62637 229595 122195 34811 19327 2688 5175 108925 42661 24324 28405 14 45770 2337 90340 16932 3285 1173 1383 76327 75824 2133 49627 3215 132 328 4647 3028 5836 354 2817
157505 1030 116 4987 383 16867 61643 33103 9346 5195 738 1372 29215 11477 6522 7680 2 12286 627 24372 4556 886 327 379 20440 20404 569 13391 862 37 86 1263 822 1564 97 745
157506 1030 116 1845 145 6244 22681 12228 3444 1900 262 511 10773 4227 2385 2856 1 4527 233 9022 1676 323 117 143 7514 7534 209 4933 314 14 31 463 300 573 36 274
157507 1040 119 6280 497 21181 77596 41572 11721 6558 922 1741 36768 14535 8186 9610 4 15462 801 30712 5754 1092 409 480 25853 25608 735 16873 1064 49 108 1578 1049 1988 115 908
157508 1039 119 22162 1685 74355 272397 144892 41267 22873 3173 6148 129335 50687 28796 33529 12 54176 2725 106853 20088 3889 1395 1626 90596 89871 2552 58735 3828 157 385 5567 3588 6933 420 3361
157509 1039 119 8970 683 30051 110489 58657 16693 9248 1276 2496 52377 20501 11661 13570 6 21948 1118 43352 8120 1578 560 655 36684 36450 1022 23809 1547 62 159 2249 1470 2809 170 1361
157512 1039 119 4802 365 16174 59407 31585 8967 4990 698 1335 28082 11031 6288 7342 3 11797 593 23374 4366 847 302 356 19723 19635 561 12763 829 36 84 1212 771 1506 92 721
157513 1034 116 17846 1370 60029 220101 117389 33232 18476 2582 4949 104433 40940 23267 27055 12 43746 2230 86721 16212 3133 1135 1315 73075 72750 2062 47554 3071 129 308 4504 2926 5631 340 2675
157514 1045 118 4258 317 14242 52286 27851 7910 4378 611 1177 24651 9716 5517 6329 3 10391 529 20505 3831 744 264 315 17266 17317 496 11238 736 31 76 1077 693 1314 81 641
157515 1054 116 79666 6071 267418 980898 521905 148272 82535 11486 22080 464961 182522 103655 121200 58 195094 9895 385586 72329 13982 5039 5882 326017 323590 9169 211614 13732 585 1393 19990 13027 24953 1504 11939
157516 1013 94 2029 159 6884 25206 13614 3789 2122 307 569 11961 4706 2644 3101 1 5019 268 10043 1850 361 134 155 8421 8385 231 5508 340 15 34 507 333 650 39 295
157518 1026 97 15618 1166 52462 192578 102342 29114 16141 2234 4344 91182 35773 20346 23596 10 38223 1934 75483 14172 2751 975 1156 63865 63538 1806 41379 2710 112 274 3920 2553 4887 298 2363
157519 1029 104 2876 216 9621 35313 18894 5290 2992 422 787 16674 6602 3726 4369 2 7022 367 13964 2616 499 187 214 11732 11637 332 7660 486 24 47 722 468 908 53 411
157520 1027 98 922 72 3104 11427 6069 1727 950 132 263 5402 2110 1194 1421 0 2270 114 4526 840 163 57 66 3774 3797 115 2440 160 7 16 230 152 285 16 136
157521 1027 98 10622 797 35683 130973 69432 19829 10966 1501 2974 62114 24293 13825 16146 7 25995 1299 51292 9624 1871 653 777 43505 43219 1226 28136 1847 73 188 2655 1721 3334 201 1631
157524 1028 94 19112 1474 64360 236100 125892 35676 19850 2764 5304 111873 43866 24964 29108 15 46952 2396 92888 17412 3367 1210 1436 78536 77995 2202 50998 3293 137 331 4830 3112 6024 363 2866
157525 1027 95 29135 2217 97665 358599 191040 54150 30130 4196 8081 169929 66588 37833 44164 21 71214 3603 140895 26428 5125 1838 2142 119291 118465 3342 77390 4991 204 505 7311 4766 9146 551 4374
157527 1027 96 61358 4704 206323 756520 403561 114249 63684 8903 16988 358439 140877 79848 93253 44 150487 7713 297869 55877 10800 3910 4563 251577 249785 7079 163719 10531 450 1057 15421 9991 19305 1159 9151
157528 1025 94 10789 825 36419 133284 71182 20134 11210 1569 2996 63200 24837 14087 16478 6 26537 1342 52550 9800 1891 685 798 44311 44143 1237 28868 1856 77 186 2715 1766 3424 205 1610
157529 1025 94 3877 294 12985 47639 25480 7200 4021 571 1065 22580 8879 5048 5857 3 9471 478 18743 3527 681 245 286 15824 15747 449 10378 656 28 67 980 630 1215 73 578
157531 1020 96 6461 502 21621 79328 42219 11997 6685 931 1775 37679 14791 8354 9789 4 15800 813 31186 5868 1135 410 480 26388 26145 749 17200 1093 48 111 1610 1049 2018 120 963
157532 1026 102 7508 576 25339 92737 49586 14021 7791 1085 2080 44015 17271 9785 11509 4 18485 941 36579 6839 1325 471 567 30846 30675 860 20152 1296 53 130 1887 1210 2365 142 1135
157533 1021 94 25878 2011 87129 319422 170458 48240 26884 3760 7178 151266 59440 33643 39365 17 63640 3250 125770 23548 4574 1653 1937 106199 105501 2995 69097 4437 189 448 6516 4213 8109 492 3870
157534 1030 96 18664 1432 62467 229330 122049 34638 19284 2681 5154 108778 42678 24180 28358 12 45595 2321 90163 16925 3268 1170 1374 76199 75623 2160 49528 3206 137 322 4691 3031 5838 353 2796
157535 1030 96 14403 1092 48225 177355 94202 26727 14878 2070 4011 83917 32917 18742 21744 10 35240 1783 69549 13067 2524 912 1062 58972 58472 1646 38185 2486 102 253 3618 2338 4518 274 2177
157536 1026 93 3078 242 10407 37958 20343 5770 3201 447 855 18051 7094 3999 4766 2 7580 389 14978 2812 538 201 235 12642 12547 363 8247 529 21 54 783 509 960 57 459
157538 1023 90 17577 1332 58860 216123 114685 32631 18140 2520 4871 102259 40099 22813 26525 12 42830 2159 84712 15877 3088 1097 1279 71723 71231 2006 46468 3044 125 307 4430 2864 5499 337 2666
157539 1023 90 28270 2132 95063 348484 185845 52696 29305 4079 7834 165182 64838 36847 43147 20 69260 3521 137217 25718 5002 1792 2112 115730 115034 3289 75394 4892 209 489 7121 4589 8853 537 4256
157540 1026 90 12316 948 41443 151779 80722 22952 12750 1783 3430 72152 28203 16074 18760 10 30178 1515 59616 11164 2167 775 907 50471 50119 1418 32728 2152 87 219 3075 1986 3886 235 1883
157541 1024 90 17943 1379 60253 220744 117794 33373 18601 2606 4948 104609 41106 23345 27165 12 43888 2242 86891 16318 3153 1145 1311 73503 72868 2043 47669 3080 128 311 4522 2904 5623 342 2690
157542 1021 90 4412 342 14866 54477 29033 8254 4586 640 1226 25889 10153 5749 6779 4 10875 553 21457 4008 776 281 326 18107 17989 519 11763 760 33 75 1109 733 1393 82 659
157543 1021 90 10660 827 35703 131297 70173 19713 11064 1547 2946 62063 24448 13828 16159 7 26063 1355 51845 9748 1880 684 805 43738 43359 1246 28491 1818 82 179 2684 1736 3348 199 1564
157545 1035 96 33190 2554 111595 409066 218173 61861 34440 4812 9198 193980 76086 43240 50558 25 81388 4152 161163 30165 5846 2104 2477 135969 135189 3843 88498 5695 245 584 8332 5431 10427 624 4961
157548 1049 98 11008 847 37031 135538 72438 20532 11407 1596 3033 64154 25208 14310 16677 8 26925 1370 53363 10039 1933 702 829 44994 44815 1259 29297 1891 79 193 2780 1800 3441 210 1657
157549 1037 90 1002 79 3362 12325 6645 1853 1046 145 276 5787 2299 1291 1492 1 2435 129 4879 920 172 65 74 4098 4083 112 2659 167 7 16 253 168 310 18 144
157551 1039 90 1655 124 5531 20425 10846 3073 1731 247 456 9594 3803 2158 2490 0 4050 213 8040 1516 289 109 125 6807 6700 187 4399 280 14 29 417 266 521 31 241
157553 1028 96 18182 1415 60938 223739 119327 33782 18845 2635 5031 105966 41612 23555 27506 13 44476 2289 88019 16554 3179 1157 1373 74447 73787 2098 48431 3112 131 312 4544 2974 5728 341 2686
157554 1021 93 2845 216 9568 35169 18731 5332 2946 411 786 16681 6546 3708 4305 1 6970 351 13813 2596 502 180 206 11703 11643 327 7566 492 19 51 713 462 893 53 434
157555 1021 93 5598 435 18884 69077 36950 10416 5779 808 1566 32806 12844 7266 8509 3 13809 699 27328 5091 979 350 414 22917 22904 637 14964 958 40 95 1413 912 1742 107 840
157557 1022 94 7960 598 26729 98010 52299 14829 8192 1140 2202 46453 18189 10372 12129 4 19486 972 38471 7183 1398 499 593 32563 32423 901 21191 1383 55 141 1997 1295 2504 154 1209
157558 1037 100 13444 1020 45304 165581 88148 25172 13931 1926 3726 78606 30854 17522 20467 8 32934 1659 65096 12210 2368 842 987 55012 54670 1535 35722 2323 95 238 3367 2185 4212 258 2036
157559 1037 100 13490 1020 45207 165835 88249 25053 13888 1931 3729 78584 30783 17492 20431 9 32990 1660 65194 12169 2365 840 989 55085 54789 1547 35629 2324 95 236 3383 2201 4229 258 2052
157560 1044 100 1209 94 4066 14959 7955 2261 1259 178 335 7049 2756 1572 1792 1 2939 153 5827 1122 212 76 90 4974 4940 135 3192 210 8 20 297 196 381 22 183
157561 1042 100 12356 942 41547 152574 81281 23059 12828 1803 3429 72162 28340 16114 18646 8 30305 1541 59898 11264 2176 784 911 50674 50371 1398 32866 2121 89 217 3132 2029 3860 231 1852
157562 1038 101 6606 511 22203 81086 43365 12320 6829 952 1807 38443 15078 8555 9965 4 16129 822 31872 5996 1154 412 496 26993 26782 749 17566 1125 45 117 1653 1075 2064 124 980
157563 1043 92 2302 173 7782 28468 15165 4316 2374 330 641 13520 5281 3003 3504 1 5689 278 11208 2066 410 140 172 9436 9426 260 6162 401 16 42 577 380 724 44 351
157564 1046 92 1600 120 5400 19766 10551 2990 1658 230 441 9353 3676 2090 2437 1 3934 193 7780 1451 283 97 117 6592 6521 183 4273 274 10 28 402 261 503 30 243
157565 1045 92 18773 1471 63292 231846 123992 35029 19532 2727 5203 109910 43188 24411 28572 14 46084 2389 91447 17164 3309 1199 1395 77178 76692 2178 50201 3199 139 323 4748 3090 5890 350 2779
157566 1046 92 3537 273 11875 43696 23160 6615 3624 500 992 20636 8087 4623 5370 2 8719 430 17127 3195 620 223 267 14447 14408 395 9395 616 24 64 884 580 1108 66 533
157568 1043 92 7774 595 26212 95936 51177 14480 8035 1113 2162 45507 17848 10116 11951 5 19115 955 37844 7050 1365 492 582 31851 31718 894 20761 1335 56 135 1970 1275 2416 148 1170
157569 1043 92 8212 651 27779 101622 54434 15317 8571 1205 2289 48229 18932 10709 12513 5 20240 1056 40206 7537 1433 531 610 33857 33583 945 22102 1401 61 142 2060 1359 2590 154 1203
157570 1048 97 3056 234 10333 37808 20188 5695 3169 434 859 17951 7008 3981 4703 1 7491 375 14889 2785 535 189 225 12547 12458 357 8185 529 21 54 777 502 953 58 464
157571 1044 92 3408 259 11315 41754 22073 6316 3506 490 952 19720 7741 4395 5096 2 8283 421 16299 3086 592 216 246 13902 13732 383 8899 583 24 58 836 559 1064 62 503
157572 1051 92 10410 801 35092 128563 68645 19481 10806 1515 2888 60932 23892 13611 15823 7 25599 1331 50685 9487 1841 679 786 42769 42494 1200 27837 1782 76 180 2622 1697 3277 199 1559
157573 1049 98 10264 793 34637 126732 67832 19114 10672 1495 2844 60090 23662 13347 15856 8 25300 1289 50150 9364 1795 656 772 42086 41916 1194 27546 1754 76 178 2579 1700 3216 190 1527
157574 1053 98 9754 739 32666 120132 63813 18158 10065 1395 2722 56916 22290 12657 14739 5 23846 1224 47036 8844 1708 605 708 39918 39606 1113 25810 1701 67 171 2457 1605 3062 186 1484
157575 1053 98 9828 741 33004 121249 64606 18302 10167 1420 2725 57334 22473 12793 14902 7 24137 1218 47706 8928 1722 619 733 40181 40160 1146 26103 1691 72 174 2480 1613 3070 184 1480
157576 1055 97 6831 525 23008 84379 45011 12732 7101 1000 1892 40001 15689 8929 10350 4 16726 854 33125 6242 1202 435 510 28052 27863 777 18207 1171 50 120 1736 1128 2138 129 1013
157577 1054 97 227 18 776 2820 1468 443 238 33 66 1355 527 307 341 0 558 27 1080 208 42 14 17 949 911 27 597 42 1 4 57 34 74 4 36
157578 1054 97 9400 727 31614 115866 61970 17459 9791 1380 2597 54930 21553 12243 14312 6 23118 1181 45790 8576 1633 610 710 38557 38299 1079 25180 1599 69 161 2366 1546 2950 174 1389
157579 1054 97 19980 1519 66785 245875 130257 37138 20633 2873 5529 116243 45510 25946 30081 16 48774 2453 96293 18159 3522 1254 1465 81568 81049 2302 52771 3451 142 350 5019 3260 6255 378 3027
157581 1053 97 7842 602 26351 96899 51661 14586 8147 1141 2172 45779 17981 10219 11872 6 19184 989 38158 7163 1385 504 586 32244 32072 902 20855 1341 57 135 1984 1273 2470 147 1171
157583 1063 96 1097 80 3705 13662 7249 2048 1138 156 306 6457 2511 1435 1645 0 2708 138 5335 1011 191 72 84 4557 4515 129 2919 191 7 19 277 180 355 20 166
157585 1020 86 15971 1234 53709 197075 104897 29791 16575 2313 4437 93352 36638 20827 24231 12 39201 1990 77478 14537 2804 1009 1186 65506 65056 1839 42523 2746 116 278 4014 2611 5033 302 2390
157586 1016 85 14474 1123 48903 178794 95416 27119 15096 2109 3998 84872 33372 18883 22166 10 35562 1829 70413 13253 2537 923 1092 59497 58990 1687 38703 2477 109 250 3646 2351 4559 274 2158
157587 1016 85 5331 407 17800 65370 34839 9893 5472 761 1472 31022 12159 6905 7998 3 12967 648 25596 4826 940 334 394 21747 21577 614 14111 909 37 92 1332 861 1664 100 806
157588 1019 87 29189 2258 98146 359932 192079 54215 30362 4254 8071 170696 67015 37973 44460 23 71621 3679 141896 26637 5145 1874 2181 119782 118818 3372 77895 4951 215 506 7332 4762 9181 544 4334
157589 1020 88 15455 1192 51837 190601 101599 28728 16030 2245 4280 90253 35395 20138 23513 10 37900 1946 75090 14059 2722 988 1166 63336 62938 1785 41201 2662 116 270 3883 2526 4873 294 2306
157590 1021 87 23146 1756 77691 285045 151713 43021 23963 3341 6416 135254 52965 30081 35212 16 56714 2866 112197 20987 4049 1462 1694 94669 94146 2653 61373 3993 167 399 5827 3808 7235 437 3479
157591 1019 87 6446 496 21752 79768 42601 12047 6719 943 1789 37861 14863 8413 9879 5 15877 824 31474 5912 1132 422 486 26549 26368 763 17293 1097 46 112 1619 1049 2032 121 954
157593 1019 86 27296 2110 91737 336853 180160 50644 28373 3981 7552 159085 62714 35365 41284 20 66937 3511 132869 24978 4776 1759 2074 111991 111400 3141 72950 4635 202 469 6861 4493 8585 506 4016
157594 1020 88 3792 298 12777 46875 24983 7096 3944 558 1055 22160 8746 4965 5740 2 9313 488 18390 3462 671 249 285 15651 15436 441 10127 651 28 65 950 620 1198 71 558
157595 1020 88 5999 457 20271 74033 39395 11253 6191 848 1675 35239 13772 7845 9228 4 14725 741 29118 5411 1058 373 444 24590 24458 694 15988 1038 42 106 1493 983 1864 115 912
157596 1021 89 21068 1633 70770 259736 138537 39145 21839 3038 5820 122926 48347 27390 31871 16 51668 2656 102215 19184 3705 1331 1565 86244 85741 2428 56223 3604 153 363 5317 3437 6647 396 3143
157597 1021 85 10265 775 34437 126277 67050 19168 10606 1480 2844 59950 23485 13397 15609 7 25094 1271 49540 9301 1810 643 750 41974 41571 1176 27230 1770 71 182 2577 1660 3215 197 1565
157598 1025 90 6547 494 21955 80473 42881 12145 6782 949 1791 38082 14977 8496 9984 4 16023 818 31694 5925 1149 416 485 26743 26559 759 17402 1123 46 114 1642 1057 2068 123 978
157599 1071 102 3015 226 10091 37105 19735 5628 3126 436 832 17548 6890 3930 4530 2 7361 366 14537 2719 531 189 220 12329 12225 339 7974 524 22 52 760 495 943 57 453
157600 1074 102 13312 1026 44896 164413 88124 24850 13839 1954 3683 77915 30598 17338 20162 9 32700 1698 64832 12138 2342 859 1002 54630 54467 1517 35632 2264 96 229 3351 2187 4179 254 1972
157601 1076 104 3000 219 10090 37028 19584 5646 3104 417 847 17634 6851 3941 4590 3 7320 358 14431 2719 527 183 215 12257 12197 343 7925 531 19 54 749 495 952 60 465
157602 1006 80 12719 992 42741 156422 83610 23689 13195 1839 3511 74181 29133 16515 19308 9 31165 1579 61634 11564 2231 812 940 51976 51657 1477 33898 2173 91 221 3202 2087 3985 240 1894
157603 1006 80 19062 1446 64022 234355 124883 35492 19713 2737 5227 111128 43667 24767 29002 11 46644 2369 92140 17301 3340 1201 1394 77880 77267 2172 50649 3276 138 328 4788 3124 5944 363 2863
157604 1014 80 741 57 2528 9162 4903 1421 755 105 212 4386 1713 966 1160 0 1849 91 3613 669 127 44 54 3029 3044 80 1980 127 5 12 184 125 227 14 115
157605 1034 89 6965 538 23453 86028 45979 13023 7234 1019 1939 40961 16062 9103 10676 4 17113 876 33925 6334 1225 448 529 28675 28404 809 18685 1194 50 122 1747 1122 2206 133 1043
157606 1021 85 5662 435 19035 69867 37083 10565 5879 808 1589 33181 12970 7386 8555 5 13845 700 27366 5166 997 353 417 23252 23059 652 15037 969 39 101 1425 930 1784 106 851
157607 1021 85 7817 598 26225 96024 51093 14589 8072 1130 2164 45694 17867 10160 11841 6 19094 955 37641 7058 1375 490 577 31916 31663 899 20724 1343 56 140 1955 1275 2449 145 1178
157609 1006 77 8955 682 30080 110236 58695 16766 9202 1281 2483 52481 20526 11673 13683 6 21895 1107 43361 8072 1581 555 655 36603 36428 1023 23776 1552 62 156 2247 1475 2801 173 1360
157610 1036 101 7278 545 24432 89575 47545 13526 7503 1045 2027 42569 16587 9453 11117 5 17785 886 35205 6575 1267 451 527 29693 29638 827 19212 1263 52 129 1817 1193 2266 138 1117
157611 1046 94 9349 714 31185 114796 61055 17317 9684 1346 2563 54098 21250 12109 13934 8 22741 1173 44957 8485 1641 590 686 38129 37903 1077 24635 1602 69 163 2352 1527 2917 176 1389
157612 1066 110 2210 172 7357 27174 14444 4102 2297 319 613 12884 5052 2868 3323 2 5371 275 10645 2011 391 137 165 9046 8970 259 5849 374 16 37 548 365 693 41 326
157614 1066 110 2775 220 9476 34457 18522 5232 2893 409 776 16421 6434 3630 4282 1 6874 343 13621 2557 485 180 211 11493 11425 314 7487 472 20 47 698 466 884 52 406
157617 1049 88 19392 1513 65593 239701 128215 36263 20156 2830 5357 113859 44660 25280 29755 16 47686 2473 94689 17732 3407 1239 1447 79712 79326 2236 51996 3317 138 337 4887 3185 6073 365 2879
157618 1053 89 2015 148 6808 24809 13150 3797 2082 290 561 11842 4608 2629 3043 1 4906 248 9669 1829 355 125 143 8247 8177 232 5321 347 12 36 504 324 627 37 310
157620 1051 87 16256 1222 54485 199973 106382 30257 16802 2359 4516 94570 37104 21169 24512 11 39689 2011 78394 14723 2853 1029 1188 66435 66021 1842 43050 2804 114 285 4071 2638 5109 308 2458
157621 1048 85 7364 558 24694 90614 48132 13701 7642 1067 2041 42965 16814 9581 11138 5 17989 912 35558 6671 1303 458 535 30066 29908 856 19495 1272 54 127 1856 1185 2302 138 1118
157622 1051 85 26056 2020 87658 321035 171293 48485 27057 3761 7223 152159 59740 33785 39752 20 63906 3258 126515 23730 4568 1650 1923 106798 106046 3003 69378 4446 193 449 6516 4244 8177 484 3871
157624 1050 87 11055 847 37228 136322 72988 20582 11509 1611 3048 64612 25432 14356 16948 8 27150 1398 53921 10050 1939 704 834 45257 45094 1275 29622 1885 85 188 2810 1833 3468 206 1623
157625 1051 87 10383 792 34804 127898 67920 19297 10748 1493 2877 60635 23737 13509 15774 7 25400 1277 50202 9436 1819 653 774 42435 42156 1211 27528 1787 77 181 2597 1696 3261 194 1565
157626 1048 85 16869 1282 56575 207520 110854 31299 17463 2445 4641 98292 38598 21878 25700 12 41307 2110 81924 15359 2950 1087 1246 68969 68606 1950 44847 2878 125 292 4247 2757 5277 316 2515
157627 1057 95 28654 2186 95857 352705 187485 53119 29707 4127 7939 166772 65440 37202 43342 21 70083 3579 138534 26040 5028 1807 2125 117131 116264 3307 75970 4927 209 500 7169 4707 9036 536 4271
157628 1060 95 3965 304 13279 48921 26119 7342 4118 582 1090 23132 9074 5144 6038 2 9755 523 19326 3614 706 265 302 16264 16193 469 10565 676 32 68 990 638 1250 71 579
157630 1068 92 27413 2097 91975 337541 179991 50915 28451 3976 7590 159753 62820 35623 41576 20 67134 3436 132920 24932 4804 1754 2036 112261 111431 3163 72906 4697 205 476 6896 4490 8608 518 4084
157631 1061 92 33522 2560 112514 413238 219891 62425 34687 4833 9318 195653 76780 43598 50799 24 82115 4191 162175 30482 5889 2124 2491 137392 136308 3825 89062 5781 233 583 8408 5492 10509 639 5044
157632 1062 93 30138 2331 101308 371289 198178 56157 31273 4398 8301 175859 69101 39185 45537 20 73810 3806 146040 27463 5296 1940 2233 123510 122592 3470 80230 5162 217 518 7574 4905 9469 567 4488
157633 1061 92 10154 783 34075 125079 66689 18897 10528 1481 2810 59379 23275 13223 15467 6 24872 1275 49177 9210 1788 657 759 41679 41271 1162 27054 1753 71 174 2534 1643 3191 193 1520
157634 1061 92 11975 913 40433 147825 79167 22310 12406 1739 3306 70037 27570 15588 18316 8 29441 1505 58341 10858 2105 763 900 49063 48956 1374 32041 2067 85 207 3042 1957 3760 232 1798
157635 1057 92 12079 927 40448 148565 79185 22426 12535 1756 3342 70418 27715 15690 18258 6 29534 1508 58465 10949 2114 775 898 49503 48998 1392 32121 2051 91 207 3029 1960 3831 225 1786
157636 1054 95 14381 1111 48232 177240 94374 26695 14941 2089 3979 83990 32995 18648 21805 11 35223 1824 69738 13114 2531 909 1062 58945 58411 1657 38216 2468 107 248 3586 2368 4523 268 2141
157637 1027 87 21776 1686 73279 268804 143341 40546 22618 3168 6056 127511 50063 28321 33222 17 53416 2756 105900 19888 3840 1392 1615 89487 88707 2513 58062 3722 157 378 5469 3563 6855 411 3248
157638 1032 94 7898 616 26449 97132 52044 14534 8235 1153 2151 45852 18114 10198 12030 5 19364 1017 38472 7208 1380 510 616 32334 32076 917 21149 1332 63 133 1972 1289 2484 143 1143
157639 1048 96 497 38 1692 6139 3251 944 515 69 141 2918 1144 642 746 0 1228 56 2377 454 85 31 32 2044 2024 54 1315 88 2 9 124 80 156 9 78
157640 1035 86 15351 1173 51412 189051 100568 28449 15904 2234 4244 89491 35190 19940 23384 10 37510 1928 74435 13948 2689 965 1140 62880 62323 1778 40830 2628 116 262 3849 2492 4836 290 2295
157641 1041 89 18117 1394 60954 223447 119280 33707 18860 2635 5024 105934 41585 23563 27512 14 44385 2265 87989 16545 3182 1158 1340 74337 73829 2107 48292 3086 135 311 4585 2978 5658 343 2681
157642 1041 89 7144 547 23923 87909 46616 13262 7409 1021 1984 41586 16342 9304 10823 4 17452 882 34492 6480 1256 448 526 29218 28913 837 18936 1237 53 124 1810 1147 2256 134 1079
157644 1035 86 8122 623 27152 99837 52950 15127 8428 1169 2242 47302 18566 10552 12302 7 19800 1010 39161 7371 1438 513 602 33221 32823 954 21493 1389 60 139 2033 1316 2562 150 1213
157645 1035 86 20680 1585 69297 254274 135724 38413 21412 2988 5709 120638 47320 26885 31365 14 50577 2587 100091 18780 3625 1319 1537 84537 83979 2361 55011 3544 148 359 5166 3364 6490 392 3085
157646 1052 89 4289 316 14326 52619 27890 7973 4419 604 1194 24968 9729 5555 6549 3 10465 512 20672 3866 743 263 314 17414 17371 492 11293 745 29 76 1070 694 1332 83 656
157647 1055 90 16435 1251 55148 202522 107758 30609 17011 2367 4542 95923 37600 21362 25002 12 40250 2048 79634 14952 2903 1042 1234 67284 66848 1902 43759 2830 119 290 4129 2701 5177 309 2474
157648 1053 89 12545 978 42448 155147 82932 23488 13021 1809 3499 73616 28904 16389 19206 11 30902 1603 61165 11459 2204 795 942 51631 51289 1439 33652 2168 88 220 3161 2058 3942 240 1876
157649 1037 90 1168 92 3912 14436 7679 2166 1211 168 327 6879 2667 1517 1824 1 2902 147 5713 1058 204 71 86 4762 4785 131 3119 205 7 20 294 192 365 22 177
157650 1037 90 35809 2764 120401 442032 235570 66722 37130 5185 9958 209768 82196 46614 54514 26 87922 4514 174062 32697 6310 2277 2649 146981 145977 4150 95385 6144 255 624 8972 5852 11267 675 5355
157651 1038 90 32403 2477 108755 399145 212786 60287 33584 4714 8965 189261 74283 42146 49298 23 79456 4053 157160 29418 5707 2078 2399 132732 131770 3714 86238 5576 236 565 8161 5284 10149 615 4862
157652 1038 90 10634 813 35708 130860 69745 19759 11068 1553 2919 61994 24462 13827 16140 7 26029 1318 51449 9671 1866 684 781 43630 43059 1228 28361 1812 77 182 2661 1710 3360 199 1586
157653 1042 90 10734 826 36061 132097 70588 20018 11107 1545 2949 62624 24645 13977 16259 7 26234 1342 52076 9784 1887 677 806 43962 43591 1247 28638 1840 81 187 2707 1758 3369 202 1597
157654 1040 92 20636 1559 69110 253904 134955 38361 21305 2957 5713 120136 47168 26793 31267 14 50446 2546 99662 18727 3622 1286 1508 84272 83763 2394 54690 3569 149 358 5185 3357 6451 394 3110
157655 1043 92 3996 314 13418 49148 26186 7445 4148 571 1108 23369 9192 5188 6106 2 9792 491 19314 3625 699 248 299 16385 16195 463 10646 682 28 71 999 647 1264 75 600
157656 1037 89 7537 576 25463 93092 49981 14077 7843 1104 2089 44047 17334 9802 11488 6 18506 949 36807 6883 1319 485 572 30909 30880 847 20176 1280 54 133 1903 1246 2346 147 1128
157657 1036 89 16899 1278 56791 208131 110479 31530 17437 2407 4728 98758 38646 22004 25823 13 41444 2069 81803 15306 2966 1040 1235 69067 68767 1929 44793 2919 114 301 4235 2773 5291 323 2572
157658 1037 89 6085 459 20413 74683 39831 11357 6264 870 1666 35487 13934 7918 9142 3 14824 748 29311 5475 1065 376 434 24791 24665 702 16097 1045 46 108 1532 994 1883 117 908
157660 1039 89 33256 2548 111719 409473 218097 61944 34427 4791 9207 194107 76245 43227 50532 24 81406 4140 160964 30218 5837 2081 2455 136097 135170 3829 88481 5726 239 580 8343 5436 10447 623 4977
157662 1042 90 7206 547 24164 89051 47286 13310 7475 1036 1999 42032 16484 9374 10985 5 17696 892 34994 6569 1268 456 538 29482 29412 837 19116 1238 53 122 1818 1177 2255 133 1075
157663 1036 87 13089 990 43947 161208 85787 24454 13572 1899 3606 76436 29982 17067 19832 8 32002 1632 63280 11897 2304 836 960 53608 53127 1503 34737 2245 97 227 3299 2125 4099 247 1965
157664 1036 87 12304 938 41256 151697 80836 22754 12794 1784 3411 71809 28140 15935 18621 9 30118 1549 59761 11241 2159 775 911 50483 50087 1422 32754 2099 90 209 3075 2010 3869 229 1831
157665 1019 81 27348 2078 91814 337222 179517 50891 28347 3938 7561 159928 62665 35587 41774 17 67077 3390 132706 24884 4795 1736 2016 112043 111297 3161 72764 4726 194 471 6879 4459 8542 522 4127
157666 1019 81 2990 236 10142 36854 19838 5561 3098 428 819 17483 6892 3876 4615 2 7367 367 14652 2696 519 185 226 12228 12230 340 8066 521 21 52 757 491 938 57 451
157667 1042 92 1755 135 5865 21608 11472 3269 1815 252 491 10199 3983 2259 2636 1 4268 218 8451 1606 311 112 133 7209 7100 197 4658 302 12 31 439 283 552 33 262
157668 1024 83 15684 1196 52517 192628 102538 29121 16216 2251 4321 91217 35762 20358 23684 13 38279 1943 75757 14223 2738 984 1149 64027 63643 1783 41476 2678 117 269 3919 2550 4915 294 2338
157669 1015 81 18891 1449 63365 232635 123901 35084 19582 2733 5233 110129 43295 24549 28830 14 46194 2373 91699 17164 3315 1203 1400 77437 76643 2181 50308 3229 139 330 4743 3090 5921 356 2823
157670 1017 81 25138 1928 84489 309741 165216 46769 26114 3653 6971 146790 57695 32663 38173 16 61586 3168 122002 22878 4399 1596 1870 103073 102140 2885 67043 4315 188 429 6272 4098 7928 473 3730
157671 1017 81 4176 309 13932 51530 27241 7758 4294 596 1171 24487 9547 5423 6349 3 10177 523 20122 3767 734 262 305 17143 16992 487 11027 723 29 72 1042 698 1317 78 628
157672 1024 81 768 56 2584 9379 5028 1424 787 109 213 4454 1736 982 1168 0 1877 89 3680 688 129 46 52 3097 3123 80 2013 127 5 13 193 126 231 15 117
157673 1019 83 6821 525 22805 84113 44779 12578 7093 992 1884 39699 15599 8818 10137 6 16639 857 33013 6240 1196 431 510 27969 27789 788 18141 1159 48 117 1720 1122 2172 124 1009
157674 1023 79 6641 510 22260 82099 43570 12351 6891 959 1844 38862 15246 8630 10117 5 16320 838 32273 6067 1174 428 500 27334 27022 777 17681 1140 47 113 1672 1079 2079 126 1001
157675 1021 79 11805 933 39948 145956 78310 22065 12319 1747 3234 69169 27283 15416 17973 8 29037 1510 57804 10800 2081 764 895 48616 48282 1352 31775 1999 91 200 2982 1931 3729 223 1731
157676 1023 80 54878 4171 184302 675695 360103 101995 56849 7895 15195 320496 125818 71316 83471 37 134394 6802 265812 49825 9612 3440 4072 224548 223051 6325 146128 9414 401 955 13805 8957 17192 1034 8218
157677 1028 80 18583 1405 62237 228184 121490 34542 19174 2667 5130 108288 42525 24141 28287 14 45341 2277 89730 16797 3266 1163 1371 75767 75281 2161 49275 3206 135 326 4655 3022 5817 352 2790
157678 1051 93 11716 901 39378 144301 76926 21818 12151 1696 3230 68363 26887 15221 17930 8 28732 1470 56915 10624 2053 747 869 47987 47620 1345 31145 2009 87 203 2950 1919 3660 224 1742
157679 1037 84 5380 411 18142 66399 35484 10079 5586 781 1492 31497 12383 7022 8190 4 13216 676 26183 4897 949 338 401 22109 21921 622 14407 929 39 92 1353 872 1689 104 808
157680 1047 85 292 22 987 3655 1958 552 306 45 80 1719 681 387 435 0 724 38 1444 272 54 20 22 1227 1200 35 796 46 2 5 74 46 94 5 43
157682 1048 85 5671 439 18972 69765 37109 10500 5884 814 1556 32954 12972 7371 8574 4 13847 711 27430 5170 1000 357 422 23180 22991 659 15068 963 44 99 1433 918 1788 103 839
157683 1049 82 975 69 3227 11859 6250 1802 998 139 265 5642 2199 1265 1454 0 2340 119 4615 871 173 58 69 3954 3879 111 2537 168 7 16 241 154 303 18 148
157684 1042 79 2312 179 7716 28391 15052 4322 2394 336 638 13407 5266 3018 3467 1 5641 290 11143 2087 406 149 176 9445 9351 264 6096 395 17 40 578 373 732 43 344
157685 1042 79 14678 1113 49071 180559 95916 27161 15209 2123 4070 85517 33494 19031 22109 12 35783 1818 70774 13341 2575 921 1076 60020 59566 1676 38826 2514 104 256 3669 2403 4592 275 2192
157686 1045 81 2276 179 7586 27883 14975 4191 2360 337 624 13119 5207 2925 3381 1 5528 301 11018 2067 399 148 178 9286 9216 260 6060 375 18 38 572 369 715 41 326
157688 1044 80 6708 509 22408 82496 43801 12432 6944 968 1858 39106 15309 8714 10151 4 16384 834 32327 6092 1183 422 483 27440 27173 780 17724 1155 50 114 1683 1092 2103 125 1002
157689 1051 115 52747 4058 176952 649551 346082 97944 54662 7669 14605 307655 120760 68509 80116 39 129079 6624 255824 47953 9238 3347 3906 215977 214370 6064 140237 9031 394 912 13253 8633 16589 996 7844
157690 1051 113 12211 941 40948 150394 80093 22713 12693 1772 3358 71292 28026 15852 18592 8 29865 1535 59223 11115 2150 774 910 50102 49556 1419 32500 2076 93 208 3061 1986 3847 230 1806
157691 1051 113 19597 1481 65885 241244 128282 36639 20223 2803 5435 114558 44943 25494 29780 13 47934 2400 94551 17766 3455 1221 1423 80149 79651 2265 51942 3388 137 345 4900 3202 6140 373 2969
157692 1060 114 23737 1812 79400 291930 155356 44075 24567 3449 6577 138314 54201 30823 35919 16 58039 2957 114665 21508 4184 1500 1763 97021 96280 2712 62933 4075 172 417 5972 3872 7445 447 3572
157693 1053 115 12983 1015 43826 160102 85825 24190 13518 1913 3573 76154 29875 16893 19867 8 31891 1657 63321 11816 2255 841 987 53292 52977 1480 34836 2206 94 224 3246 2124 4069 245 1910
157694 1057 116 7464 560 25005 91851 48635 13912 7709 1065 2080 43556 17070 9703 11320 4 18238 904 35961 6789 1314 462 529 30534 30276 864 19710 1289 52 131 1857 1210 2341 140 1133
157695 1056 114 40134 3054 134713 494554 263456 74521 41517 5799 11089 234056 91811 52086 60948 28 98273 5031 194666 36430 7056 2544 2982 164159 163370 4630 106654 6874 295 701 10131 6572 12575 755 6005
157696 1052 112 9324 716 31454 114747 61270 17487 9663 1344 2570 54536 21441 12180 14337 7 22827 1158 45256 8437 1641 585 701 38096 37854 1080 24901 1603 70 164 2330 1529 2917 179 1390
157697 1060 116 27540 2123 92569 339613 181206 51193 28617 4020 7599 160878 63107 35879 41716 20 67484 3474 133587 25107 4852 1770 2078 112960 112194 3181 73343 4742 203 479 6937 4476 8655 516 4112
157698 1037 91 55966 4279 187650 688933 367262 103896 57991 8071 15540 326122 128109 72557 85004 39 137066 7037 271270 50912 9811 3519 4158 228963 227505 6459 148816 9589 413 970 14046 9152 17535 1050 8356
157699 1058 91 20235 1519 67808 248950 132364 37611 20938 2895 5595 118067 46282 26291 30622 14 49390 2509 97640 18344 3572 1268 1473 82748 82135 2344 53538 3489 144 352 5075 3285 6359 382 3053
157700 1058 95 9071 701 30514 112114 59690 16929 9415 1320 2529 53027 20808 11845 13709 6 22287 1137 44036 8256 1595 588 666 37340 36991 1041 24148 1567 63 156 2282 1487 2861 172 1371
157701 1044 91 6555 516 22129 80945 43296 12248 6811 948 1814 38380 15168 8539 10001 5 16111 833 31967 5987 1151 420 502 26945 26758 759 17561 1116 49 114 1654 1083 2074 121 973
157702 1047 91 25856 1971 86802 318213 169413 48199 26716 3731 7176 151089 59240 33571 39375 18 63205 3212 125006 23436 4517 1635 1922 105788 104991 2992 68679 4445 189 453 6483 4238 8085 487 3873
157703 1054 100 8219 626 27557 101264 54005 15216 8524 1186 2271 47930 18828 10621 12437 6 20094 1037 39844 7506 1440 517 605 33653 33423 957 21836 1400 60 140 2062 1340 2572 154 1225
157704 1047 105 28050 2118 94204 345554 183665 52301 29018 4015 7800 163779 64253 36501 42597 19 68681 3469 135711 25433 4917 1754 2070 114816 114076 3248 74544 4828 204 492 7039 4555 8799 529 4242
157705 1049 106 9298 705 31284 114754 60989 17381 9670 1351 2575 54478 21313 12155 14168 5 22829 1163 45054 8459 1646 588 694 38187 37798 1075 24765 1613 65 162 2334 1498 2942 179 1409
157706 1060 114 22999 1771 77413 283440 151160 42983 23903 3341 6368 134471 52832 30022 35043 18 56368 2885 111685 20946 4064 1457 1717 94237 93679 2651 61330 3938 172 405 5756 3746 7234 433 3439
157707 1068 115 11507 886 38710 142189 75740 21440 11943 1673 3216 67478 26450 14978 17601 8 28201 1450 55986 10461 2032 736 867 47354 46898 1342 30716 1976 85 197 2911 1887 3610 219 1724
157708 1057 99 18450 1426 61891 227083 120484 34312 19074 2629 5122 107740 42208 23952 28120 13 45140 2259 89164 16722 3223 1146 1348 75419 74868 2145 48891 3193 132 327 4609 3028 5775 344 2779
157709 1062 98 10158 770 33890 124652 66156 18884 10483 1449 2818 59030 23140 13185 15145 6 24713 1247 48651 9190 1785 635 749 41477 41003 1150 26822 1749 68 176 2540 1661 3192 193 1537
157710 998 90 13223 1009 44413 162867 86722 24659 13695 1917 3663 77122 30341 17196 20158 8 32372 1650 63932 11992 2321 838 975 54182 53652 1518 35177 2275 92 231 3305 2165 4148 253 1994
