159560 970 53 6722 518 22577 82762 44102 12508 6952 966 1842 39204 15373 8735 10164 4 16415 841 32554 6124 1176 426 494 27493 27324 767 17850 1151 47 116 1700 1087 2103 127 1005
159561 961 45 7059 553 23847 87354 46728 13095 7355 1032 1945 41320 16288 9199 10752 6 17370 901 34493 6431 1241 448 532 29036 28861 809 18948 1203 52 119 1787 1165 2229 133 1042
159562 962 46 10879 814 36391 133564 70768 20277 11209 1539 3020 63485 24782 14116 16453 8 26522 1329 52277 9827 1911 668 790 44361 44054 1246 28702 1884 73 191 2705 1772 3399 204 1656
159563 953 46 51070 3898 171307 628683 335040 94922 52899 7374 14098 298023 116929 66314 77657 37 125042 6379 247425 46348 8985 3223 3765 208816 207671 5881 135728 8758 373 887 12846 8332 15989 972 7624
159564 955 43 20184 1554 68191 249014 133565 37659 20920 2921 5577 118129 46329 26259 30814 14 49628 2529 98273 18342 3541 1274 1542 82716 82452 2309 54080 3471 144 352 5087 3307 6329 383 3014
159565 953 43 21172 1608 71029 261051 138817 39362 21952 3049 5875 123817 48460 27523 32222 15 51848 2631 102550 19343 3738 1343 1567 86815 86138 2448 56241 3644 152 364 5303 3439 6630 397 3201
159567 953 43 65135 5025 218943 803102 428409 121123 67754 9487 17990 380290 149519 84758 98761 46 159602 8235 316333 59422 11464 4154 4833 267156 265071 7545 173609 11155 487 1121 16406 10607 20516 1225 9644
159568 948 43 18831 1410 62908 231187 122883 34886 19356 2678 5200 109421 42867 24399 28508 14 45928 2305 90684 16995 3297 1168 1363 76717 76311 2141 49706 3265 131 331 4719 3089 5875 362 2856
159569 960 53 3320 250 11121 40883 21693 6187 3426 474 924 19369 7591 4308 5004 2 8105 421 16049 3010 580 206 237 13600 13481 381 8806 574 24 57 843 542 1048 63 503
159570 956 51 34635 2649 116211 426674 227211 64415 35932 5000 9573 202281 79287 45050 52772 26 84756 4348 167968 31486 6066 2210 2570 141855 140788 4033 92111 5935 254 602 8677 5640 10873 653 5175
159571 960 53 11905 917 40123 147042 78466 22259 12367 1726 3302 69774 27385 15513 18204 8 29297 1494 57954 10865 2102 770 886 48883 48567 1398 31826 2043 86 206 2993 1931 3733 225 1778
159572 955 47 6097 467 20511 75195 39982 11339 6299 863 1706 35654 13926 7919 9226 4 15001 737 29494 5532 1067 376 444 24933 24942 688 16146 1048 39 108 1523 1010 1903 116 930
159576 956 47 472 36 1584 5833 3089 870 493 70 132 2761 1070 614 717 0 1157 55 2285 432 84 29 36 1938 1946 55 1238 82 3 8 117 75 148 8 72
159577 984 69 54540 4205 183372 671820 358898 101331 56611 7925 15056 318381 125124 70825 83211 39 133762 6851 265066 49633 9568 3470 4065 223231 221951 6329 145520 9317 405 939 13720 8921 17111 1029 8097
159578 1017 48 22872 1770 76805 281676 150455 42556 23800 3337 6291 133279 52499 29733 34642 17 56013 2899 111081 20833 4019 1472 1716 93712 93051 2629 60914 3902 176 395 5764 3749 7186 431 3378
159579 1010 42 1312 101 4405 16179 8568 2443 1363 185 368 7705 3017 1704 1971 1 3188 165 6311 1208 229 80 92 5393 5313 154 3475 223 9 22 326 215 414 23 196
159580 1013 43 16581 1276 55782 204297 108942 30918 17127 2387 4615 97030 37951 21590 25439 10 40697 2046 80383 14999 2895 1038 1216 67849 67428 1886 44165 2887 119 289 4180 2708 5198 320 2521
159581 1017 45 26756 2024 89561 329878 175490 49627 27705 3892 7429 155788 61159 34743 40493 20 65428 3362 129626 24280 4708 1710 1977 109668 108956 3086 70913 4596 198 462 6731 4375 8404 505 3997
159582 1016 45 13811 1051 46443 170202 90600 25748 14322 2003 3834 80803 31673 18007 21017 9 33844 1717 66940 12507 2441 871 1010 56561 56183 1598 36698 2381 101 240 3491 2245 4327 263 2091
159583 1019 44 39782 3085 133720 491175 261834 74016 41449 5806 10994 232622 91337 51793 60262 29 97541 5060 193297 36361 7016 2555 2958 163490 162079 4608 106046 6808 296 682 10012 6497 12578 747 5888
159584 1010 40 24932 1913 83623 307599 163700 46328 25819 3607 6953 145822 57178 32411 37915 19 61114 3139 120997 22639 4385 1573 1848 102270 101497 2893 66370 4293 178 434 6274 4075 7856 473 3734
159585 1010 40 21394 1632 71795 263573 140420 39719 22203 3084 5929 124904 49086 27795 32546 14 52403 2661 103668 19440 3763 1356 1573 87628 86909 2495 56955 3666 159 369 5391 3487 6747 397 3189
159586 1007 37 18566 1435 62445 228848 122373 34570 19290 2721 5132 108505 42635 24182 28242 13 45548 2326 90257 16877 3257 1207 1391 76160 75607 2121 49615 3181 137 319 4664 3029 5834 354 2752
159587 1009 36 1804 137 6124 22359 11975 3401 1881 266 497 10634 4167 2370 2764 1 4469 225 8861 1660 320 119 135 7429 7391 208 4902 304 13 32 452 284 566 34 274
159588 1005 38 6205 480 20780 76300 40784 11494 6435 902 1711 36170 14228 8029 9425 4 15205 785 30099 5643 1077 402 464 25361 25284 725 16546 1059 48 108 1547 1023 1960 114 906
159589 999 35 5069 386 16974 62373 33232 9400 5212 719 1410 29525 11543 6563 7676 3 12419 625 24525 4589 893 313 372 20635 20655 584 13470 880 35 89 1280 833 1586 95 767
159590 1003 35 34081 2604 114362 419528 223616 63509 35305 4933 9427 199045 78132 44335 51965 24 83508 4223 165001 30932 6007 2168 2552 139408 138436 3949 90808 5862 244 601 8541 5573 10713 642 5119
159591 1028 47 10874 849 36769 134301 71976 20337 11331 1599 2975 63585 25110 14188 16645 8 26737 1383 53155 9902 1910 696 822 44722 44412 1235 29208 1859 83 189 2743 1757 3432 211 1616
159592 1028 45 4390 341 14783 54173 28947 8122 4544 619 1223 25684 10059 5704 6699 3 10781 545 21311 3997 769 265 330 17962 17930 499 11697 759 29 78 1105 732 1376 82 659
159594 1028 45 8202 625 27450 100960 53415 15222 8519 1180 2277 47821 18745 10634 12427 6 20050 1008 39534 7445 1443 514 594 33563 33239 959 21665 1400 61 144 2064 1334 2564 152 1235
159595 1028 45 7482 569 25095 92107 49073 13891 7745 1079 2081 43720 17115 9726 11399 5 18323 918 36193 6782 1306 478 547 30598 30472 855 19835 1294 54 131 1873 1226 2355 141 1123
159596 1028 45 113988 8758 382747 1403169 747977 212239 118087 16536 31541 665366 261105 148169 173045 80 278979 14211 551806 103544 19985 7247 8461 466495 463211 13119 303013 19596 829 1977 28570 18594 35779 2157 17046
159597 1013 33 5489 422 18479 67667 36218 10217 5690 795 1515 32029 12619 7163 8254 4 13436 704 26649 4993 966 353 412 22547 22326 628 14682 941 40 94 1387 902 1721 103 813
159598 1013 33 45464 3478 152925 560771 298845 84671 47137 6571 12623 265960 104289 59194 69306 30 111547 5660 220563 41362 7967 2875 3361 186276 185158 5248 121003 7826 332 789 11429 7432 14298 863 6819
159600 1015 31 20790 1593 69831 256027 136657 38636 21551 3001 5732 121369 47619 26972 31628 14 50873 2603 100789 18848 3624 1317 1547 85063 84583 2391 55331 3565 152 358 5217 3412 6501 393 3086
159601 977 41 21428 1656 71909 264030 140932 39887 22237 3124 5937 125009 49148 27860 32519 14 52438 2716 103895 19534 3778 1375 1601 87898 87062 2470 57072 3669 162 370 5397 3499 6744 405 3177
159603 983 44 16237 1223 54492 199823 106160 30326 16800 2337 4480 94633 37129 21163 24545 12 39642 1991 78239 14724 2880 1005 1181 66340 65896 1874 43006 2809 116 285 4108 2630 5076 311 2476
159604 982 44 11070 865 37387 136723 73564 20593 11550 1623 3048 64667 25469 14384 16910 7 27291 1432 54263 10165 1950 722 851 45461 45304 1267 29783 1876 84 186 2805 1811 3461 207 1616
159605 982 44 5187 394 17428 63982 34004 9714 5378 759 1444 30420 11882 6790 7873 3 12724 643 25111 4710 914 334 377 21316 21079 594 13818 888 35 91 1296 838 1630 103 792
159607 989 36 3756 299 12757 46571 24865 7077 3935 556 1049 22107 8670 4907 5807 3 9296 481 18388 3444 663 241 286 15492 15381 438 10106 639 27 65 946 619 1180 71 555
159608 989 36 9217 715 30964 113446 60529 17157 9554 1328 2546 53979 21141 12003 14052 6 22583 1158 44671 8403 1624 579 686 37697 37445 1070 24561 1585 69 158 2312 1511 2878 173 1370
159609 993 36 14533 1111 48770 179083 95362 26945 15040 2089 4049 84870 33170 18857 22145 13 35593 1806 70521 13223 2530 916 1089 59387 59165 1686 38645 2499 104 254 3637 2391 4559 270 2172
159610 993 36 21785 1657 73004 268317 142942 40389 22554 3135 6020 126915 49863 28253 33061 16 53359 2737 105549 19851 3836 1395 1624 89131 88606 2513 57872 3741 161 375 5444 3552 6853 408 3254
159611 993 36 27844 2131 93557 342881 182705 51869 28858 4039 7669 162651 63815 36231 42143 20 68170 3486 134891 25291 4907 1770 2053 114014 113188 3217 74056 4777 207 484 7002 4538 8743 524 4151
159612 993 36 19575 1518 65994 241401 129054 36478 20268 2821 5418 114482 44904 25443 29941 14 48136 2444 95277 17832 3417 1242 1460 80179 79899 2253 52285 3364 141 335 4909 3223 6145 373 2929
159613 889 24 14302 1091 47963 176250 93763 26607 14784 2058 4000 83467 32682 18579 21649 10 35034 1773 69279 12934 2506 894 1057 58573 58216 1639 37949 2463 101 247 3582 2346 4510 272 2156
159614 900 28 17829 1366 59799 219551 116590 33135 18418 2550 4955 104245 40821 23170 27223 13 43650 2206 86359 16164 3128 1111 1324 72961 72445 2072 47339 3064 126 308 4455 2908 5614 332 2681
159616 900 28 38689 2972 130138 477222 254943 72120 40186 5646 10707 226317 88818 50344 58961 27 94879 4886 188190 35238 6801 2477 2911 158731 157728 4483 103232 6645 283 668 9745 6328 12178 731 5764
159617 902 28 4223 319 14130 52076 27582 7876 4359 603 1177 24654 9638 5522 6466 3 10347 513 20455 3835 748 253 312 17287 17161 485 11209 736 27 74 1066 691 1326 80 644
159619 899 31 42376 3276 142373 522690 278632 78752 43924 6127 11779 247683 97017 55085 64430 29 103938 5313 205843 38513 7434 2697 3162 173654 172789 4890 112817 7289 309 733 10638 6955 13287 803 6342
159620 900 31 5148 400 17329 63267 33971 9568 5332 744 1416 30041 11814 6693 7864 3 12614 653 25076 4666 902 323 389 21033 20973 592 13791 878 38 86 1309 842 1599 97 760
159622 910 28 22375 1717 75054 275518 146912 41537 23206 3238 6179 130307 51192 29090 33933 16 54737 2824 108506 20345 3934 1428 1657 91553 90885 2559 59541 3831 160 385 5626 3663 7012 427 3339
159623 929 43 30968 2364 103929 381373 203210 57528 32062 4478 8585 180699 70794 40286 46924 22 75751 3849 149886 28125 5437 1952 2298 126709 126015 3555 82204 5338 222 543 7799 5043 9701 586 4658
159624 924 43 50267 3868 169024 619825 330417 93724 52136 7320 13919 293993 115331 65409 76488 39 123250 6346 243918 45792 8841 3215 3709 206157 204710 5846 133763 8633 373 873 12636 8183 15801 947 7521
159626 974 61 3806 300 12817 46921 25162 7067 3950 561 1033 22250 8773 4965 5784 3 9344 479 18522 3461 670 247 283 15587 15522 434 10176 647 30 65 968 629 1203 72 561
159627 975 61 45234 3426 151608 557178 296776 84099 46708 6520 12540 263676 103458 58803 68616 33 110723 5612 218802 41006 7959 2854 3328 185038 184129 5184 119932 7814 320 793 11366 7415 14186 862 6801
159628 969 61 12385 948 41687 152943 81509 23026 12936 1824 3438 72542 28442 16118 18840 9 30390 1591 60180 11323 2168 799 926 50919 50478 1431 33035 2125 94 216 3117 2006 3906 229 1840
159629 963 57 10070 793 33906 124225 66571 18729 10478 1476 2773 58887 23207 13094 15369 8 24727 1279 49152 9160 1774 652 772 41322 41095 1180 27014 1706 74 172 2541 1648 3179 189 1477
159630 971 63 34745 2655 116488 427305 227508 64545 35957 5006 9588 202608 79561 45083 52737 24 84941 4327 167999 31525 6097 2180 2562 141988 140965 4018 92284 5957 255 604 8727 5665 10862 656 5205
159631 964 57 51310 3940 172089 631723 336121 95383 53000 7378 14245 299282 117342 66631 77907 38 125566 6401 248254 46522 8984 3225 3797 209899 208496 5866 136219 8823 365 898 12827 8407 16106 972 7693
159632 924 47 25532 1965 85905 314845 168320 47559 26497 3701 7085 149275 58560 33212 38968 17 62669 3197 124273 23227 4497 1630 1912 104619 104100 2947 68209 4375 185 447 6424 4176 7984 484 3825
159633 950 57 9625 751 32348 118265 63086 17936 9967 1397 2644 56134 22072 12503 14674 7 23521 1203 46575 8707 1684 603 720 39350 39041 1130 25533 1653 73 166 2425 1555 3021 179 1444
159634 949 57 2483 187 8339 30595 16278 4621 2564 348 683 14486 5697 3225 3781 2 6084 311 12045 2273 436 154 186 10143 10078 289 6626 429 16 42 628 398 786 47 377
159635 947 56 1885 149 6372 23287 12439 3512 1951 276 521 11077 4351 2455 2905 1 4632 233 9207 1705 329 122 136 7775 7678 215 5051 327 14 32 475 305 588 35 283
159636 947 56 32232 2522 108606 398013 212922 60015 33642 4723 8888 188711 74230 41969 49076 22 79144 4131 157224 29500 5680 2074 2408 132525 131436 3737 86344 5496 246 550 8125 5253 10193 606 4737
159637 947 56 12647 986 42546 156120 83526 23539 13144 1852 3486 73965 29131 16467 19272 9 31068 1604 61709 11560 2227 823 951 51951 51658 1460 33818 2154 97 214 3193 2085 3982 237 1849
159638 967 60 16266 1250 54678 200567 107306 30275 16899 2392 4498 94833 37387 21186 24511 8 39845 2057 78978 14810 2848 1050 1213 66727 66152 1848 43406 2792 125 283 4093 2668 5126 304 2410
159639 966 59 1485 117 5030 18267 9787 2784 1529 206 412 8713 3419 1930 2303 0 3633 178 7222 1346 261 89 109 6084 6028 170 3986 254 10 26 376 241 461 29 228
159641 939 59 38295 2938 128415 471593 251193 71123 39664 5544 10584 223496 87662 49723 58148 27 93839 4778 185537 34795 6742 2447 2836 156939 155627 4399 101818 6571 277 667 9637 6263 12022 717 5735
159643 941 59 12254 963 41298 151619 81240 22753 12826 1818 3380 71694 28286 15968 18585 10 30201 1596 59972 11252 2157 808 918 50519 50169 1406 32842 2058 90 207 3106 1993 3898 228 1779
159644 938 52 48015 3729 161387 592067 315825 89479 49815 6951 13311 280682 110125 62396 73061 36 117696 6009 233008 43714 8442 3054 3572 196940 195625 5557 127835 8247 352 833 12078 7855 15095 901 7142
159646 935 46 12418 943 41717 152908 81630 23085 12854 1800 3412 72235 28476 16097 18801 9 30387 1559 60347 11284 2167 791 916 50721 50579 1418 33023 2123 95 217 3140 2037 3864 236 1841
159647 939 48 1658 130 5548 20309 10903 3074 1723 236 447 9622 3802 2138 2535 1 4029 213 8035 1496 288 103 123 6724 6691 185 4441 280 12 28 415 273 523 30 240
159648 936 47 12720 982 42815 156895 83638 23778 13194 1838 3534 74506 29196 16552 19318 8 31217 1585 61589 11544 2235 807 937 52168 51821 1457 33878 2205 87 224 3187 2082 3982 239 1920
159649 956 68 14595 1113 49021 179751 95816 27152 15118 2103 4025 85286 33406 19011 22192 10 35729 1818 70696 13244 2558 919 1087 59702 59350 1687 38774 2513 104 253 3664 2395 4569 277 2175
159650 956 68 21116 1617 70853 260496 138475 39270 21921 3052 5859 123510 48392 27505 31993 12 51675 2621 102255 19237 3699 1338 1565 86714 85861 2419 56130 3649 152 366 5303 3453 6660 396 3187
159651 949 45 3708 279 12406 45545 24183 6893 3832 534 1036 21530 8444 4807 5589 2 9072 450 17871 3336 649 231 270 15116 15031 420 9772 639 27 64 925 609 1152 70 561
159653 961 52 29656 2264 99471 365504 194762 55019 30794 4277 8211 172919 67968 38508 45113 21 72675 3718 143870 27015 5213 1875 2227 121309 120676 3459 78996 5113 219 511 7461 4852 9328 556 4433
159654 960 51 7570 572 25378 93191 49607 14033 7806 1086 2103 44126 17292 9855 11525 6 18566 932 36737 6862 1333 476 555 30897 30822 855 20069 1302 50 134 1907 1249 2373 145 1140
159655 957 50 33286 2532 111843 410328 218727 61900 34446 4827 9225 194270 76243 43294 50725 24 81545 4131 161486 30190 5851 2104 2463 136202 135524 3816 88549 5748 243 579 8359 5442 10428 636 5015
159656 950 51 16196 1243 54481 199490 106651 30106 16802 2360 4488 94530 37141 21062 24748 10 39737 2019 78685 14674 2853 1029 1212 66224 66001 1858 43227 2769 119 280 4103 2639 5065 307 2430
159657 942 44 9781 750 32909 120734 64446 18249 10139 1430 2715 57215 22445 12750 14822 5 24004 1221 47458 8884 1712 625 732 40167 39907 1106 26024 1683 71 172 2454 1614 3074 184 1463
159658 949 48 17249 1317 57908 212577 113119 32103 17896 2513 4781 100805 39531 22473 26247 11 42204 2173 83583 15697 3044 1106 1272 70781 70044 1986 45890 2973 127 299 4336 2816 5408 327 2584
159659 949 48 24235 1851 81323 298207 158772 45101 25080 3485 6706 141344 55457 31455 36952 20 59229 2998 117363 21979 4269 1516 1826 98968 98442 2808 64358 4170 178 425 6070 3964 7609 461 3644
159660 941 44 5976 470 20196 74173 39603 11120 6237 866 1661 35084 13845 7803 9112 4 14767 763 29294 5508 1049 389 459 24692 24485 704 16104 1021 46 102 1519 980 1896 113 885
159661 942 44 5410 416 18274 66805 35799 10125 5618 788 1500 31725 12485 7055 8313 4 13264 683 26414 4935 954 349 409 22204 22093 637 14526 918 41 93 1353 893 1710 104 792
159662 952 55 28436 2172 95734 350880 187004 53057 29484 4112 7896 166393 65240 37031 43269 21 69882 3527 138023 25875 4999 1801 2092 116509 116005 3276 75748 4897 209 496 7163 4644 8912 536 4262
159663 952 55 18102 1393 60948 223209 119187 33709 18826 2624 5006 105813 41621 23527 27505 13 44350 2261 87866 16548 3185 1146 1346 74214 73735 2109 48280 3113 129 309 4545 2948 5685 336 2709
159664 966 69 15393 1165 51500 189185 100758 28572 15883 2207 4265 89519 35160 19980 23412 10 37584 1888 74266 13922 2700 966 1139 62867 62445 1756 40828 2654 109 269 3870 2501 4840 296 2309
159665 871 22 8164 623 27465 100699 53489 15257 8491 1180 2266 47826 18725 10661 12420 4 20002 1007 39549 7433 1444 511 601 33543 33144 955 21710 1412 61 140 2063 1329 2573 152 1237
159666 872 22 8168 621 27387 100514 53473 15192 8440 1175 2260 47681 18675 10615 12349 4 20011 1015 39481 7393 1431 518 588 33492 33177 936 21647 1399 55 142 2054 1331 2553 154 1232
159668 908 41 16039 1218 53667 196682 104752 29726 16585 2313 4426 93180 36642 20781 24156 11 39071 1985 77279 14532 2817 1015 1178 65423 64863 1863 42471 2748 118 276 4019 2592 5045 299 2396
159669 908 41 33724 2588 113313 415915 221763 62699 34983 4905 9332 197234 77372 43869 51310 26 82660 4237 163738 30737 5924 2153 2500 138379 137396 3884 89811 5782 242 588 8449 5510 10617 631 5043
159671 919 46 2011 149 6795 24850 13293 3758 2071 291 561 11737 4616 2629 3020 1 4917 253 9740 1812 352 128 146 8254 8231 225 5349 345 14 35 505 327 625 40 305
159672 928 46 36956 2837 124060 455604 242461 68706 38243 5330 10290 216113 84564 48084 56286 28 90596 4593 179338 33551 6507 2321 2724 151413 150557 4247 98155 6376 269 648 9277 6029 11608 703 5569
159673 928 46 20035 1548 67371 247176 131846 37287 20794 2897 5540 117114 45988 26090 30456 14 49200 2524 97299 18282 3515 1287 1509 82190 81688 2300 53472 3433 143 350 5016 3282 6310 374 2992
159674 927 51 20950 1613 70471 258545 138028 38883 21765 3042 5806 122419 48058 27182 32051 14 51531 2634 102006 19141 3679 1345 1577 85845 85482 2414 55817 3605 154 360 5245 3430 6574 394 3114
159675 915 43 37757 2909 126688 465102 247961 70082 39163 5484 10414 220192 86500 49102 57250 28 92378 4759 183083 34368 6630 2409 2814 154703 153458 4329 100558 6441 279 650 9481 6148 11898 711 5591
159676 919 47 1778 135 5940 21843 11560 3341 1830 251 494 10390 4072 2330 2702 0 4346 215 8556 1608 313 109 135 7248 7169 207 4699 306 12 30 445 292 556 34 267
159677 915 43 8562 642 28569 104971 55685 15866 8818 1225 2373 49644 19520 11100 12918 6 20832 1062 41214 7703 1492 536 623 34885 34577 975 22641 1462 60 147 2151 1401 2689 163 1285
159678 950 45 12387 960 41681 152731 81296 23160 12830 1783 3450 72493 28394 16079 18758 7 30359 1548 60006 11268 2175 773 908 50829 50508 1440 32941 2134 86 217 3093 2017 3889 233 1862
159679 921 42 11470 881 38478 141197 75465 21286 11894 1674 3177 66936 26310 14898 17407 8 28074 1448 55528 10437 1997 730 847 46940 46650 1321 30574 1971 81 198 2888 1874 3586 214 1706
159680 924 43 32810 2517 110274 404522 215499 61109 33960 4753 9117 191893 75128 42734 50050 22 80493 4070 159072 29781 5756 2068 2422 134483 133525 3750 87331 5679 238 570 8264 5345 10302 627 4969
159681 932 52 18865 1446 63246 232351 123785 35086 19602 2714 5224 110137 43227 24542 28760 14 46192 2369 91502 17190 3319 1197 1427 77265 76670 2194 50227 3232 142 327 4729 3078 5923 352 2811
159682 949 46 13048 989 43711 160586 85328 24326 13486 1867 3622 76144 29802 16959 19819 10 31906 1617 63071 11854 2278 814 953 53279 53050 1494 34588 2246 92 232 3257 2121 4103 249 1979
159684 957 47 18775 1442 63013 231231 123389 34895 19478 2740 5168 109569 43050 24416 28514 14 45981 2350 91101 17105 3302 1207 1383 76915 76267 2142 49959 3198 137 324 4718 3063 5889 356 2788
159687 948 35 27822 2141 93531 342903 182617 51867 28882 4028 7725 162698 63867 36180 42228 20 68158 3489 134800 25333 4882 1753 2060 114166 113240 3215 74026 4762 199 482 6968 4543 8760 518 4136
159688 956 38 1732 135 5926 21554 11599 3265 1816 259 480 10278 4051 2277 2717 1 4314 227 8582 1582 304 114 130 7202 7142 199 4732 297 13 30 433 284 547 32 256
159689 957 38 6659 517 22428 82392 43894 12411 6918 959 1863 39144 15331 8665 10209 4 16394 838 32471 6091 1168 419 504 27412 27200 781 17862 1142 49 115 1676 1090 2106 126 995
159690 921 36 7972 612 26795 98100 52471 14773 8249 1154 2195 46479 18311 10342 12159 4 19499 1000 38704 7245 1397 511 590 32614 32395 922 21273 1366 59 137 2019 1304 2500 151 1180
159691 924 39 26741 2045 90009 329744 175947 49741 27855 3891 7378 156372 61401 34773 40877 20 65602 3346 130124 24414 4709 1692 1979 109643 108882 3099 71298 4594 202 462 6740 4367 8404 504 3983
159692 941 45 62653 4805 210280 771323 410910 116637 64891 9057 17354 365625 143596 81437 95399 46 153452 7800 303474 56905 10993 3967 4668 256348 254587 7241 166659 10772 461 1087 15676 10237 19669 1182 9342
159693 954 46 2007 152 6742 24837 13242 3722 2099 295 562 11752 4603 2609 3021 1 4905 260 9779 1842 356 126 151 8275 8228 228 5356 338 15 34 501 327 632 36 293
159694 954 45 11217 862 37590 138046 73480 20866 11622 1621 3114 65392 25668 14555 16952 8 27403 1385 54220 10214 1963 708 824 45964 45565 1278 29774 1926 80 199 2817 1836 3537 210 1681
159695 938 31 7690 588 25802 94956 50406 14261 7990 1109 2165 45014 17629 9972 11793 6 18878 955 37357 7004 1342 483 564 31519 31289 884 20398 1323 56 135 1917 1268 2401 143 1153
159696 940 31 2050 156 6881 25388 13453 3824 2121 296 571 12030 4681 2676 3177 2 5059 251 10018 1850 361 129 153 8408 8401 240 5445 357 16 34 515 334 647 39 309
159697 954 39 19723 1510 66447 243026 129798 36752 20446 2833 5433 115368 45273 25614 30214 14 48442 2433 95843 17977 3462 1238 1459 80731 80269 2291 52569 3414 146 339 4954 3229 6172 375 2955
159698 943 32 5423 402 18242 66923 35568 10128 5586 772 1511 31797 12411 7066 8340 3 13312 665 26308 4900 958 333 392 22149 22126 633 14364 946 37 95 1362 891 1692 104 830
159699 946 32 23242 1770 77997 286885 152395 43171 24038 3339 6471 135881 53187 30255 35603 19 57077 2892 112852 21143 4107 1476 1723 95182 94670 2691 61683 4017 170 405 5819 3789 7278 441 3514
159700 946 31 17064 1297 57225 210114 111750 31792 17619 2458 4757 99574 38971 22180 25873 12 41779 2102 82599 15407 3003 1062 1256 69782 69403 1963 45249 2944 121 296 4274 2793 5367 325 2577
159701 945 31 6480 501 21882 80216 42919 12113 6782 957 1811 38106 14963 8452 9860 5 15908 820 31594 5909 1146 418 485 26699 26528 766 17375 1109 49 112 1630 1069 2048 121 954
159702 962 37 1083 84 3635 13290 7154 2005 1112 157 292 6329 2482 1403 1644 0 2653 131 5261 971 187 71 77 4409 4409 127 2873 184 8 18 277 181 333 20 162
159703 964 38 4097 306 13616 50336 26641 7505 4227 579 1141 23734 9297 5278 6182 2 9963 510 19757 3715 717 251 301 16692 16576 475 10820 700 29 72 1016 660 1304 74 616
159705 966 38 26447 2038 88957 326032 174008 49274 27337 3808 7350 154745 60617 34416 40494 17 64936 3291 128359 23965 4639 1657 1970 108249 107681 3044 70522 4598 191 459 6671 4327 8309 507 3996
159706 944 34 22104 1683 74117 272479 144855 41042 22822 3200 6153 128949 50572 28770 33352 18 54168 2771 107081 20088 3892 1402 1620 90557 90035 2535 58678 3795 162 383 5557 3625 6948 413 3297
159707 945 35 23263 1797 78433 287510 153612 43455 24149 3388 6455 136341 53519 30340 35502 17 57182 2947 113323 21243 4109 1488 1740 95626 94982 2686 62266 3990 173 403 5868 3806 7290 442 3474
159708 908 24 4829 358 16192 59491 31732 8921 4970 704 1350 28116 11049 6279 7312 3 11838 605 23416 4343 846 311 356 19769 19664 540 12822 837 35 83 1216 787 1513 93 730
159710 914 25 9339 706 31204 114871 61003 17315 9641 1350 2601 54496 21287 12128 14136 7 22832 1158 45014 8467 1625 591 676 38194 37957 1066 24660 1612 64 164 2337 1537 2931 175 1401
159711 916 29 13507 1032 45439 166710 88865 25201 14018 1962 3745 79027 31014 17568 20538 8 33183 1688 65658 12261 2382 855 1004 55413 55148 1562 36000 2326 98 236 3398 2216 4265 255 2022
159713 917 29 15300 1164 51472 188891 100702 28516 15847 2219 4258 89413 35046 19928 23200 11 37534 1901 74183 13930 2698 974 1123 62815 62427 1746 40678 2640 106 268 3859 2499 4811 292 2314
159715 919 29 49533 3795 166144 609805 325000 92096 51356 7181 13692 288979 113547 64317 75036 36 121067 6241 239885 45018 8692 3151 3678 202818 201140 5731 131692 8488 368 852 12415 8053 15545 929 7376
159716 950 48 17600 1366 59206 217271 116228 32663 18366 2586 4867 102756 40512 22866 26677 14 43158 2266 85810 16125 3093 1135 1314 72358 71825 2044 47023 2974 130 298 4427 2865 5560 329 2576
159717 952 48 28304 2187 95190 349266 186096 52715 29374 4099 7866 165423 64860 36802 43055 22 69508 3548 137661 25823 4965 1806 2087 116018 115478 3253 75269 4852 205 491 7098 4650 8889 533 4226
159719 953 47 6222 479 20932 76734 40951 11603 6475 912 1721 36355 14316 8114 9345 4 15232 801 30136 5680 1095 409 455 25620 25286 714 16540 1064 47 107 1556 1015 1977 118 923
159720 953 47 5515 430 18679 68207 36469 10368 5725 796 1524 32359 12680 7211 8443 3 13633 691 26906 5037 975 353 407 22659 22590 633 14750 953 39 97 1392 909 1722 105 827
159721 968 52 1564 120 5254 19242 10223 2908 1617 222 426 9121 3575 2032 2385 1 3827 188 7599 1414 278 95 116 6396 6370 183 4128 261 12 27 393 251 487 27 232
159722 968 52 23572 1816 79259 290376 155182 43775 24508 3416 6480 137378 54099 30600 35775 17 57702 2978 114602 21496 4148 1505 1765 96547 95959 2701 62945 4010 182 401 5946 3845 7381 444 3484
159724 975 55 13061 984 43808 160625 85488 24359 13480 1879 3616 76076 29890 16998 19813 10 31889 1617 63082 11876 2306 824 964 53388 53051 1491 34616 2252 91 231 3278 2127 4103 250 1978
159725 976 58 10392 779 34812 128021 68144 19272 10745 1499 2882 60668 23757 13496 15776 8 25358 1292 50254 9438 1842 654 782 42528 42262 1201 27577 1792 75 182 2612 1686 3268 198 1566
159728 983 58 5203 396 17382 63902 33927 9611 5402 756 1444 30289 11876 6762 7806 3 12701 642 25030 4701 913 330 378 21326 21005 589 13773 891 36 92 1297 836 1641 96 782
159729 984 58 18379 1393 61556 225955 120528 34077 18988 2652 5054 107055 42093 23860 28053 12 44969 2283 89008 16660 3206 1161 1355 75035 74611 2102 48846 3163 132 314 4623 2994 5732 352 2754
159730 900 18 12083 918 40492 148908 79090 22430 12492 1736 3358 70508 27580 15702 18330 10 29558 1507 58427 10955 2129 759 901 49465 49135 1385 32020 2073 86 207 3032 1969 3788 228 1820
159731 915 25 17231 1338 58007 212854 113725 32206 17949 2511 4765 100838 39700 22469 26125 12 42307 2205 83824 15753 3039 1110 1298 70915 70282 1987 46111 2949 127 298 4309 2804 5432 324 2561
159732 915 25 14864 1140 49830 182983 97520 27573 15391 2143 4105 86401 34025 19316 22482 12 36344 1866 72042 13482 2597 947 1099 60810 60424 1677 39556 2542 105 255 3742 2442 4673 281 2219
159733 924 28 6510 495 21838 80059 42499 12178 6737 939 1800 38005 14883 8499 9826 4 15900 799 31346 5923 1151 415 482 26562 26365 759 17243 1126 48 115 1628 1049 2041 122 995
159734 962 27 10886 828 36588 134042 71373 20354 11275 1559 2987 63642 24954 14189 16593 7 26664 1353 52672 9907 1924 686 803 44468 44251 1257 28966 1875 77 189 2715 1782 3409 205 1636
159736 914 41 10767 814 36036 132723 70380 19998 11145 1558 2987 62634 24591 13993 16267 9 26341 1343 52086 9814 1890 684 798 44099 43776 1252 28505 1856 80 189 2705 1758 3376 202 1614
159737 954 41 7942 617 26723 98053 52433 14751 8263 1169 2172 46349 18269 10311 12114 5 19541 1011 38689 7246 1395 515 599 32624 32351 906 21297 1354 58 135 1995 1302 2499 151 1171
159738 953 56 4981 391 16843 61540 32972 9307 5155 721 1391 29251 11465 6489 7608 3 12261 622 24347 4528 873 313 372 20496 20384 565 13331 855 35 88 1249 806 1567 95 742
159739 936 51 32658 2504 109982 402639 214942 60982 33855 4728 9042 190934 74966 42536 49753 20 80074 4099 158449 29711 5743 2068 2435 133901 132871 3797 87037 5656 242 568 8207 5322 10274 617 4885
159740 936 51 19310 1472 64985 238226 127136 36092 20054 2818 5314 112903 44337 25203 29384 14 47403 2421 93832 17541 3410 1240 1437 79174 78721 2227 51473 3318 144 332 4860 3154 6088 370 2887
159741 944 51 4293 330 14248 52600 27827 7896 4410 613 1187 24862 9736 5518 6372 3 10410 530 20582 3868 749 267 311 17489 17347 486 11239 735 30 74 1067 707 1347 79 638
159742 958 59 1241 90 4163 15315 8185 2321 1279 184 350 7232 2827 1630 1896 0 3047 154 6029 1114 221 81 91 5078 5067 140 3296 216 8 22 315 202 386 25 191
159743 965 67 11031 846 37123 136134 72521 20593 11448 1600 3059 64449 25328 14387 16727 8 27047 1373 53489 10073 1938 704 825 45211 44978 1261 29372 1899 78 192 2779 1808 3469 208 1654
159744 969 67 57652 4415 193376 710263 377873 107318 59822 8360 15965 336772 132032 74973 87195 41 141087 7208 278970 52433 10175 3675 4257 236235 234300 6692 153078 9908 425 1001 14508 9369 18175 1079 8612
159745 969 67 22809 1721 76277 280692 149354 42207 23493 3280 6350 132574 52075 29639 34473 15 55757 2829 110351 20635 3980 1429 1694 93097 92715 2607 60488 3917 162 404 5726 3747 7158 429 3421
159746 968 67 21133 1624 71036 260560 138714 39344 21882 3051 5882 123594 48382 27476 32055 15 51861 2637 102386 19175 3723 1335 1565 86539 86148 2430 56164 3645 148 371 5306 3437 6622 400 3199
159747 969 67 37828 2885 127064 465590 248360 70425 39171 5467 10481 220669 86636 49205 57502 26 92600 4731 183194 34331 6622 2399 2805 154767 153742 4340 100737 6518 273 655 9521 6171 11888 718 5659
159748 957 57 33041 2542 111268 408216 218220 61575 34391 4827 9163 193358 75886 43020 50272 27 81153 4176 160925 30195 5812 2110 2485 135747 135100 3794 88360 5661 236 576 8291 5413 10426 625 4928
159749 957 58 6458 490 21645 79539 42239 12006 6675 925 1808 37640 14775 8407 9850 4 15821 808 31268 5862 1140 409 470 26446 26217 749 17151 1120 46 112 1623 1045 2021 123 979
159750 960 60 712 54 2393 8806 4665 1321 735 101 197 4192 1634 928 1096 0 1743 86 3449 646 124 44 53 2920 2911 83 1874 122 5 12 179 117 222 13 104
159751 952 56 11168 834 37644 137625 73373 20874 11570 1600 3107 65363 25603 14557 17112 7 27391 1376 54081 10122 1959 703 845 45697 45451 1288 29754 1943 76 196 2802 1835 3516 215 1687
159752 916 33 20733 1587 69610 255713 136253 38539 21509 2998 5731 120993 47544 26930 31413 15 50748 2611 100468 18897 3661 1304 1549 84893 84501 2419 55249 3566 150 361 5232 3385 6509 388 3098
159754 923 40 35365 2689 118523 435474 231226 65922 36578 5106 9782 206287 80803 46050 53551 27 86466 4388 170816 32035 6210 2244 2584 144773 143543 4046 93614 6120 244 618 8871 5769 11112 676 5347
159755 922 39 20805 1594 70176 256593 136723 38987 21570 3003 5757 121829 47814 27157 31733 15 51071 2593 100740 18879 3666 1316 1559 85338 84657 2395 55463 3588 150 364 5202 3404 6525 394 3124
159757 870 13 7852 618 26536 96895 52141 14586 8183 1152 2171 45837 18063 10170 11970 5 19311 1004 38391 7189 1381 508 610 32194 32134 915 21163 1339 60 133 2002 1296 2462 149 1149
159762 888 11 29034 2226 97408 357196 190518 53904 30055 4175 8003 169435 66433 37674 44094 21 71042 3615 140569 26421 5094 1838 2162 118771 117974 3340 77330 4979 208 504 7300 4732 9118 542 4336
159763 888 11 28282 2153 94965 348116 185400 52740 29241 4089 7853 165244 64813 36732 43072 20 69114 3523 136826 25648 4946 1791 2098 115755 114841 3279 75149 4860 209 494 7098 4635 8837 534 4234
159768 873 12 9357 716 31385 115099 61161 17431 9671 1333 2601 54648 21379 12177 14294 7 22912 1141 45189 8448 1647 590 698 38192 37968 1075 24809 1616 65 165 2346 1527 2922 181 1421
159769 878 12 7330 560 24669 90520 48113 13682 7625 1060 2036 42842 16832 9552 11124 4 17993 931 35527 6697 1293 470 559 30147 29851 853 19582 1248 53 127 1833 1191 2316 138 1098
159775 964 34 5434 430 18365 67336 35948 10163 5657 787 1506 31964 12505 7087 8357 4 13457 697 26601 4967 954 348 408 22349 22254 631 14570 932 40 94 1368 898 1707 102 808
159776 963 34 3613 280 12125 44819 23762 6767 3771 535 1006 21188 8300 4742 5457 3 8895 468 17594 3306 641 235 271 14943 14771 425 9628 623 27 61 907 584 1153 67 542
159778 963 34 33395 2560 112186 411101 219315 62166 34512 4812 9248 194811 76517 43406 50898 24 81749 4122 161850 30304 5878 2114 2483 136513 135816 3836 88796 5741 243 580 8407 5466 10463 643 5013
159779 974 41 33068 2572 111086 407656 217219 61567 34278 4754 9157 193218 75779 42955 50384 25 81073 4157 160539 30157 5793 2097 2477 135612 134515 3814 88097 5654 238 570 8306 5409 10397 628 4929
159780 964 34 19837 1515 66419 243908 129860 36760 20549 2867 5464 115332 45418 25683 30006 13 48390 2466 95851 17998 3482 1257 1477 81137 80341 2296 52701 3422 146 341 4992 3215 6232 376 2968
159781 967 35 4169 325 14077 51615 27640 7825 4337 610 1159 24611 9629 5466 6432 2 10276 533 20387 3818 743 273 318 17209 17048 487 11243 712 30 73 1052 681 1305 78 622
159783 966 35 39847 3051 133627 489716 261302 74053 41215 5761 10994 232232 91205 51734 60475 27 97424 4970 192741 36112 6992 2504 2950 162722 161708 4559 105870 6839 291 691 10007 6508 12422 757 5969
159784 991 51 7464 573 24921 91644 48630 13805 7750 1069 2063 43597 17034 9672 11257 5 18159 934 35866 6805 1305 471 536 30561 30144 873 19723 1276 53 126 1866 1212 2342 136 1108
159786 991 51 7082 541 23780 87070 46461 13193 7312 1023 1959 41171 16186 9192 10776 5 17349 889 34270 6432 1241 443 525 28910 28764 805 18880 1219 49 125 1780 1149 2212 135 1067
159787 993 47 19978 1515 66926 246038 131005 37159 20622 2874 5570 116500 45697 25978 30210 14 48891 2487 96622 18117 3501 1264 1465 81693 81306 2297 52885 3435 141 349 5025 3268 6263 378 3008
159788 988 39 58030 4476 195230 715602 382251 107990 60180 8438 16090 339259 133188 75481 88222 42 142339 7314 282087 52827 10191 3718 4306 237907 236567 6704 154691 9955 429 1004 14616 9486 18246 1093 8640
159789 986 38 8518 654 28695 105119 56003 15939 8815 1229 2367 50073 19579 11112 13155 5 20955 1060 41420 7724 1499 543 628 34999 34738 987 22720 1471 59 149 2147 1381 2680 161 1290
159790 988 38 29359 2258 98565 361769 192858 54604 30453 4252 8113 171340 67260 38160 44620 24 71912 3672 142424 26638 5177 1864 2192 120333 119504 3387 78131 5010 213 507 7376 4785 9226 551 4396
159791 980 51 13873 1038 46352 170691 90854 25736 14304 1998 3872 80720 31635 17996 20954 10 33898 1718 67110 12603 2429 878 1023 56642 56392 1571 36710 2381 100 242 3487 2290 4338 262 2071
159792 984 51 9466 738 31661 116525 62064 17533 9783 1370 2619 55105 21606 12270 14326 7 23142 1187 45849 8577 1661 608 708 38690 38542 1100 25075 1617 70 164 2374 1548 2973 175 1403
159793 982 50 43654 3356 146925 538113 287009 81472 45280 6313 12096 255127 100409 56850 66278 30 107017 5479 211754 39764 7652 2786 3268 179022 177615 5047 116465 7467 322 759 10976 7123 13734 822 6489
159797 984 50 1737 134 5883 21559 11656 3237 1815 264 477 10184 4024 2261 2669 1 4280 229 8577 1596 309 117 136 7144 7148 202 4710 294 13 29 440 292 538 34 252
159798 981 49 33918 2628 113953 417782 222765 63047 35205 4917 9386 198120 77712 44080 51370 26 83100 4257 164444 30901 5944 2158 2512 138973 138016 3906 90280 5823 248 590 8550 5538 10655 641 5047
159799 981 49 34996 2667 117475 430561 230008 65037 36301 5065 9634 203945 80178 45491 53278 25 85567 4391 169855 31844 6153 2227 2604 143060 142187 4049 93295 5988 255 602 8829 5703 10953 666 5214
159800 973 38 11852 937 39911 146195 78208 22021 12344 1737 3279 69376 27250 15403 17989 9 29082 1512 57759 10853 2078 769 876 48696 48330 1385 31631 2018 91 204 2997 1947 3727 220 1732
159803 970 39 14836 1118 49790 182796 97415 27590 15327 2154 4108 86678 33978 19307 22641 11 36352 1841 72042 13418 2605 944 1101 60595 60439 1692 39440 2552 109 256 3746 2461 4626 283 2212
159804 979 37 9118 711 30698 112417 59995 17018 9456 1328 2512 53356 20927 11852 13910 6 22390 1165 44348 8257 1610 583 685 37451 37091 1060 24350 1554 68 156 2295 1491 2866 173 1351
159805 975 41 5806 435 19550 71680 38144 10856 6013 837 1622 34106 13346 7591 8882 3 14258 707 28154 5275 1027 362 422 23837 23661 669 15455 1012 41 101 1460 939 1826 112 889
159806 973 38 22107 1713 74357 272485 145606 41156 22922 3202 6111 129208 50715 28699 33805 15 54248 2802 107660 20134 3894 1403 1657 90589 90195 2571 59022 3779 161 380 5566 3596 6922 420 3287
159808 983 48 63497 4848 213045 782402 416350 118162 65753 9162 17626 370794 145362 82528 96652 45 155421 7876 307402 57710 11174 4027 4688 259945 258095 7324 168707 10963 454 1109 15922 10375 19908 1208 9564
159809 985 47 57419 4386 192826 706912 376488 106970 59408 8281 15925 335305 131530 74664 87508 42 140634 7111 278021 52093 10076 3621 4272 234968 233286 6634 152681 9895 415 999 14369 9353 18001 1091 8628
159810 984 46 25577 1953 85780 314723 167749 47511 26451 3692 7055 149247 58579 33233 38934 18 62556 3171 123760 23196 4476 1620 1893 104609 103893 2934 68030 4402 183 441 6435 4158 7991 487 3844
159812 986 47 4391 334 14786 54254 28952 8224 4542 640 1217 25740 10111 5727 6713 2 10784 551 21352 4002 779 278 323 18042 17929 503 11731 760 29 76 1105 720 1380 86 672
159813 979 36 11830 924 39801 145705 77833 22054 12314 1724 3235 69098 27172 15396 17980 8 28980 1491 57479 10805 2066 762 890 48524 48101 1383 31626 2018 91 204 2981 1918 3736 222 1748
159814 985 40 22507 1714 75796 277352 148086 42003 23318 3254 6251 131603 51653 29263 34361 17 55074 2829 109250 20424 3964 1429 1683 92144 91628 2624 59990 3878 163 390 5668 3680 7076 428 3370
159815 979 36 15143 1161 50902 186579 99652 28196 15658 2189 4201 88583 34755 19675 23192 11 37135 1899 73566 13756 2649 952 1133 61973 61674 1762 40447 2603 110 266 3800 2489 4738 286 2255
159817 983 36 15365 1189 51581 189269 100902 28618 15918 2231 4253 89806 35199 19984 23314 8 37652 1924 74459 13950 2684 970 1141 62976 62483 1742 40823 2638 111 269 3839 2523 4813 290 2300
159818 982 36 4629 343 15426 56751 29989 8598 4762 647 1299 26924 10505 6010 7025 4 11252 551 22208 4162 805 284 333 18803 18697 531 12148 807 31 82 1147 764 1448 90 708
159819 979 36 6393 489 21456 78580 41884 11894 6621 917 1768 37115 14622 8301 9648 4 15634 807 30897 5783 1125 407 472 26133 25856 741 17011 1096 45 110 1608 1042 2010 119 956
159820 983 36 10608 814 35733 130834 70073 19755 11041 1542 2928 61957 24404 13800 16208 7 26060 1346 51755 9676 1864 676 803 43435 43253 1246 28441 1812 79 182 2680 1745 3346 199 1569
159821 971 28 2457 186 8323 30264 16167 4594 2542 351 681 14337 5655 3192 3704 0 6017 305 11867 2235 427 154 180 10066 9985 273 6549 427 15 43 619 405 763 47 374
159822 963 18 38499 2940 129221 474274 252162 71578 39995 5562 10680 224655 88143 50058 58428 29 94188 4782 186234 35035 6773 2433 2844 157852 156260 4467 102235 6630 279 667 9667 6263 12117 725 5777
159823 970 28 374 26 1248 4627 2391 706 386 51 109 2218 845 490 574 0 913 41 1772 339 66 21 25 1528 1515 44 959 67 1 6 91 59 116 7 62
159826 968 27 33477 2575 112373 413035 219829 62232 34693 4845 9329 195782 76814 43565 50833 26 82061 4226 162437 30458 5882 2137 2486 137410 136233 3881 89117 5754 247 582 8426 5459 10523 633 4999
159827 951 18 17424 1345 58392 214188 114119 32348 18016 2526 4833 101583 39877 22610 26504 12 42653 2197 84279 15812 3050 1101 1291 71260 70727 2002 46266 2995 125 301 4373 2870 5464 327 2589
159828 951 18 30008 2304 100881 369821 196902 55885 31044 4322 8339 175530 68748 39084 45780 24 73600 3722 145494 27248 5280 1871 2213 122820 122250 3469 79816 5209 215 529 7525 4886 9408 567 4534
159831 952 19 47293 3665 159025 583031 311023 88153 49045 6830 13083 276350 108465 61506 71974 35 115998 5964 229630 43110 8296 3011 3549 193909 192455 5449 126075 8089 347 815 11894 7745 14868 901 7039
159832 950 18 24549 1897 82694 302943 161833 45650 25518 3569 6798 143590 56385 31923 37330 18 60278 3106 119468 22399 4305 1574 1817 100764 100086 2828 65588 4211 182 426 6162 4037 7728 463 3649
159833 950 18 15629 1211 52377 192340 102491 29018 16239 2265 4335 91113 35792 20296 23602 10 38257 1938 75535 14255 2723 994 1175 63983 63495 1787 41554 2674 115 273 3903 2557 4900 293 2329
159834 970 16 12287 936 41298 151388 80673 22902 12735 1783 3400 71715 28216 15980 18745 8 30081 1530 59479 11176 2156 772 907 50367 49869 1402 32721 2114 88 215 3081 2020 3857 233 1848
159835 959 12 21507 1641 72255 265225 141078 40021 22275 3101 5990 125615 49235 27997 32662 15 52667 2675 104080 19615 3775 1360 1582 88146 87408 2476 57190 3730 156 379 5368 3491 6770 403 3219
159836 960 12 2579 186 8466 31430 16465 4733 2624 359 717 14813 5775 3334 3878 1 6227 303 12250 2294 451 153 181 10390 10326 285 6676 448 17 47 639 423 799 50 398
159837 973 25 23033 1754 77432 283397 151238 42876 23898 3351 6360 134538 52861 29983 34960 16 56317 2887 111573 20914 4037 1466 1690 94375 93468 2648 61240 3953 170 402 5760 3750 7233 434 3435
159838 976 25 919 71 3059 11317 5992 1690 950 129 258 5353 2106 1197 1407 0 2262 111 4442 830 160 59 68 3749 3720 107 2447 158 6 16 227 149 288 17 137
159839 975 25 63714 4854 213651 784528 417391 118422 65934 9190 17711 371541 145758 82751 96592 47 155878 7904 308272 57845 11181 3996 4695 260844 258827 7334 169081 10978 460 1116 15965 10418 20003 1204 9563
159840 979 18 5337 409 17886 65753 34992 9934 5538 774 1479 31088 12211 6941 8008 4 13017 662 25769 4852 940 344 400 21895 21691 610 14164 913 37 93 1342 872 1686 100 802
159841 977 18 649 53 2191 8058 4327 1216 680 95 179 3812 1477 838 977 0 1620 81 3172 605 112 42 50 2681 2691 71 1737 111 4 10 163 107 204 12 96
159842 986 21 39484 3034 132727 487282 259582 73372 40940 5695 10981 230848 90556 51335 60024 32 96864 4951 191801 35929 6936 2498 2920 161877 160928 4555 105122 6783 282 686 9931 6472 12435 743 5913
159843 995 20 8145 627 27364 100682 53457 15105 8454 1162 2280 47776 18698 10595 12449 5 20004 1007 39586 7436 1426 505 604 33470 33185 972 21722 1403 62 142 2055 1333 2581 153 1213
159844 997 27 1597 114 5364 19599 10402 2972 1630 228 446 9317 3619 2077 2424 1 3884 183 7659 1416 281 92 114 6474 6471 173 4190 286 10 29 398 265 498 32 254
159845 990 19 33671 2598 113215 414844 221288 62718 34903 4875 9326 196855 77239 43820 51296 23 82551 4210 163313 30597 5907 2143 2483 138037 136923 3900 89738 5780 246 582 8457 5499 10614 637 5026
159846 987 20 2581 198 8718 31726 17105 4786 2663 369 710 15059 5923 3346 3940 1 6349 322 12542 2325 460 159 198 10544 10544 294 6944 450 18 44 648 425 808 47 387
159847 983 20 5241 388 17520 64513 34389 9661 5433 761 1446 30498 11985 6788 7885 4 12779 673 25403 4758 920 334 377 21451 21344 601 13881 894 38 89 1325 851 1646 98 774
159848 983 20 33404 2573 112279 411522 219861 62092 34654 4833 9271 194967 76718 43440 50652 24 81905 4218 162170 30428 5836 2123 2473 137033 135909 3822 89156 5693 243 576 8385 5435 10478 633 4965
159849 983 20 26106 1995 87598 321329 171402 48455 27028 3775 7221 152226 59745 33876 39530 19 63841 3266 126434 23726 4576 1650 1941 106829 106150 2999 69450 4468 185 453 6557 4272 8199 494 3891
159850 983 19 4082 311 13649 50021 26559 7557 4215 580 1129 23711 9291 5275 6222 2 9961 503 19628 3676 709 247 297 16595 16467 465 10873 710 29 72 1004 659 1288 75 613
159851 982 17 23254 1795 78354 286947 153094 43479 24144 3376 6447 136288 53442 30304 35566 15 57088 2906 112949 21178 4105 1483 1736 95399 94739 2708 62049 4010 169 401 5833 3799 7291 442 3492
159852 968 15 11051 843 37160 136056 72335 20676 11432 1592 3065 64665 25277 14422 16669 7 27034 1353 53292 10022 1946 687 813 45209 44892 1268 29333 1917 75 194 2774 1805 3483 209 1670
159853 968 15 21303 1646 71718 262948 140147 39852 22063 3077 5929 124563 48864 27743 32404 15 52285 2655 103424 19365 3765 1359 1599 87361 86911 2458 56808 3659 152 370 5338 3460 6703 403 3203
159856 975 11 10056 772 33843 124040 66559 18700 10447 1475 2774 58697 23127 13109 15298 7 24642 1285 49099 9178 1773 652 765 41206 40991 1150 26975 1718 77 171 2548 1646 3156 194 1486
159861 1004 27 5165 395 17323 63598 33947 9646 5373 752 1434 30120 11850 6713 7787 3 12681 649 24985 4695 916 340 388 21125 21002 603 13802 890 39 88 1292 841 1634 95 769
159862 995 20 23447 1792 78965 289078 154205 43798 24273 3381 6505 137133 53853 30566 35762 16 57520 2928 113849 21307 4120 1479 1729 96042 95401 2710 62468 4046 175 413 5882 3857 7334 445 3522
159863 991 22 10070 762 33767 123924 66228 18637 10414 1452 2774 58519 23023 13075 15227 7 24620 1269 48803 9152 1766 636 769 41136 40945 1143 26878 1720 71 176 2527 1663 3164 189 1483
159864 990 22 8748 676 29458 107809 57452 16334 9087 1267 2403 51313 20133 11421 13431 6 21440 1090 42530 7978 1554 554 643 35972 35521 1018 23381 1499 65 150 2204 1418 2743 165 1302
159865 995 18 24285 1848 81473 299015 159445 45025 25172 3510 6714 141748 55673 31557 37180 16 59437 3031 117947 22070 4257 1539 1790 99303 98626 2815 64624 4172 182 418 6108 3973 7614 464 3612
159866 994 17 25783 1965 86677 317657 169368 47999 26726 3717 7118 150714 59047 33586 39297 17 63175 3210 124989 23442 4535 1628 1905 105668 104787 2959 68669 4419 187 453 6483 4203 8072 491 3880
159867 970 16 8936 688 29956 109778 58582 16578 9243 1308 2478 52024 20452 11600 13440 5 21757 1135 43146 8111 1574 578 657 36642 36187 1025 23692 1531 67 152 2226 1450 2804 168 1330
159869 942 37 14936 1135 50175 183897 98152 27658 15475 2145 4125 87068 34214 19355 22745 10 36621 1867 72527 13592 2621 939 1108 61005 60851 1727 39730 2555 109 258 3753 2442 4665 278 2223
159871 947 39 2147 158 7179 26320 13988 3986 2198 304 588 12466 4881 2785 3264 1 5220 263 10331 1927 379 128 157 8717 8690 246 5664 373 15 37 541 348 668 41 330
159872 968 65 17806 1361 59932 219490 116997 33185 18510 2603 4956 104169 40888 23164 26994 11 43624 2257 86188 16237 3126 1144 1315 73103 72401 2029 47479 3057 129 309 4448 2881 5592 332 2660
159873 946 46 11052 841 37124 136313 72476 20583 11441 1581 3059 64441 25296 14424 16801 9 27102 1364 53620 10018 1949 693 828 45179 45032 1275 29363 1913 83 192 2783 1802 3469 213 1656
159874 946 46 3717 273 12427 45610 24058 6926 3812 518 1043 21569 8455 4789 5618 2 9022 441 17752 3352 646 221 264 15087 15027 433 9761 654 25 66 926 596 1159 71 577
159875 953 47 20629 1581 69420 254333 135460 38487 21351 2966 5705 120511 47374 26907 31209 15 50530 2553 99805 18756 3635 1306 1547 84615 83871 2372 54952 3552 147 359 5205 3357 6493 388 3101
159877 960 47 23412 1792 78432 288592 153344 43456 24241 3383 6523 136653 53479 30448 35469 19 57352 2915 113532 21289 4108 1473 1717 95869 95348 2684 62128 4026 169 407 5883 3821 7366 442 3509
159878 956 39 3630 273 12164 44593 23838 6726 3742 518 1006 21157 8294 4680 5515 2 8861 445 17534 3288 627 226 272 14796 14765 421 9655 630 25 61 914 590 1133 68 550
159879 932 37 30788 2360 103232 379259 201884 57184 31907 4451 8515 179618 70521 39991 46753 23 75290 3841 149179 27946 5390 1961 2291 126090 125132 3558 81869 5290 230 527 7761 5030 9682 580 4589
159880 932 37 24892 1914 83618 307437 163594 46236 25817 3600 6944 145527 57028 32388 37765 20 61116 3144 121058 22703 4386 1571 1844 102242 101600 2854 66349 4258 180 433 6246 4055 7870 470 3714
159881 933 37 14340 1113 47962 176703 94136 26580 14885 2089 3965 83539 32870 18613 21833 11 35146 1827 69668 12982 2516 924 1081 58748 58323 1675 38153 2451 108 245 3609 2354 4527 268 2110
159882 937 40 93071 7111 312692 1146735 611451 173062 96393 13468 25775 543293 213057 120973 141838 71 228007 11647 451844 84526 16305 5892 6910 380906 379048 10764 247591 15969 676 1609 23426 15205 29170 1763 13898
159883 938 37 32401 2466 108751 398855 212100 60393 33598 4687 8978 189510 74187 42157 49373 22 79379 4007 156937 29374 5707 2039 2372 132563 131617 3750 86057 5579 239 563 8127 5264 10186 613 4879
159884 946 44 14329 1110 48033 176485 94116 26583 14833 2072 3963 83754 32786 18609 21824 10 35098 1793 69514 13021 2499 910 1070 58712 58368 1651 38203 2440 103 247 3598 2350 4489 267 2122
159885 946 44 34118 2619 114423 420530 224389 63317 35409 4958 9434 199301 78204 44322 52065 26 83657 4291 165769 31055 6007 2198 2564 139751 138998 3962 90909 5830 253 586 8598 5567 10713 644 5063
159886 934 36 45333 3500 152416 558667 297604 84467 47084 6549 12596 265065 104091 58989 69037 30 111260 5664 219803 41292 7942 2886 3369 185780 184316 5273 120775 7791 329 785 11359 7411 14246 851 6772
159887 936 38 5488 433 18512 67836 36309 10227 5741 805 1512 32156 12688 7133 8466 4 13546 701 26930 5018 956 351 422 22597 22423 644 14754 925 45 94 1370 901 1751 101 789
159888 935 35 990 73 3340 12226 6528 1859 1015 136 279 5818 2268 1289 1509 0 2433 118 4809 894 174 63 71 4078 4043 112 2634 172 5 17 250 165 310 19 153
159890 940 35 10144 799 34264 125417 67209 18889 10552 1489 2797 59328 23346 13223 15470 9 24936 1294 49645 9277 1769 659 771 41724 41485 1150 27202 1728 78 175 2572 1679 3215 191 1487
159891 925 30 3900 298 13131 48092 25609 7289 4042 555 1097 22799 8897 5062 5900 3 9513 472 18825 3556 682 240 284 15976 15856 442 10342 679 25 69 987 640 1223 74 601
159901 917 19 7724 601 25924 95036 50836 14277 8035 1126 2129 44973 17718 9995 11697 5 18883 987 37407 7044 1356 498 589 31628 31343 897 20694 1320 56 130 1953 1260 2442 142 1137
159902 929 22 24733 1909 82907 304658 162031 45938 25653 3586 6853 144228 56651 32141 37450 19 60491 3108 119779 22440 4341 1569 1819 101291 100457 2827 65656 4253 184 427 6206 4059 7772 467 3685
159910 928 24 12539 953 41913 154195 81940 23248 12972 1807 3463 72929 28659 16255 18961 9 30557 1559 60577 11358 2218 793 929 51264 50875 1443 33224 2138 94 217 3142 2027 3953 233 1874
159911 933 14 11703 895 39432 144552 77228 21822 12159 1700 3241 68630 26964 15213 17953 7 28787 1471 56945 10656 2064 753 870 48097 47729 1355 31334 2007 86 203 2958 1907 3655 220 1747
159912 951 16 9101 700 30570 111964 59964 16877 9443 1335 2499 52913 20898 11814 13873 7 22261 1153 44349 8238 1591 582 667 37185 37044 1038 24337 1550 70 153 2285 1501 2846 171 1334
159913 899 12 2607 208 8784 32142 17266 4877 2726 385 707 15218 6030 3386 4010 1 6437 343 12797 2383 462 175 197 10721 10614 306 7045 438 19 42 655 419 825 49 374
159914 899 12 27502 2114 92273 338349 180470 51126 28520 3970 7582 160259 63111 35698 41761 20 67231 3453 133150 24975 4815 1750 2051 112503 111587 3166 73184 4719 204 475 6902 4495 8639 519 4088
159915 927 30 14656 1123 49300 180658 96300 27265 15149 2104 4088 85679 33533 19090 22397 12 35951 1801 71151 13298 2554 912 1086 59862 59836 1676 38951 2531 107 257 3690 2409 4565 278 2210
159916 911 13 16048 1229 54009 197393 105201 29994 16576 2317 4447 93784 36827 20868 24518 11 39297 1988 77641 14510 2813 1006 1169 65653 65149 1844 42671 2774 116 279 4014 2626 5007 308 2415
159917 909 13 13274 1034 44786 163922 87659 24774 13787 1929 3684 77812 30563 17327 20399 10 32672 1681 64791 12138 2341 849 996 54533 54138 1534 35580 2266 97 230 3349 2169 4165 251 1976
159918 918 19 23732 1833 79830 292845 156415 44205 24652 3469 6557 138731 54515 30865 36258 19 58269 3002 115474 21622 4172 1522 1776 97425 96732 2741 63436 4057 178 410 6004 3880 7464 450 3525
159919 919 20 28321 2195 95201 348697 186573 52571 29409 4117 7804 165149 64968 36746 43092 20 69364 3567 137658 25764 4959 1805 2115 115818 115305 3284 75525 4830 213 489 7131 4666 8880 531 4158
159920 920 18 36805 2817 123674 453665 242013 68490 38133 5319 10202 214962 84304 47765 55937 27 90077 4604 178504 33506 6468 2331 2734 150800 149870 4236 97996 6304 269 640 9260 6036 11533 696 5506
159921 908 12 8478 642 28328 104278 55409 15710 8777 1226 2352 49198 19368 10990 12775 6 20676 1064 41033 7678 1484 533 633 34614 34417 974 22450 1450 60 147 2130 1371 2659 161 1268
159923 912 15 32955 2529 110660 405869 216651 61132 34223 4774 9088 191983 75535 42771 50027 25 80595 4141 159998 30040 5770 2085 2457 134849 134129 3809 87676 5612 249 566 8274 5411 10316 620 4868
159924 911 16 1786 139 6004 22050 11683 3347 1840 252 497 10478 4108 2335 2720 0 4383 217 8632 1608 315 111 135 7345 7271 209 4735 311 12 31 449 291 568 33 270
159925 911 16 27577 2115 92703 340149 181301 51253 28575 3984 7637 161161 63286 35888 41929 20 67600 3429 133846 25126 4847 1753 2056 112938 112348 3188 73514 4732 202 478 6960 4529 8662 525 4149
159926 910 16 8100 615 27180 99673 53116 15005 8417 1165 2231 47259 18619 10545 12359 5 19850 1007 39247 7358 1424 510 607 33167 32807 944 21615 1399 61 137 2046 1301 2545 150 1211
159927 912 17 5887 451 19799 72759 38713 10984 6111 852 1632 34431 13525 7674 8942 4 14444 737 28598 5344 1039 373 441 24192 24023 675 15673 1017 41 101 1477 948 1874 113 889
159928 911 16 1197 94 4109 14813 8036 2256 1254 175 332 7115 2795 1560 1877 1 2958 149 5901 1093 212 76 92 4939 4890 145 3278 210 9 21 303 197 377 22 175
159929 909 15 30046 2295 100895 370612 197782 55919 31141 4365 8326 175479 68902 39086 45586 23 73625 3758 145882 27390 5277 1906 2219 123158 122526 3445 79881 5156 219 521 7563 4908 9432 567 4476
159930 955 22 8693 665 29314 107571 57522 16182 9057 1272 2409 50923 20078 11348 13254 7 21366 1117 42489 7940 1530 560 648 35849 35496 1013 23298 1480 66 149 2203 1432 2734 160 1272
159931 939 17 20559 1588 69065 253739 135464 38187 21379 2995 5698 120076 47218 26702 31332 15 50419 2614 100105 18772 3613 1307 1567 84374 83841 2388 54964 3515 156 353 5158 3354 6494 384 3046
159932 940 17 15011 1161 50580 185311 98866 27969 15566 2170 4175 87788 34531 19524 22785 11 36817 1899 72952 13697 2632 959 1110 61722 61244 1735 40073 2563 110 259 3793 2471 4707 282 2219
159934 943 16 12411 947 41775 153018 81802 23133 12853 1804 3444 72429 28456 16125 18793 10 30418 1549 60253 11290 2179 794 924 50786 50594 1412 33054 2127 91 216 3118 2048 3883 233 1854
159935 948 19 10941 831 36587 134679 71675 20306 11364 1585 3015 63737 24949 14194 16592 8 26809 1349 52978 9973 1923 697 812 44689 44538 1263 29001 1872 79 190 2753 1779 3433 205 1641
159937 963 24 9173 688 30834 113173 60073 17059 9503 1312 2552 53694 21003 11942 13904 6 22433 1138 44376 8345 1620 573 680 37606 37243 1063 24372 1596 66 160 2308 1503 2881 173 1388
159943 897 12 18703 1419 62638 229567 122242 34711 19258 2669 5159 108834 42751 24232 28462 12 45701 2302 90251 16897 3287 1161 1366 76279 75713 2158 49550 3230 136 325 4678 3038 5829 356 2826
159944 898 12 11853 905 39761 146135 77722 22063 12237 1704 3294 69218 27112 15437 17904 9 29043 1480 57415 10758 2084 753 874 48552 48287 1359 31467 2039 83 206 2977 1951 3723 223 1781
159954 920 16 19446 1492 65387 239794 128081 36128 20128 2819 5378 113670 44511 25271 29619 13 47678 2434 94420 17641 3414 1240 1462 79656 79308 2208 51851 3344 138 337 4890 3202 6085 368 2901
159955 920 20 20005 1525 67071 246490 130862 37203 20677 2878 5541 116870 45798 26066 30327 13 49001 2479 96713 18157 3516 1260 1457 81925 81360 2309 52996 3465 141 352 5022 3283 6292 376 3007
159956 927 14 18888 1438 63313 232216 123788 35065 19469 2711 5217 110182 43167 24507 28572 12 46160 2341 91328 17089 3303 1176 1394 77180 76671 2139 50056 3250 135 326 4725 3103 5901 362 2836
159958 912 11 12236 958 41159 150943 80745 22767 12728 1798 3373 71518 28184 15921 18657 9 30027 1561 59629 11138 2156 796 930 50254 49856 1423 32766 2078 89 209 3083 1995 3867 229 1799
159962 907 20 1013 77 3417 12439 6644 1901 1044 142 281 5921 2315 1312 1558 0 2481 124 4892 913 175 62 80 4099 4122 119 2699 174 8 17 248 166 312 18 150
159965 902 14 6922 521 23205 85298 45122 12874 7174 997 1944 40435 15807 9004 10398 5 16960 852 33333 6277 1206 434 492 28358 28086 792 18236 1195 48 122 1742 1139 2169 129 1053
159966 903 19 14336 1096 47803 176236 93491 26578 14867 2079 3962 83342 32732 18628 21584 10 34984 1792 69118 13033 2518 914 1060 58656 57992 1637 37948 2450 105 247 3589 2360 4520 269 2134
159968 904 19 15271 1195 51529 188837 100892 28516 15847 2213 4246 89616 35171 19931 23364 9 37623 1946 74497 13904 2693 977 1146 62779 62407 1773 40935 2618 115 266 3868 2513 4794 290 2265
159969 898 11 30907 2362 103979 381289 202668 57623 31992 4423 8587 180807 70873 40220 47122 22 75752 3838 149680 28107 5443 1932 2303 126757 125727 3607 82234 5351 223 542 7753 5026 9710 583 4651
159970 928 27 8232 630 27900 101879 54486 15394 8595 1198 2270 48271 19050 10764 12621 5 20288 1035 40193 7534 1443 530 619 33880 33611 965 22145 1412 62 140 2098 1336 2591 153 1217
159971 924 18 3297 254 11091 40809 21793 6123 3440 480 918 19287 7557 4305 5034 3 8108 415 16127 3025 580 213 253 13556 13499 388 8840 561 25 56 831 543 1034 62 485
159973 920 16 18712 1437 62796 230352 122671 34847 19268 2695 5200 109292 42848 24325 28463 11 45912 2325 90603 16927 3271 1173 1380 76573 76134 2111 49720 3210 126 327 4685 3071 5847 358 2826
159974 916 13 28687 2189 96459 353571 188333 53558 29721 4163 7937 167388 65733 37312 43569 22 70293 3603 138965 26061 5031 1828 2125 117567 116624 3296 76305 4935 202 499 7214 4689 9006 546 4302
159976 914 12 4717 349 15864 58130 30934 8814 4901 677 1309 27571 10822 6156 7191 3 11560 575 22836 4296 844 299 352 19291 19202 544 12568 821 32 83 1184 757 1483 90 729
159977 913 12 24719 1893 83041 304653 162129 46051 25528 3538 6897 144493 56679 32184 37608 18 60543 3083 119713 22424 4335 1545 1836 101304 100454 2853 65715 4271 173 431 6176 4051 7773 472 3716
159978 916 11 28924 2210 97059 356128 189691 53872 29926 4179 8013 168938 66209 37590 43735 19 70797 3585 139988 26210 5070 1838 2111 118392 117626 3317 76796 4983 204 501 7254 4715 9043 547 4342
159979 918 11 54685 4183 183322 672984 358861 101451 56582 7858 15131 318603 125087 70848 83164 43 133663 6843 265047 49625 9620 3441 4081 223577 222295 6319 145441 9377 403 944 13752 8910 17166 1037 8175
159980 916 11 9980 759 33586 122928 65489 18569 10301 1425 2760 58352 22848 12983 15268 7 24516 1227 48374 9062 1730 620 727 40783 40629 1131 26577 1732 67 176 2529 1627 3111 191 1518
159982 917 11 12553 967 42147 154726 82485 23282 13060 1830 3463 73323 28839 16324 19103 9 30752 1585 60915 11437 2197 810 942 51600 51004 1459 33491 2146 95 216 3145 2045 3976 228 1859
159983 922 15 14872 1109 49797 182937 97296 27583 15326 2139 4131 86626 33989 19352 22517 10 36390 1828 71881 13441 2610 941 1086 60734 60316 1699 39424 2566 105 257 3733 2422 4659 283 2248
159984 919 12 2305 173 7723 28497 15100 4290 2397 338 640 13547 5292 3001 3483 2 5635 288 11157 2084 401 146 165 9493 9393 263 6081 398 16 40 576 369 721 42 347
159986 921 12 32937 2528 110684 405689 215787 61462 34071 4732 9141 192605 75551 42883 50375 24 80713 4073 159563 29877 5774 2058 2428 134758 133893 3805 87436 5683 236 578 8263 5416 10301 629 4940
159987 920 12 27762 2139 93396 342698 182289 51846 28773 4013 7702 162544 63664 36202 42183 19 68129 3474 134656 25212 4877 1762 2063 113952 113098 3179 73814 4762 197 482 6983 4556 8721 529 4172
159988 906 41 6573 510 22231 81431 43417 12298 6850 957 1838 38622 15200 8609 10088 4 16219 828 32048 6010 1161 420 484 27049 26881 764 17628 1132 49 117 1666 1076 2068 122 989
159989 906 41 4370 320 14573 53783 28317 8143 4482 614 1229 25395 9892 5654 6557 3 10655 516 20914 3943 761 263 313 17784 17713 503 11456 762 28 78 1096 712 1363 84 679
159990 917 42 6321 503 21188 77929 41529 11713 6568 907 1751 36845 14522 8187 9575 5 15498 797 30691 5757 1096 405 486 25912 25685 735 16905 1087 50 108 1577 1040 1986 117 925
159991 917 42 20904 1617 70276 257729 137375 38989 21732 3058 5760 122064 48052 27247 31747 15 51261 2645 101476 18991 3677 1342 1548 85748 85106 2389 55698 3587 158 360 5237 3392 6610 398 3112
159992 949 65 3883 284 13046 47838 25441 7215 3997 550 1084 22732 8885 5056 5911 2 9513 464 18750 3526 671 237 287 15873 15776 448 10311 677 27 68 965 642 1214 74 589
159993 949 65 17157 1311 57592 211727 112805 31883 17782 2498 4749 100392 39309 22311 26040 12 42057 2155 83272 15625 3023 1091 1273 70359 69978 1974 45616 2943 122 300 4306 2802 5388 326 2576
159994 932 48 5534 438 18650 68327 36512 10343 5770 815 1546 32494 12731 7214 8401 3 13616 706 26909 5067 980 355 412 22834 22595 641 14813 941 40 97 1374 908 1750 103 814
159996 932 48 4376 339 14658 53803 28548 8112 4520 629 1216 25485 9974 5664 6579 3 10680 540 21157 3961 761 273 315 17905 17711 495 11560 751 32 75 1082 728 1362 82 657
159998 936 47 5266 393 17659 64764 34327 9830 5422 754 1453 30687 12002 6857 7928 3 12811 639 25360 4749 924 327 378 21480 21333 597 13844 910 40 92 1318 859 1643 101 803
159999 927 40 14299 1093 47983 175903 93507 26600 14846 2071 3956 83458 32702 18559 21690 11 34954 1786 69095 12981 2503 906 1051 58501 58035 1660 37862 2464 105 248 3563 2322 4498 269 2138
160000 916 30 18798 1421 63103 231743 123404 34983 19515 2731 5200 109730 43079 24497 28485 12 46103 2349 91027 17071 3315 1195 1398 76986 76459 2166 50023 3235 137 329 4746 3085 5881 356 2821
160002 893 12 36926 2834 123904 454760 242247 68687 38271 5367 10246 215532 84580 48070 56087 25 90493 4603 178813 33501 6462 2362 2733 151263 150030 4242 98186 6360 267 643 9270 6030 11596 704 5536
160004 896 16 2449 192 8270 30446 16149 4607 2547 358 689 14536 5671 3224 3753 1 6055 312 11931 2240 436 164 188 10177 10004 286 6602 420 16 43 610 395 789 45 371
160005 896 16 10347 792 34769 127290 67836 19310 10736 1494 2859 60471 23744 13493 15739 6 25328 1286 50017 9434 1817 663 771 42335 41991 1204 27581 1774 74 180 2599 1659 3248 195 1567
160006 927 22 16180 1247 54310 199325 106402 30128 16810 2372 4460 94394 37112 21042 24698 9 39713 2049 78506 14715 2837 1061 1218 66373 65749 1875 43146 2771 120 278 4071 2648 5066 303 2399
160007 927 22 2152 160 7197 26415 14087 3965 2211 313 594 12560 4947 2800 3305 1 5285 271 10458 1922 373 137 163 8771 8731 250 5713 373 15 37 537 352 672 42 324
160008 909 24 29360 2239 98630 361782 192607 54677 30406 4239 8145 171344 67231 38185 44698 22 71893 3645 142240 26664 5164 1839 2172 120057 119406 3391 78062 5062 210 513 7361 4810 9237 556 4423
160009 927 23 21979 1707 73759 270876 144138 40909 22815 3181 6096 128458 50387 28643 33327 14 53882 2759 106467 20048 3841 1392 1627 90105 89304 2540 58572 3757 162 383 5530 3609 6911 412 3282
160010 922 21 29890 2281 100349 368295 196229 55561 30957 4328 8306 174587 68425 38876 45347 24 73204 3745 144870 27209 5263 1899 2224 122464 121609 3432 79499 5109 215 523 7501 4887 9386 561 4482
160011 920 22 17401 1334 58230 214517 114482 32261 18062 2520 4808 101173 39832 22566 26225 13 42468 2242 84402 15919 3079 1121 1326 71304 70772 2027 46362 2983 129 294 4384 2827 5485 326 2582
160012 921 22 23636 1811 79384 291062 155114 44012 24491 3390 6520 137973 54140 30740 35866 17 57852 2950 114499 21477 4135 1490 1771 96771 96023 2711 62966 4051 173 408 5951 3884 7441 449 3524
160013 928 27 5525 429 18450 67988 36297 10210 5715 814 1523 32143 12620 7161 8283 4 13497 713 26766 4998 969 360 418 22686 22499 629 14679 932 42 93 1384 904 1752 102 809
160014 927 27 36122 2792 121593 445958 238373 67166 37527 5268 10011 211264 83003 46943 55076 29 88674 4614 176042 33055 6359 2302 2718 148343 147523 4181 96610 6175 265 621 9072 5907 11347 676 5344
160015 931 26 9377 724 31472 115357 61613 17402 9746 1375 2586 54590 21518 12165 14126 6 22882 1184 45406 8569 1643 604 693 38393 38011 1072 24938 1602 71 162 2347 1539 2933 176 1386
160016 906 15 68809 5285 231441 848958 452952 128023 71402 9991 19128 402233 157920 89501 104934 55 168826 8645 334596 62604 12081 4380 5144 282127 280486 7913 183464 11786 509 1195 17258 11274 21559 1310 10280
160017 911 17 17462 1347 58579 215240 114695 32460 18180 2550 4833 102033 40056 22711 26489 11 42763 2188 84642 15930 3063 1122 1297 71633 70990 2027 46459 2991 130 299 4384 2822 5505 326 2592
160018 911 18 10973 839 37005 135507 72409 20471 11401 1596 3037 64161 25299 14307 16613 6 26897 1379 53232 10020 1923 706 830 45105 44687 1260 29388 1891 80 190 2747 1793 3460 205 1639
160019 911 18 12133 934 40774 149806 79687 22700 12617 1763 3388 71016 27818 15833 18367 9 29723 1534 58846 11051 2128 779 902 49891 49357 1406 32317 2086 89 212 3055 1990 3830 232 1812
160020 917 18 9736 730 32591 119992 63714 18047 10107 1412 2695 56785 22251 12666 14688 7 23831 1216 47096 8820 1713 618 705 39877 39615 1110 25768 1681 68 171 2447 1584 3071 186 1476
160021 912 16 42381 3225 142073 521114 277184 78798 43786 6061 11735 246702 96779 55017 64069 32 103530 5219 204495 38369 7419 2627 3109 173026 171899 4876 112230 7305 304 741 10617 6941 13258 804 6373
160022 909 15 94099 7226 315518 1158084 617500 174695 97436 13615 26074 548505 215322 122081 142649 67 229966 11862 455656 85518 16521 5946 7021 384943 382247 10850 250279 16181 688 1641 23629 15393 29550 1771 14007
160026 956 70 6042 461 20253 74254 39357 11282 6229 861 1683 35296 13818 7866 9236 4 14788 737 29091 5451 1063 380 444 24670 24444 703 15968 1045 41 107 1511 985 1895 116 917
160028 957 70 27773 2128 93368 342278 182464 51792 28805 4030 7680 162319 63697 36155 42277 20 68118 3470 134779 25249 4891 1761 2069 113761 113126 3210 73843 4771 203 483 6963 4535 8733 524 4160
160029 957 70 55517 4268 186470 683515 364615 103232 57563 8055 15358 323939 127201 72057 84137 39 135913 6972 269081 50410 9727 3539 4118 227335 225763 6371 147751 9501 403 962 13943 9062 17417 1045 8274
160030 957 70 2656 196 8839 32587 17265 4893 2735 381 742 15395 6025 3432 4029 1 6475 326 12767 2396 469 166 197 10816 10736 308 7012 454 19 46 662 427 826 50 403
160031 978 78 30643 2347 102808 377104 200709 57020 31640 4413 8495 178729 70150 39859 46674 24 75018 3803 148451 27748 5378 1928 2245 125224 124509 3511 81315 5267 218 532 7696 5011 9606 585 4581
160032 977 75 21143 1603 71013 260323 138462 39426 21895 3047 5851 123608 48365 27513 32187 14 51758 2619 102236 19172 3737 1323 1566 86579 85911 2442 56170 3655 148 368 5285 3420 6654 404 3197
160033 966 71 6067 469 20414 74949 40192 11274 6318 895 1678 35424 13984 7889 9223 4 14883 782 29672 5570 1060 397 453 24968 24792 709 16288 1022 46 104 1524 990 1908 112 886
160034 967 72 2280 176 7662 28120 15122 4217 2382 341 623 13231 5284 2939 3459 1 5595 297 11178 2078 400 147 168 9369 9281 265 6139 387 18 36 572 377 717 42 326
160035 974 72 12231 930 40912 150505 79828 22734 12655 1755 3397 71297 27885 15888 18434 8 29918 1508 58950 11086 2146 769 894 49965 49692 1395 32318 2095 85 215 3051 1993 3831 231 1837
160036 970 76 2015 157 6771 24789 13346 3719 2088 297 555 11706 4623 2598 3065 1 4956 261 9839 1825 354 134 158 8222 8204 231 5406 337 15 33 507 327 628 37 290
160037 971 76 20867 1594 69981 256983 136671 38789 21642 3012 5752 121748 47786 27131 31722 15 51040 2605 101008 18979 3682 1306 1556 85355 84792 2402 55435 3564 152 365 5228 3403 6556 392 3138
160038 963 72 25608 1961 86104 315455 168146 47627 26551 3700 7124 149609 58695 33317 38969 18 62726 3183 124105 23286 4485 1618 1880 104836 104109 2935 68161 4407 188 444 6417 4186 8001 485 3857
160039 992 88 15276 1163 51348 188296 100360 28430 15823 2213 4246 89285 35080 19907 23202 12 37427 1907 74066 13915 2679 963 1130 62548 62200 1743 40676 2620 108 267 3849 2494 4776 292 2302
160040 946 46 30824 2345 103499 379338 202142 57262 31915 4419 8525 179624 70589 40017 46811 21 75420 3814 149155 28028 5429 1944 2273 126186 125118 3573 82072 5317 226 532 7749 5002 9680 580 4625
160041 949 41 5872 454 19636 72198 38547 10866 6102 859 1611 34100 13457 7643 8891 4 14341 742 28533 5362 1031 377 443 24024 23773 684 15649 994 46 98 1473 948 1856 111 846
160042 950 42 2294 173 7751 28353 15067 4280 2395 329 635 13454 5271 3010 3553 2 5635 290 11136 2097 407 144 170 9434 9319 266 6165 396 16 41 575 373 719 42 347
160043 950 42 38954 3008 130918 480349 256207 72487 40389 5628 10800 227660 89398 50685 59213 29 95534 4893 189056 35434 6860 2467 2926 159640 158641 4516 103894 6692 281 675 9824 6342 12286 737 5821
160044 950 42 27108 2075 91334 334564 178693 50564 28107 3920 7543 158530 62297 35342 41326 19 66578 3434 131803 24676 4755 1720 2025 111266 110547 3106 72435 4668 196 474 6818 4442 8519 516 4061
160045 949 41 34055 2622 114667 419431 223907 63520 35307 4960 9428 199004 78212 44343 51839 23 83415 4272 165327 30942 5966 2169 2509 139720 138468 3902 90754 5847 248 589 8541 5582 10679 647 5091
160046 958 46 5763 438 19450 71096 38047 10737 5999 839 1588 33836 13245 7497 8850 3 14161 737 28040 5234 1018 371 435 23667 23506 669 15461 994 42 97 1455 937 1817 108 858
160047 940 36 15640 1209 52441 192376 102721 29042 16213 2273 4335 91062 35803 20283 23782 10 38217 1965 75817 14233 2740 992 1172 63988 63529 1800 41635 2672 113 271 3942 2547 4896 299 2317
160048 940 36 9610 738 32381 118349 63266 17828 9984 1400 2649 55954 22100 12451 14577 6 23544 1210 46706 8752 1689 611 714 39424 39062 1109 25659 1651 70 163 2427 1570 3015 183 1432
160049 940 36 25427 1942 85302 312980 166478 47320 26300 3657 7062 148407 58150 33040 38777 18 62270 3157 123030 23025 4443 1595 1876 103963 103323 2930 67480 4379 184 440 6385 4161 7942 480 3811
160050 940 35 48195 3691 162016 594038 316695 89694 50057 7015 13367 281461 110540 62661 72995 35 118026 6059 233523 43958 8468 3096 3559 197737 196058 5542 128379 8268 349 835 12082 7845 15152 901 7189
160051 943 35 3299 252 11064 40623 21721 6148 3416 486 916 19234 7591 4272 5040 2 8073 418 16007 3006 575 217 245 13508 13397 385 8791 565 27 55 838 547 1031 62 484
160052 943 35 5976 461 20100 73638 39362 11159 6207 875 1650 34934 13743 7801 9084 3 14600 757 28993 5426 1048 378 448 24538 24252 688 15956 1022 44 104 1507 974 1875 113 886
160053 971 43 14063 1089 47217 173376 92585 26181 14632 2061 3879 82246 32312 18277 21545 9 34482 1780 68331 12767 2472 909 1046 57698 57222 1641 37485 2414 108 241 3536 2287 4422 263 2071
160054 952 35 11824 901 39579 145300 77230 22007 12214 1688 3268 68901 26996 15379 17867 8 28852 1464 57033 10698 2081 732 875 48287 47927 1359 31329 2039 86 204 2972 1923 3711 224 1785
160055 915 36 17912 1374 60218 220959 117444 33405 18579 2580 4967 104514 41105 23297 27206 14 43938 2224 86836 16284 3140 1125 1318 73487 72873 2070 47616 3077 127 314 4511 2926 5636 336 2682
160056 919 38 43512 3325 146149 536669 286118 80946 45091 6278 12115 254233 99641 56618 66030 31 106597 5440 211169 39609 7667 2752 3240 178431 177301 5003 115836 7469 309 764 10938 7103 13668 823 6549
160057 952 51 111490 8500 374168 1373502 731569 207350 115334 16112 30991 651061 255340 145041 169339 82 273119 13814 539842 101166 19570 7041 8254 456747 453332 12830 296413 19213 809 1950 28033 18225 34959 2111 16736
160058 953 51 66987 5120 224913 824977 439852 124703 69356 9681 18543 391077 153437 87154 101722 50 164124 8359 324630 60878 11763 4259 4964 274102 272502 7689 178250 11517 490 1173 16839 10967 21015 1271 9998
160060 960 49 2090 165 7024 25707 13742 3866 2168 307 569 12138 4780 2711 3140 1 5117 271 10132 1902 364 138 157 8568 8480 234 5556 355 14 34 522 344 649 39 308
160061 950 47 15664 1204 52940 193417 103289 29284 16254 2260 4356 91848 36009 20424 23886 10 38563 1965 76174 14287 2774 983 1164 64257 63955 1804 41898 2699 112 275 3958 2559 4914 296 2351
160062 950 47 21341 1639 71777 263117 140154 39849 22120 3086 5946 124715 48910 27713 32513 15 52245 2688 103567 19463 3753 1352 1587 87515 86923 2463 56779 3658 155 372 5342 3498 6677 404 3196
160064 952 49 14452 1098 48471 177835 94585 26933 14946 2099 4001 84277 33053 18772 21915 9 35307 1798 69782 13115 2539 911 1064 59216 58600 1649 38374 2476 101 251 3608 2362 4549 274 2167
160065 949 46 3860 287 12950 47441 25258 7182 3991 564 1068 22437 8856 5019 5792 3 9447 479 18658 3500 671 244 271 15725 15662 440 10217 661 27 68 964 632 1204 73 577
160066 947 46 14968 1143 50405 184784 98511 27880 15507 2166 4142 87598 34346 19453 22837 11 36762 1862 72752 13597 2632 938 1111 61387 61097 1731 39909 2569 106 261 3751 2443 4714 281 2248
160067 947 44 44831 3430 150589 552539 294429 83273 46502 6523 12412 261871 102708 58239 68078 32 109919 5601 217549 40727 7871 2843 3314 183690 182562 5126 119201 7678 321 776 11249 7333 14082 844 6714
160069 940 44 24867 1919 83527 306020 163679 46207 25821 3640 6856 145079 57109 32318 37813 19 60830 3139 120785 22615 4376 1603 1853 101941 101048 2873 66325 4234 187 428 6243 4053 7820 467 3674
160070 940 44 1224 90 4166 15071 8058 2306 1273 179 343 7211 2845 1620 1915 0 3019 152 5969 1101 214 76 88 5023 4978 137 3292 212 8 22 303 193 374 25 190
160071 922 37 11664 897 39162 143628 76773 21611 12116 1695 3207 68010 26766 15178 17705 8 28553 1481 56630 10660 2045 749 874 47770 47473 1342 31155 1991 84 203 2930 1901 3662 218 1725
160073 954 74 23937 1824 80298 294504 157062 44429 24715 3449 6612 139673 54736 31064 36237 15 58540 2980 115874 21684 4198 1504 1773 97868 97276 2725 63537 4118 173 414 5985 3922 7481 455 3591
160074 954 74 30409 2341 102114 374648 199686 56541 31556 4413 8401 177587 69723 39544 46023 20 74422 3811 147309 27694 5339 1925 2248 124717 123609 3496 80923 5209 216 526 7633 4959 9575 573 4527
160075 932 46 15385 1200 51771 189546 101232 28629 15943 2237 4261 90153 35241 20004 23586 11 37730 1930 74780 13958 2682 974 1160 63049 62661 1754 41109 2629 110 268 3846 2510 4822 294 2288
160077 937 46 1724 130 5745 21192 11220 3186 1791 244 478 10027 3931 2233 2579 1 4203 212 8283 1586 303 109 127 7073 6976 200 4578 291 11 29 432 272 542 31 258
160078 931 46 11594 868 38724 142240 75378 21535 11923 1645 3222 67332 26425 15036 17537 8 28227 1427 55756 10437 2027 719 841 47195 46837 1325 30642 1995 80 202 2900 1897 3634 221 1752
160079 936 50 59329 4534 198956 730601 388729 110258 61407 8580 16467 346063 135849 77088 89922 40 145132 7394 286807 53914 10418 3735 4406 242789 241012 6847 157528 10225 434 1032 14878 9686 18641 1114 8906
160080 933 46 3801 282 12613 46551 24563 7062 3907 539 1061 22019 8603 4934 5701 2 9214 459 18131 3425 664 234 270 15418 15301 432 9916 667 25 68 945 619 1175 72 587
160081 939 36 19836 1522 66681 244329 130273 36919 20551 2860 5491 115715 45454 25814 30281 14 48588 2482 96215 18032 3479 1256 1482 81121 80611 2279 52847 3417 141 343 5006 3249 6194 380 2973
160082 936 36 4964 382 16672 61313 32643 9270 5152 721 1379 28964 11413 6467 7540 2 12191 629 24062 4519 865 322 373 20396 20219 568 13227 861 34 86 1245 814 1561 94 744
160084 945 36 27717 2138 93243 341579 182408 51539 28739 4034 7659 161657 63702 36057 42017 20 67886 3520 134646 25234 4872 1767 2060 113608 112750 3184 73865 4742 209 475 6990 4533 8730 522 4087
160085 973 43 40098 3071 134279 493104 262709 74201 41510 5793 11101 233337 91584 51876 60489 29 97941 5008 193721 36454 7019 2539 2982 163881 162802 4583 106585 6854 283 692 10059 6522 12580 755 5998
160086 968 40 12942 1004 43532 159369 84916 24154 13384 1864 3574 75713 29682 16831 19777 9 31744 1618 62812 11739 2272 815 965 53033 52553 1484 34459 2222 94 227 3244 2110 4071 248 1943
160091 906 29 2422 197 8179 29945 16124 4523 2537 352 659 14209 5608 3154 3735 1 5989 314 11879 2223 423 159 187 9959 9891 285 6571 412 19 40 616 396 767 45 355
160093 910 30 34146 2625 114629 420438 224654 63340 35407 4955 9437 199039 78194 44260 51748 25 83628 4287 165613 31048 5973 2167 2536 139793 139093 3919 90867 5838 252 585 8572 5580 10712 641 5061
160094 908 31 13220 1004 44362 162747 86432 24642 13684 1906 3659 77360 30223 17176 20077 7 32330 1643 63858 11997 2315 829 959 54166 53715 1508 34969 2285 95 229 3304 2148 4141 249 2005
160096 908 32 2232 170 7543 27456 14747 4141 2320 320 610 13038 5139 2901 3436 1 5451 277 10853 2015 397 140 172 9126 9093 261 5979 380 16 39 569 363 699 41 334
160097 908 32 4909 369 16563 60602 32170 9221 5060 688 1377 28756 11255 6424 7433 2 12063 593 23688 4450 876 296 360 20051 20007 559 13033 865 31 90 1238 802 1544 94 764
160098 907 31 15736 1186 52836 194010 103406 29255 16285 2285 4365 92052 36045 20463 24083 11 38609 1967 76423 14240 2777 1002 1185 64398 64118 1825 41891 2716 116 269 3972 2592 4934 299 2349
160099 907 31 8205 645 27729 101358 54388 15339 8573 1202 2263 48029 18950 10701 12543 4 20197 1059 40193 7544 1440 537 631 33791 33469 950 22086 1389 60 140 2073 1345 2602 154 1196
160102 866 11 11446 864 38352 140912 74762 21270 11796 1624 3193 66736 26115 14842 17290 8 27972 1394 55246 10361 2010 709 834 46809 46516 1308 30243 1974 79 200 2876 1882 3599 216 1727
160111 893 19 3705 272 12376 45582 24189 6833 3834 532 1018 21535 8468 4814 5613 2 9041 450 17909 3354 646 226 272 15146 15038 423 9831 639 27 65 933 598 1162 70 561
160112 892 19 14831 1121 49930 182579 97161 27729 15369 2130 4105 86636 34004 19327 22498 9 36293 1830 71724 13469 2613 930 1087 60685 60261 1690 39380 2560 106 261 3717 2404 4650 283 2244
160113 895 19 21368 1659 71677 263549 140600 39570 22265 3124 5909 124747 49050 27779 32447 16 52395 2730 104020 19503 3756 1366 1587 87831 87013 2464 57015 3619 158 365 5372 3465 6753 398 3143
160114 892 20 24389 1860 81993 300844 160150 45413 25286 3524 6796 142489 55902 31776 37047 17 59721 3045 118146 22249 4282 1545 1798 99996 99191 2813 64918 4219 178 431 6104 3958 7675 458 3653
160116 897 21 9883 754 33209 121980 65051 18323 10209 1416 2758 57870 22631 12827 15088 5 24280 1226 48021 8975 1729 622 736 40500 40359 1126 26358 1703 68 174 2500 1628 3108 189 1481
160117 886 14 10552 793 35268 129481 68780 19561 10889 1512 2939 61310 24034 13700 15841 8 25675 1279 50729 9552 1855 663 758 43051 42704 1201 27786 1811 73 185 2637 1731 3290 199 1583
160119 870 13 3821 293 12957 47347 25322 7169 3967 560 1058 22537 8836 5016 5911 2 9456 486 18791 3472 678 248 286 15740 15636 444 10273 655 27 67 971 628 1204 75 574
160120 878 14 41813 3189 140482 515341 274801 77682 43291 6062 11601 244088 95779 54394 63660 28 102526 5220 202868 37971 7333 2665 3126 171276 170093 4769 111428 7200 304 730 10467 6846 13121 794 6254
160122 884 13 6631 522 22284 81941 43813 12271 6900 972 1835 38777 15221 8615 10090 4 16307 845 32363 6074 1167 429 506 27304 27056 750 17758 1133 49 114 1669 1085 2108 125 980
160123 878 18 22790 1738 76602 280936 149925 42367 23674 3307 6309 133167 52267 29647 34789 17 55869 2846 110738 20704 3999 1447 1717 93359 92725 2634 60793 3909 173 396 5735 3748 7141 427 3389
160124 878 14 48602 3726 163357 598737 319432 90526 50299 7021 13504 284008 111492 63192 73910 33 119104 6087 235667 44042 8524 3077 3598 199159 197709 5575 129550 8347 350 846 12205 7968 15254 924 7290
160125 878 14 33235 2534 111588 409408 217751 61921 34445 4812 9238 194116 76068 43243 50288 22 81356 4121 160725 30222 5844 2102 2460 136354 134963 3812 88386 5718 237 581 8358 5403 10456 627 5000
160127 878 14 11194 875 37707 138016 73707 20927 11652 1645 3076 65523 25762 14568 16963 10 27388 1433 54345 10243 1962 724 838 45966 45529 1296 29794 1911 84 191 2815 1841 3520 207 1641
160128 876 13 26146 1990 87636 322110 170841 48618 27110 3752 7256 152589 59778 34052 39542 20 63877 3221 126218 23779 4583 1650 1918 107141 105993 3027 69363 4496 186 453 6565 4247 8220 488 3931
160129 960 58 5827 449 19509 71664 38186 10800 6013 842 1620 33960 13291 7555 8824 4 14236 731 28208 5280 1022 363 429 23853 23653 662 15469 993 40 101 1473 954 1825 111 869
160132 915 12 331 25 1110 4059 2158 626 336 43 90 1929 752 431 496 0 806 40 1586 299 58 18 24 1349 1334 38 886 57 1 6 83 53 103 6 50
160135 915 12 49005 3750 164307 603305 321182 91148 50752 7043 13556 285929 112135 63615 74588 33 120012 6120 237229 44584 8585 3092 3650 200350 199177 5676 130330 8431 356 852 12296 7985 15361 924 7350
160141 880 14 17586 1326 58896 216626 114895 32708 18247 2530 4884 102352 40258 22908 26530 13 42967 2176 84775 16017 3106 1104 1280 71855 71308 2043 46624 3031 129 308 4425 2845 5529 331 2656
160142 890 18 15352 1173 51483 189232 100691 28526 15928 2211 4279 89394 35137 19938 23141 12 37526 1930 74283 13991 2710 964 1154 62960 62411 1769 40842 2625 112 266 3835 2500 4836 288 2298
160143 891 19 26804 2046 89927 329860 175794 49803 27758 3883 7417 156494 61349 34789 40595 21 65512 3345 129666 24334 4702 1686 1983 109708 108941 3085 71214 4592 189 466 6730 4369 8404 505 4011
160147 890 18 6620 508 22152 81423 43468 12272 6858 972 1826 38464 15117 8610 10029 5 16141 834 32143 6029 1166 434 497 27030 26859 766 17586 1127 51 114 1668 1084 2083 126 965
160148 891 18 19528 1503 65708 241153 128981 36347 20274 2853 5404 114216 44840 25376 29830 14 47928 2490 95213 17842 3435 1264 1470 80199 79746 2241 52278 3349 140 336 4917 3197 6134 372 2893
160150 885 16 8843 675 29739 109097 58008 16500 9190 1284 2442 51729 20294 11539 13421 6 21675 1096 42887 8021 1551 559 650 36340 35995 1018 23549 1520 66 153 2223 1419 2798 169 1329
160151 891 18 11241 869 37969 138921 74317 20928 11681 1639 3113 66052 25904 14687 17229 8 27677 1416 54944 10253 1989 714 845 46259 45925 1314 30190 1916 84 195 2841 1828 3525 213 1671
160152 878 15 9582 728 32276 118172 62863 17943 9926 1384 2677 56124 22023 12519 14694 6 23492 1192 46472 8703 1691 596 700 39241 39013 1102 25469 1657 69 167 2399 1572 3001 184 1445
160153 878 16 55555 4257 186842 685534 365795 103280 57681 8062 15363 324677 127482 72289 84546 40 136224 6975 269994 50628 9764 3539 4133 227754 226444 6405 148177 9532 406 962 13993 9107 17442 1048 8268
160154 885 22 6724 523 22676 82995 44361 12531 6958 965 1865 39421 15469 8756 10285 4 16540 845 32724 6118 1181 420 499 27583 27413 786 17994 1159 51 116 1696 1106 2115 127 999
160156 892 22 42033 3245 141379 518620 276498 78386 43577 6076 11655 245766 96472 54744 63954 32 103127 5314 204259 38334 7377 2670 3141 172406 171251 4859 112147 7218 308 729 10555 6891 13234 796 6262
160157 882 19 25479 1968 85813 314627 167682 47557 26475 3706 7070 149082 58584 33222 38917 19 62553 3211 123916 23234 4474 1628 1910 104526 103864 2955 67926 4363 190 440 6426 4160 8000 485 3804
160158 887 17 31323 2423 105528 386657 206275 58444 32570 4567 8716 183401 71933 40782 47729 23 76968 3955 152212 28569 5493 2016 2328 128581 127713 3609 83494 5390 228 547 7860 5111 9823 589 4682
160159 887 17 1574 119 5296 19409 10268 2941 1612 218 440 9189 3590 2054 2383 0 3856 190 7590 1421 278 95 115 6431 6407 175 4170 274 10 28 390 265 497 30 248
160160 887 21 42090 3195 140998 518135 275420 78328 43528 6081 11697 245239 96203 54761 63691 30 102881 5244 203361 38141 7407 2661 3118 172246 170867 4826 111586 7251 297 739 10535 6875 13221 798 6334
