161419 1029 95 16675 1270 55912 205172 109592 30980 17263 2424 4621 97221 38155 21694 25365 12 40837 2063 80912 15096 2931 1066 1231 68043 67854 1910 44294 2850 123 291 4197 2746 5200 318 2492
161420 1029 93 1568 129 5327 19581 10577 2946 1645 235 434 9270 3659 2061 2375 1 3881 216 7748 1456 275 105 121 6543 6505 183 4271 262 11 27 399 259 505 28 220
161421 1026 94 84147 6448 282741 1037907 553775 156413 87410 12257 23292 491183 192962 109383 127816 62 206215 10646 408860 76662 14775 5397 6314 344930 342880 9708 224319 14425 626 1455 21179 13772 26431 1584 12510
161422 1041 101 33211 2539 111522 408812 218050 61789 34327 4784 9191 193839 76163 43143 50497 23 81243 4118 160900 30136 5825 2095 2443 135918 134951 3844 88278 5724 240 571 8351 5427 10400 631 4969
161424 1044 100 4494 355 15043 55466 29594 8335 4690 665 1252 26223 10273 5823 6731 4 10997 580 21809 4150 789 301 340 18502 18307 521 11968 757 34 78 1122 735 1428 80 653
161425 1039 96 57017 4351 191523 703734 374825 106158 59063 8244 15845 333663 130860 74251 86975 43 139860 7130 276955 51910 10060 3624 4233 233908 232331 6595 151922 9802 413 995 14345 9314 17944 1087 8573
161426 1042 96 9167 722 30856 113164 60555 17053 9588 1344 2527 53676 21076 11920 13963 6 22525 1180 44744 8397 1604 607 690 37740 37380 1069 24560 1555 68 156 2309 1511 2886 171 1345
161428 1041 95 21683 1649 72853 267427 142353 40370 22464 3116 6035 126921 49651 28143 33019 14 53159 2682 105022 19716 3828 1363 1601 88883 88223 2529 57610 3762 155 378 5454 3550 6782 411 3273
161429 1043 98 28078 2156 94357 346207 184457 52194 29101 4071 7819 164116 64349 36494 42795 21 68780 3523 136297 25503 4914 1776 2091 115145 114187 3223 74780 4834 206 491 7070 4590 8815 533 4198
161430 1053 93 6503 487 21725 79820 42347 12067 6693 924 1813 37974 14796 8395 9938 5 15871 804 31352 5870 1143 403 484 26508 26322 745 17172 1121 48 115 1608 1062 2024 120 988
161431 1053 93 37978 2925 127642 468015 249872 70460 39358 5521 10530 221760 87092 49283 57981 29 93046 4786 184562 34546 6650 2422 2819 155618 154543 4349 101201 6497 278 657 9563 6233 11919 714 5627
161433 1051 93 11974 931 40179 147513 78511 22301 12396 1723 3328 69790 27444 15542 18291 8 29358 1484 58119 10906 2100 748 901 49024 48703 1373 31890 2041 83 210 2989 1959 3766 224 1781
161434 1039 102 38740 2966 130312 477349 254379 72138 40187 5597 10745 226597 88809 50367 59059 26 94943 4831 187738 35211 6790 2447 2843 158709 157521 4452 103031 6676 279 679 9709 6335 12145 734 5811
161435 1039 102 21427 1665 71953 264036 140867 39854 22260 3130 5887 125046 49171 27842 32250 16 52359 2712 103841 19583 3754 1375 1594 87938 87196 2451 57011 3670 159 368 5370 3512 6777 401 3152
161436 1062 114 7583 580 25427 93573 49716 14132 7834 1104 2115 44323 17354 9874 11461 5 18554 958 36635 6881 1326 489 560 31174 30840 882 20116 1308 55 130 1910 1240 2389 143 1137
161437 1070 117 13524 1043 45685 167358 89861 25197 14098 2002 3750 79266 31209 17652 20696 11 33272 1746 66275 12377 2378 881 1029 55715 55411 1570 36361 2317 106 233 3411 2226 4260 254 1987
161438 1076 114 69151 5288 231875 850534 452625 128727 71555 9975 19155 403257 158061 89808 104600 51 168978 8587 333977 62781 12132 4360 5109 282600 280804 7968 183236 11878 495 1208 17325 11305 21637 1302 10384
161439 1085 114 15681 1188 52675 193142 102870 29264 16232 2275 4328 91606 35933 20420 23775 10 38399 1932 75971 14241 2749 980 1148 64151 63751 1791 41649 2706 114 274 3947 2586 4905 297 2358
161441 1096 122 16205 1255 54579 200304 107330 30088 16893 2385 4461 94842 37291 21034 24784 12 39879 2079 79244 14843 2854 1058 1223 66676 66318 1873 43450 2745 118 280 4071 2654 5094 305 2392
161442 1095 122 11259 859 37810 138967 73804 20968 11674 1615 3143 65927 25785 14675 17081 9 27624 1408 54587 10256 1987 711 831 46124 45880 1291 29882 1937 78 197 2822 1851 3531 213 1704
161443 1102 128 30473 2347 102045 374880 199924 56470 31578 4422 8387 177550 69730 39516 46231 22 74632 3811 147682 27653 5346 1943 2282 124685 123771 3527 81119 5197 226 529 7671 4972 9571 573 4532
161444 1097 122 6881 515 23129 84802 45279 12772 7125 989 1911 40089 15750 8933 10424 5 16814 866 33349 6234 1210 427 514 28104 28071 799 18283 1190 50 120 1729 1138 2160 127 1023
161445 1070 105 10577 811 35427 130455 69267 19695 10961 1528 2950 61704 24126 13749 16042 8 25898 1322 51198 9593 1844 665 772 43258 43093 1216 27980 1829 76 182 2657 1734 3324 200 1584
161446 1076 108 4624 352 15475 56812 30276 8549 4780 662 1276 26974 10570 6009 7032 3 11261 569 22346 4196 818 288 344 18952 18744 526 12270 798 33 82 1161 741 1449 88 695
161448 1081 108 21489 1652 72067 264757 140879 39995 22315 3111 5951 125483 49299 27941 32766 15 52593 2703 104138 19574 3764 1369 1598 88046 87287 2484 57169 3669 157 374 5375 3511 6748 404 3222
161449 1080 108 23480 1808 79081 289455 154968 43756 24386 3423 6502 137259 53970 30528 35822 17 57573 2967 114248 21407 4134 1506 1767 96162 95757 2724 62798 4034 176 404 5915 3829 7382 441 3492
161450 1086 109 26344 1992 88486 324430 172909 49030 27243 3797 7320 153719 60395 34263 40012 19 64543 3269 127650 23871 4616 1666 1947 107777 107128 3021 70082 4532 188 459 6597 4308 8273 500 3952
161451 1060 101 68396 5248 229952 843030 449296 127471 71020 9899 18930 399470 156930 89093 104021 50 167655 8562 331788 62310 12030 4353 5085 280105 278454 7909 182214 11747 502 1193 17159 11143 21479 1289 10240
161453 1060 101 11540 883 38722 142360 75951 21438 11939 1670 3205 67542 26505 14996 17656 7 28291 1456 56157 10505 2021 729 866 47334 47041 1329 30790 1975 86 198 2909 1898 3621 217 1704
161454 1066 107 5146 385 17182 63156 33443 9535 5292 728 1428 29921 11678 6687 7790 4 12559 615 24755 4625 899 309 374 20891 20831 586 13539 895 35 91 1290 849 1607 97 781
161455 1067 108 18753 1436 63054 231290 123632 34892 19452 2736 5214 109453 43033 24383 28467 15 45900 2382 91107 17064 3305 1205 1411 76861 76472 2170 50047 3220 140 324 4725 3063 5900 355 2788
161458 1067 108 45469 3493 152668 559976 298511 84670 47126 6612 12583 265400 104190 59195 69055 31 111442 5680 220353 41245 7980 2911 3374 186299 184797 5227 120964 7823 328 792 11422 7419 14294 867 6813
161460 1067 104 16252 1221 54366 199886 106180 30227 16771 2311 4516 94737 37078 21079 24558 12 39654 1995 78297 14714 2867 1011 1183 66387 66015 1865 42911 2800 110 284 4061 2654 5085 309 2467
161461 1069 106 27408 2078 91815 337955 179646 50805 28441 3965 7643 159751 62693 35575 41508 21 67156 3440 132776 24934 4816 1745 2034 112260 111497 3148 72702 4703 199 474 6860 4492 8623 515 4091
161462 1065 103 25384 1931 85280 312723 166386 47203 26393 3653 6996 148013 58223 33036 38474 19 62054 3160 122902 23143 4483 1605 1885 104057 103086 2955 67530 4363 190 440 6386 4143 7983 473 3801
161463 1097 120 10333 777 34684 127314 67683 19200 10648 1470 2876 60332 23604 13437 15622 8 25256 1265 49885 9385 1805 634 750 42217 42040 1168 27323 1786 73 181 2589 1712 3234 196 1557
161464 1097 117 113404 8729 381239 1397446 745565 211088 117731 16478 31347 662697 260249 147524 172437 86 277853 14305 550451 103334 19975 7244 8436 464862 461492 13081 302236 19450 829 1963 28539 18542 35602 2143 16881
161465 1095 124 41645 3169 139688 512886 272879 77426 43186 6006 11525 243075 95302 54154 63378 30 101865 5212 201740 37840 7296 2644 3082 170512 169178 4850 110664 7140 306 726 10450 6796 13083 785 6222
161466 1096 124 45806 3520 153855 564874 300815 85138 47476 6607 12733 267669 104894 59562 69624 34 112377 5728 222422 41695 8047 2885 3409 187804 186522 5279 121921 7898 331 797 11491 7492 14401 864 6867
161468 1096 124 19847 1500 66559 244282 130255 36935 20540 2864 5516 115816 45377 25851 30205 16 48562 2440 96137 17970 3489 1258 1460 80976 80732 2274 52658 3414 143 349 4989 3269 6202 382 2986
161469 1047 94 10148 765 33947 124879 66512 18828 10475 1460 2801 59155 23211 13166 15368 7 24755 1259 49135 9189 1783 637 760 41461 41237 1175 26872 1737 77 172 2562 1663 3182 191 1513
161470 1049 94 8296 643 27874 102413 54652 15400 8621 1213 2299 48449 19075 10791 12623 6 20293 1046 40434 7557 1460 538 617 34073 33799 967 22138 1422 65 139 2099 1352 2610 155 1225
161471 1050 94 12363 945 41507 152338 80994 23085 12777 1759 3440 72143 28282 16070 18837 9 30305 1531 59905 11215 2176 770 921 50535 50280 1423 32830 2142 88 218 3085 2021 3890 234 1863
161473 1051 94 4416 338 14897 54699 29051 8260 4586 631 1235 25959 10131 5758 6699 2 10891 554 21475 4026 775 277 325 18138 18067 509 11761 765 30 78 1115 726 1391 84 666
161475 1064 106 7095 551 23769 87346 46387 13176 7351 1015 1966 41418 16227 9206 10782 5 17346 884 34319 6437 1243 448 527 29053 28761 823 18841 1217 51 121 1779 1165 2214 131 1050
161476 1050 94 9425 728 31698 115988 62135 17481 9764 1380 2593 54966 21604 12251 14351 7 23094 1192 45961 8516 1657 607 699 38556 38451 1067 25120 1601 70 163 2395 1534 2934 177 1397
161477 1074 105 21213 1629 71407 261362 139559 39510 21992 3071 5855 123831 48688 27642 32232 16 51944 2667 102960 19231 3738 1355 1575 86992 86246 2440 56562 3652 153 368 5357 3468 6654 403 3188
161478 1075 105 779 61 2614 9684 5107 1454 823 117 220 4605 1812 1027 1160 0 1916 102 3755 717 138 50 52 3245 3155 92 2082 133 6 13 197 130 252 14 113
161479 1077 107 71120 5454 238796 876339 466390 132368 73705 10263 19732 415345 162827 92452 107946 52 174157 8838 344280 64680 12483 4472 5266 291349 289203 8226 188941 12252 509 1240 17863 11627 22352 1340 10663
161480 1077 107 53457 4118 179820 659013 351495 99629 55443 7776 14776 312455 122695 69677 81236 39 130978 6744 259605 48603 9416 3422 3965 219233 217514 6130 142413 9160 393 928 13458 8761 16773 1007 7979
161481 1071 102 2634 206 8840 32525 17387 4907 2745 385 728 15389 6044 3407 3967 2 6462 341 12798 2405 459 170 194 10844 10760 297 7038 442 19 44 655 430 828 47 382
161482 1071 102 4831 378 16332 59824 31955 9035 5021 700 1338 28359 11122 6324 7451 3 11938 603 23673 4413 850 309 359 19833 19789 557 12972 832 38 85 1219 799 1509 92 724
161483 1071 102 6715 500 22591 82623 44064 12485 6953 962 1861 39182 15358 8732 10231 5 16456 824 32489 6091 1176 420 498 27403 27344 764 17852 1155 46 118 1685 1093 2096 127 1017
161484 1071 102 11051 846 37176 136234 72746 20601 11466 1605 3059 64628 25382 14395 16770 7 27063 1379 53595 10050 1936 697 815 45346 44960 1263 29465 1906 79 194 2775 1808 3464 208 1653
161485 1071 102 1226 94 4071 14977 7976 2262 1267 171 337 7078 2776 1569 1827 1 2957 149 5878 1109 217 75 93 4989 4931 146 3250 207 9 20 304 195 380 22 180
161486 1070 101 45369 3449 152230 558724 297151 84454 47017 6556 12534 264895 103742 58977 68694 33 110993 5623 219360 41256 7977 2877 3361 185794 184378 5225 120390 7795 325 793 11338 7408 14257 859 6790
161487 1072 101 35629 2734 119585 439304 233919 66299 36801 5112 9923 208172 81650 46399 54002 26 87297 4464 172681 32329 6245 2248 2658 145995 145066 4070 94784 6149 251 621 8962 5870 11162 681 5354
161489 1083 103 31106 2384 104306 382841 204040 57821 32194 4508 8601 181199 71177 40404 47122 24 76106 3909 150541 28191 5455 1959 2318 127143 126452 3565 82690 5329 224 540 7787 5062 9761 591 4665
161490 1086 104 45741 3525 153693 563261 300120 85251 47433 6623 12655 267257 104917 59550 69695 34 112077 5703 221806 41586 8050 2908 3394 187184 186100 5267 121758 7852 338 805 11432 7451 14369 864 6845
161491 1088 104 27117 2078 91398 334752 178642 50577 28137 3938 7504 158693 62334 35346 41521 18 66627 3379 132095 24635 4764 1714 2027 111235 110566 3124 72490 4682 202 474 6826 4477 8559 516 4055
161492 1087 104 46412 3545 156145 572171 304954 86545 48070 6703 12869 271278 106360 60401 70668 32 113839 5784 225154 42200 8124 2928 3430 190114 189075 5325 123632 7961 333 813 11633 7604 14536 879 6955
161493 1087 104 20843 1575 69884 256767 136338 38766 21580 3001 5783 121669 47672 27160 31534 15 50999 2576 100718 18926 3676 1304 1534 85358 84610 2403 55343 3588 143 366 5228 3374 6543 395 3170
161494 1056 101 48296 3693 162605 596294 318153 89905 50139 6997 13376 282300 110777 62871 73573 38 118626 6037 234868 44058 8472 3062 3617 198019 197158 5532 128908 8292 345 847 12145 7926 15177 916 7239
161495 1058 102 5916 448 19846 72782 38783 11019 6094 854 1646 34466 13544 7686 9031 3 14536 727 28656 5338 1039 377 438 24171 24045 683 15731 1034 40 104 1464 954 1861 114 905
161496 1065 106 23251 1773 78084 286663 152912 43208 24130 3382 6448 135457 53299 30199 35147 18 56848 2979 112793 21180 4098 1484 1745 95306 94703 2688 61944 3983 175 403 5852 3788 7338 434 3459
161497 1062 103 44534 3420 149735 549645 293287 82840 46236 6457 12354 260246 102243 57885 67811 33 109289 5628 216616 40656 7830 2847 3331 182726 181497 5168 118832 7635 330 772 11220 7328 14004 839 6610
161498 1064 103 34653 2681 116578 427303 228063 64527 36080 5032 9544 202577 79697 45081 52893 24 84999 4403 168451 31614 6102 2216 2614 142152 140919 4068 92610 5912 258 595 8722 5645 10911 650 5120
161499 1059 102 29691 2291 99889 365956 195477 55195 30784 4325 8203 173215 68225 38611 45037 22 72744 3776 144310 27022 5219 1894 2204 121728 120815 3403 79165 5079 225 508 7485 4862 9354 561 4372
161500 1207 128 21470 1661 72294 265222 141699 39926 22419 3150 5923 125411 49466 27990 32646 16 52725 2770 104764 19688 3778 1391 1607 88340 87529 2490 57435 3642 161 365 5406 3485 6799 403 3147
161502 1160 106 10592 809 35561 130702 69645 19667 10990 1555 2933 61806 24262 13788 16038 6 25989 1336 51469 9645 1862 687 780 43501 43105 1219 28183 1820 77 181 2665 1743 3331 201 1588
161503 1150 105 4251 329 14254 52548 27823 7895 4400 603 1190 24822 9754 5518 6447 3 10453 535 20617 3879 750 265 312 17431 17332 498 11264 734 30 74 1064 698 1329 80 643
161504 1159 111 4630 344 15447 56876 30021 8615 4790 668 1287 26878 10545 6012 6907 4 11238 562 22192 4186 812 285 328 18893 18741 533 12116 798 33 81 1156 760 1448 86 696
161505 1159 111 6938 524 23322 85679 45822 12907 7228 1034 1902 40416 15972 9043 10465 5 17005 888 33804 6323 1220 461 520 28527 28265 790 18564 1180 53 119 1754 1125 2191 132 1020
161507 1157 109 39764 3051 133661 490270 261848 74087 41274 5794 10995 232626 91270 51710 60591 27 97458 5004 193261 36182 6992 2545 2976 163084 162007 4604 106058 6826 290 688 10005 6496 12502 752 5926
161509 1156 108 11675 906 39489 144630 77312 21842 12129 1709 3253 68657 26903 15302 17991 9 28798 1479 57047 10630 2073 748 888 48039 47827 1331 31271 2012 85 205 2945 1914 3645 226 1772
161511 1155 112 53302 4117 179726 657683 352021 99295 55285 7739 14757 311924 122474 69310 81310 40 130972 6728 259638 48519 9335 3396 3987 218753 217512 6133 142564 9144 394 911 13422 8779 16715 1009 7898
161512 1156 112 56733 4355 190339 698607 372285 105440 58777 8194 15717 331218 129953 73704 86068 40 138780 7078 274744 51532 9966 3591 4214 232291 230511 6531 150839 9747 415 981 14237 9252 17846 1071 8481
161514 1150 110 65217 4996 218899 802762 427597 121416 67553 9427 18064 380538 149459 84770 99286 47 159688 8115 315773 59243 11447 4125 4855 266810 264907 7534 173459 11215 481 1133 16320 10646 20467 1230 9735
161515 1092 106 58945 4480 197935 725661 387390 109670 60984 8541 16308 343652 135101 76683 89434 41 144288 7344 285779 53458 10368 3758 4395 240868 239797 6776 157008 10152 431 1026 14839 9641 18458 1124 8818
161516 1091 106 12979 998 43784 160075 85723 24213 13440 1879 3605 76011 29807 16867 19956 9 31898 1618 63197 11772 2284 826 982 53195 52963 1496 34788 2240 94 224 3281 2125 4041 248 1946
161517 1092 106 1890 147 6333 23109 12375 3496 1948 271 518 10956 4331 2429 2896 1 4615 237 9131 1702 329 119 139 7673 7643 219 5042 321 14 31 474 303 590 35 279
161518 1095 107 10133 790 34162 125053 66801 18921 10501 1466 2802 59375 23261 13180 15427 7 24842 1280 49228 9267 1778 645 756 41611 41384 1162 27095 1736 71 178 2542 1668 3183 190 1511
161519 1095 106 2503 196 8323 30839 16395 4598 2598 363 689 14566 5700 3235 3746 2 6126 318 12117 2280 437 160 189 10269 10199 288 6622 417 18 42 624 414 794 46 363
161520 1093 98 71831 5501 241272 884346 471740 133565 74535 10450 19876 419219 164615 93311 108793 48 175798 8999 347807 65320 12591 4591 5345 294575 291736 8253 191407 12285 516 1240 18079 11677 22584 1356 10702
161521 1051 96 7083 545 23887 87222 46751 13231 7364 1025 1951 41395 16314 9211 10889 4 17409 905 34461 6455 1239 449 538 28954 28828 817 18991 1216 51 122 1771 1162 2213 135 1048
161522 1066 103 7519 575 25331 92822 49557 14018 7781 1088 2099 44011 17196 9776 11407 6 18458 949 36481 6823 1317 472 562 30800 30816 855 20009 1286 51 133 1900 1247 2343 140 1125
161524 1047 97 52013 4013 174912 641621 342055 96941 53888 7513 14420 304045 119326 67729 79214 41 127590 6551 252736 47388 9133 3291 3883 213279 211955 6020 138707 8937 381 904 13056 8517 16369 985 7754
161525 1055 100 19730 1510 66251 243222 129661 36660 20469 2856 5455 115241 45125 25690 29990 14 48336 2459 95815 17967 3468 1258 1461 80801 80308 2276 52552 3377 145 343 4961 3231 6198 376 2948
161526 1082 119 2264 172 7513 27729 14652 4164 2336 321 625 13147 5131 2917 3427 1 5505 279 10891 2027 393 139 162 9239 9139 264 5917 386 17 38 562 364 709 42 335
161527 1081 117 42465 3230 142631 523151 278120 79006 43893 6096 11830 248159 97156 55210 64679 32 103898 5235 205558 38468 7440 2643 3130 173815 172559 4879 112735 7356 307 744 10682 6936 13284 808 6417
161529 1078 115 2927 231 9882 36455 19594 5444 3069 438 815 17202 6755 3811 4477 2 7275 387 14485 2705 516 194 230 12091 12142 335 7891 497 22 48 739 488 924 53 417
161530 1080 115 69627 5300 233881 857619 456083 129637 71988 10009 19393 406499 159299 90630 105531 49 170393 8601 336730 63179 12203 4361 5092 285006 283109 7964 184680 11996 487 1226 17479 11403 21826 1319 10508
161531 1077 110 6752 508 22523 83010 44017 12440 6959 968 1874 39185 15390 8719 10173 4 16426 837 32562 6110 1179 424 494 27563 27339 776 17795 1154 50 116 1692 1100 2121 125 1010
161532 1082 111 16033 1226 53808 197693 105246 29801 16638 2319 4432 93608 36722 20817 24312 13 39267 1984 77774 14624 2819 1016 1181 65761 65345 1836 42562 2736 112 281 4004 2634 5034 302 2405
161533 1097 118 16590 1291 55976 204808 109402 31069 17192 2409 4605 97341 38178 21621 25427 11 40821 2076 80695 15111 2918 1059 1243 68153 67709 1908 44384 2860 117 290 4160 2736 5216 317 2486
161534 1097 117 17208 1324 57943 212175 113049 32070 17825 2464 4770 100816 39445 22342 26305 13 42224 2131 83565 15616 3017 1075 1250 70406 70153 1979 45744 2977 121 297 4317 2818 5378 326 2591
161535 1069 115 34515 2648 115990 425433 226746 64164 35780 5003 9583 201665 78975 44803 52510 24 84614 4286 167388 31377 6048 2185 2576 141550 140416 3966 91865 5928 248 603 8668 5637 10851 652 5180
161536 1059 97 19669 1504 66111 242365 129026 36572 20405 2832 5462 114953 45070 25592 29964 15 48085 2421 95240 17884 3452 1245 1466 80580 79913 2271 52316 3398 145 343 4935 3227 6186 373 2952
161537 1061 98 14120 1080 47568 173850 92894 26328 14634 2046 3898 82264 32418 18341 21430 10 34575 1754 68406 12890 2472 890 1034 57794 57448 1611 37593 2424 100 245 3543 2295 4407 267 2108
161540 1061 124 22408 1722 75392 276385 147188 41723 23258 3224 6195 131117 51445 29179 34307 16 55016 2790 108886 20375 3954 1407 1667 91921 91207 2587 59727 3860 165 389 5658 3663 7037 427 3370
161541 1064 124 17626 1342 59039 216991 115428 32806 18234 2542 4871 102774 40307 22916 26801 14 43054 2191 85287 15992 3098 1108 1305 72024 71588 2047 46781 3037 130 307 4433 2878 5518 332 2639
161542 1081 130 22126 1689 74197 272219 144987 41143 22953 3195 6127 128997 50625 28743 33638 16 54122 2755 107187 20104 3869 1395 1627 90510 89745 2542 58809 3794 164 383 5552 3620 6922 416 3298
161543 1073 127 87545 6691 293663 1077477 574741 162503 90699 12696 24196 509737 200487 113703 132429 61 214135 10960 423846 79635 15373 5566 6521 358297 355633 10049 232928 15045 642 1512 22004 14255 27472 1654 13081
161544 1076 127 13408 1022 45102 165436 88397 25020 13903 1959 3705 78233 30803 17470 20242 7 32864 1701 65023 12186 2361 866 1017 55160 54520 1540 35846 2299 98 230 3369 2202 4230 255 1985
161545 1073 131 35666 2767 120290 440034 235524 66496 37095 5220 9837 208452 82000 46414 54643 26 87675 4518 173946 32503 6278 2298 2677 146391 145465 4141 95447 6123 269 614 9006 5817 11206 677 5303
161546 1075 130 18595 1442 62681 229608 122568 34706 19299 2675 5148 108923 42762 24183 28582 13 45670 2338 90556 16967 3278 1181 1420 76311 75890 2161 49746 3201 135 324 4668 3051 5853 350 2766
161547 1084 142 20883 1581 70090 257213 136845 38962 21548 3014 5792 122033 47787 27185 31705 13 51046 2583 100887 18928 3664 1321 1542 85554 84789 2391 55439 3606 148 365 5226 3409 6546 401 3164
161548 1106 140 22042 1695 74098 271576 145313 40861 22873 3207 6096 128808 50562 28600 33583 15 53990 2795 107192 20079 3860 1419 1670 90437 89741 2530 58860 3761 166 381 5532 3623 6920 411 3249
161549 1108 140 33343 2546 111772 410596 218892 61808 34579 4853 9241 194307 76419 43267 50640 24 81615 4198 161642 30334 5831 2133 2475 136504 135521 3827 88596 5712 247 573 8378 5468 10474 626 4945
161551 1105 140 3717 279 12570 45959 24676 6903 3874 541 1028 21726 8556 4841 5726 3 9178 469 18146 3401 656 238 282 15286 15208 412 9996 640 24 65 938 609 1173 72 550
161552 1109 140 4098 317 13697 50475 26864 7570 4276 603 1124 23813 9380 5300 6157 3 10002 527 19820 3768 729 266 310 16797 16641 488 10904 695 30 70 1019 672 1298 73 596
161554 1106 140 10581 802 35451 130261 69243 19656 10916 1519 2949 61806 24151 13758 16079 8 25835 1296 51175 9558 1864 658 781 43286 42979 1193 28065 1821 74 186 2651 1729 3320 203 1601
161557 1106 142 10127 785 34122 124729 66970 18795 10543 1483 2803 58978 23260 13128 15379 8 24822 1292 49341 9241 1775 651 763 41449 41243 1167 27126 1725 76 174 2551 1664 3183 189 1487
161558 1126 138 47938 3698 160948 590440 314812 89074 49722 6923 13283 279634 109830 62274 72909 37 117330 6037 232377 43604 8394 3025 3575 196286 194782 5527 127719 8237 355 833 12032 7862 15038 902 7122
161559 1077 124 74187 5718 248876 913782 486928 137767 76859 10736 20524 432515 169822 96343 112228 53 181684 9280 359350 67544 13006 4711 5528 303749 301671 8523 197233 12717 537 1287 18691 12117 23301 1397 11074
161560 1092 132 16333 1246 55042 201689 107657 30402 16965 2380 4519 95482 37459 21254 24939 12 40117 2029 79560 14860 2866 1039 1214 66961 66773 1875 43537 2810 119 286 4123 2683 5133 309 2446
161561 1090 129 14900 1125 49850 183184 96922 27725 15393 2128 4138 87042 33965 19327 22620 9 36364 1825 71692 13481 2602 924 1071 60949 60323 1708 39265 2580 105 260 3719 2418 4655 280 2273
161563 1089 129 33411 2565 112403 411450 219633 62269 34598 4831 9246 195277 76596 43473 50931 25 81985 4160 162152 30286 5869 2102 2497 136669 135988 3828 89094 5740 244 587 8378 5491 10471 633 5003
161565 1089 129 1900 142 6308 23181 12349 3501 1941 274 519 10940 4309 2442 2835 1 4604 234 9118 1698 336 118 135 7701 7649 215 4996 324 15 32 471 313 589 35 284
161566 1077 113 12506 967 42214 154406 82577 23389 12998 1812 3476 73529 28824 16331 19354 9 30813 1563 60924 11372 2197 796 949 51329 51012 1461 33539 2145 91 220 3149 2053 3927 237 1858
161567 1087 116 557 38 1865 6803 3569 1031 564 73 158 3259 1256 720 852 0 1345 58 2630 499 96 32 39 2246 2232 68 1453 102 3 10 135 88 172 10 91
161569 1088 116 11921 910 40190 147232 78498 22250 12427 1748 3312 69907 27412 15545 18209 8 29291 1523 57964 10880 2095 770 899 49048 48595 1372 31853 2046 88 208 3000 1928 3757 222 1783
161571 1089 116 4117 318 13832 50789 27069 7601 4295 603 1136 24089 9447 5334 6254 3 10094 528 20014 3769 725 263 306 16906 16757 486 10976 701 30 68 1039 667 1296 76 601
161572 1090 115 24294 1866 81955 300253 160157 45390 25231 3523 6728 142423 55883 31711 37203 17 59752 3029 118307 22173 4276 1547 1820 99848 99195 2802 65037 4174 173 423 6108 3986 7663 457 3641
161574 1096 111 4767 362 15969 58693 31231 8849 4927 682 1318 27844 10921 6182 7227 3 11656 591 23067 4336 832 297 346 19550 19356 545 12663 811 35 83 1189 783 1492 88 714
161575 1073 106 5336 411 17955 65854 35129 9946 5537 780 1487 31179 12222 6954 8157 4 13106 658 25971 4843 943 343 398 21863 21735 607 14265 918 39 92 1343 874 1680 101 802
161577 1094 129 19936 1548 67013 245789 131430 37110 20725 2933 5482 116327 45815 25920 30427 12 48968 2540 96982 18148 3500 1314 1502 81854 81113 2295 53297 3401 148 339 5015 3262 6250 375 2946
161578 1099 137 37071 2876 124689 456666 244065 69032 38430 5377 10268 216377 85072 48176 56265 27 90749 4655 180107 33754 6505 2364 2746 151891 150791 4261 98929 6347 271 642 9345 6051 11611 703 5538
161579 1118 138 3672 278 12205 45018 23945 6788 3779 528 1013 21332 8325 4756 5467 2 8928 451 17629 3317 647 227 267 14935 14820 409 9667 631 26 62 928 607 1140 69 551
161581 1104 130 9545 727 31865 117577 62480 17582 9943 1377 2626 55423 21854 12367 14430 7 23244 1203 46266 8718 1677 621 710 39186 38697 1111 25370 1613 74 159 2408 1561 3028 175 1400
161582 1107 131 3495 262 11653 42831 22679 6460 3582 499 968 20330 7970 4532 5277 2 8534 429 16799 3136 605 213 250 14210 14112 391 9210 603 23 61 879 571 1090 68 529
161583 1107 130 104897 8078 352660 1292874 689567 195086 108734 15178 29114 613109 240406 136373 159830 72 257184 13122 509063 95355 18381 6640 7778 429589 427036 12069 279234 18034 767 1831 26300 17223 32928 1988 15652
161584 1108 130 551 47 1883 6858 3705 1024 576 80 155 3248 1285 714 857 0 1381 72 2747 514 96 35 43 2293 2275 63 1504 92 3 9 142 94 176 10 80
161586 1099 132 46522 3571 156238 573046 305030 86658 48242 6722 12910 271963 106587 60526 70682 33 113876 5775 225018 42330 8178 2945 3452 190658 189058 5399 123703 7983 337 811 11692 7602 14592 876 6975
161587 1089 131 15600 1186 52355 192159 102606 29012 16131 2260 4324 91030 35673 20313 23576 12 38139 1946 75552 14182 2749 987 1151 63831 63448 1798 41448 2697 113 271 3941 2561 4897 297 2341
161588 1097 133 4133 315 13840 50855 27080 7685 4295 595 1139 24095 9477 5363 6304 2 10101 527 20071 3761 729 262 307 16903 16758 485 11036 702 32 70 1046 674 1303 78 612
161589 1110 139 6933 531 23343 85549 45751 12914 7208 1008 1916 40500 15923 9009 10509 5 17003 870 33764 6329 1215 449 520 28467 28329 802 18524 1193 52 117 1747 1135 2179 128 1023
161590 1112 140 8599 643 28779 105801 56393 15903 8869 1245 2377 49999 19677 11176 12950 6 21024 1076 41619 7806 1499 545 637 35145 34970 976 22881 1463 59 148 2157 1401 2700 162 1292
161592 1106 134 8786 657 29414 107730 57413 16264 9063 1272 2423 51013 20065 11370 13254 6 21395 1085 42436 7927 1534 556 635 35712 35578 1010 23236 1512 65 153 2190 1430 2748 165 1310
161593 1106 134 17291 1351 58228 213514 113952 32212 17985 2508 4808 101210 39698 22518 26241 10 42477 2183 84077 15802 3030 1104 1286 71006 70379 2007 46253 2982 128 298 4345 2833 5434 325 2565
161594 1122 153 15832 1217 53365 195212 104469 29512 16409 2302 4388 92710 36345 20568 24265 11 38863 1974 77035 14366 2789 1010 1187 64881 64580 1830 42345 2727 116 272 4004 2590 4927 301 2367
161595 1123 153 41830 3195 140326 515086 274125 77859 43313 6043 11599 243972 95780 54401 63448 28 102323 5189 202319 37980 7335 2659 3097 171074 169816 4823 111175 7210 302 729 10519 6852 13132 794 6294
161596 1122 153 23984 1835 80075 294555 156741 44368 24887 3491 6597 139305 54788 31088 36224 22 58345 3024 115867 21773 4241 1525 1801 97996 97098 2781 63500 4089 182 416 6026 3905 7529 446 3552
161597 1110 133 9850 740 32994 120918 64402 18263 10145 1424 2721 57259 22488 12798 14877 6 24027 1204 47494 8865 1726 614 721 40136 39906 1122 26116 1695 70 173 2474 1611 3082 187 1480
161599 1129 148 65519 4991 220279 807879 430562 122080 67926 9477 18154 383089 150267 85335 99461 48 160567 8189 317920 59565 11531 4172 4858 268671 266794 7541 174387 11278 478 1136 16472 10703 20590 1242 9803
161600 1152 153 7551 565 25279 92855 49510 14009 7782 1092 2089 43983 17226 9817 11448 4 18454 918 36470 6812 1332 475 555 30776 30710 863 20022 1305 56 134 1908 1231 2369 145 1142
161602 1131 138 1829 143 6191 22613 12103 3449 1898 263 505 10771 4212 2394 2807 1 4527 222 8913 1680 317 117 139 7526 7499 212 4913 313 13 31 457 300 578 34 273
161603 1132 137 25883 1971 86792 318581 169647 48073 26791 3742 7156 151145 59205 33634 39253 16 63367 3219 125190 23496 4545 1648 1903 106020 105109 2976 68703 4461 185 451 6495 4226 8114 485 3888
161605 1131 137 43290 3296 145280 533346 283606 80617 44817 6265 12028 252905 99008 56337 65507 30 105960 5364 209335 39355 7622 2734 3196 177490 175900 4955 114976 7454 307 758 10882 7037 13609 819 6530
161606 1146 148 12219 927 40961 150183 79878 22721 12626 1747 3401 71162 27905 15882 18455 7 29812 1493 58838 11084 2149 756 901 49904 49538 1402 32376 2118 86 217 3054 1974 3822 229 1858
161607 1146 147 54695 4184 183997 674697 359785 101780 56655 7899 15146 319884 125360 71230 83257 40 134126 6813 265576 49738 9601 3468 4082 224224 222930 6281 145778 9430 394 956 13780 8951 17203 1032 8208
161608 1057 97 49897 3791 167617 614437 327473 92830 51607 7181 13839 291342 114247 64843 75958 34 122123 6192 241930 45206 8763 3123 3694 204088 202846 5712 132753 8587 364 870 12523 8181 15643 948 7490
161609 1062 103 5881 462 19712 72466 38524 10895 6120 845 1631 34273 13519 7651 8923 4 14397 746 28542 5338 1036 364 441 24119 23893 678 15648 1005 44 103 1477 966 1848 111 874
161610 1062 103 26083 1989 87444 321188 171093 48419 27045 3764 7203 151849 59646 33888 39443 20 63834 3260 126261 23720 4589 1657 1934 106761 106130 2988 69213 4472 191 457 6561 4283 8167 494 3893
161612 1063 103 39421 3030 132390 485578 258690 73255 40903 5713 10896 230118 90277 51244 60081 29 96667 4928 191187 35820 6929 2502 2914 161475 160224 4530 104924 6806 291 683 9912 6416 12392 745 5904
161613 1067 101 9703 749 32464 119441 63585 18088 10023 1410 2692 56430 22215 12590 14677 5 23752 1227 47013 8798 1699 620 721 39638 39447 1104 25765 1661 72 168 2452 1584 3046 186 1440
161615 1068 102 115092 8826 386924 1418132 757531 214124 119401 16661 31756 671590 263950 149710 175047 85 282162 14434 558966 104812 20214 7320 8587 471405 468609 13256 307297 19705 832 1991 28981 18797 36127 2184 17170
161617 1071 97 18842 1437 63308 232130 123799 35132 19463 2722 5243 110177 43153 24479 28582 13 46081 2353 91305 17089 3321 1193 1389 77268 76664 2192 50122 3252 136 325 4729 3074 5931 358 2831
161618 1064 98 65269 4990 219296 804007 428389 121638 67459 9386 18070 381524 149479 84919 99204 47 159856 8119 316221 59183 11458 4113 4838 267206 265722 7535 173463 11238 472 1136 16378 10640 20450 1232 9795
161619 1066 99 34582 2663 116405 427105 228255 64432 35980 5048 9593 202293 79409 45011 52561 28 84874 4370 168303 31594 6081 2207 2596 142082 141297 3970 92419 5921 247 603 8677 5667 10918 654 5151
161620 1096 124 19625 1503 66096 242137 128896 36690 20329 2828 5447 114900 45020 25566 30001 13 48161 2422 95184 17875 3454 1238 1451 80333 79963 2286 52202 3403 144 346 4934 3208 6160 376 2963
161621 1094 118 3602 273 12113 44503 23853 6688 3720 526 1005 21098 8280 4686 5501 2 8860 462 17547 3256 627 231 270 14801 14752 416 9675 616 26 62 903 591 1135 66 531
161622 1098 118 28690 2189 96421 353566 188530 53411 29602 4140 7989 167592 65710 37301 43747 18 70371 3569 139178 25983 5021 1801 2142 117403 116861 3281 76415 4943 205 502 7180 4734 8980 546 4297
161623 1103 104 21605 1640 72597 265858 142005 40111 22324 3139 5962 126194 49499 28047 32919 15 52946 2695 104809 19522 3798 1362 1605 88336 87949 2462 57631 3713 151 375 5410 3528 6782 411 3239
161626 1109 103 19117 1480 64435 235935 126127 35663 19901 2783 5287 111813 43971 24876 29211 14 46934 2394 93240 17437 3351 1220 1439 78515 77981 2218 51163 3275 146 331 4818 3121 6025 360 2841
161627 1111 101 7625 596 25690 94346 50537 14217 7948 1112 2119 44671 17577 9929 11678 5 18772 979 37294 7006 1347 491 587 31390 31190 896 20489 1296 60 132 1921 1239 2405 144 1120
161628 1122 111 80513 6140 270273 991779 527573 149975 83312 11611 22341 470579 184456 104755 122477 57 197080 9996 389538 73051 14114 5075 5956 329484 327329 9290 213821 13855 581 1409 20190 13144 25239 1526 12127
161629 1047 96 25294 1944 85142 311727 166362 47129 26280 3687 6984 147778 58021 32915 38486 18 62041 3166 122794 22982 4451 1622 1870 103687 102977 2908 67442 4335 178 438 6347 4119 7938 477 3783
161630 1050 96 46816 3560 157189 576970 307664 87044 48492 6789 12962 273082 107218 60927 71069 31 114726 5856 227000 42575 8234 2986 3484 191673 190555 5355 124550 8036 337 813 11739 7642 14709 886 7020
161632 1057 101 40948 3128 137665 504373 268670 76256 42446 5914 11346 239010 93786 53235 62180 31 100235 5085 198244 37191 7196 2591 3041 167653 166412 4727 108870 7041 298 714 10259 6684 12867 769 6128
161633 1064 101 621 44 2050 7600 4009 1135 636 85 174 3573 1409 800 929 0 1513 75 2971 560 105 37 45 2491 2502 72 1637 106 4 11 153 104 193 11 94
161635 1064 100 4043 311 13591 49970 26671 7505 4202 595 1107 23634 9265 5281 6150 3 9910 512 19634 3675 720 258 307 16632 16500 465 10794 699 28 69 1029 659 1280 77 608
161636 1059 98 5825 447 19510 71775 38223 10769 6052 836 1612 33889 13349 7580 8866 4 14249 728 28291 5316 1029 370 439 23898 23674 671 15523 989 43 99 1469 935 1834 108 864
161638 1087 112 4566 344 15300 55910 29906 8495 4684 649 1267 26537 10424 5907 6867 3 11136 554 21956 4108 796 277 335 18563 18463 519 12092 791 31 77 1141 748 1414 87 688
161639 1082 105 34383 2632 115560 424395 225897 64006 35677 4967 9525 201083 78867 44824 52182 26 84350 4309 166684 31298 6049 2183 2544 141185 140216 3971 91410 5923 244 597 8667 5634 10831 649 5149
161640 1076 104 37848 2888 126832 466252 248016 70327 39163 5460 10505 220691 86491 49137 57310 27 92514 4733 183201 34422 6634 2428 2778 154993 153872 4339 100392 6489 274 658 9491 6194 11887 712 5675
161642 1080 104 12610 949 42134 155090 82462 23378 13038 1814 3495 73348 28732 16330 19134 9 30845 1566 61017 11415 2210 793 941 51461 51174 1448 33378 2174 92 221 3156 2062 3944 242 1897
161643 1073 100 2576 190 8541 31300 16642 4779 2620 358 704 14892 5800 3324 3877 0 6224 300 12247 2294 447 156 189 10368 10342 293 6719 444 19 46 640 425 789 50 397
161645 1080 100 31651 2391 105946 389280 206889 58830 32637 4533 8766 184460 72203 41071 47948 25 77322 3909 152781 28606 5546 1965 2325 129180 128655 3648 83693 5469 225 546 7905 5176 9913 599 4752
161646 1071 101 25886 1990 86933 319053 169967 48118 26865 3771 7161 151137 59334 33678 39416 18 63494 3243 125626 23536 4562 1661 1929 106176 105228 2984 68993 4440 191 447 6498 4212 8160 490 3873
161647 1068 99 28553 2188 95961 352252 187801 53055 29651 4143 7950 166948 65520 37117 43442 20 69988 3596 138703 25960 5004 1812 2132 117184 116214 3279 76015 4899 214 492 7183 4694 8990 539 4249
161650 1071 106 17396 1337 58555 214734 114403 32386 18090 2532 4808 101938 40092 22683 26703 12 42785 2198 84711 15860 3062 1124 1298 71515 70829 2012 46439 2991 131 301 4371 2839 5471 328 2599
161652 1070 106 44870 3429 150581 551846 294329 83454 46410 6453 12404 261813 102836 58280 68162 30 109697 5559 217100 40689 7875 2826 3298 183547 182147 5170 119232 7717 319 777 11260 7323 14040 852 6720
161654 1074 100 5921 454 19828 72955 38908 10946 6132 865 1631 34570 13539 7658 8922 4 14472 760 28722 5388 1033 372 442 24301 24089 676 15732 1012 45 100 1491 974 1866 112 869
161655 1067 102 43006 3309 144410 530315 282738 79953 44637 6272 11948 251221 98597 55912 65341 32 105395 5425 208832 39148 7530 2757 3183 176384 175151 4955 114503 7385 313 746 10787 7015 13550 811 6404
161656 1069 102 26383 2018 88642 324793 172933 49142 27281 3787 7318 154030 60438 34274 40293 19 64673 3263 127706 23953 4625 1653 1949 107836 107228 3053 70011 4558 187 464 6604 4324 8244 501 3989
161657 1076 106 57790 4416 193980 711295 379044 107576 59887 8376 16019 337149 132302 75151 87354 39 141387 7212 279367 52469 10157 3681 4307 236945 234510 6635 153781 9910 414 1002 14539 9387 18159 1095 8661
161658 1073 101 17249 1321 57929 212626 113519 32139 17931 2511 4787 100869 39630 22459 26338 12 42358 2162 83916 15706 3022 1096 1270 70610 70274 1983 46018 2963 129 296 4341 2838 5404 323 2571
161659 1072 101 14057 1081 47308 173347 92385 26266 14532 2027 3925 82239 32226 18332 21464 10 34582 1749 68270 12752 2459 888 1043 57535 57341 1622 37504 2406 99 247 3531 2285 4417 269 2119
161660 1080 114 37725 2891 126616 464915 247690 70124 39152 5490 10448 220284 86534 49027 57378 25 92454 4730 182974 34362 6623 2429 2804 154867 153200 4349 100437 6460 277 649 9491 6165 11822 712 5646
161661 1080 114 16854 1305 56706 207982 110927 31413 17509 2446 4671 98548 38812 21966 25707 14 41433 2100 81929 15372 2962 1084 1258 69274 68679 1954 44994 2869 122 291 4230 2764 5328 317 2508
161663 1080 114 4781 364 16127 59149 31517 8913 4963 695 1321 27966 10986 6255 7267 3 11715 599 23324 4378 842 303 352 19687 19530 542 12732 808 35 81 1213 772 1510 91 712
161664 1081 114 13911 1061 46726 171308 91325 25892 14399 2005 3869 81458 31892 18102 21223 9 34046 1709 67399 12607 2447 876 1024 57044 56507 1594 37009 2401 100 242 3491 2259 4362 263 2100
161665 1095 122 16986 1307 57267 209766 112145 31646 17608 2472 4709 99490 39052 22108 25983 12 41811 2115 82669 15439 2987 1076 1261 69716 69332 1956 45387 2939 123 300 4299 2787 5316 321 2563
161666 1073 102 7776 591 26127 95954 51144 14506 8044 1113 2162 45402 17806 10143 11865 5 19077 959 37751 7051 1373 486 578 31795 31726 897 20695 1361 55 139 1956 1283 2448 148 1179
161667 1072 102 13870 1054 46467 170781 90702 25802 14342 1993 3854 80940 31649 18023 20940 9 33951 1706 66948 12569 2437 872 1017 56685 56432 1580 36725 2381 95 244 3460 2263 4339 263 2089
161668 1074 102 60778 4663 204307 749228 399100 113212 63010 8815 16903 355334 139320 79171 92405 49 148904 7578 294601 55348 10699 3863 4512 249179 247316 6986 161710 10472 436 1068 15261 9888 19105 1151 9155
161669 1084 110 33585 2596 113153 414548 221319 62549 34905 4884 9282 196537 77309 43720 51394 24 82460 4241 163514 30623 5893 2137 2505 137820 136964 3910 89779 5750 248 582 8438 5475 10528 631 4991
161670 1078 100 46594 3586 156669 574040 306562 86663 48325 6740 12881 271766 106852 60552 70592 33 114158 5852 226124 42369 8191 2972 3490 190903 189512 5391 124350 7959 342 807 11715 7616 14697 875 6927
161671 1085 100 14729 1129 49400 181286 96303 27418 15239 2126 4079 86079 33669 19194 22274 9 36040 1817 71100 13343 2577 928 1080 60302 59782 1698 39051 2544 106 258 3687 2416 4626 278 2221
161672 1071 99 10572 796 35517 130145 69281 19701 10911 1510 2934 61727 24211 13791 16007 7 25862 1294 51111 9607 1863 658 769 43211 42966 1225 28041 1832 73 186 2671 1726 3319 200 1605
161673 1088 106 15412 1151 51555 189318 100795 28471 15927 2233 4263 89594 35222 20025 23217 9 37590 1887 74310 13928 2704 975 1132 62987 62383 1771 40860 2645 113 268 3886 2496 4820 290 2315
161674 1066 97 13005 1016 43985 160651 85860 24362 13472 1867 3603 76193 29945 16945 20035 8 32065 1625 63439 11805 2274 819 989 53320 53176 1509 34838 2242 94 228 3281 2154 4091 249 1948
161675 1067 97 10328 807 34704 127324 67773 19244 10725 1492 2858 60483 23686 13439 15820 7 25336 1298 50136 9420 1824 645 778 42336 42052 1198 27552 1778 75 180 2591 1675 3241 195 1547
161677 1077 103 7785 577 26015 95869 51052 14396 8062 1126 2154 45412 17811 10096 11774 6 19017 981 37730 7074 1364 490 565 31856 31694 895 20635 1331 56 133 1955 1271 2444 146 1158
161678 1078 103 4645 361 15571 57311 30524 8604 4829 676 1293 27179 10652 6028 7061 3 11382 587 22613 4253 809 295 342 19033 18921 545 12352 788 36 79 1178 761 1446 86 682
161679 1073 98 17127 1308 57370 211225 112494 31687 17720 2482 4752 99794 39224 22237 25998 13 42015 2168 83278 15600 2987 1092 1288 70104 69779 1963 45575 2942 124 294 4317 2811 5374 326 2554
161683 1072 98 1793 134 6023 22043 11780 3356 1850 260 496 10489 4103 2349 2718 0 4397 225 8653 1628 315 114 135 7304 7259 211 4770 316 13 32 454 294 558 33 272
161684 1092 119 5040 398 16979 62137 33238 9398 5272 745 1387 29469 11647 6551 7719 4 12377 644 24562 4599 902 327 382 20735 20492 597 13515 866 38 86 1274 801 1597 95 743
161685 1091 118 36878 2846 123900 454219 242153 68615 38284 5355 10150 215413 84637 47982 56022 28 90330 4626 179066 33551 6490 2349 2747 151017 149822 4258 98160 6334 273 637 9257 6045 11642 696 5505
161686 1093 119 59016 4522 198069 726669 387171 109823 61084 8530 16373 344680 135144 76689 89676 45 144419 7370 286036 53519 10371 3732 4384 241536 239953 6794 156988 10113 430 1030 14796 9664 18505 1114 8826
161687 1093 118 7185 567 24210 88655 47319 13394 7501 1056 1988 42015 16501 9345 11034 5 17704 917 35013 6528 1268 460 549 29506 29271 838 19223 1227 53 123 1811 1176 2250 136 1060
161688 1093 121 14424 1115 48590 178013 94711 26970 14984 2078 4017 84596 33136 18770 22064 8 35380 1794 69911 13142 2557 909 1069 59231 58663 1675 38441 2500 99 251 3620 2357 4543 271 2186
161689 1106 116 4347 327 14560 53676 28594 8044 4515 638 1207 25355 9960 5645 6604 2 10640 543 21085 3951 766 281 328 17823 17726 506 11573 750 31 77 1091 705 1378 81 650
161690 1106 116 8111 623 27252 100255 53475 15075 8452 1202 2234 47431 18649 10580 12390 5 19896 1030 39539 7376 1437 534 612 33425 33024 941 21651 1387 61 139 2046 1323 2576 155 1203
161691 1101 115 30827 2330 103593 380219 202202 57516 31899 4452 8578 180530 70493 40187 47062 21 75522 3801 149350 28018 5431 1925 2254 126246 125579 3534 81795 5339 218 544 7772 5032 9661 588 4690
161693 1089 108 3133 244 10570 38611 20679 5874 3260 460 861 18305 7202 4081 4802 2 7692 400 15245 2835 556 200 237 12809 12783 362 8414 534 23 55 783 502 998 60 464
161694 1087 105 33430 2579 112439 412747 220355 62175 34666 4839 9284 195584 76763 43474 50978 21 82030 4215 162555 30421 5878 2137 2483 137150 136375 3853 89277 5743 247 581 8433 5499 10497 635 4987
161695 1086 105 16563 1266 55754 204323 108994 30855 17206 2399 4593 96873 37979 21580 25169 11 40666 2069 80376 15039 2900 1060 1220 67950 67534 1890 44130 2855 119 289 4162 2697 5198 315 2486
161696 1087 105 12305 938 41263 151273 80601 22886 12703 1774 3406 71769 28158 15951 18712 8 30084 1551 59498 11137 2153 784 915 50251 49925 1411 32688 2108 91 214 3082 2022 3862 230 1819
161697 1094 108 18609 1398 62312 229335 121857 34578 19270 2681 5152 108506 42621 24156 28307 13 45415 2320 90016 16919 3283 1176 1380 76192 75604 2172 49406 3218 135 321 4660 3015 5870 351 2802
161698 1076 105 22822 1770 76665 281243 150302 42432 23702 3320 6300 133186 52356 29669 34677 16 55886 2888 110974 20796 4004 1466 1709 93543 92839 2629 60880 3895 170 394 5754 3749 7184 426 3346
161699 1074 104 873 66 2937 10657 5594 1655 884 118 239 5105 1990 1136 1352 0 2132 93 4179 775 152 49 56 3520 3521 99 2283 151 5 16 224 141 265 17 141
161700 1079 104 13340 1026 44812 164423 87791 24809 13807 1931 3698 78097 30584 17349 20411 8 32725 1654 64932 12102 2351 837 983 54605 54387 1529 35580 2285 98 232 3373 2168 4166 256 2010
161701 1089 108 48697 3707 163474 599411 319294 90539 50458 7040 13497 283792 111444 63224 73776 37 119134 6063 235736 44243 8508 3105 3580 199212 197910 5579 129348 8352 356 838 12209 7964 15245 914 7279
161702 1065 100 1589 120 5355 19577 10481 2982 1647 234 436 9269 3661 2077 2411 1 3897 201 7714 1452 282 104 118 6514 6446 184 4270 271 12 27 395 254 505 30 235
161703 1064 100 44643 3408 149728 549402 292452 82984 46243 6425 12324 260135 102202 57953 67656 29 109231 5554 215957 40519 7830 2820 3278 182554 181307 5135 118439 7672 323 772 11199 7289 13956 843 6711
161704 1079 106 17038 1317 57250 209827 112186 31638 17680 2464 4694 99468 39072 22101 25859 10 41709 2136 82611 15482 2983 1083 1271 69797 69301 1974 45510 2920 125 289 4282 2773 5360 320 2513
161705 1080 105 11796 903 39711 145219 77643 22011 12210 1718 3239 68794 27029 15367 17841 8 28843 1471 57159 10692 2076 756 881 48216 48050 1365 31423 2023 90 204 2983 1926 3691 223 1755
161709 1093 118 25127 1908 84512 309673 165067 46820 26000 3635 6988 146838 57574 32704 38385 18 61576 3126 121897 22895 4407 1585 1870 102784 102308 2909 66884 4318 180 439 6343 4116 7851 477 3784
161710 1079 105 20500 1601 68854 252831 134825 38108 21257 2958 5665 119625 46980 26638 31141 14 50269 2595 99545 18662 3586 1298 1540 84131 83393 2375 54736 3518 152 355 5171 3340 6471 382 3043
161711 1070 94 12240 930 41113 150930 80381 22775 12673 1754 3397 71499 28028 15979 18601 10 29956 1507 59283 11111 2161 777 917 50182 49801 1399 32603 2100 85 218 3066 2000 3886 233 1846
161712 1079 94 38924 2936 130692 479818 255061 72417 40260 5576 10811 227386 89160 50576 59271 26 95360 4804 188359 35391 6852 2440 2880 159430 158277 4507 103408 6711 277 683 9766 6356 12186 733 5865
161713 1076 96 46793 3557 157210 576307 306921 87361 48337 6742 13017 273501 107166 60873 70762 32 114396 5789 226076 42436 8215 2945 3458 191593 190114 5373 124178 8077 328 821 11749 7670 14709 889 7068
161715 1080 94 18258 1409 61359 224301 119841 34035 18887 2625 5040 106474 41851 23706 27791 13 44738 2291 88380 16557 3198 1154 1358 74572 74057 2096 48681 3129 131 315 4567 2966 5703 347 2727
161716 1077 94 11715 919 39578 144776 77620 21932 12171 1718 3247 68611 27064 15287 17811 8 28824 1501 57123 10698 2059 762 890 48150 47841 1356 31496 2007 88 202 2955 1937 3696 222 1719
161717 1076 94 2012 153 6754 24748 13236 3769 2073 293 551 11770 4624 2608 3039 1 4938 247 9715 1817 352 129 152 8200 8208 230 5360 341 13 34 498 326 630 38 301
161718 1076 96 22359 1726 74927 275583 146836 41544 23170 3256 6173 130334 51209 29047 33838 15 54735 2826 108251 20360 3933 1446 1679 91614 90915 2580 59418 3823 169 388 5603 3666 7019 422 3317
161720 1074 94 10078 768 33879 124073 66216 18769 10430 1454 2782 58760 23051 13103 15237 6 24629 1273 48818 9152 1769 637 746 41275 40964 1157 26836 1739 74 175 2520 1650 3160 194 1512
161721 1081 103 29811 2262 99983 366523 195210 55406 30872 4316 8251 173679 68278 38740 45061 20 72850 3718 143908 27102 5229 1895 2205 121840 120811 3418 79160 5104 212 520 7496 4856 9327 562 4475
161722 1087 95 70180 5410 235769 865372 461330 130595 72815 10180 19399 410538 160951 91253 107159 48 172023 8829 340675 63830 12360 4470 5243 287851 285862 8149 186991 12046 514 1219 17652 11487 22060 1321 10462
161724 1091 103 70422 5443 236890 868483 463828 131059 73041 10217 19522 411611 161638 91611 107454 51 172858 8899 342282 64131 12362 4493 5269 288740 287137 8147 188040 12060 508 1226 17734 11514 22074 1331 10490
161725 1054 97 6855 539 22860 84412 45065 12633 7135 1005 1890 39836 15702 8866 10407 5 16789 886 33363 6281 1206 441 513 28052 27924 791 18275 1157 49 116 1723 1128 2149 127 1001
161727 1058 99 20796 1616 70113 256516 137285 38771 21610 3039 5764 121576 47835 27045 31846 17 51080 2626 101357 18913 3645 1335 1562 85240 84825 2395 55627 3558 158 359 5249 3401 6521 397 3075
161728 1058 97 16863 1292 56759 208026 111266 31290 17527 2464 4668 98518 38682 21928 25530 12 41301 2141 82071 15398 2974 1091 1263 69165 68797 1940 44984 2868 128 289 4247 2771 5280 316 2495
161731 1064 97 19106 1466 64210 235043 125426 35752 19795 2766 5271 111571 43847 24876 29107 12 46845 2372 92556 17306 3370 1214 1435 78181 77570 2189 50894 3288 135 332 4814 3108 5990 368 2867
161732 1059 92 33979 2604 114135 418150 223378 63119 35245 4938 9389 198172 77919 44148 51597 24 83190 4263 164853 30883 5947 2169 2521 138977 138166 3932 90490 5814 254 584 8550 5547 10662 639 5050
161733 1055 91 21975 1678 73709 270655 144336 40880 22762 3178 6095 128342 50304 28558 33228 17 53814 2732 106418 19973 3869 1388 1632 89920 89536 2530 58426 3784 158 383 5516 3573 6885 415 3312
161734 1058 90 33055 2524 110993 407222 216854 61502 34243 4773 9172 192866 75678 42948 50288 25 80902 4120 160156 30035 5813 2074 2451 135144 134415 3823 87920 5694 238 575 8294 5415 10394 625 4966
161735 1054 90 11447 856 38260 140677 74789 21122 11786 1640 3170 66443 26098 14860 17218 7 27953 1398 55264 10314 2005 719 844 46785 46454 1300 30280 1970 82 198 2878 1876 3578 216 1722
161736 1054 90 2693 208 9055 33149 17653 5017 2787 390 748 15743 6174 3517 4107 1 6606 332 13073 2434 478 170 198 11051 10936 309 7201 461 18 46 673 442 846 52 402
161737 1058 99 1347 104 4574 16552 8927 2532 1400 196 363 7874 3108 1769 2039 0 3291 168 6552 1235 239 84 102 5493 5483 158 3620 231 10 24 344 218 419 25 200
161738 1058 99 2092 160 7013 25612 13681 3876 2154 297 561 12126 4753 2706 3123 1 5102 258 10069 1877 362 129 153 8519 8447 231 5569 362 16 35 530 347 659 39 311
161739 1061 99 31487 2395 105443 387234 206177 58279 32533 4519 8717 183360 71919 40788 47682 22 76960 3920 152295 28548 5514 1974 2337 128489 127926 3619 83521 5429 227 544 7899 5171 9858 591 4703
161740 1051 89 36960 2833 124305 455635 243064 68809 38390 5393 10231 215929 84804 48078 56220 25 90504 4673 179305 33698 6499 2367 2737 151743 150227 4225 98609 6321 268 639 9273 6026 11591 700 5514
161741 1074 103 25922 1964 86920 319048 169683 48213 26819 3732 7177 151395 59267 33680 39312 17 63334 3223 125304 23508 4556 1626 1897 106037 105403 2960 68647 4479 183 450 6501 4216 8119 492 3913
161742 1077 103 10991 851 36946 135498 72292 20463 11397 1574 3034 64196 25242 14255 16671 7 26971 1378 53314 10012 1927 698 829 45091 44734 1274 29329 1885 80 191 2754 1794 3467 205 1634
161743 1074 103 25944 1985 87178 319730 170665 48126 26864 3744 7168 151481 59403 33723 39603 21 63649 3233 126149 23565 4539 1631 1926 106032 105768 2956 69070 4442 195 446 6524 4257 8109 492 3876
161744 1064 95 4689 363 15731 57749 30778 8711 4851 673 1299 27409 10720 6093 7114 3 11484 584 22696 4273 823 297 350 19220 19082 534 12454 801 33 82 1178 767 1464 89 705
161745 1069 95 22626 1758 76228 279187 149049 42206 23474 3287 6279 132303 51906 29450 34428 17 55635 2815 110143 20587 3959 1441 1672 92696 92341 2585 60324 3881 168 394 5674 3713 7100 429 3375
161746 1062 94 9935 747 33281 122335 64864 18438 10288 1420 2769 57945 22728 12932 15006 8 24195 1210 47946 9034 1741 614 722 40706 40298 1144 26275 1716 72 175 2482 1611 3119 187 1504
161747 1066 96 2401 182 8103 29594 15693 4508 2493 341 666 14155 5503 3139 3719 2 5888 292 11572 2176 424 150 176 9836 9718 283 6386 420 17 43 599 394 752 44 364
161749 1073 98 316 22 1038 3862 1992 590 319 42 89 1839 700 409 473 0 763 33 1472 287 56 17 22 1286 1265 35 811 56 2 5 75 49 98 5 50
161750 1073 97 6007 461 20133 73994 39208 11188 6234 870 1664 35136 13755 7835 9132 4 14714 755 29030 5442 1054 387 432 24667 24339 687 15889 1034 43 105 1501 984 1889 113 901
161752 1068 95 43945 3336 147319 540738 287728 81901 45457 6338 12194 256276 100609 57115 66519 33 107425 5469 212514 39849 7702 2759 3231 179657 178566 5026 116503 7563 314 768 10982 7200 13769 835 6588
161753 1087 93 24185 1846 81485 298596 159330 45136 25037 3481 6761 141544 55497 31504 36914 19 59379 3032 117506 21970 4244 1519 1801 99204 98766 2771 64455 4195 170 427 6086 3975 7577 462 3635
161754 1074 96 13217 1022 44353 162790 86899 24507 13729 1912 3662 76987 30305 17143 20036 10 32367 1673 64096 12037 2321 843 997 54202 53712 1525 35295 2247 97 228 3315 2149 4155 245 1949
161755 1083 97 35905 2738 120337 441309 234828 66806 37111 5163 9929 209186 81941 46670 54180 27 87682 4447 173161 32535 6305 2265 2603 146595 145606 4117 95057 6182 256 628 9047 5847 11245 682 5417
161756 1093 100 54364 4133 182622 670158 357321 101153 56284 7882 15060 317265 124559 70785 82606 37 133265 6794 263637 49434 9570 3465 4040 222657 221296 6215 144647 9339 391 948 13642 8878 17084 1031 8170
161757 1076 94 25031 1912 83836 307390 163541 46527 25840 3584 6929 145794 57135 32480 37965 19 61052 3047 120568 22668 4374 1561 1833 102155 101391 2866 66295 4308 177 439 6278 4097 7826 476 3771
161758 1074 93 8252 625 27745 101762 54315 15333 8524 1192 2315 48191 18846 10714 12568 6 20236 1018 39976 7502 1447 530 618 33798 33595 933 21976 1431 57 146 2065 1351 2584 159 1247
161759 1093 117 25965 1961 86878 319483 169760 48210 26830 3747 7192 151248 59315 33741 39380 18 63448 3221 125511 23548 4578 1647 1912 106152 105323 3006 68783 4471 189 450 6523 4217 8134 488 3905
161761 1093 115 35928 2792 120967 443091 236672 66732 37281 5208 9945 210028 82460 46766 54770 28 88155 4505 174762 32665 6314 2308 2710 147400 146436 4135 95969 6145 263 621 9006 5885 11307 677 5332
161762 1093 112 36750 2805 123370 452105 240991 68313 38050 5296 10164 214365 84143 47761 55990 27 89980 4538 177999 33348 6445 2317 2723 150140 149283 4211 97748 6336 272 640 9209 6005 11496 699 5515
161764 1097 112 25625 1971 86109 315848 168631 47693 26611 3706 7069 149633 58818 33329 39066 17 62835 3208 124575 23401 4511 1635 1901 104962 104353 2970 68342 4376 190 443 6454 4176 8034 487 3815
161766 1102 112 29342 2232 98308 361081 192411 54323 30330 4225 8155 171000 67074 38084 44399 21 71764 3641 142117 26654 5145 1846 2170 119952 119261 3383 77958 5044 208 508 7374 4801 9180 553 4404
161768 1098 112 13711 1060 46043 168355 89655 25584 14164 1966 3773 79920 31324 17823 20798 9 33463 1704 66140 12415 2409 865 1005 56058 55441 1573 36331 2361 93 237 3442 2209 4290 262 2071
161769 1100 118 63511 4883 213386 783415 417967 118185 66054 9237 17565 370664 145703 82618 96497 47 155626 8058 308510 57903 11155 4084 4773 260338 258609 7350 169377 10887 470 1098 15994 10345 19956 1198 9458
161771 1100 118 18557 1425 62391 228019 121553 34620 19235 2702 5120 108259 42569 24128 28198 11 45365 2315 89715 16822 3248 1177 1347 76013 75237 2121 49335 3178 135 320 4659 3030 5796 350 2779
161772 1091 115 19680 1506 66086 241803 128992 36658 20370 2830 5440 114809 45071 25561 29965 13 48135 2435 95200 17874 3442 1239 1441 80359 79800 2257 52270 3381 144 343 4940 3208 6150 371 2961
161773 1091 113 12106 950 40649 148981 79678 22478 12575 1749 3358 70533 27760 15741 18349 10 29621 1534 58898 11029 2123 773 902 49569 49251 1394 32294 2049 93 209 3035 1977 3811 224 1760
161774 1085 102 52202 3969 175055 642805 342061 96924 54075 7506 14477 304541 119332 67826 79380 36 127790 6464 252674 47450 9177 3284 3863 213439 212246 6010 138658 8973 374 910 13087 8524 16310 985 7841
161777 1085 103 10181 780 34239 125553 67079 18955 10574 1485 2806 59539 23394 13269 15540 5 24980 1279 49539 9267 1789 649 755 41760 41523 1172 27154 1749 74 177 2578 1668 3197 194 1524
161778 1087 102 86341 6611 289660 1063396 567290 160139 89319 12480 23976 503401 197794 112080 131059 62 211539 10817 418978 78385 15139 5452 6448 353363 351251 9921 229936 14833 630 1500 21680 14154 27108 1626 12877
161781 1083 102 29810 2298 100328 367933 195796 55686 30898 4309 8269 174573 68379 38897 45326 21 73147 3728 144591 27073 5233 1890 2215 122369 121410 3418 79294 5117 211 518 7497 4894 9365 568 4474
161782 1075 101 9046 702 30450 111462 59569 16901 9366 1303 2497 52914 20758 11804 13787 6 22215 1132 43918 8212 1597 572 676 37054 36831 1045 24165 1560 63 155 2280 1483 2838 171 1357
161783 1076 101 46987 3606 157919 579762 308950 87443 48740 6814 13039 274734 107806 61128 71407 33 115276 5901 227978 42731 8256 2986 3486 192724 191378 5437 125144 8083 347 817 11828 7701 14793 887 7022
161784 1081 104 7679 575 25651 94487 49991 14246 7940 1100 2137 44730 17488 9968 11610 6 18708 931 36953 6974 1349 475 548 31352 31145 891 20239 1322 55 134 1928 1261 2388 145 1160
161786 1081 104 6001 464 20262 74352 39665 11183 6240 869 1681 35198 13799 7821 9163 4 14814 755 29285 5499 1050 389 448 24773 24582 692 16060 1028 44 103 1503 979 1893 113 892
161787 1074 100 3833 298 12978 47234 25386 7165 3952 556 1054 22524 8823 4994 5928 2 9408 470 18727 3480 669 241 289 15673 15675 437 10264 657 30 68 968 641 1207 74 569
161788 1077 100 4194 306 14005 51684 27179 7811 4306 590 1168 24495 9530 5463 6325 3 10239 498 20100 3777 740 257 296 17166 17013 481 11017 731 29 74 1053 689 1313 80 652
161789 1079 101 1318 103 4478 16390 8840 2450 1384 193 361 7703 3072 1734 2072 1 3276 170 6548 1218 233 89 103 5408 5415 158 3595 226 10 22 339 220 418 24 189
161790 1088 101 34413 2635 115864 424079 226358 64219 35629 5011 9521 201078 79017 44816 52487 24 84401 4296 167180 31211 6032 2176 2560 140842 140095 3961 91774 5917 259 603 8659 5636 10806 654 5145
161791 1070 94 5146 390 17150 63210 33626 9508 5343 752 1414 29922 11750 6677 7773 4 12538 646 24805 4683 910 330 380 21036 20794 597 13664 872 37 87 1279 845 1621 95 759
161792 1084 98 12977 998 43481 159758 85045 24113 13479 1881 3568 75699 29751 16852 19728 9 31731 1626 62865 11796 2283 821 965 53201 52644 1505 34512 2206 99 221 3253 2111 4084 244 1921
161793 1064 97 9685 731 32508 119449 63495 18081 10044 1400 2685 56504 22190 12641 14586 7 23709 1208 46822 8833 1714 611 702 39697 39405 1100 25687 1656 69 170 2433 1572 3051 183 1461
161794 1064 97 15810 1210 52955 194982 103688 29327 16362 2278 4364 92346 36183 20538 23982 10 38766 1963 76655 14401 2764 1009 1174 64862 64419 1831 41964 2712 116 275 3972 2601 4982 300 2363
161796 1073 97 50658 3886 170185 624427 332511 94225 52569 7329 14029 295885 116097 65840 77002 38 124083 6331 245653 46020 8880 3216 3744 207591 206098 5843 134733 8720 375 875 12737 8280 15906 955 7580
161797 1069 99 14259 1116 48154 176117 94643 26585 14865 2089 3926 83392 32811 18544 21809 10 35139 1840 69856 13077 2513 927 1086 58557 58333 1639 38336 2421 107 240 3605 2330 4458 268 2087
161798 1087 105 6641 503 22354 81739 43460 12418 6852 946 1846 38820 15194 8661 10054 5 16198 800 31970 6022 1184 410 486 27165 26934 759 17568 1152 44 121 1662 1081 2072 126 1020
161799 1088 110 33848 2571 113492 416261 221513 62839 34995 4858 9358 197071 77386 43933 51315 24 82682 4205 163569 30657 5947 2125 2497 138284 137295 3890 89810 5823 243 588 8511 5518 10600 643 5075
161800 1087 110 1548 117 5179 18952 10111 2851 1611 225 423 8932 3528 1987 2345 1 3766 194 7462 1408 266 95 113 6270 6256 181 4111 264 12 26 387 253 487 28 226
161801 1083 102 39897 3045 133946 491803 261921 74222 41446 5796 11043 233240 91465 51894 60689 27 97764 5014 193380 36322 7004 2559 2980 163673 162273 4607 106169 6862 296 695 10023 6509 12534 745 5957
161802 1083 102 38282 2974 128865 471723 251977 71392 39654 5523 10602 223945 87863 49758 58490 28 93961 4785 186030 34842 6704 2436 2872 156789 155904 4426 102140 6542 280 659 9601 6271 12014 726 5721
161803 1051 88 18821 1437 63172 231659 123359 35003 19507 2739 5226 109871 43122 24457 28565 12 45996 2354 91046 17080 3314 1207 1382 77137 76431 2178 49927 3226 140 328 4713 3055 5920 355 2826
161804 1051 88 3694 278 12372 45524 24206 6886 3829 542 1020 21549 8479 4834 5650 2 9057 452 17837 3348 653 240 272 15120 14971 429 9877 638 26 65 936 601 1153 69 557
161806 1060 94 4113 308 13707 50521 26726 7601 4254 596 1145 23957 9361 5331 6163 2 10033 516 19767 3704 721 258 295 16768 16666 477 10827 714 29 71 1025 667 1297 78 615
161807 1060 94 76635 5833 257154 944585 502808 142492 79360 11102 21262 447108 175671 99754 116490 55 187893 9554 371583 69645 13482 4881 5677 313701 311687 8825 203777 13169 559 1338 19221 12545 24065 1451 11481
161808 1060 94 14159 1081 47542 174319 92854 26360 14678 2046 3923 82414 32423 18456 21432 12 34669 1763 68586 12836 2480 896 1051 57928 57466 1614 37647 2427 106 245 3533 2324 4446 268 2109
161811 1094 100 58210 4459 195809 718407 383318 108250 60424 8447 16111 340314 133572 75763 88654 41 142824 7302 282991 53036 10233 3706 4336 238635 237343 6700 155290 10001 425 1009 14652 9542 18280 1101 8678
161812 1055 93 715 54 2374 8743 4633 1319 731 98 199 4169 1610 915 1091 0 1748 80 3434 635 122 41 54 2899 2892 81 1882 120 5 12 177 118 223 13 107
161813 1055 93 25069 1941 84443 309203 165418 46721 26074 3642 6941 146723 57637 32604 38329 17 61535 3182 122114 22849 4401 1594 1886 102884 102186 2909 67104 4275 185 432 6300 4087 7881 472 3708
161815 1068 101 61721 4733 207032 760016 405016 114746 63888 8918 17106 359934 141344 80231 93503 46 151038 7708 299036 55963 10846 3915 4577 252579 251004 7106 164059 10593 454 1072 15517 10103 19353 1162 9215
161817 1069 101 122337 9386 410827 1506853 803584 227575 126738 17724 33917 713772 280336 158942 185896 88 299684 15295 593269 111241 21455 7783 9092 500736 497703 14083 325700 20992 900 2121 30691 19971 38380 2317 18266
161818 1067 101 4488 341 15116 55360 29552 8322 4673 650 1236 26267 10323 5837 6845 2 11004 569 21820 4119 785 285 327 18438 18267 510 11986 763 31 79 1124 731 1412 82 664
161819 1070 102 9259 708 31123 114166 60915 17194 9568 1340 2561 53916 21228 12047 14066 7 22736 1169 44982 8386 1611 585 688 37829 37725 1057 24674 1589 67 162 2325 1527 2903 178 1383
161820 1069 101 10416 794 35006 128547 68735 19303 10829 1540 2874 60710 23919 13545 15742 8 25529 1329 50659 9520 1837 684 778 42826 42443 1183 27765 1782 75 178 2614 1703 3269 195 1547
161821 1068 102 8942 700 30200 110210 58814 16811 9275 1280 2483 52480 20588 11648 13747 5 21983 1113 43383 8119 1573 558 676 36641 36373 1042 23885 1535 64 157 2232 1466 2799 168 1329
161823 1068 102 11264 865 37818 139008 74118 20867 11736 1645 3110 65677 25827 14595 17160 8 27633 1414 54735 10255 1977 721 847 46249 45886 1300 30025 1934 82 192 2838 1830 3559 211 1670
161824 1069 102 32935 2548 110741 406574 216738 61309 34160 4779 9170 192801 75708 42905 50291 25 80873 4151 160125 30023 5804 2100 2463 135255 134169 3820 87915 5651 242 572 8268 5383 10361 622 4911
161825 1085 102 13340 1015 44765 164361 87756 24788 13833 1945 3697 77724 30612 17336 20150 9 32699 1688 64714 12105 2334 852 992 54633 54270 1524 35503 2302 97 232 3336 2194 4182 252 1989
161826 1068 102 6995 542 23399 85870 45670 12999 7238 1008 1921 40770 16015 9051 10573 4 17082 876 33726 6353 1227 445 515 28563 28287 808 18589 1185 52 120 1741 1133 2186 130 1044
161828 1071 104 18145 1395 60898 223931 118945 33891 18740 2607 5055 106307 41609 23619 27796 13 44623 2268 88020 16474 3190 1139 1323 74307 73986 2119 48292 3138 135 314 4533 2970 5690 343 2740
161829 1081 104 110671 8500 371448 1363348 726883 205825 114741 16059 30651 645762 253602 143838 168095 80 270968 13911 536584 100536 19431 7043 8237 453251 450149 12760 294575 18984 824 1912 27753 18097 34808 2080 16478
161831 1067 98 55469 4246 185955 683085 363644 103132 57445 7999 15379 323868 126954 72064 84098 41 135627 6944 268524 50348 9721 3506 4079 226969 225463 6418 147190 9528 406 956 13939 9037 17414 1044 8285
161832 1068 98 25819 1977 86550 317660 168993 48172 26715 3717 7143 150554 59159 33583 39121 17 63087 3209 124693 23423 4532 1635 1911 105663 104713 2977 68629 4443 187 450 6453 4199 8129 492 3852
161833 1070 100 28160 2169 94368 346253 184957 52211 29237 4096 7756 163984 64502 36501 42590 20 68772 3554 136366 25588 4941 1814 2096 115302 114194 3245 75044 4824 207 475 7076 4590 8878 532 4173
161834 1080 112 11026 860 37060 136276 72539 20463 11442 1585 3066 64489 25286 14334 16732 8 27030 1388 53574 10066 1943 706 819 45403 44954 1265 29370 1897 77 191 2774 1792 3475 207 1655
161835 1096 114 60964 4674 204674 750818 399421 113529 63167 8783 16926 355992 139562 79259 92734 45 149375 7594 295007 55417 10677 3832 4524 249430 247792 7025 161951 10486 440 1067 15232 9985 19148 1146 9147
161836 1096 114 48654 3692 163289 599135 318642 90560 50409 7027 13446 284112 111265 63257 73669 35 119034 6022 235213 44217 8549 3077 3597 199221 197712 5592 129081 8362 348 852 12164 7948 15282 921 7292
161837 1096 114 59759 4543 200453 736132 391586 111120 61801 8618 16582 348577 136707 77643 90657 41 146287 7426 289274 54247 10500 3774 4423 244482 242973 6874 158653 10290 435 1045 14972 9806 18750 1131 8965
161838 1096 114 9160 686 30641 112582 59696 17004 9462 1306 2525 53545 20868 11935 13958 5 22374 1112 44094 8304 1626 573 668 37479 37068 1065 24290 1581 61 164 2303 1469 2877 173 1402
161839 1097 114 24494 1871 82410 302153 161349 45571 25461 3560 6781 143282 56248 31902 37448 18 60124 3071 119180 22270 4297 1558 1852 100386 99756 2831 65449 4199 187 426 6170 4029 7680 459 3636
161840 1096 114 15222 1161 51218 187620 99823 28493 15761 2191 4229 89002 34894 19853 23278 9 37392 1886 73798 13804 2680 961 1138 62368 61887 1743 40538 2627 105 269 3814 2504 4782 292 2302
161841 1096 114 14549 1116 49090 179199 95815 27235 15020 2104 4007 85063 33408 18982 22103 11 35637 1818 70524 13201 2557 922 1073 59530 59219 1650 38740 2500 101 253 3649 2388 4541 280 2177
161843 1094 114 45484 3473 152359 559644 298000 84450 47065 6586 12605 264736 103976 59071 68742 34 111071 5671 219897 41274 7972 2902 3384 186267 184611 5194 120777 7792 325 790 11407 7417 14290 863 6790
161844 1091 113 50824 3904 170647 625929 333564 94554 52668 7300 14135 296781 116347 66059 77217 38 124418 6334 246296 46241 8922 3212 3774 208129 206644 5864 135152 8737 371 880 12754 8318 15917 958 7592
161845 1076 103 7713 600 25909 95142 50903 14342 7991 1118 2133 45148 17716 10029 11703 4 18974 974 37548 7043 1346 497 566 31620 31523 878 20530 1324 57 133 1929 1279 2417 143 1141
161846 1076 103 35024 2694 117673 432111 230135 65064 36335 5096 9728 204562 80402 45580 53166 26 85837 4414 169999 31931 6147 2222 2590 143648 142634 4047 93284 6012 261 610 8814 5723 11052 655 5229
161847 1081 104 8374 642 28076 103210 55004 15500 8717 1209 2317 48777 19163 10860 12675 6 20498 1049 40656 7645 1460 533 621 34324 34059 963 22276 1427 62 145 2120 1382 2627 153 1232
161848 1080 104 1703 133 5690 20934 11198 3149 1772 251 472 9922 3892 2217 2552 1 4145 219 8257 1538 301 111 132 6998 6908 196 4548 290 13 28 424 277 538 31 250
161850 1080 102 20000 1530 67184 246261 131211 37180 20656 2886 5533 116618 45859 26045 30357 14 49008 2485 96959 18102 3506 1267 1473 81852 81260 2291 53219 3438 145 346 5044 3252 6284 381 3004
161852 1081 102 21157 1618 71001 260880 138942 39311 21964 3067 5835 123470 48503 27567 32047 16 51806 2666 102742 19273 3735 1339 1576 86741 86098 2435 56297 3627 157 367 5336 3451 6678 399 3160
161854 1080 102 12141 931 40980 149691 79870 22692 12601 1759 3358 71213 27889 15826 18610 8 29791 1517 58865 11039 2138 771 908 49817 49397 1402 32489 2097 86 212 3059 1971 3819 228 1825
161855 1079 102 31583 2417 106016 389163 207729 58726 32739 4581 8749 184437 72445 41026 48007 20 77277 3963 153312 28675 5559 2002 2357 129432 128488 3633 84164 5407 236 548 7917 5163 9951 597 4704
161856 1079 102 11448 890 38613 141158 75311 21410 11876 1653 3168 67016 26301 14893 17473 8 28162 1440 55670 10399 2014 730 839 46903 46706 1322 30521 1961 81 198 2871 1848 3594 217 1717
161858 1075 102 48077 3675 161460 592308 315484 89449 49796 6947 13346 280881 110276 62595 73250 35 117816 5973 233158 43619 8439 3018 3573 196858 195414 5576 128045 8292 350 840 12086 7871 15100 912 7200
161860 1081 105 14351 1100 48089 176735 93843 26628 14841 2074 3989 83706 32885 18648 21780 12 35099 1790 69494 13039 2516 907 1053 58653 58268 1656 38068 2466 105 249 3604 2329 4500 270 2155
161861 1073 113 23822 1848 80001 293802 156568 44285 24777 3467 6588 139142 54632 30962 36213 18 58446 2987 115691 21696 4171 1529 1773 97801 96970 2743 63491 4073 177 408 5977 3884 7502 448 3546
161862 1071 107 20768 1607 69717 255747 136240 38649 21545 3001 5741 121380 47609 27021 31541 15 50821 2601 100548 18868 3644 1314 1548 85088 84313 2421 55329 3564 151 357 5221 3391 6529 390 3088
161863 1064 102 91734 7067 308269 1129828 603335 170518 95046 13303 25378 535449 210361 119220 139179 68 224681 11517 445262 83372 16105 5843 6805 375691 373436 10571 244279 15702 683 1581 23079 14995 28812 1727 13639
161864 1074 108 7591 580 25600 93909 50004 14247 7894 1102 2121 44577 17460 9924 11579 5 18705 958 36854 6933 1354 485 572 31191 31004 879 20333 1315 53 133 1906 1234 2402 145 1150
161866 1082 112 5235 396 17546 64499 34327 9744 5428 767 1447 30525 11981 6810 7902 3 12790 656 25362 4786 927 332 386 21419 21329 612 13894 900 39 91 1308 853 1639 98 784
161868 1082 112 14489 1111 48718 178846 95103 26966 15005 2098 4027 84734 33248 18885 22033 10 35513 1802 70384 13187 2568 917 1074 59374 59060 1679 38501 2497 108 251 3652 2362 4548 275 2191
161869 1096 114 9109 681 30546 112260 59520 17047 9379 1304 2541 53185 20764 11906 13768 5 22291 1122 43930 8269 1607 568 680 37288 37011 1033 24072 1584 64 163 2282 1494 2856 176 1398
161870 1072 107 70390 5387 236025 866496 461485 130796 73042 10201 19462 410500 161154 91446 106522 53 172155 8790 340630 64073 12362 4466 5227 288136 285902 8106 186982 12057 524 1219 17645 11506 22068 1314 10480
161871 1074 114 11295 875 37850 139085 73875 21073 11691 1621 3140 66095 25855 14694 17215 8 27653 1386 54622 10228 1996 709 838 46231 45873 1313 29984 1947 81 196 2818 1847 3559 212 1692
161873 1084 119 26243 2030 88339 323984 172841 49030 27267 3805 7286 153656 60307 34176 39917 18 64389 3328 127682 23930 4630 1675 1958 107892 107001 3043 70033 4489 190 456 6593 4299 8250 492 3913
161874 1077 103 3994 309 13487 49280 26544 7412 4169 592 1094 23389 9228 5192 6119 2 9825 508 19557 3652 705 259 305 16366 16347 458 10794 673 28 69 1009 655 1250 74 584
161875 1077 103 54485 4200 183255 671581 358379 101343 56554 7931 15080 318331 125008 70864 82693 42 133465 6855 264465 49612 9576 3501 4040 223457 221841 6280 145149 9312 408 944 13692 8883 17100 1021 8110
161877 1077 102 5644 434 19012 69529 37049 10577 5844 818 1546 33120 12924 7357 8578 3 13827 700 27323 5128 1000 362 412 23125 22977 653 15017 970 40 98 1415 922 1765 105 845
161878 1081 108 67910 5231 228316 836726 446766 126421 70360 9836 18774 396642 155702 88291 103193 47 166357 8525 329612 61798 11913 4314 5084 278295 276314 7836 180955 11646 497 1178 17089 11124 21332 1290 10124
161879 1086 108 40140 3037 134582 493884 263053 74509 41488 5754 11119 233857 91723 52125 60881 25 98212 4969 194326 36407 7045 2521 2981 164194 163126 4604 106670 6913 289 695 10075 6564 12583 759 6016
161880 1085 110 8868 682 29813 109242 58323 16480 9203 1289 2457 51783 20402 11509 13550 6 21735 1125 43159 8074 1550 571 657 36348 36003 1032 23670 1510 68 150 2225 1445 2760 167 1308
161881 1085 110 62319 4808 209617 768643 410329 115948 64654 9057 17288 364364 143013 81053 94823 46 152891 7857 302970 56756 10943 3989 4634 255501 254038 7212 166077 10692 462 1078 15680 10180 19609 1174 9276
161882 1075 103 26924 2038 90408 331479 176806 49975 27845 3868 7427 156839 61663 34909 40980 20 65967 3336 130620 24425 4711 1686 1984 109837 109618 3099 71611 4648 200 469 6811 4411 8400 508 4032
161884 1080 101 41177 3141 138055 506978 269953 76484 42704 5956 11374 240295 94192 53533 62596 32 100701 5157 199564 37387 7215 2631 3041 168599 167288 4769 109366 7057 301 717 10309 6699 12929 776 6165
161885 1090 109 9099 693 30533 112129 59745 16912 9405 1313 2514 53155 20820 11814 13825 7 22283 1128 44126 8237 1595 576 673 37273 37106 1056 24194 1565 64 156 2298 1474 2853 170 1364
161886 1090 108 18194 1404 61168 223711 119672 33847 18870 2646 4991 106086 41813 23641 27725 14 44512 2294 88502 16491 3187 1149 1345 74396 73959 2099 48620 3095 140 309 4549 2980 5693 341 2687
161887 1082 106 32039 2432 107466 393974 209542 59545 33125 4593 8870 186920 73185 41581 48565 24 78274 3944 154662 29027 5605 1998 2339 130969 130060 3673 84821 5522 226 558 8030 5213 10030 602 4818
161890 1104 110 33633 2602 113321 415141 221997 62536 34995 4905 9268 196595 77481 43767 51135 25 82509 4297 163788 30743 5928 2166 2517 138211 136958 3877 90022 5721 248 570 8493 5477 10622 634 4949
161891 1092 116 6425 486 21599 79327 42375 11919 6683 945 1781 37507 14765 8340 9871 4 15774 818 31297 5842 1132 410 487 26287 26197 751 17191 1097 51 110 1620 1049 2022 121 955
161892 1093 116 55373 4256 185996 681938 363564 103008 57432 7971 15385 323357 126805 71973 84150 40 135563 6923 268366 50423 9716 3507 4113 226803 225100 6385 147359 9515 405 958 13906 9049 17340 1042 8262
161893 1094 115 75346 5773 253132 928501 495168 140101 78184 10931 20830 439590 172804 97968 114520 50 184702 9457 365941 68569 13223 4795 5598 308559 306658 8676 200813 12906 561 1296 18991 12308 23655 1424 11231
161896 1093 115 27722 2117 92722 340541 181160 51452 28687 3982 7659 161184 63248 35946 41998 22 67666 3444 133868 25158 4843 1741 2043 113152 112412 3175 73367 4737 208 478 6952 4499 8691 520 4127
161897 1092 115 25953 1970 87111 319009 169469 48418 26794 3723 7192 151466 59340 33701 39414 20 63410 3173 125093 23425 4551 1616 1896 106057 105164 2993 68785 4476 188 457 6505 4210 8116 490 3930
161898 1100 115 15601 1196 52289 192012 102117 29037 16099 2225 4338 91076 35729 20315 23534 10 38149 1923 75329 14120 2746 976 1151 63849 63336 1788 41357 2677 109 273 3916 2565 4901 293 2344
161899 1098 118 74840 5718 251786 922454 492573 139298 77576 10873 20751 437354 171720 97336 113998 52 183560 9394 363382 68092 13105 4774 5567 306823 304619 8606 199594 12876 547 1299 18815 12240 23458 1411 11195
161901 1098 118 28552 2162 96024 352223 187532 53199 29588 4133 7926 167026 65557 37199 43422 17 69946 3540 138428 25924 5034 1809 2122 117055 116184 3291 75967 4927 210 500 7163 4676 8976 538 4298
161903 1146 142 7385 576 24878 91273 48829 13818 7693 1090 2052 43283 17012 9628 11256 5 18139 956 35998 6733 1299 483 560 30420 30143 868 19784 1266 58 125 1847 1209 2334 139 1080
161904 1142 140 55249 4263 185748 680559 363539 102656 57360 8031 15251 322558 126763 71759 84306 40 135500 6940 268514 50292 9693 3517 4118 226145 224818 6412 147430 9436 410 951 13897 9032 17337 1042 8202
161905 1155 141 42622 3271 143058 525015 279592 79241 44114 6112 11822 248917 97642 55396 64781 29 104359 5336 206485 38693 7470 2682 3167 174630 173066 4920 113509 7321 302 737 10697 6973 13398 807 6381
161906 1150 142 9525 732 32133 117537 62574 17857 9882 1376 2660 55769 21857 12418 14515 7 23305 1176 46199 8689 1683 601 706 39123 38770 1097 25366 1650 69 168 2399 1558 2977 181 1440
161907 1147 144 5094 394 17111 62708 33526 9470 5269 729 1398 29736 11692 6610 7816 4 12489 637 24843 4631 894 318 389 20817 20741 586 13596 865 37 88 1277 845 1587 97 750
161909 1147 144 504 36 1701 6232 3328 947 518 72 139 2953 1168 658 754 0 1244 59 2450 459 86 31 36 2064 2070 55 1348 84 3 8 123 83 159 9 75
161910 1148 145 1409 108 4703 17330 9223 2619 1468 207 384 8225 3239 1832 2153 1 3450 185 6824 1287 249 89 103 5796 5686 168 3754 241 10 24 351 229 450 26 208
161911 1148 145 13482 1009 44984 165989 88130 24872 13961 1953 3740 78229 30761 17451 20342 11 32885 1692 65227 12209 2373 853 991 55103 54745 1553 35694 2309 98 234 3383 2197 4244 253 2007
161912 1157 141 23212 1769 77833 285967 152205 43180 24022 3355 6450 135425 53135 30211 35234 15 56756 2901 112469 21064 4097 1477 1729 94998 94359 2681 61636 3996 175 402 5826 3762 7319 439 3495
161913 1108 136 2147 163 7172 26442 13963 3994 2219 305 597 12530 4907 2793 3253 1 5287 276 10341 1949 380 136 159 8800 8697 245 5677 369 15 38 538 355 671 39 323
161914 1109 136 30804 2342 103174 379004 201892 57044 31841 4436 8562 179514 70409 39989 46611 22 75289 3823 149137 27977 5405 1938 2272 125926 125162 3557 81812 5291 219 532 7739 5032 9637 580 4620
161915 1141 141 69461 5371 233560 857728 457775 129238 72196 10110 19221 406112 159552 90424 105695 52 170539 8774 338033 63329 12195 4469 5197 285205 283429 8039 185428 11905 517 1202 17501 11363 21861 1309 10299
161917 1140 140 25757 1984 86574 317592 169255 47880 26736 3735 7111 150551 59052 33497 39263 20 63097 3243 124974 23462 4535 1642 1916 105647 104787 2982 68640 4430 188 446 6485 4180 8081 483 3852
161918 1124 139 14379 1095 48053 177252 94257 26565 14922 2083 3980 83610 32864 18634 21698 8 35162 1824 69634 13126 2519 917 1072 58948 58416 1659 38215 2445 107 250 3621 2344 4549 267 2133
161919 1108 127 3659 274 12330 45144 23979 6847 3742 512 1019 21381 8340 4782 5577 2 8981 432 17784 3293 645 219 271 14942 14946 417 9703 641 24 64 922 605 1149 71 566
161921 1103 126 13720 1038 46173 169441 90139 25699 14182 1973 3851 80496 31366 17921 20882 10 33734 1686 66555 12455 2422 852 1006 56196 56070 1562 36419 2377 101 242 3439 2254 4282 265 2090
161922 1104 126 15227 1164 51207 187590 100123 28332 15760 2193 4227 88999 34915 19826 23140 10 37302 1884 73777 13870 2683 959 1124 62386 61907 1749 40557 2615 109 265 3813 2482 4777 289 2297
161923 1106 126 979 81 3316 12065 6590 1822 1023 147 259 5711 2275 1268 1494 0 2403 131 4822 902 172 67 81 4028 4022 115 2662 158 7 16 243 158 309 17 134
161927 1107 126 4879 376 16345 59987 31935 9001 5057 706 1346 28337 11148 6284 7343 3 11900 601 23558 4419 848 309 357 19926 19807 555 12918 832 35 84 1231 794 1518 90 724
161928 1107 126 2990 220 9919 36537 19413 5498 3072 425 815 17229 6780 3867 4497 2 7264 353 14355 2677 529 183 220 12107 12033 345 7890 515 23 53 749 480 939 55 453
161930 1103 126 54809 4238 184109 674847 359773 102086 56816 7929 15163 319847 125733 71283 83062 41 134118 6873 265577 49837 9626 3486 4070 224581 222849 6323 145749 9369 409 952 13790 8995 17212 1033 8132
161931 1107 126 22175 1705 74329 273210 145651 41178 23000 3215 6128 129344 50739 28846 33620 16 54326 2776 107496 20207 3896 1412 1658 90722 90190 2566 59003 3803 163 383 5598 3638 6977 418 3303
161932 1100 124 52321 4040 175922 645370 344421 97308 54335 7594 14454 305537 120149 68009 79726 40 128305 6592 254265 47707 9188 3328 3921 214697 213063 6039 139671 8976 384 909 13143 8570 16464 985 7785
161933 1103 124 54466 4159 182942 671465 357887 101230 56429 7869 15132 318313 124743 70842 82860 39 133459 6805 264179 49564 9550 3437 4034 223168 221694 6255 144956 9393 393 947 13653 8909 17089 1029 8165
161935 1115 132 2725 202 9002 33298 17625 4997 2801 388 749 15700 6179 3499 4091 2 6610 339 13068 2448 471 167 194 11054 10950 310 7126 460 19 46 676 447 849 51 402
161937 1116 132 54681 4202 183615 674114 359169 101813 56804 7969 15109 319175 125497 71103 82954 45 133987 6886 265344 49786 9605 3497 4059 224122 222483 6304 145712 9364 409 943 13794 8931 17202 1026 8122
161938 1104 120 55893 4307 187993 688768 367840 104022 57945 8071 15531 326471 128298 72733 84828 40 137049 6999 271175 50927 9793 3539 4144 229179 227429 6402 149127 9559 406 968 14015 9094 17537 1063 8357
161939 1095 125 73491 5584 246787 904935 481128 136818 75948 10549 20468 428964 168105 95631 111409 52 179798 9057 355254 66645 12884 4594 5363 300708 298703 8417 194843 12667 516 1293 18455 12025 23022 1393 11100
161942 1094 124 8603 656 29046 106085 56738 16053 8906 1232 2373 50277 19782 11213 13283 6 21189 1068 42043 7804 1514 538 659 35173 35121 992 23084 1487 65 149 2150 1409 2706 166 1286
161943 1096 124 36955 2845 124216 455452 243014 68759 38379 5366 10190 215854 84720 48106 56022 26 90582 4648 179269 33654 6489 2374 2761 151545 150505 4237 98459 6303 267 646 9281 6034 11610 696 5510
161946 1095 124 25284 1912 84821 310950 165429 46987 26154 3645 7018 147300 57836 32805 38300 18 61751 3153 122159 22938 4425 1585 1869 103398 102531 2912 67057 4343 185 437 6355 4133 7916 479 3775
161947 1105 128 9757 735 32601 119796 63644 18075 10104 1397 2717 56720 22274 12651 14704 8 23753 1209 47005 8843 1709 601 718 39840 39503 1114 25801 1665 72 171 2427 1590 3055 182 1468
161948 1103 126 1527 114 5146 18826 10107 2858 1578 225 422 8969 3507 1996 2312 0 3741 197 7414 1384 270 97 110 6271 6210 177 4055 264 10 26 389 247 474 29 231
161951 1103 126 13551 1041 45527 166940 88845 25249 14048 1969 3772 79147 31050 17625 20630 10 33207 1693 65651 12319 2367 859 1006 55542 55014 1562 36015 2332 100 238 3395 2220 4253 254 2031
161952 1103 126 5247 405 17569 64399 34325 9774 5420 765 1450 30562 11992 6828 7966 4 12802 658 25356 4750 913 336 385 21426 21271 594 13903 898 39 93 1313 866 1648 100 777
161955 1096 125 48753 3740 163795 600843 320156 90800 50558 7087 13534 284836 111771 63510 74048 34 119526 6101 236221 44281 8542 3112 3609 199827 198263 5590 129721 8399 351 852 12232 7963 15337 929 7324
161956 1110 128 44811 3403 150027 551368 293197 83218 46267 6413 12424 261121 102287 58144 67978 35 109576 5549 216566 40543 7856 2791 3328 183071 182188 5165 118742 7737 321 777 11224 7334 14049 847 6722
161957 1104 127 9405 733 31748 116248 62048 17531 9758 1356 2619 55197 21575 12218 14361 9 23110 1185 45873 8582 1648 602 698 38670 38437 1077 25087 1604 68 162 2352 1551 2937 174 1394
161958 1105 125 17741 1353 59596 218506 116346 33037 18401 2570 4878 103548 40681 23028 27122 12 43434 2210 86090 16102 3128 1107 1311 72508 72086 2075 47200 3070 137 304 4477 2892 5579 337 2644
161959 1103 126 26463 2059 89147 326516 174541 49360 27481 3846 7330 154720 60803 34390 40315 20 65081 3353 128805 24110 4634 1688 1982 108487 108068 3053 70666 4516 192 460 6643 4339 8298 497 3918
161960 1095 124 15424 1187 51672 189811 101146 28627 15996 2236 4275 89925 35391 20018 23316 9 37741 1929 74682 13985 2695 989 1149 63214 62601 1773 41037 2630 116 266 3865 2511 4888 286 2286
161961 1099 124 83790 6440 281138 1031894 550308 155719 86843 12156 23242 488919 191888 108829 127089 63 205114 10523 406113 76154 14689 5345 6247 343168 340872 9639 222977 14319 613 1456 20974 13719 26311 1576 12471
161962 1099 124 14547 1101 48807 179270 95450 27070 15068 2105 4049 84831 33357 18929 22054 11 35584 1813 70501 13217 2552 922 1079 59619 59112 1682 38690 2499 109 253 3662 2391 4571 275 2166
161963 1101 123 18820 1436 63220 232272 123848 34994 19525 2739 5224 110040 43147 24447 28632 14 46157 2357 91315 17139 3305 1208 1402 77216 76708 2164 50078 3209 135 328 4740 3071 5887 355 2808
161964 1118 139 23998 1850 80477 295359 157283 44593 24856 3470 6611 139976 54960 31158 36554 18 58782 2991 116299 21777 4208 1521 1786 98190 97427 2788 63802 4125 181 411 5990 3924 7559 449 3560
161965 1119 139 26331 2008 88662 324559 173089 49075 27275 3797 7292 153804 60365 34287 40212 18 64561 3251 127972 23873 4620 1650 1968 107727 107219 3010 70193 4555 192 461 6619 4337 8281 504 3960
161968 1120 140 12359 952 41697 152559 81784 23027 12861 1805 3405 72285 28436 16102 18772 9 30271 1575 60254 11247 2174 795 940 50763 50396 1433 33121 2110 95 215 3135 2021 3882 233 1822
161969 1136 134 19571 1507 65653 240807 128424 36463 20261 2831 5400 114186 44876 25434 29638 12 47858 2464 94639 17753 3450 1244 1462 80129 79459 2262 51995 3346 143 338 4911 3197 6119 370 2930
161970 1124 134 38824 2960 130236 478620 254600 72187 40151 5597 10798 226734 88821 50488 59030 28 95080 4842 188266 35172 6821 2462 2883 159140 158009 4470 103067 6667 281 674 9768 6347 12163 733 5820
161972 1125 134 19162 1474 64192 236036 125577 35583 19918 2786 5281 111813 43944 24866 29245 12 46921 2423 92890 17452 3364 1225 1424 78507 77673 2241 51029 3273 143 327 4824 3105 6015 360 2851
161973 1124 134 68806 5291 230802 847919 451420 127919 71298 9936 19123 401825 157651 89378 104655 53 168469 8633 333533 62507 12099 4350 5144 281863 279761 7962 183030 11819 500 1200 17261 11265 21666 1303 10299
161974 1125 134 6288 481 21056 77368 41181 11652 6511 896 1740 36670 14387 8124 9615 4 15370 777 30521 5681 1105 389 475 25705 25554 730 16733 1082 46 108 1583 1028 1968 119 942
161975 1114 125 25573 1962 85860 315410 167784 47669 26520 3710 7089 149619 58569 33251 38844 17 62688 3203 123963 23257 4488 1634 1887 104887 104198 2947 67892 4388 184 448 6410 4182 8027 482 3857
161977 1115 125 55658 4271 187076 685549 364888 103712 57552 8004 15419 325306 127525 72414 84943 43 136334 6902 269785 50479 9769 3470 4108 227606 226450 6438 147850 9631 402 977 13976 9091 17417 1060 8390
161979 1030 86 20537 1568 69115 253300 135173 38235 21263 2979 5687 120011 47103 26789 31168 13 50382 2563 99715 18635 3612 1302 1519 84145 83653 2353 54776 3542 150 358 5173 3356 6432 391 3095
161980 1089 101 24247 1856 81646 298914 159663 45218 25191 3540 6710 141728 55654 31577 37041 16 59528 3043 117841 22048 4264 1559 1802 99374 98705 2815 64724 4166 183 416 6099 3930 7595 460 3633
161982 1091 101 14799 1139 49749 182410 97427 27500 15376 2159 4085 86425 33939 19213 22389 9 36211 1884 71934 13532 2608 959 1088 60729 60221 1703 39432 2513 112 255 3711 2426 4643 274 2192
161984 1084 100 18403 1400 61923 227051 121176 34305 19106 2675 5106 107736 42259 23951 27938 15 45097 2309 89423 16777 3241 1174 1370 75561 75099 2110 49027 3143 132 322 4618 3016 5780 345 2744
161985 1085 100 10287 790 34813 127185 68029 19272 10699 1505 2881 60376 23711 13436 15747 7 25305 1306 50136 9407 1816 658 763 42303 42032 1190 27573 1778 74 182 2596 1687 3215 194 1547
161987 1113 120 37795 2888 127140 465786 248285 70474 39133 5455 10470 220784 86561 49219 57380 27 92572 4701 183235 34306 6644 2377 2786 154637 153881 4324 100569 6510 271 663 9495 6203 11827 717 5700
161988 1113 120 1732 133 5869 21437 11564 3245 1768 250 485 10153 3993 2265 2639 1 4287 215 8472 1555 302 109 135 7112 7116 198 4668 301 12 30 436 287 542 33 261
161992 1104 126 20984 1599 70424 258733 138136 38920 21746 3050 5816 122394 47994 27304 31654 17 51378 2627 101848 19139 3686 1333 1560 85912 85463 2408 55814 3605 154 364 5286 3460 6589 397 3139
161993 1108 130 7030 529 23667 86836 46324 13079 7283 1031 1967 41037 16088 9150 10663 5 17283 889 34233 6388 1225 449 524 28808 28744 785 18740 1207 51 122 1755 1155 2190 135 1053
161994 1107 126 21717 1657 72685 267238 142162 40227 22533 3152 5992 126409 49737 28154 32929 15 53054 2725 105053 19722 3832 1383 1614 88835 88140 2513 57684 3716 163 373 5442 3513 6829 404 3233
161997 1107 123 1090 84 3705 13441 7157 2031 1117 151 301 6406 2490 1413 1705 0 2673 128 5314 986 191 67 76 4456 4449 127 2917 186 7 20 278 180 337 20 167
161998 1092 119 55282 4258 185827 681964 363701 102886 57401 8031 15320 322786 126796 71987 83764 41 135486 6958 268457 50397 9703 3535 4136 226932 225019 6345 147313 9489 412 959 13916 9057 17389 1044 8212
161999 1034 103 8586 671 28852 105769 56348 16021 8911 1242 2373 50179 19737 11163 13084 5 21017 1082 41692 7815 1506 547 634 35153 34857 1012 22891 1473 67 146 2163 1398 2683 161 1272
162000 1034 103 46617 3582 156553 574876 305885 86848 48258 6703 12949 272483 106803 60676 70820 36 114295 5842 225913 42327 8185 2939 3498 191083 189815 5359 124016 8031 331 816 11713 7647 14634 885 6998
162001 1039 103 11082 841 37398 137109 73269 20656 11533 1609 3084 64989 25458 14449 16894 9 27179 1390 54056 10150 1941 712 827 45573 45440 1277 29664 1891 78 193 2785 1812 3494 208 1649
162002 1041 107 29029 2201 97422 357829 190676 53978 30095 4227 8018 169270 66531 37767 44025 21 71004 3633 140719 26353 5118 1849 2162 118923 118046 3342 77219 4986 214 502 7351 4729 9117 553 4365
162003 1047 104 60375 4623 202850 743688 396421 112195 62464 8713 16758 352491 138209 78358 91824 44 147903 7555 292769 54800 10555 3800 4478 247044 245699 6912 160617 10398 434 1048 15129 9910 18918 1142 9043
162005 1047 104 27583 2127 92680 340157 181426 51332 28642 4022 7668 161248 63161 35909 42041 23 67703 3479 134080 25101 4854 1775 2042 113114 112404 3168 73386 4739 201 477 6943 4527 8668 523 4117
162007 1057 104 4579 346 15383 56113 29978 8514 4747 657 1256 26680 10513 5934 6929 2 11163 562 22059 4169 801 285 336 18667 18549 535 12175 778 31 79 1137 742 1423 85 683
162009 1046 103 70895 5429 238053 873443 465337 131929 73435 10260 19706 414289 162495 92234 107769 51 173635 8858 343452 64309 12453 4472 5248 290547 288316 8147 188687 12201 510 1243 17799 11570 22266 1342 10641
162011 1046 103 4071 314 13711 50454 27024 7539 4220 597 1135 23854 9357 5304 6149 3 9998 511 19908 3716 725 263 309 16777 16717 465 10889 705 29 72 1028 670 1281 78 612
162012 1044 102 47160 3629 158324 581211 309392 87796 48807 6763 13070 275253 107968 61286 71757 35 115525 5893 228723 42937 8271 2979 3525 193220 191822 5440 125450 8094 336 816 11820 7710 14829 899 7067
162013 1046 101 45710 3519 153347 563085 299993 84874 47391 6624 12687 266706 104670 59417 69481 35 112017 5728 221867 41571 8004 2894 3361 187062 186001 5257 121597 7836 332 792 11493 7462 14350 865 6817
162014 1064 116 16158 1225 54191 198834 106003 29989 16728 2325 4478 94142 36951 21023 24422 13 39436 1995 78178 14694 2845 1020 1176 66053 65606 1848 42888 2772 122 278 4070 2644 5068 305 2419
162015 1064 115 2359 186 7961 29122 15599 4399 2456 347 651 13770 5465 3077 3548 2 5782 303 11473 2165 412 153 174 9716 9616 278 6317 399 17 40 598 380 745 43 345
162016 1057 112 53359 4099 178725 657485 349851 99102 55362 7750 14809 311199 122136 69336 80902 42 130523 6714 258376 48563 9358 3397 3954 218617 217058 6151 141715 9131 391 925 13411 8726 16775 1004 7940
162017 1061 113 1036 79 3442 12683 6860 1898 1073 154 279 5957 2389 1334 1571 0 2521 142 5051 943 183 70 85 4212 4188 120 2780 174 8 17 260 171 331 19 142
162020 1062 114 58270 4478 195793 718727 382360 108581 60372 8376 16176 340737 133531 75870 88609 45 142900 7303 282424 52946 10232 3680 4358 238955 237251 6709 155006 10047 412 1019 14638 9550 18303 1106 8756
162021 1062 114 21267 1652 71672 262325 140363 39651 22094 3103 5869 124285 48926 27672 32438 16 52257 2709 103563 19332 3735 1372 1602 87164 86715 2437 56974 3641 159 364 5383 3505 6689 400 3135
162022 1056 116 30774 2360 103460 379466 202109 57367 31976 4483 8515 179986 70579 40112 46638 24 75409 3877 149331 28040 5431 1965 2277 126216 125273 3573 81896 5266 231 537 7734 5011 9688 577 4577
162025 1075 114 1208 91 4080 15017 7993 2255 1240 170 338 7133 2764 1576 1864 1 3004 143 5890 1102 210 73 93 4942 4994 135 3221 213 6 21 307 206 373 23 189
162026 1080 117 13204 996 44345 162206 86696 24450 13662 1905 3634 76974 30240 17127 20094 9 32252 1617 63804 11933 2311 838 976 53941 53562 1520 35139 2268 97 226 3320 2139 4145 247 1978
162028 1097 154 56092 4325 188371 691199 368217 104331 58140 8078 15531 327512 128456 72870 85392 42 137448 7027 272264 51071 9840 3548 4176 229739 228194 6457 149326 9617 404 970 14099 9174 17616 1065 8380
162029 1070 131 30400 2316 102151 374472 199372 56646 31511 4392 8398 177519 69596 39582 46030 23 74371 3802 147240 27635 5334 1911 2233 124537 123668 3515 80702 5225 224 525 7637 4921 9547 574 4547
162030 1079 140 17023 1313 57275 210003 111943 31759 17687 2471 4707 99543 39115 22209 25803 11 41732 2140 82511 15536 2986 1089 1264 69900 69173 1958 45370 2916 125 296 4288 2789 5354 324 2556
162031 1082 141 6317 469 21172 77891 41207 11830 6541 900 1770 36970 14417 8248 9627 5 15479 773 30424 5723 1109 387 462 25823 25700 738 16702 1104 44 113 1581 1028 1986 119 967
162032 1080 140 7614 583 25496 93495 49743 14161 7883 1105 2105 44283 17425 9866 11580 5 18573 946 36743 6911 1333 484 561 31096 30861 882 20226 1309 55 134 1920 1227 2369 141 1145
162033 1096 143 1539 120 5170 19072 10084 2883 1604 223 436 9067 3517 2008 2315 1 3781 191 7440 1404 275 99 115 6353 6296 181 4105 269 9 27 385 245 487 28 233
162034 1096 143 27598 2124 93058 340477 181649 51658 28626 3997 7636 161571 63410 36014 42104 19 67802 3439 133869 25077 4865 1756 2074 113288 112348 3167 73687 4754 200 483 6925 4515 8669 526 4144
162035 1089 148 10992 857 36865 135412 72210 20464 11433 1603 3028 64201 25143 14266 16679 7 26956 1397 53291 10016 1934 704 831 45076 44724 1271 29274 1876 85 184 2765 1787 3447 205 1624
162036 1079 138 21453 1633 71879 264178 140239 39920 22175 3082 5979 125215 49025 27918 32388 15 52478 2642 103495 19490 3769 1349 1580 87876 87113 2465 56789 3700 150 377 5385 3486 6720 405 3244
162037 1085 139 4614 353 15591 56956 30535 8572 4781 668 1275 27024 10601 6009 7082 3 11345 576 22509 4203 811 291 349 18911 18844 525 12359 794 33 80 1167 745 1446 88 692
162039 1085 140 19384 1482 65081 238809 126942 36126 20049 2766 5386 113178 44279 25200 29504 15 47550 2380 93771 17571 3414 1218 1448 79172 78874 2219 51419 3358 133 345 4855 3186 6062 372 2942
162041 1079 137 18153 1403 61077 224121 119566 33832 18871 2636 5030 106098 41724 23656 27607 12 44600 2274 88271 16565 3195 1172 1359 74527 73992 2107 48398 3116 135 316 4573 2978 5722 344 2709
162042 1074 133 18623 1441 62799 229821 123104 34724 19302 2720 5180 108854 42751 24230 28304 14 45714 2344 90645 16984 3262 1198 1400 76364 76086 2110 49773 3204 137 328 4697 3067 5849 358 2776
162043 1075 133 75532 5782 253295 930047 495694 140368 78415 10936 20898 440575 173141 98198 114895 55 184873 9440 366142 68741 13280 4812 5633 309030 306863 8772 201059 12926 561 1309 18968 12319 23730 1427 11249
162044 1058 111 22172 1685 74655 273262 145813 41167 23065 3206 6104 129615 50849 28791 33897 16 54393 2757 107792 20208 3898 1392 1641 90840 90286 2568 59099 3821 164 383 5584 3612 6961 417 3320
162045 1058 111 11183 842 37495 137388 73068 20759 11502 1603 3092 65122 25576 14492 16942 8 27307 1359 53859 10119 1941 700 817 45565 45333 1275 29592 1930 78 197 2790 1839 3486 210 1691
162046 1058 111 34906 2701 117454 430432 229752 65075 36223 5064 9650 204071 80151 45458 53084 24 85578 4363 169488 31816 6149 2223 2622 143207 142129 4042 93171 5983 264 604 8786 5683 10982 659 5200
162047 1066 111 14316 1098 47905 175966 93622 26489 14805 2054 3940 83219 32646 18550 21610 11 35001 1781 69175 12960 2492 906 1059 58455 58103 1627 37919 2445 104 247 3584 2358 4507 267 2131
162051 1044 96 56291 4318 188586 693814 369045 104429 58330 8140 15641 328484 128815 73254 85341 40 137792 7080 272856 51227 9896 3582 4174 230854 228819 6459 149591 9690 404 976 14122 9191 17726 1062 8424
162052 1044 96 13850 1051 46431 170609 90961 25730 14382 2023 3809 80625 31698 18018 20930 9 33895 1741 67101 12593 2434 895 1027 56703 56274 1586 36804 2376 101 238 3493 2260 4341 264 2067
162053 1045 97 22768 1737 76388 280425 149456 42226 23636 3284 6304 132862 52235 29553 34656 14 55765 2833 110361 20688 4007 1442 1676 93235 92489 2654 60643 3897 170 391 5740 3708 7182 423 3390
162054 1047 96 13118 1009 44012 161503 86325 24341 13559 1895 3643 76438 30029 17013 19901 10 32097 1643 63788 11884 2307 831 982 53637 53444 1524 34911 2231 100 226 3305 2152 4092 246 1941
162057 1047 96 11227 858 37500 137937 73375 20772 11585 1603 3102 65134 25597 14520 17005 8 27441 1395 54230 10145 1964 698 841 45833 45515 1301 29762 1927 80 193 2806 1820 3513 213 1692
162058 1050 97 13324 1025 44733 164073 87210 24841 13808 1929 3695 77774 30590 17345 20394 11 32600 1666 64560 12119 2339 849 983 54587 54039 1533 35408 2300 99 234 3334 2184 4184 252 1993
162059 1043 97 2176 154 7221 26563 14075 4014 2229 306 601 12571 4918 2804 3320 1 5285 253 10423 1957 381 132 156 8798 8741 253 5703 379 15 39 537 355 676 42 333
162060 1018 86 18179 1373 60910 223786 118882 33856 18818 2642 5050 106152 41633 23667 27577 12 44457 2267 87816 16476 3202 1155 1311 74422 73719 2080 48183 3140 136 316 4559 2961 5700 341 2734
162061 1030 92 6012 449 20172 73891 39202 11162 6230 862 1665 35035 13777 7802 9142 4 14654 735 29033 5450 1055 371 432 24581 24357 691 15888 1031 42 106 1503 977 1884 114 907
162062 1024 89 6894 532 23201 85113 45607 12765 7145 992 1899 40247 15867 8933 10526 4 16940 868 33683 6292 1212 436 521 28327 28173 795 18507 1169 50 117 1751 1120 2170 130 1028
162064 1055 104 57910 4425 194191 712609 379234 107803 59905 8301 16034 337371 132445 75232 87718 43 141602 7180 279956 52499 10149 3618 4282 236659 235086 6686 153667 9974 421 1008 14513 9525 18160 1097 8667
162065 1063 107 55120 4271 185516 680168 363552 102507 57331 8043 15253 321999 126778 71674 83847 40 135175 7035 268177 50385 9688 3539 4160 226313 224621 6390 147395 9417 410 943 13903 9004 17365 1033 8125
162066 1058 107 16557 1265 55609 203870 108748 30818 17139 2395 4587 96580 37941 21539 25127 10 40447 2071 80236 15028 2919 1048 1224 67854 67196 1891 44077 2847 124 286 4184 2692 5190 315 2487
162067 1071 131 22803 1743 76468 281357 149705 42433 23624 3318 6348 133269 52195 29685 34650 15 55958 2849 110562 20682 3994 1454 1688 93440 92891 2618 60564 3942 162 395 5733 3732 7185 433 3425
162068 1072 115 35992 2754 120682 443186 236283 66806 37278 5206 9961 209719 82376 46717 54482 25 88141 4498 174414 32676 6313 2279 2688 147213 146441 4115 95547 6171 261 623 9014 5919 11254 681 5378
162069 1081 116 67140 5146 225473 826724 440002 125097 69575 9702 18623 392028 153801 87321 102206 49 164459 8375 324914 60996 11746 4235 4981 274643 272759 7733 178500 11560 486 1173 16805 11000 21060 1265 10059
162070 1077 115 7028 537 23600 86590 46125 13110 7283 1010 1953 41059 16119 9160 10756 5 17233 874 34118 6374 1239 438 516 28707 28595 827 18703 1209 52 121 1770 1150 2213 135 1053
