165218 1158 157 21945 1660 73795 270134 143923 40858 22765 3162 6069 128079 50245 28548 33383 14 53722 2725 106103 19917 3843 1383 1626 89765 89166 2508 58393 3798 157 384 5517 3562 6900 415 3301
165220 1155 157 24998 1894 83924 308021 164173 46506 25869 3607 6924 145849 57256 32463 38121 18 61199 3105 121234 22692 4396 1575 1858 102236 101735 2885 66479 4293 183 440 6270 4092 7815 478 3746
165221 1135 152 15957 1211 53472 196592 104348 29690 16470 2278 4432 93338 36476 20739 24301 10 39103 1964 77207 14466 2792 996 1185 65331 64867 1833 42315 2750 111 283 3994 2618 5026 300 2410
165222 1135 153 8978 682 30086 110349 58821 16691 9290 1291 2478 52365 20534 11658 13522 6 21885 1121 43265 8146 1594 564 669 36776 36422 1037 23828 1548 63 155 2253 1446 2813 170 1358
165223 1011 89 20638 1609 69407 254322 135702 38419 21441 3000 5725 120535 47366 26827 31310 15 50571 2613 100170 18781 3615 1316 1542 84538 84032 2391 54986 3526 157 357 5187 3397 6480 390 3055
165224 1021 98 41205 3175 138626 508068 271219 76759 42716 5950 11376 240557 94409 53594 62659 29 101052 5173 200162 37474 7251 2601 3074 168684 167966 4762 109858 7086 307 710 10362 6752 12925 785 6157
165225 1020 96 8911 669 29780 109438 58027 16515 9197 1271 2483 51773 20307 11561 13476 6 21729 1092 42860 8057 1553 560 648 36343 36065 1016 23500 1532 63 156 2231 1446 2789 167 1345
165226 1022 98 16458 1260 55183 202650 108123 30519 17089 2392 4549 95871 37644 21367 25011 11 40285 2075 79896 14951 2896 1061 1226 67298 66871 1883 43806 2836 119 283 4140 2666 5157 315 2469
165227 1022 97 115928 8871 389245 1427514 760531 215630 120116 16783 32160 676483 265619 150653 176226 83 283896 14471 561520 105257 20298 7340 8621 474417 470991 13326 308407 19926 845 2020 29062 18994 36392 2184 17327
165228 1021 97 29980 2280 100666 369726 196883 55796 31033 4350 8336 175097 68635 39059 45509 22 73535 3739 145381 27222 5258 1888 2207 122744 122197 3424 79690 5156 220 525 7579 4910 9427 569 4507
165230 1024 96 48021 3671 161260 591921 314868 89427 49793 6941 13319 280382 110104 62572 72907 34 117676 5962 232516 43649 8457 3051 3552 196688 195207 5540 127749 8274 350 837 12100 7838 15115 911 7216
165231 1050 106 54022 4131 181517 665865 355087 100478 55959 7793 14964 315513 123777 70183 82374 39 132357 6763 262417 49099 9496 3427 4014 221171 219994 6240 143854 9254 400 940 13598 8839 16949 1021 8065
165234 1045 97 180313 13916 606159 2222407 1186057 335562 187098 26122 49892 1053089 413850 234457 274890 133 442165 22714 875951 164180 31695 11453 13461 738861 733810 20848 481015 30900 1333 3125 45396 29456 56584 3418 26829
165235 1046 97 36257 2771 121859 446206 238197 67544 37496 5264 10004 211492 83030 47149 54933 26 88630 4514 175529 32897 6368 2311 2691 148363 147378 4129 96424 6242 264 630 9100 5941 11366 691 5405
165236 1046 97 53459 4094 179579 658017 350392 99490 55382 7703 14780 312259 122530 69431 81467 37 130924 6630 258837 48506 9370 3352 3921 218560 217176 6179 142043 9212 394 930 13428 8731 16704 1010 8027
165237 1063 110 19559 1493 65664 240722 128494 36305 20251 2829 5429 114162 44716 25382 29921 13 47891 2429 94867 17702 3422 1239 1443 79943 79589 2240 52071 3358 141 337 4890 3187 6123 373 2943
165238 1070 108 45343 3487 152043 558133 297048 84366 47051 6567 12519 264423 103965 58997 68698 33 110812 5689 219319 41261 7973 2887 3352 185679 183909 5228 120577 7778 329 787 11393 7383 14248 856 6764
165241 1042 110 6604 490 22132 81349 43333 12276 6815 957 1841 38454 15065 8610 9960 3 16162 823 31979 5970 1171 416 490 27032 26839 754 17513 1146 46 114 1635 1071 2073 128 1003
165243 1023 92 7729 594 26010 95360 50974 14383 8014 1130 2141 45161 17699 10068 11751 4 18951 975 37616 7038 1360 498 574 31776 31515 881 20626 1322 55 135 1952 1268 2434 147 1150
165244 1026 97 24318 1878 81622 299493 159940 45229 25211 3521 6726 141705 55730 31587 36828 17 59481 3055 117964 22191 4278 1553 1825 99578 98948 2820 64819 4173 180 419 6122 3967 7625 460 3620
165245 1030 97 20574 1575 69142 253583 135381 38297 21318 2986 5702 120144 47156 26733 31263 16 50395 2577 99975 18742 3617 1317 1524 84251 83785 2379 54896 3525 153 356 5199 3372 6431 389 3070
165246 1027 97 21902 1686 73912 270796 144562 40954 22762 3169 6092 128642 50389 28600 33415 15 53809 2760 106605 19940 3870 1395 1645 90127 89472 2543 58542 3757 159 377 5491 3591 6890 416 3272
165248 1027 97 12362 957 41755 152623 81705 23063 12844 1802 3420 72492 28450 16090 18979 8 30425 1546 60246 11281 2171 787 924 50780 50458 1407 33064 2122 91 215 3132 2020 3876 234 1843
165249 1034 103 16671 1281 55821 204805 109026 30994 17268 2395 4609 97059 38075 21619 25089 12 40738 2071 80297 15126 2938 1056 1241 68141 67514 1917 44230 2848 116 287 4181 2696 5226 313 2489
165250 1043 101 8148 625 27323 100250 53261 15209 8373 1174 2254 47569 18585 10589 12461 6 19973 995 39465 7318 1429 509 601 33208 33176 923 21567 1405 59 145 2024 1334 2544 156 1225
165251 1045 102 14379 1079 48184 176712 94051 26707 14823 2052 3997 83779 32887 18689 21701 9 35087 1761 69350 13005 2529 888 1055 58701 58304 1649 38154 2473 100 250 3613 2344 4496 274 2180
165253 1047 103 59635 4554 200503 734762 392103 111047 61809 8667 16480 348135 136683 77535 90628 44 145935 7500 289321 54198 10476 3803 4420 244291 242650 6840 158725 10241 442 1036 14962 9780 18738 1132 8909
165254 1031 98 78125 5976 262477 962395 513191 145406 81003 11320 21655 455991 178968 101566 118828 58 191406 9772 378985 71049 13712 4919 5795 319482 318087 8981 207927 13429 563 1365 19630 12758 24457 1485 11733
165255 1031 99 47348 3634 159282 583361 311360 88235 49109 6884 13120 276332 108664 61559 71841 31 116014 5934 229423 43058 8303 3015 3542 194171 192527 5453 126240 8102 342 825 11872 7758 14881 891 7039
165256 1049 112 10078 770 33809 124286 65984 18710 10437 1453 2801 58964 23053 13088 15404 7 24700 1260 48863 9126 1781 626 745 41366 41002 1167 26724 1727 75 174 2534 1648 3170 191 1508
165257 1051 111 1172 86 3915 14426 7630 2178 1208 167 323 6833 2674 1528 1730 0 2857 143 5645 1056 208 71 85 4811 4768 134 3066 200 7 20 291 190 369 21 179
165258 1032 99 14903 1158 50189 183693 98234 27803 15468 2171 4101 87108 34237 19441 22671 9 36547 1875 72501 13550 2624 963 1116 61128 60698 1708 39815 2566 109 254 3744 2445 4697 285 2213
165259 1031 99 114400 8807 384515 1410997 751818 212991 118596 16531 31742 668774 262374 148869 174349 92 280661 14380 555671 104196 20104 7263 8502 468880 465803 13243 304633 19672 846 1987 28693 18725 35944 2168 17097
165260 1046 101 127474 9757 428157 1571063 836851 237071 132258 18497 35268 744308 292325 165865 193560 94 311847 16024 617952 116015 22449 8110 9446 522493 518146 14723 339229 21841 936 2209 32090 20731 40133 2409 19027
165261 1053 104 14857 1149 49961 183346 97650 27648 15446 2141 4141 86777 34160 19361 22608 11 36486 1868 72231 13561 2602 944 1097 60918 60540 1722 39618 2550 111 256 3754 2438 4672 278 2199
165262 1066 111 61186 4686 205299 753558 401496 113676 63313 8846 16980 356829 140066 79549 92690 42 149741 7674 296380 55535 10764 3878 4514 250592 248692 6960 162597 10530 440 1060 15382 9988 19199 1164 9178
165263 1068 108 19660 1492 66154 241906 128960 36705 20326 2806 5413 114870 45056 25516 29884 15 48152 2398 95214 17822 3443 1215 1412 80237 79953 2259 52227 3372 138 341 4944 3214 6108 374 2978
165264 1056 107 24356 1885 81953 300510 160342 45361 25238 3536 6758 142624 55953 31686 37297 17 59767 3065 118411 22111 4279 1553 1843 100027 99263 2824 65029 4195 175 422 6125 3996 7655 462 3624
165265 1058 107 62795 4811 210820 773219 411761 116850 64870 9027 17430 366517 143688 81607 95360 45 153737 7813 303822 56951 10989 3944 4645 256864 255316 7167 166792 10815 443 1100 15717 10301 19690 1193 9441
165266 1053 102 31227 2359 104693 384557 204452 57990 32276 4505 8683 182332 71412 40611 47574 21 76420 3849 151154 28241 5464 1956 2292 127719 126971 3569 82838 5391 224 545 7828 5105 9784 595 4700
165267 1067 105 21517 1641 72224 264828 141179 40054 22300 3084 5938 125444 49252 27964 32665 15 52683 2691 104167 19589 3775 1356 1584 88009 87369 2469 57255 3692 157 376 5382 3513 6748 406 3222
165270 1062 105 21349 1629 71736 263599 140115 39802 22156 3102 5940 124994 49010 27899 32637 14 52372 2663 103680 19366 3767 1357 1595 87695 86936 2466 56844 3681 158 373 5383 3499 6710 407 3210
165271 1062 105 38868 2999 130559 478478 254738 72364 40156 5603 10790 226782 89062 50492 59120 26 95146 4829 188037 35263 6797 2446 2871 159001 157862 4450 103149 6694 282 675 9754 6359 12182 738 5823
165273 1053 102 17661 1366 59306 217484 115794 32910 18277 2548 4881 103251 40442 22992 26987 13 43305 2206 85590 16013 3113 1120 1336 72348 71741 2050 47027 3019 127 308 4443 2886 5558 340 2645
165274 1059 104 55615 4277 186806 685207 365124 103552 57654 8030 15385 325051 127456 72354 84632 39 136351 6951 269691 50548 9779 3515 4147 227915 226172 6428 148068 9576 404 970 13956 9092 17483 1050 8324
165276 1064 103 16369 1240 54910 201438 106989 30521 16905 2372 4539 95535 37386 21306 24894 11 40063 2029 79127 14806 2871 1035 1188 66908 66382 1859 43350 2835 120 288 4089 2677 5117 310 2469
165279 1069 109 109418 8376 367115 1348111 718172 203277 113360 15852 30307 638102 250656 142333 165920 83 267769 13726 530358 99500 19242 6961 8146 448153 444950 12589 291004 18731 802 1898 27524 17853 34390 2070 16301
165281 1061 106 16075 1220 53961 198094 106049 29875 16645 2337 4451 93688 36867 20912 24379 10 39380 2019 78061 14647 2834 1027 1201 65792 65459 1835 42925 2742 118 280 4059 2636 5055 303 2388
165282 1038 98 15853 1247 53655 196092 105170 29595 16519 2319 4381 93146 36570 20652 24591 10 39097 2025 77760 14490 2796 1022 1206 65240 64870 1849 42711 2695 122 268 4013 2593 4994 301 2328
165283 1041 110 24846 1925 83785 306356 163868 46328 25769 3611 6875 145171 57092 32346 37691 17 61025 3138 120792 22599 4352 1588 1867 101880 101239 2835 66417 4273 182 430 6261 4088 7803 472 3698
165284 1042 110 70979 5415 238371 874355 466489 132101 73564 10300 19623 414168 162728 92239 107573 51 173766 8940 344182 64534 12504 4506 5287 290618 288784 8189 189064 12193 519 1227 17851 11600 22287 1343 10621
165285 1047 111 224031 17205 752856 2760359 1472215 417019 232266 32472 62083 1307706 513494 291156 340475 167 549058 28034 1086920 203835 39340 14248 16674 917492 911757 25823 596583 38438 1649 3895 56243 36629 70314 4241 33421
165287 1046 112 49590 3804 166606 611329 326060 92300 51364 7185 13733 289361 113706 64490 75313 37 121612 6247 240640 45083 8682 3160 3693 203343 201855 5668 132125 8500 360 864 12470 8130 15594 938 7381
165288 1079 123 20891 1594 70430 257392 137392 38992 21626 3000 5816 122364 47958 27239 32046 15 51384 2577 101403 18977 3664 1289 1560 85363 85173 2399 55740 3608 146 367 5256 3424 6527 397 3159
165289 1067 112 76648 5833 257180 943972 502616 142505 79392 11067 21247 447297 175484 99692 116121 52 187543 9485 370817 69517 13486 4847 5703 313744 311601 8822 203679 13157 548 1339 19257 12511 24083 1449 11503
165290 1053 112 17787 1350 59865 219422 117249 33059 18455 2590 4922 103860 40836 23185 27083 14 43644 2241 86556 16207 3131 1142 1334 72888 72564 2059 47421 3054 133 311 4477 2921 5592 338 2648
165291 1046 110 11590 886 38830 142542 75767 21604 11970 1668 3215 67607 26530 15064 17601 8 28324 1412 55998 10508 2029 724 846 47328 47025 1333 30693 1995 86 198 2901 1887 3626 217 1744
165292 1047 110 39992 3065 134210 492936 262142 74363 41344 5759 11111 233575 91489 52047 60637 29 97974 4956 193556 36292 7005 2520 2962 163741 162727 4607 106185 6893 287 704 10012 6582 12566 758 6018
165294 1048 111 95035 7260 319049 1170953 623042 176961 98359 13711 26354 555429 217708 123596 144514 69 232706 11803 460119 86302 16659 5983 7027 388943 386679 10967 252449 16334 684 1662 23863 15533 29777 1799 14299
165295 1048 111 25384 1941 85232 312931 166392 47199 26322 3664 7078 148252 58052 32966 38568 19 62158 3140 122830 23085 4464 1590 1865 103916 103340 2925 67289 4387 187 439 6409 4153 7968 478 3820
165296 1049 111 120307 9219 404160 1482977 790581 223838 124582 17379 33448 702770 275741 156566 182767 87 294840 15027 583516 109337 21122 7632 8921 493068 489748 13820 320247 20655 867 2096 30204 19620 37767 2285 18027
165297 1064 117 69754 5341 233983 859214 457686 129627 72298 10115 19277 406869 159848 90624 105899 51 170791 8787 338288 63403 12237 4444 5174 285605 283634 8075 185449 11954 519 1203 17553 11385 21918 1312 10400
165298 1064 116 54829 4190 183956 675314 359789 102002 56810 7958 15177 319973 125784 71257 83568 38 134335 6871 265774 49758 9604 3483 4077 224291 222785 6353 145907 9424 411 953 13753 8996 17220 1033 8166
165299 1068 118 22324 1695 74930 275170 146590 41514 23113 3244 6184 130396 51090 29047 33813 16 54682 2791 108064 20234 3938 1417 1648 91479 90969 2549 59274 3855 158 390 5611 3652 7028 424 3357
165300 1067 117 23709 1798 79708 291916 155367 44218 24507 3417 6569 138626 54274 30843 36151 16 58082 2953 114681 21486 4184 1492 1742 97003 96417 2726 62897 4101 170 414 5958 3862 7428 450 3584
165302 1067 117 43021 3284 144357 529602 281774 80069 44513 6189 11937 251144 98530 55859 65392 31 105289 5344 208086 39078 7549 2692 3163 176036 174804 4955 114232 7415 308 752 10775 7037 13484 805 6454
165303 1056 113 65678 5007 220377 808485 430543 122266 68077 9483 18153 383041 150304 85494 99727 49 160462 8155 318002 59671 11549 4150 4876 268864 266600 7578 174594 11283 483 1143 16520 10700 20658 1248 9855
165304 1044 109 22093 1684 74183 272027 144662 41184 22874 3182 6136 129100 50532 28758 33606 14 54077 2739 106833 20048 3893 1384 1643 90506 89694 2557 58689 3815 155 385 5530 3594 6943 419 3326
165305 1056 115 10466 797 35161 129002 68685 19465 10853 1502 2906 61116 23942 13617 15977 8 25617 1301 50744 9525 1838 658 776 42790 42582 1213 27812 1805 75 183 2641 1696 3270 200 1574
165306 1063 116 27451 2078 91805 337548 179713 50833 28314 3980 7600 159624 62756 35631 41622 20 67016 3421 132763 24813 4818 1750 2024 112100 111372 3154 72726 4706 203 472 6930 4500 8604 523 4098
165307 1050 111 46492 3591 156463 573652 305969 86586 48255 6748 12881 272013 106769 60522 70823 34 114087 5855 225952 42351 8160 2952 3482 190904 189450 5356 123946 7957 342 808 11676 7619 14602 879 6916
165308 1050 111 88192 6754 295994 1086787 579450 164005 91391 12773 24434 514575 201980 114671 133721 66 216069 11000 427529 80183 15483 5591 6572 361116 358951 10162 234698 15147 641 1535 22179 14448 27673 1672 13155
165309 1071 115 27794 2111 93450 342312 182940 51780 28810 4030 7655 162039 63769 36210 42278 19 68097 3475 134978 25230 4889 1780 2059 113787 113049 3199 74137 4764 200 480 7008 4538 8708 538 4171
165311 1061 112 4651 357 15559 56997 30491 8589 4851 681 1262 26934 10647 6012 7051 3 11377 597 22557 4251 808 302 342 18965 18802 539 12409 786 37 76 1168 750 1451 85 671
165312 1067 108 6748 520 22746 83129 44579 12565 6976 983 1876 39456 15490 8747 10383 4 16610 838 32845 6113 1177 434 506 27609 27531 763 18031 1161 47 117 1705 1110 2102 132 1013
165313 1067 108 23732 1828 79792 292530 155982 44228 24644 3438 6558 138824 54496 30855 36195 17 58142 2984 115222 21557 4183 1500 1754 97301 96597 2763 63245 4076 180 409 5977 3877 7481 450 3531
165314 1068 107 19293 1461 64439 237033 125703 35868 19930 2768 5348 112239 44040 25070 29094 12 47042 2374 92810 17398 3382 1210 1426 78872 78057 2221 50999 3325 138 339 4809 3142 6108 362 2899
165315 1060 101 30639 2323 102917 377601 200860 57017 31723 4412 8500 178860 70201 39864 46570 20 74963 3800 148235 27846 5398 1941 2256 125531 124487 3538 81443 5305 221 532 7697 4983 9641 584 4629
165316 1060 101 256617 19651 861720 3161182 1686271 476984 266070 37162 71056 1497516 587933 333383 390084 195 628553 32126 1245265 233344 45057 16294 19095 1050496 1044488 29541 683122 44040 1899 4451 64440 41952 80499 4844 38281
165318 1073 105 13602 1045 45992 168032 89834 25370 14141 1988 3755 79816 31295 17724 20843 10 33489 1719 66268 12413 2396 878 1007 55938 55525 1553 36404 2338 99 233 3434 2216 4240 261 2041
165319 1047 102 65307 5012 219506 804813 429493 121527 67592 9447 18168 381666 149778 84854 99294 47 160172 8212 316942 59280 11433 4138 4826 267721 265944 7482 174087 11168 472 1136 16408 10714 20476 1231 9752
165320 1053 102 49244 3753 165229 606561 323354 91364 51045 7140 13641 287210 112808 64038 74729 38 120536 6175 238858 44782 8641 3118 3647 201731 200316 5640 131080 8457 356 846 12362 8023 15482 927 7350
165321 1052 104 17956 1388 60663 221664 118789 33425 18649 2591 4986 105123 41313 23365 27463 12 44183 2254 87415 16361 3147 1127 1358 73698 73388 2067 48088 3096 128 313 4515 2949 5650 340 2679
165322 1050 103 116325 8890 390472 1432515 763001 216496 120470 16822 32173 678881 266524 151248 176737 87 284703 14495 563554 105619 20456 7367 8653 476112 472810 13454 309319 19995 855 2022 29182 18951 36533 2198 17395
165324 1020 93 51674 3953 173700 637091 339801 96262 53473 7483 14335 302134 118542 67309 78386 36 126697 6451 250522 47003 9080 3276 3817 211768 210353 5946 137629 8891 377 902 12969 8466 16236 976 7733
165325 1020 93 50103 3878 168684 617424 329862 93365 52055 7325 13839 292740 115214 65194 76323 34 122869 6333 243584 45630 8784 3208 3721 205627 203907 5768 133778 8560 374 865 12580 8210 15738 945 7421
165326 1020 93 125868 9655 422825 1551391 827005 234190 130305 18168 35005 735298 288457 163780 191198 91 308476 15718 610419 114360 22089 7976 9335 515828 512388 14449 334993 21602 905 2194 31601 20539 39500 2390 18869
165327 1033 97 43431 3348 146181 535199 286007 80883 45018 6285 11992 253672 99594 56406 65972 33 106421 5470 210631 39584 7630 2768 3259 178056 176727 5007 115986 7473 313 757 10909 7075 13629 815 6486
165329 1039 102 31104 2421 104715 383446 204686 58038 32219 4510 8592 182101 71419 40472 47383 21 76298 3912 151096 28286 5465 1996 2336 127555 126739 3575 82939 5311 229 540 7805 5092 9766 586 4619
165330 1032 99 918 70 3074 11327 6064 1700 960 137 252 5281 2086 1188 1355 1 2248 118 4472 839 166 60 71 3744 3753 107 2430 156 6 16 235 148 289 17 133
165331 1038 101 23640 1796 79265 291245 155143 43872 24530 3451 6547 137712 54149 30808 35726 17 57850 2986 114556 21497 4163 1513 1750 96859 96086 2716 62886 4052 174 410 5940 3853 7438 447 3536
165332 1037 103 57159 4421 192550 705429 376740 106574 59327 8309 15855 334609 131228 74370 87237 40 140563 7170 278117 52022 10062 3643 4237 234385 233359 6588 152446 9808 421 989 14404 9361 17888 1089 8526
165333 1037 103 36545 2807 122454 450820 240191 67765 37992 5325 10106 213118 83809 47452 55380 25 89502 4634 177416 33399 6420 2346 2739 149970 148632 4242 97390 6232 274 633 9206 5965 11558 680 5410
165334 1032 94 26589 2024 89373 327783 174933 49368 27604 3852 7350 155115 60938 34576 40484 19 65128 3344 129202 24181 4654 1701 1992 108993 108240 3074 70917 4558 201 459 6683 4343 8350 499 3947
165335 1033 94 117899 9013 395942 1452449 773474 219375 122163 17010 32612 689083 269817 153221 179090 86 288712 14654 571017 107190 20733 7446 8749 482843 479551 13585 313366 20269 852 2052 29566 19274 36998 2229 17670
165336 1040 107 95097 7262 319043 1171346 623777 176785 98467 13738 26394 554956 217761 123584 144345 70 232646 11797 460300 86297 16690 6028 7044 389333 386427 10926 252771 16403 688 1659 23892 15545 29911 1807 14268
165337 1040 107 33231 2547 111757 409787 218450 61846 34415 4789 9239 194270 76207 43207 50559 23 81460 4169 161165 30238 5826 2103 2489 136210 135270 3815 88595 5734 242 576 8326 5442 10449 624 4968
165338 1038 98 13758 1064 46143 169442 90472 25516 14288 2004 3793 80189 31565 17884 20858 10 33594 1736 66750 12496 2420 887 1036 56372 55875 1582 36636 2350 101 234 3454 2241 4328 259 2031
165339 1038 98 27163 2061 91170 334882 178339 50459 28133 3942 7537 158424 62172 35352 41212 19 66480 3388 131784 24614 4775 1724 2014 111236 110654 3107 72118 4661 197 469 6823 4451 8548 513 4057
165340 1044 101 61128 4700 205401 753810 401854 113704 63415 8830 16993 356966 140270 79543 92847 45 149934 7696 296760 55717 10706 3887 4536 250837 248792 7016 162994 10462 442 1062 15331 9975 19206 1157 9117
165341 1036 95 2694 215 9126 33337 17864 5015 2803 395 744 15880 6203 3507 4103 1 6651 342 13150 2463 473 172 202 11146 11019 308 7253 461 20 46 678 440 856 51 398
165342 1038 95 49424 3793 166240 609692 324890 92053 51350 7170 13679 288904 113483 64389 75220 36 121257 6243 240135 45084 8684 3141 3676 202840 201264 5701 131712 8443 361 853 12396 8057 15555 929 7361
165343 1039 95 50486 3869 169696 622142 331366 94207 52299 7288 13996 295065 115655 65633 76652 36 123776 6319 244749 45830 8855 3204 3724 206852 205638 5821 134085 8678 365 876 12646 8245 15853 952 7566
165346 1049 104 18822 1441 63285 231899 123408 35154 19499 2719 5206 110182 43145 24504 28633 15 46052 2349 91049 17117 3303 1189 1395 77087 76482 2180 49927 3244 136 329 4712 3101 5911 350 2809
165347 1044 100 14430 1117 48552 177847 95241 26830 14985 2111 3982 84035 33115 18768 21908 10 35382 1819 70199 13134 2542 934 1092 59167 58807 1639 38593 2462 106 251 3644 2362 4528 274 2139
165348 1049 102 38867 2964 130587 479063 255385 72332 40377 5676 10787 227174 89121 50550 59071 26 95341 4868 188511 35349 6820 2484 2863 159265 158247 4437 103384 6685 287 673 9758 6339 12188 738 5822
165349 1050 102 58179 4452 195335 716716 381812 108190 60164 8393 16122 339861 133283 75613 88636 42 142503 7230 282038 52784 10189 3656 4315 238179 236671 6720 154695 10019 418 1013 14626 9521 18284 1105 8727
165351 1041 96 186639 14276 626910 2298734 1225143 347283 193394 27039 51748 1089525 427605 242689 283333 137 457208 23299 904101 169556 32749 11835 13865 764107 758888 21454 496492 32101 1356 3253 46816 30543 58559 3521 27919
165353 1098 110 11990 924 40286 147920 78908 22328 12435 1754 3329 70179 27510 15615 18239 8 29452 1506 58309 10875 2109 770 890 49261 48832 1371 32020 2050 90 208 3040 1963 3775 228 1788
165354 1095 101 24190 1811 81065 297609 158370 44830 24924 3460 6722 140746 55210 31408 36620 19 59083 3000 116972 21947 4234 1509 1773 98781 98171 2771 64090 4161 176 416 6072 3947 7553 460 3629
165355 1083 96 2637 202 8935 32538 17537 4951 2734 382 730 15456 6104 3450 4033 1 6484 335 12848 2407 462 167 201 10790 10787 304 7136 457 18 46 665 435 827 51 390
165356 1083 96 60253 4608 202100 741727 395232 111853 62268 8671 16712 351297 137920 78277 91534 44 147574 7519 291865 54583 10545 3803 4481 246538 244848 6915 160350 10362 434 1044 15192 9863 18907 1145 9012
165357 1074 103 21564 1654 72386 265829 141611 40104 22359 3121 5957 125897 49399 28081 32629 16 52866 2703 104580 19621 3789 1386 1615 88388 87781 2490 57455 3713 156 373 5411 3546 6800 406 3225
165358 1103 108 65815 5044 220965 810244 431813 122517 68194 9539 18235 384018 150662 85615 99517 45 161090 8226 318315 59767 11560 4193 4906 269802 267217 7546 175107 11291 470 1143 16544 10718 20664 1249 9867
165362 1111 116 42420 3275 142561 522943 278499 79008 44043 6163 11764 247756 97273 55170 64337 33 103825 5338 205509 38642 7442 2696 3163 174095 172426 4909 112930 7299 315 742 10681 6956 13339 798 6345
165365 1089 107 1288 95 4327 15879 8428 2407 1347 186 359 7545 2957 1682 1949 0 3115 162 6199 1192 231 82 92 5282 5200 154 3412 226 9 22 321 207 405 23 195
165366 1092 108 8394 646 28122 103579 55042 15604 8679 1207 2345 49073 19211 10900 12729 6 20574 1054 40696 7622 1470 526 617 34370 34229 969 22264 1446 60 147 2103 1372 2640 157 1252
165368 1093 108 10899 836 36720 134401 71490 20378 11318 1572 3033 63887 24989 14189 16613 9 26648 1357 52785 9951 1910 678 806 44720 44374 1264 28962 1889 81 190 2714 1766 3408 203 1639
165369 1093 108 23934 1827 80281 294857 157319 44423 24835 3480 6585 139325 54776 31024 36238 19 58635 3026 116205 21782 4209 1530 1786 97855 97539 2764 63616 4093 177 415 6010 3892 7506 454 3571
165370 1090 108 73675 5669 247817 908172 484165 137314 76497 10689 20376 431075 169059 95816 112165 52 180590 9236 357336 67083 12921 4698 5431 301937 299929 8522 196128 12630 543 1285 18509 12044 23124 1387 10995
165371 1071 90 5596 444 18934 69270 37101 10487 5832 824 1535 32794 12890 7316 8489 3 13823 714 27300 5128 986 370 426 23044 22913 642 15039 955 41 97 1428 920 1758 105 821
165372 1086 98 62612 4797 210157 771333 411175 116182 64938 9065 17352 365136 143328 81288 94647 46 153256 7859 303215 57074 10993 3975 4656 256444 254703 7164 166703 10712 443 1085 15731 10200 19691 1181 9361
165373 1085 99 31690 2420 105999 389678 207070 58809 32758 4551 8776 184675 72360 41097 47963 21 77451 3927 152961 28731 5554 1992 2328 129436 128570 3643 83937 5436 227 551 7944 5160 9925 599 4753
165374 1093 100 21959 1678 73705 270464 144034 40934 22766 3159 6075 128225 50286 28591 33296 14 53763 2747 106297 19931 3878 1382 1625 89935 89186 2527 58418 3772 157 381 5523 3585 6899 415 3283
165375 1101 103 7562 578 25366 93071 49599 14035 7828 1081 2087 44151 17313 9777 11605 5 18502 936 36727 6833 1328 469 571 30924 30744 880 20165 1301 55 130 1913 1238 2364 143 1131
165376 1139 164 34436 2637 115782 424630 226494 64135 35651 4980 9523 201223 78971 44881 52308 25 84423 4312 167202 31281 6059 2186 2581 141165 140256 3947 91817 5908 251 593 8655 5670 10856 657 5139
165378 1147 171 35073 2688 117767 432460 230213 65238 36352 5067 9736 204983 80235 45565 53189 27 85943 4374 169886 31950 6166 2222 2604 143795 142849 4035 93186 6040 249 612 8799 5722 11051 662 5261
165380 1147 167 42499 3240 142743 523422 278746 79236 43959 6124 11789 248336 97288 55279 64527 28 104097 5249 205641 38519 7462 2691 3113 173929 172855 4865 112902 7352 296 742 10669 6915 13286 810 6414
165383 1149 167 59324 4571 199217 731039 389503 110371 61666 8643 16421 346432 135922 77129 89904 47 145285 7474 287617 53945 10439 3792 4417 243192 241314 6847 157705 10190 439 1027 14856 9706 18664 1122 8836
165384 1156 181 17316 1326 58017 213367 113651 32154 17934 2508 4805 100957 39702 22510 26311 12 42399 2187 83897 15754 3054 1101 1289 70906 70339 2006 46081 2969 129 301 4350 2833 5465 323 2570
165385 1153 179 26107 1999 87680 321404 171146 48733 27039 3759 7219 152338 59834 33921 39612 17 63931 3271 126172 23728 4604 1646 1933 106770 106006 3009 69473 4490 187 454 6578 4251 8161 494 3925
165386 1156 184 21248 1604 71190 261363 138923 39548 21896 3036 5917 124090 48490 27633 32198 14 51921 2610 102381 19220 3737 1325 1562 86773 86265 2400 56213 3681 148 372 5324 3461 6641 410 3238
165387 1161 177 56425 4303 189430 695480 370733 104869 58521 8180 15605 329299 129397 73403 85700 36 138162 7067 273566 51301 9897 3602 4187 231245 229366 6477 150305 9685 407 975 14216 9212 17737 1074 8445
165388 1151 163 112389 8663 377239 1385225 738080 209196 116444 16244 31158 656420 257447 146127 170730 83 275303 14047 545018 102209 19775 7110 8341 460506 457375 12977 299041 19318 822 1952 28262 18365 35332 2117 16768
165389 1153 162 14881 1126 49975 183228 97450 27752 15404 2136 4130 86775 34064 19354 22445 10 36420 1847 71866 13509 2614 938 1113 60919 60483 1693 39578 2545 102 262 3708 2421 4688 281 2247
165390 1153 166 127653 9773 429221 1572878 839150 237712 132410 18549 35334 745340 292763 166153 193857 90 312789 15971 619372 115987 22415 8137 9468 523534 519280 14676 340164 21896 926 2215 32115 20853 40082 2425 19087
165391 1159 167 4490 345 15096 55633 29463 8351 4652 640 1265 26379 10274 5858 6807 4 11037 569 21836 4109 797 283 328 18512 18357 521 11907 770 29 78 1124 732 1418 84 687
165392 1163 170 38632 2964 129738 475917 253708 71813 40063 5609 10702 225451 88604 50280 58621 29 94674 4842 187293 35106 6774 2466 2840 158174 157117 4446 102850 6613 283 668 9722 6281 12113 729 5779
165393 1158 166 43817 3365 147239 540107 287977 81545 45482 6385 12116 255893 100474 56975 66618 33 107398 5502 212645 39855 7708 2794 3254 179557 178322 5072 116650 7508 330 760 11061 7149 13757 827 6530
165394 1161 167 194076 14867 652196 2391425 1275622 361297 201128 28093 53735 1133596 444726 252221 295168 137 475558 24256 941176 176465 34066 12318 14439 794831 789795 22313 516921 33381 1404 3362 48731 31756 60878 3676 29021
165395 1171 170 60335 4658 202576 743468 396342 112275 62599 8738 16678 352241 138200 78406 91468 45 147782 7582 292712 54894 10608 3839 4477 247054 245518 6970 160546 10346 444 1040 15163 9872 18929 1132 8985
165396 1162 167 4535 346 15228 55843 29751 8399 4674 655 1257 26377 10395 5919 6841 3 11093 562 21980 4103 789 283 329 18517 18441 507 12024 783 32 78 1131 751 1423 87 677
165397 1161 167 16104 1249 54107 198449 105836 29954 16665 2326 4458 94173 36931 20960 24566 11 39585 2024 78234 14606 2828 1023 1197 66017 65574 1865 42928 2770 119 278 4036 2627 5054 308 2408
165398 1162 166 51675 3968 173701 637072 339645 96135 53583 7484 14337 301892 118364 67101 78619 38 126606 6439 250690 46989 9070 3272 3848 211925 210330 5952 137552 8881 374 899 12980 8431 16243 977 7751
165399 1161 166 28217 2140 94849 347615 185302 52543 29238 4078 7826 164981 64783 36722 42975 20 69080 3511 136812 25672 4960 1779 2100 115558 114773 3251 75086 4843 204 492 7060 4608 8821 533 4231
165400 1154 177 20948 1597 70492 258693 137850 39030 21726 3035 5833 122642 48029 27265 31983 14 51437 2616 101834 19045 3679 1333 1548 85915 85535 2424 55758 3614 151 364 5259 3431 6565 395 3154
165401 1148 169 9771 725 32624 120098 63667 18113 10043 1393 2711 56816 22274 12711 14796 6 23793 1191 47148 8812 1713 600 717 39835 39563 1120 25741 1700 71 170 2450 1600 3054 187 1491
165402 1158 175 155422 11963 521960 1915133 1021268 289017 161249 22550 42997 906922 356327 202063 236267 115 380633 19541 753870 141621 27284 9898 11601 636993 632181 17968 413694 26627 1141 2696 39108 25391 48765 2939 23182
165403 1159 176 9894 760 33330 122061 65359 18433 10280 1447 2733 57778 22741 12885 14956 6 24272 1251 48016 9026 1745 634 746 40632 40338 1126 26466 1693 72 171 2491 1604 3122 187 1469
165404 1161 176 25348 1938 85125 312396 166618 47155 26273 3677 7041 147937 58035 32988 38478 16 62072 3151 122841 23029 4451 1613 1876 103773 103170 2902 67434 4355 182 446 6374 4142 7960 478 3794
165405 1158 173 14937 1162 50371 184573 98810 27783 15517 2187 4156 87470 34355 19435 22858 11 36719 1911 72978 13616 2627 968 1132 61427 60980 1705 40052 2555 111 255 3753 2464 4703 285 2216
165407 1163 177 10986 834 36985 135565 72170 20515 11443 1596 3056 64398 25293 14303 16730 6 26970 1361 53282 10010 1931 694 801 45117 44693 1267 29206 1902 81 189 2749 1801 3460 205 1647
165408 1168 183 42942 3310 144280 529625 282234 79883 44579 6213 11902 250798 98532 55863 65261 31 105304 5392 208409 39190 7553 2731 3199 176252 174704 4953 114526 7375 311 745 10796 7025 13502 810 6402
165409 1169 182 99699 7632 334934 1229213 655003 185554 103432 14419 27604 582437 228395 129823 151588 77 244433 12484 483601 90656 17508 6350 7385 408558 405892 11494 265286 17124 727 1740 25060 16300 31306 1886 14919
165410 1168 180 29157 2259 98161 359860 192278 54366 30273 4246 8048 170439 67010 38000 44508 21 71631 3684 142120 26527 5134 1858 2177 119656 119004 3341 77977 4978 216 505 7327 4754 9202 554 4345
165412 1069 97 47421 3646 159105 584137 311170 88097 49215 6878 13106 276597 108658 61565 71903 35 115959 5964 229892 43146 8308 3029 3516 194198 192770 5459 126010 8122 350 817 11904 7763 14865 889 7043
165414 1075 98 71277 5439 239451 879062 468014 132962 73949 10368 19762 416970 163313 92853 108531 47 174705 8898 345653 64910 12527 4542 5259 292277 290122 8221 189489 12275 524 1245 17914 11641 22367 1348 10722
165415 1074 97 38338 2952 128860 472886 251754 71348 39812 5548 10638 224324 87840 49866 58410 28 93972 4800 186062 34901 6742 2431 2853 157248 156135 4446 102020 6584 279 663 9612 6251 12031 722 5743
165416 1072 99 42872 3274 143796 527780 280964 79783 44420 6227 11847 249670 97972 55752 64597 30 104786 5382 207262 38909 7549 2744 3170 175539 174209 4924 113725 7381 312 743 10782 6991 13481 814 6419
165417 1076 101 32992 2492 110855 406481 216508 61486 34217 4778 9136 192982 75708 42963 50234 23 80795 4114 159786 29982 5817 2088 2444 135309 134077 3824 87793 5711 240 572 8259 5332 10403 627 4977
165418 1078 104 63738 4843 213967 785309 417858 118802 66075 9252 17681 371868 145891 83070 96535 43 155916 7981 308388 57899 11252 4051 4713 260927 259128 7350 169154 10994 470 1113 16024 10378 20030 1216 9581
165419 1082 102 15685 1183 52616 193034 102742 29149 16180 2248 4342 91394 35875 20425 23778 13 38262 1931 75820 14216 2776 988 1159 64084 63645 1811 41596 2708 111 277 3950 2558 4919 297 2373
165421 1077 104 54805 4218 184208 675329 359721 102134 56784 7916 15203 320042 125617 71348 83195 40 134148 6841 265442 49822 9616 3469 4052 224483 222851 6282 145787 9446 396 957 13756 8994 17281 1037 8199
165422 1078 105 88319 6762 296829 1087905 579967 164412 91464 12799 24443 515520 202344 114922 134004 65 216303 11052 427993 80233 15532 5607 6545 361552 359097 10116 235075 15212 638 1535 22191 14430 27730 1682 13260
165423 1078 105 25594 1989 86401 316417 169467 47703 26692 3757 7077 149938 58948 33377 38994 19 62999 3281 124998 23429 4509 1673 1913 105353 104605 2948 68546 4348 186 438 6495 4193 8076 483 3781
165424 1076 101 39288 3003 132248 484468 258437 73269 40717 5688 10882 229671 90076 51139 59914 28 96388 4896 190805 35744 6881 2484 2916 160973 160126 4518 104764 6744 282 685 9865 6423 12304 747 5882
165426 1078 101 103205 7931 347204 1272913 679250 192162 106914 14951 28633 603732 236797 134286 157109 77 253174 12953 501129 93839 18118 6593 7681 423397 420376 11883 275275 17694 751 1781 25937 16874 32378 1948 15419
165427 1074 99 42204 3239 141647 519096 276620 78478 43677 6074 11650 246150 96507 54782 64232 28 103351 5242 204341 38229 7409 2668 3120 172455 171351 4835 112217 7263 299 734 10585 6891 13207 803 6356
165428 1074 99 11769 905 39463 144964 77096 21858 12161 1682 3270 68791 26937 15269 17810 8 28784 1461 56863 10679 2069 734 866 48177 47787 1364 31245 2013 85 206 2941 1931 3695 218 1765
165429 1076 102 25275 1950 85009 311751 166097 47098 26199 3644 7025 147684 57895 32892 38481 20 62014 3155 122848 23038 4428 1605 1868 103516 103022 2908 67195 4334 183 439 6356 4157 7932 479 3780
165430 1082 103 18383 1417 61828 226768 120877 34265 19100 2688 5094 107515 42264 23935 27839 11 45060 2328 89155 16725 3208 1186 1373 75563 74762 2107 48969 3155 135 318 4616 2993 5768 346 2744
165431 1086 105 91486 7034 307341 1127013 601107 170289 94735 13204 25415 534404 209724 118939 139003 67 224105 11441 443511 83045 16057 5782 6780 374779 372141 10503 243637 15727 664 1587 22996 15000 28706 1731 13686
165432 1095 112 25446 1947 85320 312997 166711 47349 26335 3670 7058 148149 58196 33067 38492 18 62283 3157 122906 23124 4474 1611 1894 104145 103221 2912 67635 4351 182 443 6405 4130 7966 478 3823
165433 1086 102 60934 4626 204707 750429 399981 113411 63106 8811 16876 355487 139630 79279 92518 44 149140 7579 295216 55324 10705 3852 4486 249393 247728 6978 162084 10499 443 1063 15308 9936 19116 1158 9159
165434 1081 101 26944 2048 90706 332243 177579 50234 27963 3933 7463 157476 61811 35154 40995 17 66084 3362 130892 24501 4728 1727 2001 110430 109839 3084 71819 4630 196 475 6803 4406 8445 512 4024
165435 1083 102 42517 3305 142673 523683 279608 79112 44176 6217 11694 247878 97644 55284 64282 31 103988 5406 206268 38788 7475 2741 3176 174276 172877 4890 113172 7252 317 728 10695 6978 13412 801 6264
165436 1094 109 11607 890 39048 142953 76142 21668 12042 1667 3210 67809 26654 15102 17721 9 28442 1448 56142 10570 2048 721 865 47516 47123 1358 30932 2006 82 202 2912 1889 3636 218 1743
165437 1091 109 22587 1705 75715 277905 147760 42050 23297 3246 6272 131779 51608 29369 34223 17 55190 2773 109098 20438 3962 1397 1641 92167 91808 2609 59772 3905 160 397 5664 3701 7051 426 3403
165438 1091 108 128440 9861 431364 1582148 842991 239079 133080 18565 35538 749824 294265 167037 195466 94 314614 16039 622673 116696 22539 8135 9507 525904 522284 14782 341629 22115 945 2240 32273 21032 40328 2435 19236
165439 1102 116 54593 4192 183346 672803 358950 101377 56605 7916 15150 318556 125098 70875 82839 42 133670 6887 264953 49640 9590 3476 4061 223636 222222 6307 145480 9370 403 944 13733 8941 17162 1031 8134
165440 1099 116 71866 5506 241018 885340 471135 133408 74483 10379 19898 419154 164593 93441 109271 56 175948 8965 348344 65326 12625 4540 5356 294428 291985 8313 191135 12378 530 1249 18054 11746 22627 1358 10751
165441 1105 122 16053 1220 53854 197752 105107 29909 16587 2312 4485 93764 36792 20910 24516 10 39315 1990 77809 14566 2801 1006 1188 65675 65217 1842 42689 2767 115 284 4027 2619 5032 308 2425
165442 1078 99 18425 1429 62063 227036 121612 34395 19125 2694 5096 107677 42292 23948 27928 13 45140 2345 89594 16773 3227 1188 1370 75548 75204 2123 49139 3150 133 317 4642 3012 5777 347 2729
165443 1083 101 24617 1890 82714 303405 161986 45797 25457 3555 6838 143838 56467 31983 37542 19 60463 3100 119794 22343 4329 1559 1822 100759 100365 2830 65616 4196 180 426 6189 4048 7705 467 3662
165444 1074 96 17483 1343 58781 215793 115030 32622 18110 2541 4863 102354 40104 22764 26726 14 42851 2192 85051 15909 3080 1097 1310 71589 71313 2045 46597 3028 129 303 4395 2859 5525 330 2613
165445 1091 103 56409 4346 189517 695106 370944 104896 58500 8182 15626 329446 129335 73322 85617 42 138203 7079 273595 51364 9924 3602 4201 231120 229528 6501 150255 9680 416 977 14214 9223 17722 1057 8392
165446 1091 103 20482 1580 68837 252131 134747 38226 21197 2966 5640 119593 46893 26636 31171 15 50245 2548 99363 18618 3598 1299 1535 83711 83457 2368 54603 3508 148 355 5166 3331 6418 387 3069
165448 1100 119 41922 3232 140659 516278 275015 78039 43506 6085 11588 244624 96151 54500 63621 31 102628 5258 203124 38081 7334 2675 3131 171735 170294 4864 111514 7205 311 724 10503 6877 13218 788 6225
165449 1103 118 1420 104 4707 17429 9185 2639 1449 205 386 8247 3246 1849 2117 0 3465 178 6795 1272 244 85 100 5772 5746 162 3735 242 9 24 354 234 449 27 215
165450 1104 120 63463 4864 212734 781250 416456 117736 65690 9149 17572 369805 145188 82257 96454 50 155119 7963 307656 57622 11163 4001 4734 259596 257996 7329 168798 10872 468 1096 15949 10340 19925 1201 9476
165451 1100 118 24234 1876 81452 298732 159408 45124 25194 3535 6727 141608 55691 31580 36818 16 59530 3061 117657 22087 4246 1564 1818 99438 98541 2786 64637 4139 180 415 6077 3942 7618 457 3584
165452 1113 117 22020 1705 74078 271332 144474 41084 22771 3163 6127 128871 50422 28652 33544 15 54024 2741 106627 20013 3845 1387 1654 90150 89629 2519 58599 3804 154 388 5494 3596 6896 418 3324
165453 1114 117 52006 3985 175101 641289 342447 97108 53877 7531 14452 304178 119411 67768 79297 36 127420 6513 252588 47238 9168 3301 3892 213109 211935 6020 138794 8953 374 909 13094 8491 16358 990 7795
165454 1092 95 15432 1186 51908 190274 101273 28723 15993 2231 4290 90258 35345 20085 23475 11 37817 1923 74959 14025 2705 975 1129 63153 62873 1800 40915 2654 115 268 3884 2523 4842 291 2300
165455 1095 96 18920 1441 63534 233270 124248 35190 19611 2731 5272 110361 43296 24552 28658 14 46306 2364 91588 17253 3319 1206 1419 77610 76864 2193 50350 3258 135 329 4745 3084 5967 355 2823
165456 1082 93 42735 3273 143733 527079 281189 79647 44339 6192 11850 249825 98101 55604 65032 29 104777 5376 207716 38864 7507 2715 3199 175316 174082 4930 113916 7311 314 744 10788 7004 13405 807 6357
165458 1086 96 80353 6162 269796 989896 527811 149418 83281 11611 22203 468859 184200 104419 121951 58 196718 10031 389638 73066 14114 5102 5964 329022 326864 9268 213812 13779 590 1386 20220 13106 25262 1520 11961
165459 1085 96 208739 15989 701041 2571097 1370682 388503 216248 30252 57792 1218603 478182 271466 317174 151 511313 26045 1011548 189640 36609 13247 15500 854537 848962 24004 555295 35873 1514 3630 52404 34119 65545 3950 31206
165461 1085 96 36106 2739 121087 444716 236805 67192 37338 5207 10044 210774 82593 46938 54749 25 88425 4510 174782 32774 6364 2280 2673 147804 146827 4143 95988 6210 254 629 9079 5906 11313 683 5423
165462 1087 99 5908 444 19751 72828 38486 10964 6106 837 1644 34561 13480 7687 8911 4 14420 727 28457 5357 1042 364 433 24219 23972 683 15555 1030 40 103 1483 966 1863 111 904
165463 1097 102 12065 920 40456 148613 79064 22451 12466 1731 3365 70431 27573 15683 18312 7 29528 1481 58338 10924 2124 750 892 49410 49001 1398 32016 2092 86 210 3036 1967 3793 229 1814
165464 1091 108 76028 5844 254998 935781 498699 141201 78742 11020 21005 443594 174062 98736 115371 53 186185 9527 368238 69070 13350 4826 5630 311249 308944 8735 202110 13026 558 1319 19083 12382 23831 1427 11346
165465 1092 109 6903 540 23339 85232 45739 12877 7215 1013 1903 40483 15962 8986 10569 5 16961 894 33696 6357 1218 454 526 28435 28155 817 18555 1167 54 118 1743 1119 2168 125 1004
165466 1110 123 49256 3792 165702 607087 324162 91747 51083 7165 13623 288077 113026 64110 75070 35 120852 6194 239306 44790 8670 3123 3675 201849 200662 5659 131376 8473 361 860 12396 8028 15447 931 7378
165467 1107 122 11349 875 37964 139703 74205 21036 11742 1636 3147 66097 25979 14699 17238 8 27710 1421 54877 10346 1993 723 839 46470 46022 1316 30124 1929 84 193 2838 1850 3556 211 1680
165468 1107 122 60882 4678 204615 750320 400261 113320 63213 8872 16875 355496 139648 79228 92321 44 149221 7656 295188 55391 10661 3892 4503 249513 247713 6982 162116 10463 443 1058 15273 9967 19160 1156 9096
165470 1113 125 57518 4374 192989 708775 377175 106996 59526 8318 15919 336121 131743 74784 87322 40 140939 7155 278536 52193 10147 3627 4250 235644 234085 6631 152754 9879 416 1012 14403 9377 18054 1086 8659
165471 1104 118 3810 290 12816 46962 25015 7099 3946 546 1053 22287 8770 4950 5811 3 9335 463 18436 3473 678 239 288 15627 15465 457 10159 663 27 66 962 620 1197 70 579
165473 1103 112 84238 6451 282849 1037421 553010 156711 87100 12135 23358 492125 192895 109500 128216 60 206310 10483 408489 76417 14794 5306 6239 344693 342634 9687 224024 14487 605 1464 21122 13794 26351 1600 12631
165474 1104 112 133408 10243 447297 1643552 874655 247980 138191 19250 36990 778908 305438 173451 202645 102 326554 16672 646224 121275 23435 8444 9897 546385 542346 15437 354371 22916 961 2319 33553 21814 41921 2526 19970
165475 1110 122 56574 4303 190178 697307 371682 105452 58566 8204 15657 329973 129591 73780 85819 41 138598 7020 274295 51327 9952 3610 4164 231596 230292 6468 150518 9743 411 988 14233 9246 17734 1085 8531
165476 1101 116 36113 2762 121193 444768 236602 67255 37410 5219 9986 210588 82621 47020 54576 24 88320 4487 174569 32814 6333 2268 2653 147888 146800 4136 95756 6220 263 628 9061 5871 11303 681 5444
165477 1107 112 27790 2143 93465 342659 182989 51750 28841 4053 7657 162470 63840 36194 42263 17 68101 3499 135056 25298 4890 1791 2085 114000 113107 3197 74156 4756 201 480 6994 4511 8738 530 4154
165478 1108 112 24212 1888 81593 298607 159794 45073 25156 3535 6675 141588 55738 31466 36925 18 59394 3083 118013 22045 4250 1552 1814 99358 98693 2805 64816 4114 186 414 6109 3960 7578 454 3564
165480 1108 112 21277 1607 70997 261582 138711 39368 22054 3082 5890 123625 48505 27576 31958 15 51824 2656 102502 19369 3720 1346 1576 86954 86102 2442 56248 3649 157 369 5327 3477 6722 397 3177
165481 1109 113 63363 4851 213102 781301 416715 118078 65794 9172 17587 370396 145348 82442 96392 45 155383 7942 307389 57678 11115 4021 4731 259626 258142 7295 168805 10897 456 1104 15912 10326 19880 1200 9512
165482 1105 116 95258 7304 320403 1175001 627010 177349 98797 13824 26393 556270 218697 123944 144664 68 233686 11964 462498 86670 16716 6055 7133 390493 388202 10972 253999 16377 702 1657 24029 15616 29939 1794 14246
165483 1105 116 23116 1770 77460 284118 151784 42841 23986 3370 6381 134649 52900 29993 35088 16 56458 2907 112059 20969 4062 1484 1712 94523 93758 2654 61533 3946 171 403 5796 3774 7219 438 3441
165484 1100 115 107839 8307 362556 1329248 709629 200814 111958 15677 29835 629798 247511 140134 164058 77 264504 13566 523908 98123 18933 6884 8101 441904 439131 12479 287475 18497 795 1863 27113 17657 33873 2039 16034
165485 1100 115 17364 1357 58504 214475 114502 32384 18105 2548 4823 101581 39937 22634 26469 13 42732 2193 84512 15838 3050 1125 1301 71418 70805 1997 46379 2970 125 299 4376 2823 5467 330 2590
165487 1091 113 119150 9204 400526 1468254 783937 221674 123656 17275 32934 695917 273503 154873 181733 84 292160 14989 578884 108453 20926 7576 8900 488025 484885 13803 317972 20406 880 2058 29985 19466 37369 2254 17721
165488 1098 119 10177 782 34088 125255 66641 18876 10533 1466 2834 59344 23293 13199 15460 6 24932 1270 49245 9215 1775 644 762 41651 41321 1165 27009 1749 73 177 2552 1674 3184 191 1520
165489 1085 106 33267 2506 111863 409882 218364 61971 34438 4795 9250 194514 76229 43347 50742 25 81543 4114 161287 30196 5848 2084 2457 136059 135402 3852 88412 5746 245 590 8371 5433 10404 631 5027
165490 1097 109 5776 438 19268 70909 37552 10697 5961 826 1588 33530 13134 7498 8728 3 14072 703 27751 5217 1014 357 414 23549 23383 668 15221 995 41 102 1448 935 1820 106 870
165491 1102 109 11388 849 38175 140169 74448 21179 11793 1645 3160 66312 26048 14802 17276 7 27847 1400 55045 10330 1992 719 832 46622 46213 1308 30174 1973 85 200 2856 1862 3581 215 1717
165493 1099 107 66443 5057 222740 817938 435231 123444 68864 9581 18383 387145 152076 86296 100741 47 162510 8276 321395 60458 11660 4233 4909 271533 269765 7707 176471 11427 486 1151 16702 10845 20837 1255 9943
165495 1104 107 86949 6633 291846 1071638 571058 161562 90093 12589 24111 507736 199273 113061 132294 65 212943 10859 421854 79106 15284 5521 6439 356450 353788 10003 231415 14901 629 1509 21867 14189 27333 1655 13022
165496 1107 107 25243 1937 84407 310371 165218 46770 26138 3645 6977 146659 57735 32780 38003 17 61636 3159 121995 22891 4439 1602 1880 103240 102375 2901 66944 4305 183 435 6334 4123 7956 470 3746
165497 1112 113 49311 3794 165709 608208 324021 91872 51231 7148 13661 288272 113055 64157 74842 37 120893 6198 239346 44918 8663 3132 3642 202057 200836 5667 131223 8484 362 852 12421 8095 15483 931 7371
165498 1104 111 65147 4968 218507 802527 427520 121133 67457 9447 18048 380205 149375 84698 99308 46 159614 8152 315871 59106 11426 4137 4842 266561 264825 7538 173323 11205 485 1132 16358 10697 20469 1231 9722
165499 1107 113 35900 2745 120385 441775 234943 66806 37067 5165 9970 209510 82165 46697 54685 28 87852 4451 173794 32495 6302 2251 2623 146755 145763 4117 95220 6169 256 625 9000 5863 11243 683 5375
165500 1120 119 29505 2280 99000 363543 193755 54862 30601 4286 8175 172287 67625 38334 44753 21 72317 3717 142955 26820 5184 1888 2217 120859 119925 3384 78583 5068 216 511 7411 4818 9276 560 4404
165501 1116 118 135951 10401 456512 1674869 892804 253004 140976 19707 37706 793778 311576 176697 206619 102 332722 17032 659391 123581 23869 8630 10098 556907 553148 15635 361788 23339 1006 2368 34091 22246 42642 2562 20310
165502 1122 116 17001 1305 57112 209067 111662 31599 17610 2451 4660 99079 38909 22066 25761 11 41619 2121 82430 15431 2991 1076 1251 69499 69044 1944 45210 2904 124 291 4294 2763 5307 322 2549
165503 1100 100 49651 3806 166785 612203 326275 92370 51434 7183 13778 290098 114004 64638 75582 38 121667 6220 240943 45181 8738 3150 3704 203326 202035 5731 132264 8521 359 861 12482 8129 15613 942 7422
165504 1105 103 57521 4408 193400 708920 378482 106975 59619 8372 15935 336077 131992 74818 87475 43 141012 7230 279168 52284 10092 3677 4273 235781 234153 6624 153284 9855 419 994 14486 9397 18039 1085 8594
165505 1104 102 33726 2610 113082 415831 221511 62624 35018 4890 9356 196840 77201 43826 51064 26 82628 4246 163499 30756 5905 2149 2522 138280 137349 3877 89699 5760 244 585 8432 5526 10617 632 5011
165507 1103 102 36983 2815 123994 455361 242054 68870 38231 5318 10267 215680 84557 48104 56040 28 90452 4597 178799 33483 6499 2325 2733 151251 150276 4233 98096 6366 266 647 9289 6045 11607 697 5571
165508 1114 108 11329 879 38012 139882 74653 21060 11761 1646 3158 66325 26052 14721 17394 7 27906 1445 55232 10322 1998 732 867 46524 46203 1334 30283 1931 83 195 2849 1853 3573 216 1668
165509 1038 79 37654 2893 126461 463805 247715 70000 38997 5450 10409 219776 86375 48949 57124 26 92261 4730 182625 34174 6580 2386 2819 154170 153200 4325 100408 6446 277 649 9480 6187 11830 709 5589
165510 1116 113 27875 2158 93660 343995 183915 51789 29002 4081 7751 162809 63985 36239 42202 19 68297 3543 135500 25474 4894 1806 2059 114384 113691 3206 74277 4764 211 478 7031 4558 8764 520 4117
165511 1073 99 15720 1215 52687 193584 103177 29243 16292 2286 4342 91806 35943 20394 23858 11 38495 1993 76098 14328 2766 995 1166 64417 63927 1822 41767 2689 114 271 3933 2565 4937 292 2345
165512 1075 99 39170 3018 131730 483699 257677 72922 40706 5704 10856 229228 89863 50948 59483 29 96116 4963 190352 35784 6877 2513 2892 160871 159813 4511 104227 6691 283 680 9859 6398 12333 734 5859
165513 1077 99 7750 579 25834 95145 50392 14380 7976 1098 2172 45063 17630 10057 11748 6 18860 943 37262 6978 1351 480 558 31515 31377 892 20401 1343 53 137 1928 1270 2423 149 1179
165514 1086 103 53270 4114 179307 656834 350977 99158 55340 7757 14730 311264 122314 69373 81308 37 130728 6691 259127 48485 9340 3418 3962 218231 217019 6126 142269 9144 391 921 13425 8725 16738 1018 7940
165515 1075 91 28167 2151 94577 346908 185125 52398 29119 4061 7802 164216 64501 36617 42817 18 68948 3504 136606 25594 4937 1763 2109 115084 114603 3250 74969 4852 213 494 7099 4635 8824 534 4204
165516 1076 87 77245 5959 259920 952150 508128 143899 80078 11190 21388 451427 177131 100477 117668 55 189434 9682 374928 70189 13533 4910 5736 316622 314585 8880 205888 13238 562 1343 19392 12659 24245 1461 11525
165517 1075 86 1663 125 5516 20455 10740 3063 1706 240 461 9687 3760 2161 2517 1 4066 207 7998 1504 289 105 118 6798 6748 191 4326 288 12 28 404 272 523 32 250
165518 1075 86 28435 2210 95589 351215 187278 52911 29515 4154 7898 166333 65337 37030 43320 20 69761 3624 138394 25890 5000 1814 2134 116805 116023 3299 75948 4867 212 491 7156 4647 8984 535 4215
165519 1074 86 20884 1618 70390 257823 137740 38918 21637 3026 5811 122363 48031 27194 31866 17 51295 2629 101656 18971 3664 1322 1554 85711 85265 2428 55751 3595 159 362 5254 3445 6556 392 3101
165520 1075 86 34986 2676 117826 431434 230698 65217 36282 5086 9717 204399 80385 45598 53312 25 85900 4419 170085 31796 6140 2222 2610 143372 142607 4001 93536 6027 255 611 8791 5733 11007 663 5230
165521 1076 86 8881 690 29670 109334 58148 16380 9202 1286 2468 51651 20262 11491 13424 7 21744 1121 42956 8092 1550 563 660 36370 36055 1018 23541 1514 64 152 2219 1458 2788 165 1319
165522 1075 86 65766 5004 220318 809284 430671 122186 68056 9511 18185 383384 150354 85478 99370 51 160791 8172 317908 59710 11542 4179 4823 269013 267121 7523 174381 11302 475 1149 16501 10761 20629 1245 9840
165523 1084 98 32140 2473 108078 396126 210994 59920 33332 4664 8872 187865 73770 41858 48989 23 78861 4031 155921 29233 5648 2049 2379 131656 130722 3697 85537 5523 232 562 8061 5271 10083 608 4825
165524 1093 106 8475 646 28472 104691 55553 15849 8743 1206 2377 49657 19379 11035 12837 7 20777 1046 41023 7711 1492 533 616 34775 34594 982 22464 1459 55 149 2122 1393 2653 158 1291
165525 1100 112 4334 332 14611 53499 28572 8122 4491 629 1210 25406 9969 5657 6587 3 10609 545 21019 3949 769 277 322 17810 17653 510 11564 746 32 77 1092 706 1353 82 652
165527 1100 103 5527 423 18577 68073 36225 10312 5727 794 1531 32271 12681 7190 8400 4 13526 698 26709 5017 976 348 418 22620 22456 653 14715 954 39 94 1386 898 1743 104 821
165528 1095 94 67586 5170 227281 833162 444054 126003 69995 9789 18713 394963 154940 88034 102803 48 165731 8417 327952 61407 11890 4275 4987 276907 275156 7771 179794 11623 490 1180 16957 11029 21223 1285 10164
165529 1090 90 114989 8772 385418 1415944 753497 213527 119073 16641 31895 670241 263097 149409 174036 85 281149 14339 556307 104509 20189 7290 8528 470969 466923 13214 305379 19754 835 2005 28853 18783 36164 2166 17196
165530 1100 97 3172 247 10727 39028 20972 5903 3291 467 880 18529 7335 4107 4854 1 7749 409 15413 2889 552 206 243 13037 12868 363 8501 549 23 55 792 514 998 59 469
165532 1106 96 7763 583 26015 95633 50826 14429 8060 1131 2144 45301 17753 10111 11812 5 18997 965 37575 7048 1370 499 565 31832 31507 892 20580 1333 57 134 1929 1269 2447 148 1166
165533 1103 95 21024 1590 70565 258630 138097 38938 21755 3033 5806 122665 48127 27271 31997 15 51421 2604 101761 19033 3691 1333 1556 85931 85507 2422 55941 3615 153 361 5274 3415 6587 393 3147
165534 1102 95 136703 10441 458515 1683609 897184 253791 141534 19745 37893 797241 313058 177551 207770 103 334690 17082 662817 124192 23978 8622 10150 559478 555968 15777 363502 23465 1000 2375 34374 22351 42921 2581 20426
165535 1104 98 11865 909 39946 146280 78251 22109 12254 1719 3276 69284 27262 15447 18085 8 29153 1478 57661 10754 2082 762 898 48583 48350 1361 31748 2051 85 206 2978 1960 3740 226 1769
165536 1105 100 66862 5122 224578 823821 439050 124365 69269 9638 18513 390395 153172 86894 101707 47 163653 8352 324319 60785 11755 4248 4956 273850 271998 7708 177852 11476 494 1162 16811 10917 20998 1264 10002
165537 1108 101 17541 1330 58684 215742 114585 32516 18128 2520 4852 102147 40052 22779 26558 13 42792 2167 84669 15927 3092 1103 1302 71636 71204 2030 46365 3020 127 309 4414 2860 5516 323 2627
165538 1084 87 18384 1410 61851 226665 120670 34275 19073 2669 5083 107554 42210 24045 27832 12 45012 2277 88872 16683 3263 1169 1364 75421 74683 2097 48845 3168 130 327 4626 2994 5772 350 2787
165540 1082 86 78692 6051 263785 969558 516274 146200 81595 11432 21825 459257 180156 102258 119559 60 192665 9911 381287 71577 13798 5020 5829 322336 320127 9082 209188 13487 579 1368 19754 12866 24714 1480 11717
165541 1085 86 51700 3965 173652 636616 339590 96283 53552 7482 14308 301834 118473 67100 78502 35 126580 6475 250486 47056 9073 3283 3845 211691 210158 5960 137683 8848 378 896 12976 8446 16177 969 7720
165542 1069 77 13567 1068 45727 167361 89684 25337 14094 1989 3755 79431 31238 17662 20764 9 33347 1731 66100 12361 2374 877 1029 55741 55304 1573 36326 2313 103 234 3412 2227 4256 255 1993
165543 1041 87 126685 9661 424838 1559599 830812 235755 131146 18311 35117 739140 289981 164692 192169 84 309916 15801 613152 115125 22185 8026 9390 518385 514938 14477 336591 21800 911 2212 31760 20730 39744 2401 18971
165544 1043 88 28960 2253 97399 356905 190898 54025 30059 4221 7985 168988 66625 37681 43985 19 71029 3678 140636 26374 5098 1882 2195 118875 117797 3329 77476 4950 209 498 7257 4732 9127 546 4297
165545 1055 94 13437 1025 45197 165575 88468 24998 13936 1942 3728 78431 30812 17470 20515 8 32935 1693 65284 12228 2367 859 1003 54982 54664 1539 35800 2315 100 232 3374 2193 4206 256 2015
165546 1068 98 76193 5865 256170 939617 500588 141972 78969 11028 21150 445431 174813 99160 115698 52 186737 9513 369492 69272 13385 4834 5652 312400 310304 8815 202774 13107 549 1330 19123 12500 23946 1432 11393
165547 1065 96 55400 4273 186124 683137 364433 103049 57581 8079 15344 323991 127127 72092 84361 40 135882 6983 269078 50403 9741 3559 4148 227402 225579 6389 147666 9487 410 962 13907 9053 17384 1043 8244
165548 1065 96 69708 5345 234025 858310 457530 129732 72217 10097 19348 407174 159811 90566 105732 50 170548 8753 337766 63240 12219 4412 5166 285694 283260 8025 185583 11942 518 1212 17476 11391 21844 1313 10396
165549 1059 94 9395 723 31785 116248 62292 17585 9704 1368 2587 55206 21589 12289 14486 8 23149 1171 46052 8543 1669 607 710 38597 38551 1095 25171 1618 69 165 2381 1554 2954 182 1407
165550 1051 93 5213 399 17433 63785 34206 9641 5372 745 1434 30346 11920 6713 7943 3 12721 649 25157 4708 895 331 382 21195 21112 605 13863 888 38 89 1304 878 1613 95 761
165551 1056 92 55654 4283 187075 686059 366370 103485 57698 8051 15408 324993 127568 72340 84645 38 136424 6953 270046 50613 9761 3553 4142 228068 226667 6408 148445 9556 402 959 14010 9075 17470 1061 8301
165552 1055 91 89081 6834 299302 1097501 585608 165545 92357 12906 24645 520068 204141 115743 135523 66 218094 11154 432230 80986 15619 5652 6645 365019 362561 10214 237164 15256 652 1549 22436 14583 28016 1688 13293
165553 1040 85 68139 5196 228387 839184 446678 126606 70525 9845 18887 397526 155919 88549 103248 50 166706 8502 329877 61868 11973 4312 5052 278890 276965 7819 180901 11710 493 1190 17089 11189 21390 1291 10183
165554 1044 88 14293 1103 47989 176130 93985 26507 14816 2085 3968 83464 32761 18567 21720 10 35078 1812 69468 13007 2518 925 1061 58643 58197 1656 38134 2427 107 247 3588 2339 4491 264 2103
165555 1047 89 42980 3277 144185 528955 281660 79943 44452 6194 11916 250568 98421 55830 65030 30 105034 5349 207729 39054 7545 2703 3157 175878 174488 4946 114199 7393 304 745 10788 7003 13486 812 6442
165557 1047 89 18966 1455 63807 233972 125099 35266 19665 2758 5253 110903 43541 24629 28863 13 46503 2399 92179 17289 3331 1220 1416 77856 77359 2162 50702 3266 136 327 4778 3103 5942 360 2819
165558 1047 89 24083 1842 81032 296918 158323 44977 24919 3473 6639 140796 55199 31383 36510 17 59012 3012 116854 21887 4224 1536 1771 98702 98187 2770 64026 4135 178 416 6048 3917 7549 456 3620
165559 1048 89 39106 3051 131524 481791 257389 72758 40628 5680 10793 228270 89927 50782 59664 29 95872 4929 190066 35669 6847 2470 2946 160209 159001 4518 104569 6711 293 669 9812 6437 12290 739 5781
165560 1052 98 30924 2351 103403 380455 202142 57430 32033 4482 8559 180053 70689 40153 46672 23 75441 3874 149319 28098 5450 1968 2284 126576 125252 3542 81924 5300 227 535 7734 5066 9744 582 4597
165561 1052 98 41179 3136 138172 506985 269864 76510 42726 5977 11400 240174 94286 53498 62427 32 100620 5182 199397 37419 7263 2624 3053 168630 167307 4771 109272 7046 309 707 10346 6730 12889 775 6142
165563 1060 100 40474 3085 135916 498936 266023 75382 41923 5861 11243 236369 92801 52695 61277 30 99194 5071 196061 36902 7126 2577 2989 166031 164680 4653 107739 6928 297 699 10182 6646 12698 763 6055
165564 1061 100 27924 2149 93850 343986 183007 52094 28947 4044 7708 163307 64108 36348 42543 20 68380 3464 135273 25338 4900 1772 2061 114321 113548 3236 74139 4778 213 486 7008 4571 8750 524 4145
165565 1067 105 55342 4222 185997 681931 363345 103145 57327 7997 15364 323472 126848 72097 84372 42 135547 6887 268437 50239 9758 3491 4111 226503 225242 6358 147191 9519 406 970 13889 9080 17335 1045 8299
165566 1067 105 25857 2006 87127 319003 170742 48202 26909 3762 7159 151323 59476 33634 39518 18 63489 3289 126012 23589 4543 1648 1950 106141 105445 3002 69262 4407 191 445 6499 4215 8133 488 3823
165569 1068 106 13199 1009 44379 162940 86569 24567 13711 1898 3690 77313 30294 17175 20116 9 32363 1640 63981 12037 2307 827 976 54166 53698 1558 35116 2271 99 230 3318 2155 4163 249 1974
165570 1070 105 122675 9376 412163 1511706 805291 228269 127063 17734 34004 716109 280772 159520 186781 95 300562 15329 595042 111404 21515 7758 9079 502108 499437 14165 326161 21081 888 2129 30862 20026 38468 2329 18373
165571 1054 92 28315 2182 95085 348812 185865 52763 29347 4096 7887 165416 64972 36881 42987 23 69310 3535 137137 25719 4992 1807 2112 116047 115090 3265 75243 4861 207 496 7115 4623 8904 539 4249
165572 1058 92 60446 4644 202888 743659 396731 112221 62633 8748 16733 352563 138486 78436 91909 43 148037 7578 292954 54784 10607 3825 4495 247301 245508 6951 160894 10367 443 1046 15156 9886 18974 1139 8989
165573 1076 109 17247 1308 57756 211884 112868 32082 17868 2515 4761 100321 39458 22390 26132 13 42102 2141 83282 15658 3046 1091 1281 70321 69915 1996 45654 2982 126 298 4331 2805 5422 329 2578
165574 1076 109 2157 165 7239 26522 14152 3993 2223 310 602 12568 4912 2795 3237 1 5266 263 10410 1953 377 134 159 8826 8779 247 5701 368 14 38 540 351 680 40 321
165575 1077 110 34124 2604 114224 420211 223547 63217 35266 4919 9485 198908 78026 44331 51736 22 83503 4230 165200 30912 5966 2149 2524 139521 138665 3910 90526 5877 248 592 8562 5579 10711 650 5110
165576 1116 131 30640 2348 103069 378055 201767 56998 31770 4446 8513 178872 70232 39835 46574 23 75171 3825 148900 27915 5383 1948 2279 125519 125033 3511 81606 5261 219 534 7715 5036 9603 581 4597
165577 1116 129 30593 2383 102885 377245 201651 56826 31757 4437 8453 178964 70178 39722 46911 22 75113 3878 148913 27855 5385 1949 2298 125505 124847 3548 81785 5234 219 531 7706 4987 9600 576 4542
165578 1101 124 31788 2445 106468 391055 208238 59013 32937 4587 8793 185156 72794 41305 48058 24 77610 3990 153736 28905 5574 2016 2366 130057 129003 3669 84391 5425 230 549 7966 5207 9999 595 4716
165579 1100 122 104509 8075 351352 1288029 687479 194541 108455 15156 28917 610561 239946 135917 159554 75 256368 13143 507861 95145 18364 6647 7812 428081 425341 12105 278822 17902 771 1814 26295 17090 32765 1980 15569
165580 1120 134 139497 10701 468582 1718381 915482 259669 144499 20136 38618 814461 319534 181422 212239 102 341756 17372 676151 126722 24484 8828 10323 571118 567387 16036 370987 24030 1020 2437 35036 22835 43793 2647 20927
165581 1047 89 10088 772 33907 124446 66321 18808 10478 1468 2785 59071 23138 13156 15339 7 24742 1272 49015 9206 1792 653 754 41416 41057 1176 26867 1729 74 175 2545 1626 3187 191 1514
165582 1049 90 8795 658 29381 107923 57250 16259 9058 1253 2450 51161 20068 11415 13289 5 21492 1080 42353 7932 1532 546 640 35918 35559 1002 23250 1513 61 152 2193 1429 2757 165 1321
165583 1052 91 5710 432 19205 70322 37280 10690 5867 805 1597 33461 13036 7441 8777 5 14002 689 27556 5148 995 349 416 23297 23196 656 15121 995 37 103 1435 932 1774 111 880
165584 1053 87 38417 2924 129034 473178 252093 71516 39673 5530 10658 224301 87866 49926 58454 30 94119 4761 186106 34815 6728 2413 2857 157169 156419 4398 102055 6600 271 676 9648 6303 12065 728 5792
165585 1083 102 48451 3677 162695 597065 317845 90133 50143 7002 13469 282878 110958 63062 73761 35 118631 6037 234904 44110 8506 3060 3604 198362 196997 5604 128816 8324 353 847 12178 7931 15189 917 7284
165586 1083 102 145127 11130 487985 1790125 954456 270476 150594 21105 40252 848361 332883 188979 220316 104 355672 18259 704444 132086 25585 9252 10801 595112 591047 16721 386505 24957 1069 2521 36479 23713 45524 2756 21760
165587 1075 100 13966 1087 46931 172318 91885 26062 14495 2032 3878 81712 32026 18185 21233 10 34294 1772 67779 12770 2454 898 1045 57378 56868 1606 37219 2384 103 242 3506 2293 4393 266 2057
165588 1075 100 22211 1711 74667 273519 145745 41282 23046 3215 6156 129823 50809 28871 33842 18 54521 2788 107725 20214 3886 1417 1652 90882 90387 2560 59154 3805 162 385 5553 3628 6945 412 3313
165589 1054 89 12141 934 40826 149697 79658 22601 12603 1757 3363 71119 27851 15802 18551 10 29747 1502 58786 11070 2148 758 910 49853 49334 1416 32331 2091 86 215 3042 1972 3815 227 1827
165590 1054 89 22042 1682 74036 271758 144826 40964 22814 3167 6135 128915 50493 28679 33616 15 54153 2738 107087 20025 3854 1390 1621 90269 89863 2542 58698 3793 159 383 5524 3627 6936 416 3307
165592 1073 110 9217 711 30901 113610 60430 17097 9578 1345 2539 53719 21099 11973 13976 8 22541 1141 44615 8414 1626 597 678 37727 37430 1070 24471 1576 68 158 2329 1514 2892 174 1367
165593 1069 101 23182 1785 77845 285227 152156 43029 23991 3343 6399 135394 53077 30074 35307 18 56632 2897 112330 21032 4058 1468 1709 94784 94210 2665 61678 3980 170 399 5793 3810 7256 438 3451
165595 1067 102 60266 4606 202938 743720 396303 112635 62610 8755 16722 352857 138327 78637 91922 41 147807 7522 292575 54875 10643 3850 4506 247262 245525 6975 160627 10399 443 1056 15158 9835 18959 1154 9072
165596 1067 102 56973 4378 191315 701157 373845 105834 59019 8218 15794 332528 130539 73943 86731 41 139615 7110 276126 51641 9984 3594 4245 233052 231494 6554 151663 9792 414 991 14284 9328 17903 1073 8499
165597 1047 91 32206 2451 108161 397065 211613 59963 33479 4685 8919 188032 73909 41981 48942 22 78867 4056 156290 29266 5698 2058 2406 132222 130812 3716 85879 5510 239 558 8101 5242 10160 609 4806
165598 1050 91 9905 760 33316 122061 65145 18393 10245 1427 2728 57810 22661 12863 15104 7 24296 1238 48161 8982 1739 627 742 40540 40357 1143 26390 1707 74 169 2499 1618 3101 187 1483
165599 1062 98 77148 5867 258648 950591 505832 143227 79833 11117 21460 450097 176273 100158 117177 56 188844 9612 373570 70094 13557 4857 5725 315610 313954 8878 204874 13291 556 1346 19324 12626 24220 1455 11605
165600 1054 95 28554 2166 95839 351569 186780 53264 29513 4101 7940 166731 65337 37227 43450 21 69925 3504 138103 25833 5022 1778 2096 116787 115999 3253 75710 4932 196 502 7165 4662 8963 550 4333
165601 1069 100 135698 10405 456300 1673635 892227 252893 140664 19655 37690 793295 311263 176753 206575 102 332619 17002 658669 123464 23822 8600 10074 556264 552984 15607 361448 23358 991 2376 34098 22168 42624 2575 20310
165602 1073 102 53077 4085 178247 653975 348418 98838 55033 7684 14676 309972 121740 69000 80789 37 130035 6669 257375 48235 9334 3366 3948 217290 215877 6145 141239 9124 394 912 13362 8664 16678 998 7906
165603 1051 82 38788 2972 130558 478507 255404 72324 40225 5644 10756 226761 88980 50529 58987 28 95219 4877 188450 35312 6810 2483 2884 159140 158260 4451 103404 6644 278 679 9726 6355 12155 730 5784
165604 1012 76 3158 230 10571 39001 20616 5865 3259 447 882 18443 7182 4122 4749 2 7718 380 15219 2865 562 195 231 12937 12881 362 8309 551 19 56 798 514 992 62 495
165605 1013 76 10913 825 36632 134470 71584 20351 11320 1582 3026 63836 25051 14202 16654 7 26709 1359 52921 9914 1912 689 814 44732 44315 1260 29036 1887 82 191 2714 1792 3429 206 1640
165606 1013 75 19326 1489 64732 238122 126550 35974 20074 2807 5344 112746 44225 25084 29173 13 47270 2432 93455 17600 3409 1237 1425 79201 78487 2247 51275 3326 143 332 4856 3132 6082 361 2886
165607 1037 82 40906 3165 137475 504830 269486 76041 42550 5976 11331 239126 93932 53161 62352 29 100459 5177 199073 37267 7188 2636 3051 167947 166830 4722 109235 6999 300 703 10260 6673 12878 771 6075
165608 1036 82 38008 2864 127456 468116 248824 70722 39346 5474 10544 221982 86907 49461 57456 26 92952 4707 183551 34469 6692 2387 2782 155583 154534 4348 100643 6552 272 664 9541 6203 11945 718 5734
165609 1036 82 35230 2713 118408 434250 231767 65570 36546 5114 9749 205773 80744 45782 53679 26 86335 4431 171171 32090 6191 2253 2651 144281 143428 4092 93989 6034 260 612 8850 5759 11066 668 5254
165610 1038 82 55705 4279 186925 686482 365488 103463 57696 8026 15478 325332 127534 72421 84622 42 136493 6937 270175 50664 9800 3506 4165 228214 226630 6457 148260 9581 400 964 13991 9108 17499 1047 8358
165611 1030 82 87400 6669 293452 1076221 573303 162744 90489 12605 24227 509960 200189 113680 132784 61 213855 10895 423343 79287 15342 5516 6484 357520 355038 10082 232475 15041 639 1517 21933 14308 27399 1660 13108
165612 1038 86 52072 4022 175253 641528 342988 97057 54000 7599 14370 304200 119476 67721 78958 33 127579 6565 252571 47389 9130 3336 3893 213386 211931 5974 138877 8928 378 898 13074 8514 16348 986 7751
165613 1005 88 11574 878 38958 143024 76014 21672 11973 1668 3200 67702 26539 15143 17490 10 28372 1440 55992 10557 2053 736 871 47514 47237 1323 30763 2004 79 207 2923 1893 3628 222 1760
165614 1004 89 15379 1182 51649 189271 100895 28690 15961 2221 4251 89965 35281 19958 23429 10 37635 1928 74502 13949 2698 971 1133 63006 62525 1786 40862 2640 112 262 3858 2487 4824 288 2310
165615 1007 90 21236 1636 71407 261695 139662 39468 22027 3075 5874 124095 48763 27603 32286 14 52102 2661 103055 19305 3746 1338 1567 86945 86503 2448 56576 3653 155 366 5343 3476 6656 402 3161
165616 1029 95 13224 1021 44485 162983 87210 24607 13682 1916 3647 77252 30341 17219 20062 10 32372 1655 64269 12034 2323 847 976 54169 53893 1511 35228 2277 99 229 3350 2165 4157 251 1962
165617 1020 99 64765 4947 217423 797758 425218 120456 67078 9352 17887 378086 148326 84157 98555 47 158704 8067 314042 58815 11388 4091 4783 264938 263551 7455 172259 11116 470 1128 16302 10572 20282 1230 9691
165618 1022 99 154014 11794 516719 1897866 1010805 286215 159780 22315 42691 898943 352847 200232 234175 112 377183 19320 746672 140142 27023 9795 11424 630838 626448 17774 409747 26438 1138 2674 38692 25159 48360 2903 22999
165620 1030 103 39292 2995 131963 484299 258013 73148 40650 5657 10894 229115 89938 51110 59596 28 96304 4870 190625 35712 6913 2474 2903 160789 159991 4543 104448 6762 284 683 9898 6409 12321 752 5900
165621 904 47 6838 524 23068 84396 44989 12844 7071 985 1905 40082 15719 8923 10407 5 16758 851 33126 6231 1200 429 502 28058 27876 790 18190 1177 49 120 1725 1120 2135 129 1025
165622 906 47 22905 1757 76909 282535 150183 42658 23735 3311 6370 133859 52468 29793 34876 17 56163 2865 111149 20867 4015 1446 1681 93775 93233 2654 60819 3946 168 399 5763 3757 7199 427 3430
165624 914 55 6619 509 22256 81607 43561 12349 6894 974 1833 38749 15234 8635 10164 4 16206 843 32165 6027 1175 422 491 27150 26905 773 17673 1137 51 113 1671 1071 2082 125 977
165625 919 57 66695 5082 224145 822112 438655 124025 69140 9657 18472 389468 153029 86756 101494 47 163375 8326 323556 60587 11727 4236 4954 273288 271423 7685 177742 11475 486 1162 16795 10918 20956 1269 9974
165626 918 50 24132 1860 81259 298059 159388 44864 25103 3525 6667 141194 55471 31409 36788 17 59198 3048 117581 22030 4235 1550 1816 99107 98557 2783 64636 4119 178 417 6088 3948 7608 453 3583
165627 932 67 21033 1621 70588 258884 137997 39139 21737 3041 5865 122813 48141 27309 31869 15 51413 2662 101892 19044 3682 1330 1556 86048 85528 2421 55893 3609 151 368 5261 3447 6605 398 3143
165628 928 61 148024 11379 497326 1824923 973250 275461 153561 21449 41006 864402 339443 192519 224608 113 362824 18609 718352 134785 26031 9429 11030 606604 602869 17067 394363 25370 1085 2567 37286 24186 46499 2785 22081
165629 930 58 9255 712 31155 114088 60844 17246 9638 1335 2547 54049 21209 12051 14084 6 22719 1152 44940 8410 1628 579 683 37847 37649 1061 24669 1595 66 162 2336 1522 2891 176 1390
165632 978 113 81781 6233 274427 1007581 536090 152159 84705 11786 22671 477647 187257 106388 124131 62 200286 10201 396037 74375 14373 5152 6043 335013 332597 9412 217294 14052 583 1425 20492 13357 25696 1544 12273
165633 978 113 82448 6351 277280 1016716 542749 153399 85525 11966 22837 481794 189193 107202 125590 61 202287 10388 400989 75060 14481 5265 6130 337891 336017 9542 219793 14151 609 1421 20740 13492 25928 1556 12261
165634 984 115 30223 2314 101665 372518 198655 56342 31400 4385 8332 176451 69335 39296 45802 22 74045 3787 146818 27560 5310 1932 2243 123888 123022 3484 80357 5161 229 524 7587 4937 9506 571 4483
165636 987 114 2187 165 7288 26866 14261 4026 2270 315 603 12759 4985 2820 3372 2 5359 269 10597 1982 380 134 156 8900 8873 258 5792 372 17 37 552 354 682 40 325
165637 979 113 2770 207 9293 34142 18155 5121 2847 397 773 16108 6305 3597 4173 2 6785 340 13423 2509 487 174 205 11314 11304 312 7353 482 18 49 700 460 873 53 419
165639 949 83 40268 3061 135409 496239 263737 75200 41573 5758 11232 235647 92158 52455 61406 30 98710 4959 194886 36521 7073 2500 2976 164694 164005 4634 106915 6971 274 713 10099 6586 12632 769 6141
165640 949 83 15129 1150 50821 186406 99130 28088 15638 2178 4223 88372 34585 19670 23206 11 37093 1847 73354 13685 2646 944 1104 61801 61533 1753 40199 2613 110 267 3807 2488 4727 289 2296
165641 946 72 51450 3981 172908 634509 338718 95668 53491 7499 14284 300768 118141 66875 78282 38 126250 6542 250158 47011 9029 3298 3843 211239 209465 5948 137403 8776 382 881 12928 8412 16212 969 7597
165642 949 74 40435 3076 135529 496574 264295 75236 41804 5798 11204 235473 92457 52455 61331 25 98761 5011 195021 36629 7085 2549 2974 165154 163688 4677 107230 6971 290 701 10142 6554 12637 765 6091
165643 921 54 154817 11870 520645 1908251 1017180 288571 160259 22321 42919 904971 354864 201452 235823 116 379475 19293 751254 140566 27181 9718 11461 633828 630189 17828 412008 26669 1123 2709 38951 25408 48500 2951 23258
165644 945 66 22094 1684 74212 272328 144882 41141 22855 3180 6123 129022 50563 28754 33708 15 54143 2740 107118 20058 3895 1389 1645 90461 89875 2557 58841 3813 158 386 5534 3610 6952 417 3321
165645 959 68 18618 1431 62620 229503 122542 34737 19298 2714 5171 108907 42745 24290 28417 13 45601 2338 90458 16948 3285 1189 1368 76251 75785 2127 49594 3222 134 326 4707 3050 5833 358 2803
165647 956 69 73368 5622 246111 903343 481390 136337 76006 10620 20289 428201 168055 95351 111207 50 179459 9156 355322 66582 12886 4655 5442 300356 298135 8435 195008 12607 539 1271 18441 11968 23077 1388 10968
165648 958 67 42921 3284 143841 528423 281807 79559 44463 6219 11912 250238 98388 55645 65228 31 105050 5415 208096 39059 7525 2710 3207 175753 174484 4965 114221 7360 318 740 10791 7020 13474 800 6377
165649 928 66 11427 880 38465 140866 75195 21334 11827 1660 3168 66880 26277 14891 17419 8 28052 1432 55422 10366 2004 720 848 46852 46562 1332 30414 1976 84 197 2851 1869 3586 217 1709
165650 929 66 827 62 2767 10185 5424 1530 859 119 229 4860 1883 1073 1257 0 2026 103 3985 752 144 50 60 3411 3352 98 2195 144 4 14 207 135 262 15 127
165651 929 66 113824 8751 382766 1403999 748733 211809 117980 16439 31545 665285 260936 148116 172953 85 279141 14235 552685 103646 19993 7232 8508 466623 463973 13080 303377 19559 821 1982 28640 18611 35831 2149 17045
165652 953 77 35867 2741 120275 441455 234791 66679 37061 5146 9964 209050 82016 46558 54401 26 87724 4468 173537 32553 6293 2249 2654 146793 145677 4136 95200 6169 259 624 8976 5859 11242 677 5389
165653 937 72 28093 2158 94340 346191 184995 52163 29173 4074 7746 163883 64459 36496 42563 21 68846 3549 136467 25566 4937 1795 2085 115002 114459 3269 74889 4802 207 487 7069 4600 8840 531 4166
165654 985 99 2110 164 7048 25998 13759 3885 2197 306 583 12271 4816 2734 3140 1 5117 268 10150 1927 372 135 154 8666 8558 242 5551 363 15 35 532 343 666 38 314
165655 1001 107 27710 2142 93175 341412 182376 51603 28715 4029 7637 161546 63525 36018 42118 19 67961 3478 134710 25180 4868 1764 2068 113306 112840 3197 73876 4768 207 479 7001 4521 8691 528 4137
165656 999 106 5716 429 19233 70637 37518 10649 5952 824 1585 33522 13096 7444 8696 4 13974 712 27675 5220 1010 361 431 23519 23264 668 15188 984 41 101 1442 935 1803 106 857
165657 1005 106 16253 1262 54537 200344 106982 30061 16979 2373 4482 94600 37401 21097 24610 12 39819 2087 79065 14912 2848 1048 1220 66716 66089 1883 43426 2741 121 278 4087 2636 5138 297 2364
165658 929 65 54993 4190 184624 677402 360164 102517 56861 7913 15263 321000 125832 71602 83582 40 134623 6818 266055 49832 9665 3450 4063 225065 223464 6293 146047 9488 394 965 13796 8981 17255 1044 8310
165659 931 65 60140 4600 201899 741318 394968 111832 62249 8695 16664 350975 137959 78262 91136 44 147357 7534 291577 54634 10553 3811 4462 246400 244609 6930 160068 10325 442 1041 15160 9825 18929 1136 8980
165660 944 73 51287 3928 172498 631237 337626 95440 53116 7422 14152 299190 117519 66562 78310 39 125627 6423 249322 46641 8972 3246 3849 209717 208857 5910 136807 8759 383 884 12872 8405 16062 975 7589
165661 933 69 29650 2291 99454 365018 194690 55091 30819 4308 8204 172894 67978 38517 44843 20 72589 3700 143558 27046 5185 1901 2226 121599 120458 3413 78961 5065 218 516 7421 4837 9334 555 4399
165662 936 66 20466 1572 68843 252354 134375 38143 21176 2932 5691 119776 46943 26655 31377 14 50279 2537 99354 18560 3572 1279 1523 83753 83340 2370 54530 3547 148 356 5144 3363 6416 384 3074
165664 934 67 10861 834 36418 133495 70919 20251 11252 1561 3000 63498 24889 14063 16560 7 26555 1336 52406 9865 1901 674 786 44364 44036 1267 28736 1862 82 189 2707 1762 3395 202 1628
165665 935 65 5550 420 18653 68534 36399 10399 5721 803 1561 32581 12727 7242 8533 4 13686 680 26909 5022 984 351 405 22800 22611 641 14748 962 37 100 1384 908 1733 108 854
165666 962 78 120730 9302 406002 1488705 794005 224690 125164 17467 33482 705628 276855 157012 183765 90 296088 15141 586107 109757 21170 7669 8959 494919 491792 13894 321690 20714 873 2098 30325 19789 37954 2279 18022
165667 965 79 42432 3236 142663 523000 279085 79135 43973 6171 11729 247921 97245 55214 64447 28 103921 5271 205696 38544 7471 2717 3133 173770 172757 4872 112902 7328 311 742 10684 6909 13311 810 6376
165668 968 73 73421 5593 246678 905262 481935 136869 76196 10675 20361 428674 168264 95733 111291 50 179783 9239 355780 66809 12971 4680 5435 300932 298714 8468 195148 12640 541 1279 18466 11938 23113 1399 11015
165669 939 67 21074 1621 70810 259265 138408 39122 21740 3040 5854 123019 48182 27305 32083 18 51636 2592 102258 19048 3686 1312 1556 86081 85797 2416 56070 3633 151 371 5308 3481 6606 401 3168
165670 942 68 169842 13023 570165 2091388 1114122 316074 175819 24555 47005 991213 389157 220771 258270 124 415772 21191 822796 154219 29847 10757 12629 695033 690339 19621 451562 29196 1249 2952 42627 27690 53319 3210 25397
165671 946 68 43898 3374 147194 541469 288590 81450 45645 6375 12164 255638 100587 56999 66465 34 107588 5506 213217 40057 7710 2808 3284 179747 178776 5070 116950 7501 322 753 11051 7197 13809 829 6513
165672 961 75 1201 90 4024 14802 7861 2220 1230 170 332 6947 2720 1547 1796 0 2943 141 5806 1089 213 76 87 4896 4893 133 3167 208 7 21 307 196 376 23 185
165673 967 96 19748 1520 66384 243077 129693 36759 20502 2856 5438 115296 45190 25616 30040 14 48337 2452 95677 17896 3475 1239 1466 80790 80293 2313 52515 3393 144 346 4958 3242 6198 371 2948
165674 993 112 38499 2940 128837 473711 252009 71367 39859 5567 10649 224038 87963 49981 58065 29 94058 4816 185908 34995 6773 2460 2867 157688 156277 4411 102092 6613 278 665 9638 6260 12129 720 5745
165675 1000 117 32501 2468 109087 400036 212980 60476 33594 4678 9025 189728 74440 42282 49229 22 79497 4044 157110 29465 5712 2036 2396 132962 132012 3713 86320 5596 232 561 8119 5321 10173 614 4884
165678 1006 114 25815 1968 86862 318391 169907 48110 26779 3767 7149 150984 59246 33646 39412 19 63323 3242 125487 23490 4548 1653 1901 105805 105326 2957 68692 4412 189 445 6502 4210 8093 492 3862
165679 981 101 75230 5768 252958 926965 494368 140285 77847 10911 20839 439380 172527 97930 114377 53 184340 9350 364840 68233 13220 4770 5575 307978 306238 8649 200290 12960 549 1319 18916 12308 23653 1429 11288
165680 986 102 20295 1557 68237 250350 133241 37846 21022 2905 5625 118647 46502 26416 30928 14 49831 2526 98362 18414 3583 1281 1522 83161 82611 2349 54119 3512 145 355 5111 3315 6390 385 3054
165681 986 102 16482 1266 55574 203541 108723 30724 17164 2407 4574 96649 37932 21481 25219 13 40517 2078 80279 15048 2891 1065 1229 67750 67196 1903 44064 2808 122 283 4155 2720 5174 309 2444
165682 987 102 8681 659 29194 107097 56990 16132 9052 1269 2405 50709 19918 11300 13161 6 21296 1094 42063 7935 1532 558 640 35604 35320 993 23070 1488 63 150 2173 1416 2723 164 1293
165683 989 102 21797 1684 73417 268315 143485 40622 22576 3150 6011 127307 50016 28323 33213 17 53419 2752 105860 19789 3806 1371 1614 89209 88682 2509 58097 3736 163 376 5495 3570 6827 414 3239
165684 975 91 138407 10615 465097 1706311 910022 257514 143454 20018 38462 808613 317348 180087 210282 99 339229 17303 671496 125835 24310 8800 10290 567351 563548 15944 368711 23748 1003 2408 34762 22571 43462 2623 20703
165685 948 72 60303 4604 202265 742769 395117 112048 62513 8728 16713 352195 138170 78420 91810 44 147861 7495 292312 54679 10587 3823 4441 246884 245114 6956 160231 10345 448 1042 15146 9837 18968 1136 9026
165686 968 90 22985 1763 77378 283171 151144 42880 23824 3318 6364 134458 52689 29907 35026 17 56367 2853 111571 20880 4036 1445 1693 94036 93685 2643 61251 3958 165 400 5781 3752 7209 437 3450
165687 950 73 8559 657 28638 105300 56136 15885 8857 1243 2368 49843 19585 11105 12895 7 20930 1075 41415 7771 1505 548 637 35003 34794 1000 22752 1466 64 148 2150 1388 2701 160 1270
165688 955 77 3153 247 10586 38823 20801 5804 3253 463 858 18327 7246 4088 4803 3 7707 404 15361 2849 554 207 245 12931 12835 356 8422 527 24 53 797 524 990 59 454
165689 952 71 55972 4291 187602 688965 367011 103974 57989 8099 15462 326101 128108 72661 84790 39 136932 6992 270994 50872 9837 3558 4154 229067 227347 6476 148875 9607 411 966 14038 9109 17584 1059 8356
165690 957 79 119052 9152 399567 1466908 781842 221284 123396 17204 33005 694862 272624 154748 180797 92 291672 14855 577054 108305 20874 7550 8851 487674 484346 13685 316903 20440 860 2062 29924 19464 37410 2249 17815
165691 941 68 34373 2634 115635 423845 225793 64091 35631 4949 9502 201119 78833 44742 52497 25 84306 4282 166870 31238 6057 2158 2551 140842 139915 3978 91578 5923 253 596 8663 5632 10784 655 5165
165692 969 82 61108 4644 205213 752879 401536 113794 63251 8867 16887 356455 140107 79559 92614 42 149645 7644 296203 55517 10769 3901 4553 249948 248685 7059 162630 10511 448 1063 15387 9976 19132 1162 9154
165693 966 75 47779 3710 161110 590082 315362 89045 49700 6944 13213 279487 109906 62237 73011 38 117371 6093 232964 43678 8400 3055 3581 196383 194952 5498 127924 8181 354 826 12055 7801 15045 911 7084
165694 971 85 72471 5550 243493 893272 475861 134851 75128 10502 20140 423618 166095 94301 110191 57 177517 9052 351307 66002 12757 4592 5376 297031 294871 8338 192822 12469 522 1271 18190 11809 22765 1369 10899
165695 971 85 8762 678 29355 108346 57609 16304 9156 1279 2427 51242 20100 11428 13224 6 21446 1114 42552 8049 1553 562 649 36102 35729 1023 23324 1499 63 150 2217 1411 2777 166 1304
165696 974 87 97124 7473 326432 1197567 638188 180888 100636 14052 26914 567585 222668 126401 147728 75 238170 12202 471416 88362 17065 6161 7255 398111 395422 11214 258829 16692 711 1693 24402 15870 30551 1843 14509
165697 948 70 89854 6888 301687 1106243 589733 166976 93041 12953 24900 523917 205870 116727 136814 67 219965 11255 435632 81662 15756 5688 6676 367598 365381 10378 239027 15395 652 1560 22571 14720 28216 1701 13404
165698 925 67 2536 193 8498 31312 16737 4696 2639 380 698 14754 5803 3312 3820 2 6195 322 12345 2321 450 169 192 10451 10343 290 6766 434 19 43 646 405 801 49 376
165699 925 59 56517 4327 189500 696299 371048 104926 58692 8186 15645 329444 129480 73419 85704 42 138407 7089 273971 51485 9934 3600 4229 231324 229727 6579 150494 9681 421 970 14221 9222 17784 1063 8413
165700 935 61 2562 196 8631 31633 16849 4786 2670 378 713 14924 5865 3336 3838 2 6293 329 12434 2341 457 165 196 10497 10448 302 6800 435 18 45 647 420 805 47 378
165701 951 60 13664 1054 45928 168481 89718 25489 14174 1985 3786 79871 31405 17802 20854 9 33487 1713 66144 12417 2400 864 1020 56140 55431 1571 36432 2358 98 239 3423 2247 4311 260 2051
165703 950 60 43044 3331 144925 530504 283333 80180 44579 6201 11928 251860 98769 55958 65866 31 105792 5353 209149 39136 7523 2715 3229 176244 175374 4962 114825 7400 314 749 10826 7078 13499 812 6427
165704 923 61 123111 9405 413329 1516645 807424 229063 127666 17765 34184 718894 282182 160106 187447 84 301552 15323 596374 111937 21614 7804 9102 504162 500314 14284 327594 21205 899 2135 30971 20077 38674 2320 18465
165705 934 67 22451 1730 75477 276684 147556 41677 23268 3229 6224 131215 51483 29181 34310 17 55067 2807 109058 20419 3948 1407 1686 91903 91478 2585 59877 3860 163 391 5649 3693 7061 425 3346
165706 945 74 176084 13545 590940 2169315 1156784 326968 182707 25499 48773 1027675 403581 228754 267384 124 431062 22101 853870 160349 30893 11206 13098 721085 715992 20336 468785 30173 1291 3047 44295 28763 55355 3304 26170
165707 949 73 13357 1014 44902 164464 87604 24931 13800 1936 3687 77984 30568 17427 20274 9 32736 1654 64601 12072 2356 851 974 54631 54277 1526 35505 2324 95 234 3371 2177 4196 258 2027
165708 944 73 16917 1300 57012 208829 111562 31469 17497 2436 4705 99045 38867 22013 25904 13 41606 2109 82326 15422 2972 1061 1276 69345 68986 1940 45260 2919 123 298 4267 2788 5282 319 2546
165709 944 73 66770 5103 224167 822429 437989 124231 69216 9658 18505 389918 152963 86808 101642 48 163519 8388 323641 60662 11727 4233 4953 273545 271127 7693 177652 11479 487 1162 16738 10931 20972 1267 9973
165710 944 73 135074 10369 452877 1664038 885584 251045 139924 19491 37456 788638 309255 175610 205237 103 330642 16878 654341 122785 23724 8546 10025 553197 549130 15631 358824 23204 975 2348 33964 22084 42453 2558 20215
165711 930 64 21134 1651 71329 260715 139642 39424 21991 3089 5829 123645 48690 27501 32252 16 51901 2694 103045 19333 3713 1365 1583 86742 86169 2448 56650 3606 156 366 5310 3452 6657 401 3112
165712 935 64 9317 730 31326 115162 61451 17321 9701 1370 2565 54561 21384 12145 14169 7 22880 1173 45441 8486 1630 605 697 38352 38023 1075 24953 1580 70 157 2369 1520 2937 173 1367
165713 940 68 42740 3279 143284 526649 280849 79319 44343 6184 11831 249189 97863 55457 64691 31 104483 5365 207084 38898 7534 2716 3198 175137 173799 4960 113764 7311 313 740 10749 6993 13511 804 6360
165714 932 67 47879 3664 160835 589997 314173 89173 49575 6903 13292 279670 109678 62271 72963 35 117359 5974 231941 43553 8391 3049 3543 196053 194650 5531 127314 8236 339 835 12033 7860 14975 910 7196
165715 933 63 20423 1552 68544 251336 134069 37983 21134 2961 5642 118987 46733 26496 30774 16 49976 2559 98832 18557 3576 1297 1494 83512 83058 2332 54238 3494 149 351 5133 3358 6394 383 3036
165716 936 62 4537 350 15313 56105 29927 8442 4708 658 1256 26525 10368 5899 6914 4 11167 572 22161 4137 796 289 334 18616 18549 518 12135 776 31 78 1152 739 1417 88 690
165717 955 73 13164 996 43956 161702 85767 24406 13619 1882 3650 76421 29984 17083 19886 10 32114 1612 63419 11936 2313 818 959 53695 53224 1519 34752 2268 97 229 3296 2161 4104 249 1972
165718 940 64 11461 887 38534 141043 75291 21342 11904 1655 3134 66999 26238 14869 17435 7 28069 1416 55493 10401 2027 720 850 46883 46622 1346 30531 1965 85 197 2894 1882 3600 215 1709
165719 942 65 49947 3845 167533 614609 327674 92746 51713 7219 13817 290878 114370 64928 75461 35 122121 6242 241785 45316 8751 3175 3694 204453 202893 5702 132741 8542 366 864 12529 8206 15738 939 7424
165720 941 64 28079 2164 94361 346057 184489 52299 29191 4079 7766 164075 64466 36487 42848 20 68835 3533 136414 25555 4923 1786 2079 115112 114200 3254 74841 4818 211 483 7043 4584 8836 528 4171
165721 964 92 83350 6408 280016 1027314 547754 154958 86407 12018 23164 486770 191024 108199 126880 63 204283 10438 404353 75792 14628 5250 6227 341270 339337 9596 221940 14352 603 1455 20962 13677 26149 1567 12494
165722 971 93 11717 896 39318 144309 76694 21810 12066 1663 3252 68486 26725 15248 17792 9 28710 1445 56679 10629 2053 730 871 47881 47697 1344 31032 2011 82 206 2945 1905 3650 222 1779
165723 946 72 16792 1274 56464 207551 110587 31316 17439 2474 4664 98189 38597 21949 25508 11 41271 2114 81647 15276 2957 1089 1242 69027 68505 1924 44778 2894 122 294 4235 2726 5288 319 2520
165724 945 72 19515 1487 65196 240294 127636 36157 20195 2801 5421 113537 44592 25304 29596 15 47666 2445 94524 17733 3434 1220 1455 79766 79238 2269 51793 3340 145 339 4883 3181 6146 366 2915
165725 963 81 52170 4055 175532 643474 343712 97033 54150 7582 14461 305111 119759 67885 79523 37 127989 6570 253689 47515 9149 3332 3902 213852 212696 6041 139119 8948 385 906 13113 8566 16399 985 7744
165726 967 85 22392 1701 75289 276204 147321 41580 23181 3237 6193 130764 51298 29155 34181 16 54868 2783 108892 20364 3944 1422 1677 91681 91264 2555 59637 3865 165 390 5644 3674 7022 430 3363
165727 967 89 73642 5641 247070 907507 482967 136888 76340 10632 20413 429971 168705 95713 111731 55 180260 9162 356494 67042 12974 4669 5458 301524 299462 8528 195695 12664 533 1284 18494 11991 23130 1388 11056
165728 966 88 28736 2207 96524 354377 188902 53464 29730 4155 7986 167835 65813 37409 43634 19 70501 3580 139359 26102 5033 1816 2129 117731 117064 3311 76448 4945 209 501 7213 4716 9031 544 4295
165730 966 88 36803 2847 123987 454349 242743 68663 38261 5374 10213 215250 84627 47953 56122 28 90430 4648 179196 33510 6469 2372 2757 151081 150124 4261 98342 6311 274 637 9278 6027 11557 701 5488
165731 947 74 36095 2771 121097 444512 236988 67187 37367 5212 10016 210384 82588 46969 54667 28 88226 4477 174686 32800 6342 2289 2715 147879 146737 4141 96032 6209 259 631 9056 5905 11356 689 5403
165732 955 76 36259 2799 122138 447452 239371 67541 37657 5278 10040 211993 83316 47187 55069 23 89125 4589 176457 33028 6362 2333 2725 148854 148008 4161 96985 6189 257 626 9107 5958 11401 689 5377
165733 955 76 10122 782 34085 124625 66575 18893 10476 1468 2776 59030 23247 13192 15341 7 24809 1260 49119 9193 1784 643 750 41454 41135 1155 27048 1735 71 175 2530 1654 3177 191 1507
165734 955 80 15406 1192 51699 189897 101165 28781 15986 2218 4264 89941 35376 20048 23456 10 37760 1939 74795 14012 2706 980 1157 63103 62659 1794 41087 2648 116 264 3870 2563 4861 289 2275
165735 952 73 633 48 2134 7757 4077 1203 645 85 177 3726 1446 823 958 0 1538 72 3001 568 111 35 44 2578 2553 74 1657 111 3 12 154 104 193 11 100
165736 974 92 5521 420 18565 68083 36237 10278 5665 790 1547 32232 12596 7167 8389 4 13566 672 26740 4963 968 337 412 22516 22614 630 14637 965 38 100 1382 916 1722 106 849
165737 959 73 71076 5462 238667 875620 466984 132123 73602 10244 19701 414358 162891 92292 107991 54 174097 8891 344805 64696 12451 4464 5293 291041 289216 8179 189232 12197 518 1234 17865 11604 22325 1343 10606
165738 963 76 6986 542 23453 85917 45877 12981 7214 1006 1927 40804 15978 9057 10602 4 17105 877 33877 6334 1222 438 522 28557 28393 794 18607 1206 49 121 1749 1145 2186 134 1040
165739 959 73 15589 1201 52424 192138 102606 28900 16148 2247 4323 91083 35762 20285 23840 12 38286 1947 75782 14201 2731 990 1176 63903 63387 1797 41644 2671 114 272 3918 2554 4884 295 2326
165740 962 78 5338 413 17947 65837 35278 9870 5575 778 1466 31205 12260 6930 8095 4 13086 684 26021 4882 937 343 401 22009 21813 602 14296 904 40 91 1337 876 1678 98 779
165741 958 83 133720 10245 448882 1647161 877887 248748 138585 19330 37079 780332 306329 173722 203066 100 327431 16686 648307 121525 23506 8494 9904 547417 543944 15418 355649 22944 975 2329 33587 21855 41972 2534 20024
165743 966 85 95172 7300 320109 1173775 626166 177101 98681 13821 26429 556273 218293 123933 144853 69 233444 11942 462545 86594 16738 6044 7069 390602 387766 10935 253670 16330 695 1651 23928 15551 29884 1802 14233
165744 975 90 11600 905 38868 142935 76246 21470 12030 1673 3208 67597 26629 15037 17590 10 28382 1456 56371 10538 2019 738 875 47482 47204 1350 30933 1989 91 198 2891 1914 3644 217 1704
165745 969 84 19788 1490 66255 243607 129479 36726 20429 2853 5501 115362 45167 25740 30050 14 48443 2436 95730 17888 3466 1236 1449 80831 80421 2263 52428 3406 140 345 4975 3220 6211 378 2981
165746 971 87 30126 2309 101254 371194 198026 56026 31298 4375 8349 175827 69046 39179 45772 21 73750 3814 146167 27475 5294 1938 2256 123531 122525 3478 80230 5147 221 523 7578 4913 9478 565 4473
165747 967 80 16539 1268 55550 203580 108741 30723 17121 2398 4559 96398 37929 21531 24993 11 40506 2071 80222 15039 2905 1063 1235 67739 67249 1875 44140 2830 120 285 4160 2714 5199 314 2471
165749 969 85 44874 3436 150774 553305 294911 83540 46491 6496 12496 262334 102882 58374 68251 35 110085 5602 217711 40802 7841 2830 3338 183778 182778 5154 119364 7714 330 787 11281 7384 14047 850 6713
165750 982 98 9601 737 32369 118703 63390 17853 9955 1396 2671 56257 22049 12512 14684 7 23608 1205 46755 8769 1693 613 733 39458 39259 1108 25648 1650 71 170 2408 1580 3009 181 1432
165751 930 64 55759 4269 187338 687397 365947 103867 57829 8060 15453 325740 127754 72619 84646 43 136564 6990 270408 50725 9831 3535 4149 228551 226885 6465 148330 9580 411 972 14006 9089 17541 1049 8334
165752 960 84 40842 3112 137216 503057 268000 76017 42287 5901 11300 238454 93480 53147 62068 29 99933 5093 197832 37091 7174 2589 3025 167155 165989 4699 108536 7033 291 709 10269 6657 12770 780 6152
165753 965 85 50220 3850 168502 618556 329254 93479 52001 7237 13923 293286 115059 65310 76302 37 122855 6235 242977 45678 8850 3173 3739 205469 204096 5823 133492 8638 365 883 12597 8167 15747 947 7546
165754 965 86 54827 4193 184285 675722 360299 101999 56822 7938 15167 320335 125618 71404 83354 42 134243 6837 266031 49800 9656 3476 4077 224655 223169 6334 146110 9425 404 950 13800 8961 17228 1043 8226
165755 960 90 35742 2741 120151 440995 235545 66372 37051 5171 9917 208786 81952 46476 54419 23 87770 4473 173790 32499 6264 2273 2675 146388 145925 4101 95235 6141 261 617 8993 5855 11220 674 5350
165756 958 84 39531 3036 132836 487057 259491 73594 41024 5720 10950 230985 90650 51488 60051 30 96853 4980 191765 35976 6951 2511 2935 162058 160802 4580 105357 6766 288 688 9922 6429 12406 742 5914
165758 963 86 64192 4875 215150 789872 420031 119285 66372 9235 17826 374245 146668 83379 97222 46 156923 7965 310110 58185 11265 4040 4707 262540 260635 7377 170143 11045 456 1120 16093 10464 20110 1214 9663
165759 966 89 59386 4502 199146 731062 389444 110370 61479 8590 16404 346135 135914 77280 89932 43 145162 7359 287456 53792 10429 3749 4389 242820 241256 6844 157731 10202 436 1034 14971 9708 18620 1132 8895
165760 961 89 22195 1720 74711 273802 146334 41339 23024 3212 6148 129768 50946 28843 33688 15 54455 2783 107825 20203 3882 1399 1663 90912 90495 2562 59245 3820 164 386 5619 3634 6974 418 3289
165761 959 83 14159 1093 47566 174814 93126 26414 14723 2055 3926 82695 32496 18431 21572 10 34760 1802 68917 12930 2488 907 1057 58137 57761 1651 37727 2421 108 242 3544 2294 4462 268 2096
165763 962 83 22152 1698 74166 272911 145029 41140 22953 3187 6149 129273 50772 28776 33646 17 54192 2762 107078 20129 3892 1402 1653 90775 90002 2554 58774 3791 156 387 5543 3615 6977 419 3313
165764 962 85 20612 1586 69348 253875 135891 38306 21394 2992 5671 120299 47362 26769 31525 14 50599 2600 100207 18783 3621 1320 1557 84379 83937 2382 55162 3521 148 357 5175 3363 6465 388 3075
165765 959 83 28993 2253 97312 357251 190277 54062 30125 4199 8020 169386 66481 37681 44076 20 71090 3639 140521 26394 5090 1856 2159 118826 117776 3377 77194 4986 215 500 7278 4734 9134 545 4312
165766 959 83 98505 7557 330915 1213679 647583 183211 101959 14210 27290 575520 225756 127904 150120 71 241230 12347 477867 89454 17324 6249 7378 403711 400733 11346 262438 16900 718 1700 24769 16112 30904 1866 14731
165768 960 84 9797 734 32790 120820 64154 18228 10191 1416 2717 57073 22399 12748 14725 7 23917 1216 47269 8955 1714 622 718 40196 39746 1141 25980 1690 69 169 2462 1600 3092 183 1463
165769 983 87 6093 473 20518 75296 40305 11299 6357 884 1695 35591 14039 7904 9270 5 14945 778 29672 5595 1070 388 457 24988 24908 717 16285 1042 44 103 1542 1001 1910 110 899
165770 979 87 9660 759 32480 119064 63533 17934 10069 1400 2675 56422 22248 12528 14731 7 23696 1219 46951 8835 1692 618 732 39710 39224 1129 25851 1641 72 167 2415 1566 3051 177 1420
165771 981 86 23656 1830 79690 292092 156003 44158 24529 3427 6575 138595 54343 30820 36082 16 58209 2978 115137 21522 4163 1506 1768 97071 96606 2734 63202 4082 166 413 5960 3867 7449 453 3543
165772 967 87 16678 1290 56037 205886 110053 30971 17393 2452 4612 97265 38354 21709 25131 11 40838 2134 81014 15261 2933 1097 1245 68573 67969 1912 44570 2849 123 287 4176 2719 5281 313 2459
165773 951 76 5288 401 17664 65175 34570 9824 5464 755 1470 30887 12051 6866 8083 4 12941 644 25667 4811 932 327 387 21620 21512 624 14004 913 39 91 1332 858 1661 102 795
165774 962 81 23618 1780 79104 291028 154358 43980 24391 3392 6568 137783 53943 30745 35791 15 57775 2915 113948 21445 4162 1485 1751 96715 95901 2698 62483 4103 167 413 5917 3847 7437 450 3602
165775 954 76 16533 1275 55524 203378 108336 30763 17118 2385 4576 96483 37808 21434 25226 13 40494 2049 80081 14972 2894 1031 1218 67556 67253 1931 43843 2834 120 287 4155 2686 5166 311 2491
165776 958 78 8902 697 29958 109726 58729 16519 9230 1293 2447 52008 20405 11570 13582 6 21895 1121 43316 8114 1566 574 681 36433 36283 1022 23884 1526 64 152 2242 1457 2788 170 1326
165777 977 94 10511 794 35171 129242 68991 19472 10913 1547 2898 61155 24027 13625 15840 7 25614 1320 50819 9575 1846 677 779 43031 42592 1219 27949 1787 77 178 2628 1675 3304 198 1565
165778 980 93 102062 7771 342373 1257327 669504 189860 105507 14700 28353 595392 233424 132681 154826 75 249864 12715 494076 92623 17943 6440 7548 417741 415291 11704 270976 17601 724 1781 25616 16714 32011 1941 15341
165779 984 98 24192 1856 81026 298005 158593 44874 25028 3477 6716 141058 55340 31399 36605 19 59163 3025 117196 21959 4244 1514 1798 98921 98412 2789 64259 4172 178 419 6065 3985 7602 453 3600
165780 997 105 17611 1367 59230 217443 115928 32773 18256 2538 4895 102858 40422 22943 26719 14 43183 2226 85629 16094 3103 1120 1335 72354 71738 2034 47047 3009 124 301 4434 2901 5537 333 2620
165781 994 100 2444 190 8233 30272 16153 4553 2540 358 688 14369 5613 3201 3720 1 5994 313 11895 2234 429 157 181 10082 10001 278 6531 421 16 41 617 401 774 46 364
165783 997 102 75501 5747 253545 928944 495366 140490 78199 10904 20922 440510 172868 98147 114805 53 184713 9373 365464 68402 13238 4779 5585 308712 306724 8645 200785 12983 547 1319 18960 12330 23649 1431 11321
165785 988 100 3881 296 12927 47748 25264 7137 4023 559 1080 22509 8836 5027 5821 3 9434 476 18701 3533 676 245 279 15901 15690 443 10239 669 28 65 974 640 1223 72 573
165786 978 94 113332 8688 380732 1396735 744761 210918 117329 16363 31511 661986 259756 147455 172172 80 277735 14148 549640 102962 19899 7176 8422 464399 461321 13010 301735 19453 818 1974 28453 18479 35555 2152 16976
165787 977 90 11538 886 38878 142584 76089 21534 11932 1669 3204 67749 26445 15063 17584 8 28344 1443 56149 10483 2041 741 867 47395 47165 1323 30825 1992 79 198 2917 1905 3631 220 1742
165788 978 90 17175 1314 57530 211248 112600 31805 17759 2463 4771 100024 39269 22226 26247 12 42051 2139 83389 15599 2996 1068 1278 70055 69804 1970 45658 2932 128 301 4295 2805 5363 325 2556
165789 989 97 8854 694 29818 109193 58196 16512 9207 1286 2466 51832 20324 11530 13463 6 21682 1122 43047 8081 1554 566 648 36334 36055 1036 23546 1509 66 154 2237 1441 2777 165 1317
165790 988 96 18668 1413 62701 230328 122533 34748 19346 2703 5167 109149 42778 24343 28376 13 45785 2322 90570 16993 3284 1187 1397 76598 75970 2150 49682 3221 135 326 4684 3069 5907 353 2808
165791 985 94 25178 1955 84806 310234 165964 46859 26183 3662 6940 146870 57810 32774 38299 18 61781 3176 122431 22954 4413 1602 1881 103128 102665 2884 67145 4297 187 438 6334 4086 7893 472 3736
165793 986 92 65294 5012 219795 805600 430066 121644 67817 9497 18061 381726 149874 85050 99141 49 160144 8239 317391 59513 11487 4165 4840 267896 266145 7526 174229 11198 483 1125 16437 10670 20590 1234 9739
165794 985 91 93595 7172 314278 1153548 614255 174297 96880 13525 25948 546226 214286 121768 142096 69 229293 11711 453657 85101 16443 5933 6944 383415 380832 10730 248878 16089 675 1627 23468 15365 29411 1780 14041
165795 983 91 17609 1349 59060 216565 115239 32798 18195 2540 4857 102733 40222 22888 26778 10 43124 2203 85206 15933 3096 1113 1316 71962 71423 2012 46747 3031 122 307 4394 2885 5529 337 2642
165796 1015 105 69543 5336 233372 856089 456616 129119 72082 10089 19195 405727 159271 90332 105753 51 170374 8723 337370 63327 12233 4444 5161 284718 282650 8007 185031 11896 510 1202 17472 11337 21781 1314 10376
165797 969 92 8233 626 27576 101701 54156 15258 8537 1197 2287 48049 18873 10674 12353 6 20171 1037 39917 7489 1449 525 613 33779 33608 948 21901 1417 59 141 2067 1346 2595 154 1231
165798 991 106 5356 402 17912 65637 34849 9942 5515 766 1471 31137 12150 6917 8085 4 13048 661 25719 4852 944 335 400 21809 21667 606 14113 917 38 94 1333 865 1659 100 810
