10225 3
156493 155360 152481
10226 3
156493 155360 152481
10462 1
152716
10530 1
151587
10533 1
151587
10546 1
151587
10550 1
151587
10561 1
151587
10563 1
151587
10585 1
157019
10793 1
152716
10799 2
155683 155684
10831 3
155684 155683 152434
10839 3
155683 155684 151587
11119 1
153595
11132 3
156493 157261 156505
11133 3
153787 153916 153595
11156 3
157261 156505 153916
11161 3
157261 156505 153916
11162 2
153787 153595
11169 2
153787 153595
11178 1
153349
11192 1
153595
11196 1
151587
11200 1
151587
11201 1
151587
11205 1
151587
11212 1
153595
11217 1
153595
11237 2
156493 156505
11246 1
151604
11266 1
151604
11267 1
156505
11283 1
156505
11294 1
156505
11359 1
151604
11377 1
151604
11405 1
153595
11415 1
153595
11423 1
156458
11424 1
156458
11429 1
156458
11598 2
152097 156943
11617 2
152097 156943
11627 7
155452 155453 152236 152481 156702 155360 156505
11640 7
155452 155453 152236 152481 156702 155360 156505
11645 5
155452 155453 156702 152481 152236
11647 4
152236 152481 156702 151136
11654 4
156702 151136 155763 155453
11666 3
151136 155763 156702
11679 1
152236
11683 1
155410
11690 3
153351 153349 153884
11699 3
153351 153349 153884
11702 3
153351 153349 153884
11703 3
155410 156505 157261
11710 3
155410 156505 157261
11721 3
155410 156505 157261
11722 3
157261 156505 155763
11733 1
156505
11757 1
156505
11759 1
153349
11771 1
155410
11779 1
153349
11780 1
153349
11783 1
153349
11828 1
155360
11831 1
155360
11847 1
155360
11867 5
155410 151136 152797 152230 151802
11874 5
155410 151136 152797 152230 151802
11885 2
155453 155452
11887 1
152236
11890 1
156505
11927 1
155360
11938 1
153349
11939 3
155360 153916 153787
11958 7
156403 155311 153271 153488 153489 152481 152236
11959 4
156287 152481 152236 156458
11987 6
151477 153271 153488 153489 155311 156403
11988 6
156287 153271 153488 153489 155311 156403
11997 5
151477 153271 153488 153489 155311
12007 4
156458 152236 152481 156287
12016 4
152481 152236 156458 156287
12025 4
153489 153271 153488 155311
12033 3
156458 152481 152236
12045 4
151477 152236 152481 156458
12062 2
156458 153245
12068 1
153595
12091 1
152236
12099 1
156458
12179 1
152986
12247 2
157261 151477
12277 1
151477
12948 1
156493
12962 8
154356 154358 152097 156943 153145 155044 156811 151438
12987 8
154356 154358 152097 156943 153145 155044 156811 151438
13048 3
156801 153145 151438
13070 3
156801 153145 151438
13241 2
152434 156250
13298 2
151477 152236
13305 2
156702 151477
13308 2
156702 151477
13321 1
156287
13325 1
151477
13507 1
156702
13557 3
153672 154059 152230
13563 3
153672 154059 152230
13567 4
154059 153672 155410 152797
13575 3
153672 151136 154059
13576 3
153672 151136 154059
13579 3
153672 154059 151136
13606 1
153349
13643 1
156702
13670 1
156702
13702 1
156702
13705 1
153349
13792 1
151477
13917 1
153271
13931 1
151477
13932 1
151477
13935 1
152282
13948 1
153271
13960 1
153349
13973 1
153349
13984 1
152282
13987 1
153349
13993 1
152282
14085 1
151477
14174 2
156287 151477
14185 2
156287 151477
14191 1
156458
14192 1
156458
14197 1
153349
14212 1
151477
14234 1
153349
14235 1
156458
14258 1
156458
14259 2
156801 155410
14275 2
155124 156801
14277 3
156458 153351 153349
14281 2
152282 152840
14391 4
151477 153489 153488 153271
14392 4
151477 153489 153488 153271
14400 4
151477 156403 153489 153488
14404 4
153488 153489 155311 153271
14413 4
151477 153489 153488 153271
14418 4
153271 153488 153489 155311
14429 1
156287
14436 1
156287
14438 1
156287
14446 1
155124
14454 1
155124
14504 1
152114
14543 3
156287 155578 152114
14545 3
155578 152114 156287
14565 2
153351 153349
14610 1
153349
