18729 2
151802 152230
18730 2
155410 151136
18731 2
155410 151136
18734 2
155410 151136
18752 1
151802
18806 1
151136
18814 1
156287
18816 1
156287
18818 1
155410
18821 1
155410
18823 1
155410
18826 1
155410
18827 1
155410
18838 2
151136 155410
18840 4
152230 152797 151802 155827
18842 4
152230 152797 151802 155827
18863 4
155124 153632 153636 153113
18869 4
156969 155124 153632 153636
18872 4
156969 155124 153632 153636
18873 2
156969 155124
18879 4
156969 153632 153636 153113
18881 3
156250 152434 156969
18882 2
156969 152434
18883 3
155124 156801 156250
18889 3
155124 156801 156250
18894 2
152434 156250
18895 2
155124 153632
18898 2
155124 153632
18899 2
155124 153632
18904 2
155124 153632
18905 2
155124 153632
18909 1
151802
18911 1
156801
18912 2
152230 151802
18915 2
152230 151802
18917 1
155124
18918 1
155124
18959 2
152097 156943
18967 2
156801 151438
18968 2
156801 151438
18969 1
151802
18972 2
156969 156943
18973 3
155452 155453 152114
18978 2
155452 155453
18987 1
155452
19001 1
151136
19003 1
151136
19004 1
151136
19006 1
151136
19007 1
151136
19011 1
155124
19017 2
155827 155853
19037 3
156250 152434 153145
19111 2
153113 153632
19134 1
152456
19137 1
152456
19148 1
155124
19150 1
155124
19161 1
152114
19206 6
151215 153113 153632 153636 151641 151920
19212 6
151215 153113 153632 153636 151920 155332
19218 3
156250 152434 156801
19219 1
152114
19243 1
156943
19248 1
152097
19301 4
156458 156403 153489 155311
19304 4
153884 153351 153349 156458
19308 4
153884 153351 153349 156458
19309 4
153488 153489 155311 153271
19310 4
152481 152236 153351 153349
19315 4
152236 152481 153349 153351
19317 4
152236 152481 153349 153351
19321 4
152236 152481 153349 153351
19329 4
152236 152481 153349 153351
19342 4
152236 152481 153349 153351
19345 4
152481 152236 153351 153349
19349 5
151477 156702 156505 156458 153489
19350 5
151477 156702 156505 156458 153489
19353 4
152481 152236 153351 153349
19355 4
152481 152236 153351 153349
19369 4
156458 152481 152236 153349
19375 4
152481 152236 156458 153351
19383 5
152481 152236 151477 153351 153349
19387 4
152236 152481 151477 153349
19393 2
152236 152481
19395 3
151477 152236 152481
19396 3
151477 152236 152481
19403 3
151477 152236 152481
19408 2
156505 156702
19415 3
153245 151604 156505
19420 3
153245 151604 156505
19423 4
153351 153884 153349 151604
19424 4
152236 152481 153349 153351
19429 3
152236 152481 153349
19434 2
156702 156458
19438 2
156702 156458
19441 2
156702 156458
19443 1
156458
19444 1
156458
19446 1
156458
19447 1
156458
19449 2
153349 153351
19450 1
151477
19455 1
151477
19470 1
155452
19471 4
155410 152114 155578 156702
19472 4
155410 152114 155578 156702
19474 3
156702 155578 152114
19478 3
156702 155578 152114
19481 2
156702 155410
19483 2
151136 155452
19484 1
155410
19487 1
155410
19495 1
156287
19499 1
156287
19501 1
156287
19511 1
155763
19515 1
155763
19519 2
153349 153351
19525 2
153349 153351
19542 2
152236 152481
19548 3
153488 153271 153489
19554 2
153271 153488
19566 2
153271 153488
19567 3
153351 153349 153884
19568 1
153349
19572 5
152840 152282 151136 155452 152114
19574 5
151136 155578 152114 156702 155453
19581 5
152282 152840 155578 152114 156702
19583 5
152840 152282 151136 155452 152114
19586 5
151136 155578 152114 155453 155452
19588 3
155124 155683 155410
19590 2
151136 155452
19594 2
151136 155452
19596 2
151136 155452
19597 2
151136 155452
19606 1
156458
19612 2
152840 152282
19617 3
151136 152230 151802
19655 4
155578 152114 152840 152282
19661 4
155578 152114 152840 152282
19664 1
156969
19667 1
156702
19686 2
155763 156702
19693 2
156702 152114
19710 1
152114
19724 2
155578 152114
19725 1
152114
19741 5
153884 153351 153349 153245 151604
19743 2
156505 156287
19745 2
156505 156287
19748 2
152481 152236
19750 1
156505
19756 1
155763
19759 1
155763
19760 1
155763
19767 2
152840 152282
19855 1
156287
19856 14
151834 154356 154358 152456 153145 151438 155044 156811 156069 152979 153605 153497 152128 155459
19861 14
151834 151438 155044 153145 156811 156801 152456 152979 155459 153605 156069 153497 152128 156197
19871 14
154356 154358 151834 151438 153145 156811 155044 151420 152456 153497 152128 155459 152979 153605
19872 14
154356 154358 151834 151438 153145 156811 155044 152456 151420 153497 152128 155459 152979 153605
19873 8
151920 155332 156288 151420 154356 154358 151834 152456
19876 13
152456 151834 154358 154356 151420 156288 151920 155332 151922 152883 154698 153242 154676
19877 13
152456 151834 151420 154356 154358 151920 155332 156288 156069 153497 155459 153605 152979
19885 13
152456 151834 151420 154356 154358 151920 155332 156288 156069 153497 155459 153605 152979
19886 13
152456 151834 151420 154356 154358 151920 155332 156288 156069 153497 155459 153605 152979
19888 14
151420 152128 156197 153605 153497 152979 155459 156069 154676 153242 154818 152883 154698 154693
19892 14
151420 154818 153242 155123 154693 155227 154750 152883 151922 154676 155183 154698 153605 153497
19895 14
151420 154818 153242 155123 154693 155227 154750 152883 151922 154676 155183 154698 153605 153497
19902 6
154059 153672 151914 152162 151874 156969
19903 6
156811 151438 155044 153145 153632 153113
19914 3
153672 154059 155124
19918 3
156801 154059 153672
19919 3
153672 154059 156969
19923 3
156801 154059 153672
19924 3
156801 154059 153672
19929 3
156801 154059 153672
19932 3
156801 156969 154059
19934 3
155124 156969 156801
19938 3
156801 154059 153672
19939 3
155124 156969 156801
19941 3
155124 156969 156801
19953 3
155124 156969 156801
19968 1
156287
19969 1
151802
19972 1
155410
19997 1
155124
20000 6
156811 155044 151438 153145 152797 152230
20010 6
156811 155044 151438 153145 152797 152230
20015 5
156811 151438 153145 155044 154059
20022 2
153672 154059
20027 2
153672 154059
20028 2
153672 154059
20036 1
151802
20045 1
152282
20056 1
156287
20059 2
155410 151420
20060 2
156801 151420
20096 1
155410
20164 2
151136 151802
20165 2
151136 151802
20172 2
151136 151802
20173 2
151136 151802
20174 4
152979 153497 153605 152128
20182 3
155410 151802 152230
20184 3
151136 155410 155827
20189 1
151136
20192 2
155410 155827
20198 1
155410
20199 1
155124
20210 3
152230 152797 151802
20213 3
152230 152797 151802
20234 1
151136
20249 1
155452
20251 1
156287
20253 3
155578 152114 151136
20255 2
152114 155578
20257 2
152114 155452
20263 1
157261
20264 1
152236
20266 1
153271
20267 1
152236
20272 1
152236
20275 1
153271
20329 4
152840 152282 154358 154356
20332 4
152840 152282 154358 154356
20341 4
152840 152282 154358 154356
20345 1
156287
20351 1
156287
20373 3
155452 155453 155410
20400 10
155124 151136 152230 155827 155853 155971 156010 152797 151802 156035
20403 10
155124 151136 152230 151802 156852 152797 155853 156010 155971 155827
20411 10
156287 151136 152230 155827 155853 155971 156035 156010 152797 151802
20412 10
155124 151136 152230 155827 155853 155971 156010 152797 151802 156035
20414 10
155124 151136 152230 155827 155853 155971 156010 152797 151802 156035
20425 5
156969 154358 154356 156943 152097
