22726 1
151477
22730 1
151477
22733 1
157261
22735 2
155124 152114
22748 1
155124
22805 1
156458
22841 3
153349 153351 153884
22864 1
153271
22897 1
156458
22900 1
156458
22904 1
151604
22906 1
155360
22908 1
155360
22916 1
155360
22923 1
155360
22946 3
154358 154356 155410
23041 1
155360
23088 1
156458
23093 1
151477
23094 1
151477
23132 1
156458
23134 2
151477 153271
23137 2
151477 153271
23139 2
151477 153271
23140 1
157261
23141 1
157261
23142 1
157261
23144 2
152282 152840
23156 1
153271
23170 1
156458
23174 1
156458
23176 2
153271 153488
23179 2
153271 153488
23182 1
153349
23186 1
156458
23239 2
153351 153349
23244 2
153351 153349
23267 2
153351 153349
23270 2
153349 153351
23274 2
153349 153351
23299 1
156702
23301 1
156702
23304 1
156702
23398 4
152236 152481 155578 152114
23466 2
152236 152481
23558 1
156702
23570 1
156702
23571 1
156702
23579 2
155410 156702
23581 2
155410 156702
23584 1
156702
23589 1
156702
23592 4
155124 154358 154356 151136
23597 3
154356 154358 151136
23600 3
154356 154358 151136
23606 4
151136 155124 154358 154356
23607 4
151136 155124 154358 154356
23612 7
155124 152797 155827 155853 155971 152230 151802
23625 2
155124 151136
23626 2
156969 152456
23629 2
156969 151802
23634 3
153145 155044 151438
23638 3
153145 155044 151438
23668 1
156969
23672 1
156969
23677 1
156969
23694 1
155124
23712 3
152114 155578 154059
23716 2
156287 151136
23717 2
155410 155124
23720 1
151136
23727 2
151136 155452
23740 2
151136 155452
23878 1
156969
23894 1
152282
23898 1
153349
23899 1
152282
23912 1
153349
23952 1
151477
23967 1
151477
23970 3
151477 156458 153488
23974 3
152097 156943 155410
23975 3
152097 156943 155410
23979 3
152097 156943 155410
23990 3
152097 156943 155410
23994 3
152097 156943 155410
23998 3
152097 156943 155410
24005 3
155124 151438 153079
24006 2
155410 152456
24008 2
151802 152230
24013 1
153113
24018 1
156801
24019 1
156801
24025 2
153632 153113
24037 3
155452 155453 153632
24045 2
152114 155578
24054 2
152114 155578
24058 2
152114 155578
24061 2
152114 155578
24077 2
153632 153113
24084 2
153632 153113
24091 1
152456
24101 1
152456
24102 1
152456
24108 1
152456
24123 1
152456
24130 1
152456
24131 1
152456
24144 1
152456
24181 4
151802 152230 152797 155827
24186 4
151802 152230 152797 155827
24195 4
151802 152230 152797 155827
24201 1
155410
24205 1
155410
24215 2
151802 152230
24229 2
152236 152481
24230 2
152236 152481
24234 2
152236 152481
24236 5
156969 152797 151802 152230 155827
24240 5
156969 152797 151802 152230 155827
24246 5
156702 155452 155453 155578 152114
24254 3
156801 155410 156969
24267 4
156943 152097 156801 155410
24269 4
156943 152097 156801 155410
24279 4
156969 155410 156801 152230
24307 6
152230 152797 151802 155827 155853 155971
24322 6
152230 152797 151802 155827 155853 155971
24324 6
156010 156035 155971 155827 155853 152797
24339 6
152230 152797 151802 155827 155853 155971
24344 4
151802 152230 152797 156852
24346 4
152230 152797 151802 156852
24350 4
154358 154356 152797 152230
24353 4
154358 154356 152797 152230
24357 4
154358 154356 152797 152230
24358 4
152230 152797 151802 155827
24359 4
155124 152097 156943 156969
24367 4
151136 156943 152097 152230
24369 3
151136 152097 156943
24371 2
152097 156943
24400 2
156943 152097
24401 2
153113 153632
24402 1
153113
24404 2
155452 155453
24411 3
156287 151136 152230
24449 1
155410
24451 1
155410
24460 1
155452
24461 1
155452
24464 1
155452
24465 1
156702
24477 2
152840 152282
24481 2
152840 152282
24482 2
151136 151802
24501 2
152840 152282
24504 4
153632 153636 153113 156287
24514 3
153113 153632 153636
24517 1
153271
24519 2
152114 155578
24529 2
153271 153488
24534 1
156702
24537 1
156287
24548 1
156287
24550 1
156287
24553 1
156287
24564 2
156287 153271
24566 2
153271 153488
24572 1
153271
24584 2
153271 153488
24586 1
152282
24598 1
152282
24600 1
152114
24604 2
152114 155578
24610 1
152114
24619 1
155578
24631 1
155578
24632 2
155452 155453
24636 2
155452 155453
24638 2
155452 155453
24650 2
155452 155453
24669 1
156458
24674 3
155452 155453 152282
24681 3
152840 152282 153113
24686 3
152840 152282 153113
24687 2
155452 155453
24700 1
155452
24706 1
156287
24714 2
156702 153349
24715 1
153271
24719 1
155452
24731 3
156943 152097 153113
24732 1
155452
24734 1
151136
24735 1
151136
24739 1
151136
24748 1
151136
24761 1
151136
24762 1
155452
24775 1
155452
24785 1
155452
24788 4
155124 152797 152230 151802
24789 2
155452 155453
24790 2
155452 155453
24791 1
155578
24795 1
153271
24819 4
156287 155578 152114 156702
24830 4
156287 155578 152114 156702
24834 4
156702 155578 152114 156943
24842 3
152840 152282 152114
24845 3
152114 155578 156287
24854 3
152114 155578 156287
24857 3
152114 155578 156287
24861 3
152114 155578 156287
24870 3
156702 152282 152840
24873 2
156702 155452
24876 2
155453 155452
24882 2
152282 152840
24885 2
155763 156287
24904 2
156287 155578
24905 2
156287 155453
24924 2
152282 152840
24944 1
152282
24952 3
152282 152840 152114
24954 2
155452 155453
24966 2
153113 153632
24967 2
155452 155453
24971 2
155452 155453
24975 2
156287 152840
24976 1
156287
25038 1
153271
25071 3
151802 152230 152797
25076 1
155763
25077 1
155763
25082 1
155763
25090 1
155763
25109 1
155763
25110 1
156458
25112 1
152236
25115 1
152236
