27324 1
157261
27328 1
157261
27343 1
152114
27350 1
152114
27352 1
152114
27363 1
152114
27379 1
155452
27392 1
155452
27393 1
155452
27395 1
155452
27397 1
155452
27398 1
155452
27402 1
155452
27408 1
155452
27411 2
151136 152114
27415 1
155452
27417 1
155452
27426 1
155452
27427 1
155452
27431 1
155452
27441 1
155452
27450 1
151136
27451 1
155452
27485 16
155827 155853 156010 156035 152230 155971 156852 152797 151802 151136 153208 155124 155452 155453 156972 151215
27490 15
152797 155827 155971 156852 156010 155853 156035 151802 152230 155124 151136 155453 155452 156346 151181
27491 15
152797 155827 151802 156035 155971 155853 156010 156852 152230 155124 151136 155453 155452 156346 151181
27495 11
151874 151914 152162 153208 151181 156346 151215 155453 155452 155124 151136
27496 15
155453 155452 151181 156346 151215 153672 154059 153208 157091 156972 156197 156069 153497 155459 153605
27499 15
152230 151802 155827 152797 156035 155853 155971 156852 156010 155124 151136 155452 155453 151181 156346
27500 15
153208 151914 152162 151874 151181 156346 152128 153497 153605 155459 156069 156197 152979 151215 155124
27502 15
152797 155827 151802 156852 156035 155853 156010 155971 152230 155124 151136 155453 155452 156346 151181
27505 15
152797 155827 151802 156852 156035 155853 156010 155971 152230 155124 151136 155453 155452 156346 151181
27508 15
152230 151802 155827 152797 156035 155853 155971 156852 156010 155124 151136 155452 155453 153208 151181
27512 15
152230 151802 155827 152797 156010 155853 155971 156852 156035 155124 151136 155452 155453 151181 156346
27513 15
153208 151215 151874 151914 152162 153672 154059 156069 155459 152979 153605 156197 153497 152128 156943
27514 15
153208 151181 156346 152162 151914 151874 154059 153672 156943 152097 151215 156069 153497 155459 153605
27517 15
151215 153208 154059 153672 152979 152128 155459 153605 153497 156069 156197 151874 151914 152162 152199
27574 2
157261 156287
27576 1
157261
27579 1
157261
27592 1
157261
27593 1
152282
27753 1
152114
27829 2
152114 155578
27830 2
155452 155453
27833 2
155452 155453
27856 1
156702
27857 1
154356
27865 1
156702
27866 1
156702
27899 4
156287 157261 156702 154358
27901 4
156287 157261 156702 154358
27906 4
156287 156702 157261 155452
27910 4
156287 157261 156702 154358
27912 4
156702 157261 155453 155452
27913 1
157261
27917 1
157261
27920 1
155410
28026 4
155853 155971 155827 156010
28029 4
152797 151802 152230 155827
28034 4
155578 152114 154059 153672
28035 4
155578 152114 154059 153672
28039 4
155578 152114 155853 155827
28048 4
152230 152797 151802 155827
28052 4
152114 155578 152230 151802
28054 4
155578 152114 154059 153672
28055 4
155578 152114 154059 153672
28057 4
151136 151802 152230 152797
28058 1
154356
28061 1
154356
28062 1
154356
28069 1
154356
28082 1
151802
28128 2
153351 153349
28131 1
156458
28132 1
153349
28137 1
156801
28141 1
156801
28150 1
156287
28168 2
152114 155578
28169 1
152282
28183 1
153271
28184 1
152282
28186 1
152282
28188 1
152282
28193 1
154356
28194 1
154356
28221 2
154356 154358
28224 2
154356 154358
28270 1
151802
28271 1
156801
28306 1
153349
28324 4
156972 157091 153208 155124
28335 4
156972 157091 153208 155124
28336 2
153208 155124
28340 2
153208 155124
28346 2
153208 155124
28348 2
153208 155124
28355 1
153208
28356 5
155124 153208 151834 156972 157091
28359 5
155124 153208 157091 156972 151834
28364 2
153208 155124
28373 2
153271 153488
28374 2
153271 153488
28378 2
153271 153488
28382 2
153271 153488
28383 1
153271
28384 1
152282
28392 1
152114
28393 2
156943 152097
28400 2
156943 152097
28405 2
152097 156943
28408 1
156702
28410 1
156702
28550 1
156702
28554 1
152282
28576 3
156287 153489 153488
28578 3
156287 153489 153488
28580 3
156287 153489 153488
28583 2
153488 153271
28588 2
156287 153271
28592 3
154356 154358 153488
28610 1
152282
28617 2
156458 151477
28641 1
151477
28652 6
151136 154356 154358 155578 152114 152797
28659 6
152230 152797 151802 155827 155853 155971
28664 6
156852 152797 151802 152230 155853 155827
28665 6
156852 152797 151802 152230 155853 155827
28666 6
152230 152797 151802 155827 155853 155971
28675 6
156852 152797 151802 152230 155853 155827
28677 6
152230 152797 155827 155853 155971 151802
28688 6
152230 152797 155827 155853 155971 151802
28694 6
154358 154356 151136 155578 152114 152797
28882 2
157261 152481
29145 1
152114
29153 2
155578 152114
29158 2
155578 152114
29165 2
155578 152114
29169 2
155578 152114
29174 2
152114 155578
29175 1
156702
29177 1
156702
29295 2
153271 153488
29299 1
153271
29353 2
156493 156458
29415 1
156287
29444 1
152114
29448 1
156287
29455 3
152840 152282 156702
29459 2
152840 152282
29462 2
156702 152840
29497 3
157206 155124 156969
29502 1
155410
29606 1
152282
29607 1
151438
29708 2
155452 155453
29714 2
152114 155578
29719 2
155452 155453
