37646 3
151834 156972 157091
37650 3
151834 156972 157091
37651 3
151834 156972 157091
37656 3
151834 156972 157091
37658 3
151834 156972 157091
37667 3
151920 156288 155332
37670 2
157206 156969
37672 1
156972
37674 1
151834
37683 1
151834
37699 1
151834
37712 1
151834
37721 2
151834 157206
37724 2
151834 157206
37727 2
157206 151834
37730 2
157206 151834
37737 3
151834 157206 151920
37745 2
152128 152979
37751 2
152128 152979
37753 2
156943 152097
37756 2
156943 152097
37760 2
152128 152979
37761 2
152128 152979
37770 2
152128 152979
37773 2
152128 152979
37833 1
152128
37848 1
152128
37849 1
152128
37851 1
152128
37857 1
152128
37859 1
152128
37866 3
155124 152456 155410
37868 3
155124 152456 155410
37869 3
155124 152456 157128
37882 3
155124 152456 155410
37888 3
152456 155124 155410
37898 4
157128 156801 155684 155683
37900 3
152456 155410 157128
37902 3
157128 156801 155684
37911 3
155124 155410 152456
37913 3
155124 155410 152456
37916 2
155410 154358
37919 3
157128 156943 152097
37922 3
157128 156801 156943
37924 3
157128 156801 156943
37927 3
157128 156801 156943
37928 3
157128 156943 156801
37931 2
157128 156801
37936 2
152456 157128
37949 2
152456 157128
37951 2
152456 157128
37956 2
152456 157128
37960 1
152456
37975 1
152456
37978 1
152456
37979 2
152456 157128
37990 2
152456 157128
38006 2
152456 157128
38012 2
152456 157128
38017 2
152456 157128
38020 2
152456 157128
38021 2
152456 157128
38024 2
152456 157128
38029 1
152456
38038 1
152456
38041 1
152456
38044 1
152456
38045 1
152456
38048 1
152456
38053 1
152456
38057 1
152456
38059 1
152456
38066 2
157128 152456
38074 2
152456 155683
38076 2
154356 154358
38083 2
152456 155683
38090 2
157128 152456
38105 2
157128 152456
38107 2
157128 152456
38108 2
152456 155683
38110 1
157128
38113 1
157128
38124 1
157128
38125 1
157128
38134 1
152456
38135 1
152456
38145 1
152456
38150 1
155410
38152 1
157128
38156 1
157128
38169 1
157128
38172 1
157128
38173 1
157128
38177 1
157128
38194 1
157128
38196 1
155410
38207 1
155410
38222 1
155410
38224 1
155410
38227 1
155410
38230 1
152456
38235 1
152456
38245 1
155410
38251 1
152456
38254 1
155410
38260 4
154356 154358 151136 152797
38261 4
154358 154356 152230 152797
38265 4
154358 154356 152230 152797
38266 4
154358 154356 152230 152797
38273 4
154356 154358 151136 152797
38278 4
154356 154358 151136 152797
38284 4
154356 154358 151136 152797
38294 4
154356 154358 151136 152797
38303 4
152456 157128 155684 155683
38309 4
152456 157128 155684 155683
38310 4
152456 157128 155684 155683
38316 4
152456 157128 155684 155683
38322 3
157128 152456 156801
38325 3
157128 152456 156801
38329 3
157128 152456 156801
38330 2
157128 152456
38332 2
157128 152456
38335 6
155459 153497 152979 153605 152128 156069
38357 5
151420 156969 157206 152199 151920
38471 1
156801
38489 1
155683
38490 1
152456
38493 1
152456
38495 4
152456 151215 157128 156801
38506 4
152456 151215 157128 156801
38512 1
156972
38522 1
156972
38531 1
156972
38535 1
152128
38549 2
151920 155332
38553 2
151215 153113
38555 2
151215 156969
38586 1
150980
38589 1
150980
38611 3
153079 154290 155436
38613 3
153079 154290 155436
38614 11
153800 153984 153407 153790 153806 153824 152834 153064 152736 152791 152022
38621 11
153800 153984 153407 153790 153806 153824 152834 153064 152736 152791 152022
38624 11
153800 153984 153407 153790 153806 153824 152834 153064 152736 152791 152022
38638 5
156663 153274 151082 150999 153208
38642 5
156663 153274 151082 150999 153208
38646 5
156663 153274 151082 150999 153208
38649 6
153208 152834 153064 153407 152791 152736
38650 5
156663 153274 151082 150999 153208
38659 5
150980 151066 155275 153208 152834
38663 5
150980 151066 155275 153208 152834
38666 5
150980 151066 155275 153208 152834
38667 3
151465 151391 155140
38672 2
152199 151391
38673 1
153672
38812 1
154715
38821 1
154715
38861 1
155332
38977 2
151082 150999
38979 2
151082 150999
38998 2
157128 152456
39000 2
157128 152456
39095 5
157206 151834 153497 153605 152979
39097 5
157206 151834 153497 153605 152979
39099 3
156943 152097 157128
39101 3
156943 152097 157128
39104 3
156943 152097 157128
39105 3
157206 151834 152128
39106 1
157128
39108 3
157128 157206 151834
39109 3
157128 157206 151834
39112 2
157206 151834
39127 2
157206 151834
39129 2
157206 151834
39152 2
157206 151834
39162 2
157206 157128
39164 3
157128 156943 152097
39183 2
157206 157128
39184 3
157128 157206 151834
39189 3
157128 157206 151834
39191 3
151834 157206 156801
39197 2
157206 157128
39208 1
152456
39268 4
152456 151914 152162 151874
39274 1
157128
39275 1
157128
39359 1
155683
39398 2
154356 154358
39400 2
154356 154358
39405 2
154356 154358
39410 2
154356 154358
39416 2
154356 154358
39420 2
154356 154358
39424 2
154356 154358
39427 2
154356 154358
39444 2
154356 154358
39449 2
153079 154290
39458 2
153079 154290
39459 2
153079 154290
39462 2
151914 151874
39463 2
151914 151874
39473 2
151914 151874
39478 2
156972 157091
39483 2
153079 154290
39486 2
153079 154290
39487 2
153079 154290
39488 2
153672 154059
39531 1
157128
39539 1
153079
39547 1
153079
39548 3
153079 154290 155436
39549 3
153079 154290 155436
39551 3
153079 154290 155436
39554 1
154356
39566 1
153672
39569 2
152456 154356
39575 2
156801 154356
39576 2
152456 156801
39578 2
152456 154356
39580 2
152456 154356
39586 2
152456 156801
39588 2
152456 156801
39776 1
157128
39819 1
157128
39891 1
152456
39895 1
152456
39897 1
155683
39899 1
155683
39955 1
157128
39956 2
157128 154358
39959 2
157128 154358
39961 1
157128
40010 1
157128
40063 1
152456
40066 1
152456
40070 1
152456
40089 1
156943
