42238 7
152014 154737 156053 153249 156801 154721 154730
42242 7
156404 151391 155140 156316 151465 154721 154730
42253 7
151391 155140 156316 156404 151465 153249 152014
42256 7
151391 155140 156316 156404 151465 153249 152014
42258 8
156801 152014 156053 153249 154737 155891 155554 155698
42269 1
157128
42273 1
157128
42280 1
157128
42314 1
157128
42330 1
151420
42332 1
151420
42336 1
151420
42338 1
151420
42339 1
154356
42341 1
154356
42342 1
154356
42352 1
157128
42404 2
151834 154356
42407 2
151834 154356
42415 2
151834 154356
42422 4
151834 157206 153632 153113
42423 4
153636 153632 153113 151834
42427 3
153113 153632 153636
42433 3
153113 153632 153636
42436 3
153113 153632 153636
42440 3
153113 153632 153636
42446 1
157128
42449 1
157128
42451 1
157128
42457 1
157128
42476 1
152456
42608 1
151834
42630 2
154358 154356
42674 2
154356 154358
42678 3
156801 154358 154356
42685 2
154356 154358
42687 2
154356 154358
42692 2
154356 154358
42696 2
154356 154358
42699 1
156801
42711 2
154356 154358
42765 1
154356
42766 1
154356
42769 1
154356
43103 1
156801
43110 1
156801
43111 1
156801
43114 1
156801
43115 1
156801
43116 1
156801
43124 2
156801 154358
43206 6
157128 156288 155332 151920 151834 151420
43207 6
157128 156288 155332 151920 151834 151420
43209 3
151420 151834 157128
43216 3
157128 151834 151420
43220 2
151834 151420
43231 3
157128 153208 151420
43233 2
157128 151834
43234 2
154059 153672
43237 2
154059 153672
43243 2
154059 153672
43244 2
154059 153672
43246 2
154059 153672
43264 3
151802 152230 152797
43277 3
151136 152230 151802
43282 3
155827 155853 155971
43286 5
153636 153113 153632 151834 157128
43288 5
153636 153113 153632 151834 157128
43308 5
153636 153113 153632 151834 157128
43313 2
154356 154358
43322 2
151420 154356
43323 2
151420 154356
43333 2
151420 154356
43348 2
154358 154356
43351 2
154356 154358
43352 1
152456
43354 3
152456 155684 155683
43355 3
152456 155684 155683
43378 3
152456 155684 155683
43380 3
152456 155684 155683
43382 2
157128 152456
43384 3
152456 156943 152097
43385 2
157128 152456
43386 2
157128 152456
43387 2
157128 152456
43388 2
152456 157128
43410 1
152456
43411 1
152456
43420 1
152456
43425 1
152456
43426 1
152456
43526 2
155683 155684
43527 2
155683 155684
43532 2
154358 154356
43538 8
157206 155332 156288 151920 151066 150980 155275 151136
43560 8
157206 151920 156288 155332 151066 150980 155275 151136
43563 8
157206 155332 156288 151920 151066 150980 155275 151136
43569 8
157206 155332 156288 151920 151066 150980 155275 151136
43573 8
157206 151920 156288 155332 151066 150980 155275 151136
43574 8
157206 151920 156288 155332 151066 150980 155275 151136
43575 8
157206 151920 156288 155332 151066 150980 155275 151136
43578 8
157206 155332 156288 151920 151066 150980 155275 151136
43581 2
157206 151066
43587 2
151066 150980
43597 2
157206 151066
43599 2
151066 150980
43604 2
157206 151066
43606 2
157206 151066
43611 1
157206
43613 1
157206
43656 1
156969
43702 3
151136 155683 155684
43708 3
155452 151136 155453
43863 2
152434 156250
43876 2
151136 151802
43877 2
152434 156250
44058 2
151136 151802
44082 1
155683
44149 4
155453 155452 152456 151802
44151 4
155453 155452 152456 151802
44154 3
155453 155452 152456
44245 1
156801
44248 1
153079
44252 1
152434
44295 1
151136
44312 4
152230 152797 151802 155827
44319 3
156801 155275 151066
44321 1
156801
44322 1
156801
44473 2
153145 151438
44479 2
153145 151438
44483 4
152230 152797 155827 151802
44491 4
152230 152797 151802 156852
44506 3
151920 155332 156288
44517 1
155683
44521 1
152434
44722 1
155452
44723 1
155452
44739 1
151802
44771 1
151802
44835 1
151136
44878 4
156801 151834 151215 151914
44882 4
156346 151181 157128 152979
44883 3
156346 151181 157128
44916 2
151066 150980
44917 2
151066 150980
44927 2
151066 150980
44929 2
151874 151914
44930 3
151066 150980 155275
44935 2
151834 151874
44939 2
151834 156801
44943 1
151834
44950 2
153113 153632
44952 2
153113 153632
44958 2
153113 153632
44960 2
153113 153632
44963 3
151834 151874 151215
44965 2
153113 153632
