47647 3
156287 155578 152114
47650 3
156287 155578 152114
47651 3
156287 155578 152114
47653 3
156287 155578 152114
47654 6
153079 154290 155436 154358 154356 155124
47658 7
151420 157261 154290 155436 153079 154356 154358
47660 9
153079 154290 155436 155124 154356 154358 150980 155275 151066
47662 8
151420 151834 153079 154290 155436 154358 154356 155124
47663 8
151420 151834 153079 154290 155436 154358 154356 155124
47664 10
151834 153079 154290 155436 155124 154356 154358 151066 155275 150980
47670 10
151834 153079 154290 155436 155124 154356 154358 151066 155275 150980
47680 10
151834 153079 154290 155436 155124 154356 154358 151066 155275 150980
47683 10
151834 153079 154290 155436 155124 154356 154358 151066 155275 150980
47688 9
153079 154290 155436 155124 154356 154358 150980 155275 151066
47689 6
153079 154290 155436 153672 154059 151834
47690 6
153079 154290 155436 153672 154059 151834
47693 6
153079 154290 155436 153672 154059 151834
47698 6
153079 154290 155436 153672 154059 151834
47699 13
151834 154059 153672 153079 154290 155436 154750 154698 153242 154693 154818 154676 152883
47700 13
153672 154059 155436 154290 153079 154750 154698 153242 154693 155123 154818 154676 152883
47709 13
154290 155436 153079 153672 154059 154750 154698 153242 154693 155123 154818 154676 152883
47717 10
153672 154059 153079 154290 155436 155124 151834 155275 150980 151066
47718 10
153079 154290 155436 153672 154059 155124 151834 155275 150980 151066
47723 10
155124 154059 153672 154290 153079 155436 155275 151066 150980 151834
47729 12
151066 155275 150980 151834 155124 152456 155044 154290 153145 153079 151438 155436
47735 12
151834 155124 155436 154290 153079 154750 154698 153242 154693 155123 154818 154676
47740 14
153672 154059 151834 153208 155436 153079 154290 156972 157091 151641 151438 153145 155044 156811
47741 12
150980 151066 155275 154059 153672 154290 155436 153079 154676 151922 153242 152883
47744 6
150980 151066 155275 151834 152097 156943
47745 6
150980 151066 155275 151834 152097 156943
47748 7
153672 154059 157261 153208 153113 153632 153636
47751 4
151834 157261 154059 153672
47752 4
151834 157261 154059 153672
47753 4
157261 151834 154059 153672
47754 7
151834 153079 154290 155436 153636 153113 153632
47755 8
153079 154290 155436 155124 150980 155275 151066 156287
47756 8
151834 153079 154290 155436 155124 151066 155275 150980
47758 12
155124 154358 154356 153605 155459 152128 153497 156197 156069 152979 151641 157261
47759 12
155124 154358 154356 153605 155459 152128 153497 156197 156069 152979 151641 151420
47760 11
151641 153497 155459 156069 156197 152128 153605 152979 152883 154693 151922
47761 13
156972 157091 151834 155664 155653 156792 151641 154750 154698 153242 155227 155183 154693
47762 13
156972 157091 151834 155664 155653 156792 151641 154750 154698 153242 155227 155183 154693
47764 12
157091 156972 154358 154356 151834 154750 154698 153242 154693 155123 154818 154676
47766 11
151834 155653 156792 155664 154698 154693 152883 155123 154676 154818 154750
47770 13
155227 155183 152883 151922 153242 154676 154693 154698 154750 154818 155123 155653 151834
47771 12
155183 155227 152883 151922 153242 154676 154693 154698 154750 154818 155123 151834
47776 11
156972 157091 151834 154676 154693 152883 153242 154750 154818 154698 151922
47778 11
154356 154358 151834 156972 157091 155653 155664 154750 154698 153242 154693
47780 11
156972 157091 151834 155664 156792 155653 156932 154750 154698 153242 155183
47782 11
155124 150980 151066 155275 151834 156792 155664 155653 156932 154698 154693
47784 11
155124 154358 154356 155275 151066 150980 157091 156972 151834 156932 155664
47790 11
155124 154358 154356 155275 151066 150980 157091 156972 151834 156932 155664
47792 12
154356 154358 151834 153079 154290 155436 155124 155275 150980 151066 152097 156943
47796 5
153079 154290 155436 152097 156943
47797 11
156943 152097 155436 153079 154290 150980 151066 155275 153636 153632 153113
47799 12
150980 155275 151066 153636 153113 153632 157091 156972 156932 151834 154698 153242
47802 11
154290 153079 155436 151834 156972 157091 154698 154693 152883 154676 154750
47804 11
151834 154290 155436 153079 154750 154698 153242 154693 154818 154676 152883
47805 5
156972 157091 155436 153079 154290
47806 12
154356 154358 153079 155436 154290 156943 152097 157091 156972 153636 153632 153113
47810 11
154290 155436 153079 154356 154358 156943 152097 156972 157091 153636 153632
47811 5
151874 151914 152162 156969 156702
47813 8
156287 155578 152114 152162 151914 151874 154356 154358
47814 9
155124 155275 150980 151066 153079 154290 155436 152097 156943
47816 9
153079 154290 155436 152097 156943 155124 155275 150980 151066
47819 2
152097 156943
47823 11
153672 154059 156943 152097 150980 151066 155275 155124 154290 155436 153079
47824 10
151834 156972 157091 153636 153113 153632 152097 156943 154358 154356
47825 10
156702 150980 155275 151066 154290 155436 153079 151802 152797 152230
47830 9
156702 156035 151802 155971 155827 152797 155853 152230 156010
47831 9
151215 151802 156852 152230 152797 155827 155971 155853 156010
47832 5
155124 151066 150980 155275 156287
47833 9
152162 151874 151914 156287 151802 155853 152797 152230 155827
47835 9
152162 151874 151914 156287 151802 155853 152797 152230 155827
47836 9
152162 151874 151914 156287 151066 156702 150980 155275 155853
47840 2
154356 154358
47841 2
154356 154358
47843 6
154356 154358 155124 151066 150980 155275
47845 2
154356 154358
47846 2
154356 154358
47847 3
156511 154358 154356
47850 9
154358 154356 156972 157091 153672 154059 151834 156792 155653
47851 5
154356 154358 156287 152097 156943
47853 5
153079 154290 155436 152097 156943
47854 5
152097 156943 154290 155436 153079
47855 5
152097 156943 154290 155436 153079
47858 6
151834 153079 154290 155436 152097 156943
47860 5
152097 156943 154290 155436 153079
47861 9
152162 151874 151914 154356 154358 156943 152097 150980 151066
47862 9
151874 151914 152162 156287 152097 156943 154290 153079 155436
47863 9
156969 156702 152797 156852 152230 151802 156010 156035 155853
47864 9
155124 154358 154356 156511 156287 154290 153079 156943 155436
47865 10
151215 154356 154358 151874 151914 152162 156943 152097 153208 154290
47869 9
156969 154358 154356 155124 152162 151874 151914 156943 152097
47871 9
156969 150980 151066 155275 151215 151874 151914 152162 155124
47874 9
156969 154358 154356 150980 151066 155275 151215 151874 151914
47875 9
156969 151066 155275 150980 154356 154358 151874 151914 152162
47876 9
155275 151066 150980 151874 151914 152162 155124 156287 156943
47877 9
155275 151066 150980 151874 151914 152162 155124 156287 156943
47878 5
153079 154290 155436 153208 156287
47879 6
151834 156972 157091 153208 152097 156943
47880 3
151834 152097 156943
47884 11
156972 157091 151834 154698 154750 153242 154693 155123 155183 154818 154676
47885 6
153113 153632 153636 153079 154290 155436
47886 9
156287 151066 155275 150980 151874 152162 151914 155124 154356
47887 9
156287 151066 155275 150980 151874 152162 151914 155124 154356
47891 9
156287 151066 155275 150980 151874 152162 151914 155124 154356
47893 13
151922 152883 153242 154676 154693 154698 154750 154818 155123 155183 155227 153208 151641
47894 11
151834 153636 153632 153113 153208 155459 152979 153605 153497 152128 156069
47895 10
151641 152128 152979 153497 153605 155459 156069 156197 153208 151834
47896 8
156972 157091 156197 152128 152979 153497 153605 155459
47898 8
156972 157091 156069 152128 152979 153497 153605 155459
47899 8
151641 151420 156792 155653 155664 152456 151990 151370
47900 8
156972 157091 156197 152128 152979 153497 153605 155459
47901 2
152128 152979
47903 2
156972 157091
47905 1
152128
47906 1
156972
47909 1
156972
47910 2
156972 157091
47919 4
155684 155683 151420 151834
47921 4
151834 157091 156972 155664
47923 1
151641
47926 3
156792 155664 155653
47932 2
151834 151922
47939 1
151834
47946 1
155683
47949 1
151922
47951 2
151922 152883
47954 2
151834 151922
47966 3
151834 153113 153632
47973 1
153113
47975 5
154356 154358 157261 151215 153636
47976 1
151215
47978 1
151802
47982 2
154356 154358
47991 2
151215 154356
47997 4
157091 156972 151922 152883
47998 2
153079 154290
48000 2
153079 154290
48003 1
153113
48004 2
155275 151066
48005 1
153079
48008 1
156972
48013 2
151834 153208
48017 2
151834 153208
48018 2
151834 153208
48020 2
151834 153208
48021 2
151914 151874
48022 2
155124 152114
48023 2
151874 151914
48025 1
157206
48026 2
151066 150980
48027 1
157206
48028 1
151215
48030 1
154356
48035 1
156972
48037 2
156511 151215
48038 1
153208
48039 2
153079 154290
48050 3
154290 155436 153079
48052 2
154290 153079
48053 2
157206 151802
48056 2
154290 153079
48061 2
154290 153079
48062 2
152097 156943
48066 2
156969 151215
48072 1
151215
48078 1
152114
48079 1
152114
48081 1
152114
48094 2
151641 151834
48099 1
153079
48101 5
156972 157091 156943 152097 155664
48104 3
151215 156287 154356
48106 1
151874
48107 1
153208
48113 1
155653
48119 3
151874 151914 152162
48124 3
152230 151802 152797
48130 3
151914 151874 152162
48133 3
156287 156943 152097
48134 3
156287 156943 152097
48135 3
156287 156943 152097
48136 3
151914 151874 152162
48137 3
151914 151874 152162
48139 3
151914 151874 152162
48140 3
151914 151874 152162
48141 3
151914 151874 152162
48142 3
154356 154358 152230
48144 3
154356 154358 157206
48149 3
154356 154358 151215
48156 2
156943 152097
48157 2
156287 157206
48158 2
157206 152097
48168 3
154290 153079 155436
48169 2
157206 156943
48171 2
152097 156943
48215 2
151215 151438
48221 1
151438
48223 1
150980
48229 2
151215 156511
48230 3
152456 156511 151215
48241 3
152456 156511 151215
48245 6
152230 152797 155827 155853 155971 151802
48246 4
156969 157206 155044 156811
48247 4
152230 152797 155827 151802
48248 4
154290 155436 153079 152797
48251 1
153079
48255 1
157206
48257 1
151802
48269 1
151802
48298 2
152114 155578
48300 1
157206
48304 1
157206
48306 1
157206
48308 2
152097 156943
48310 2
157206 156943
48312 3
156943 152097 151215
48313 3
151215 152097 156943
48317 3
156287 156943 152097
48318 2
151874 151914
48321 2
151874 151914
48326 1
151802
48328 1
156943
48335 1
151802
48360 1
156969
48386 1
156287
48389 1
153208
48408 2
151834 153113
48448 1
151215
48464 2
156969 153208
48473 1
154356
48523 3
153079 154290 155436
48524 3
152230 152797 151802
48525 3
152230 152797 151802
48531 3
153079 154290 155436
48534 3
153079 154290 155436
48535 3
153079 154290 155436
48542 3
153079 154290 155436
48561 3
153079 154290 155436
48563 3
153079 154290 155436
48564 3
153079 154290 155436
48572 3
153079 154290 155436
48575 2
152230 151802
48581 2
152230 151802
48583 2
153079 154290
48587 1
154356
48588 4
153208 156969 157091 156972
48596 3
153208 156969 156972
48599 2
156969 153208
48610 2
156972 157091
48611 1
153672
48613 1
154356
48616 1
154356
48620 6
154358 154356 151834 153636 153632 153113
48625 1
151922
48636 1
155683
48642 2
151438 153145
48644 2
154356 154358
48652 2
154356 154358
48654 2
154356 154358
48658 2
154356 154358
48664 2
154356 154358
48665 1
152097
48688 1
156943
48690 1
152097
48735 1
151215
48743 1
156969
48764 1
154356
48783 3
156801 155453 155452
48784 3
156801 155452 155453
48786 3
156801 155453 155452
48787 3
156801 155453 155452
48789 3
156801 155453 155452
48792 3
156801 155453 155452
48793 3
155578 152114 155124
48797 3
156801 155452 155453
48799 3
155453 155452 156287
48804 3
155763 155452 155453
48820 3
156801 155452 155453
48823 3
156801 155452 155453
48830 3
152114 155578 155453
48834 3
155453 155452 156287
48835 3
155453 155452 156287
48836 3
156801 155452 155453
48837 4
157206 152162 151874 151914
48842 4
151874 151914 152162 157206
48852 3
154356 154358 156932
48853 3
151066 150980 155275
48856 2
151066 150980
48857 2
151874 151914
48864 2
152097 156943
48866 2
152097 156702
48867 2
152097 156943
48868 2
152097 156943
48872 2
156702 152097
48873 2
152097 156943
48896 2
152097 156943
48898 2
151802 152230
48900 2
151802 152230
48901 2
151802 152230
48905 2
151802 152230
48906 3
151914 151874 152162
48907 3
156702 153632 153113
48919 3
156702 151874 151914
48926 3
156943 152097 156702
48934 3
156943 152097 156702
48935 3
156943 152097 156702
48951 2
157206 155124
48952 2
157206 151874
48956 3
156287 150980 151066
48959 2
151066 150980
48964 2
156287 151066
48971 1
153079
48977 3
153632 153113 153636
48980 6
154693 151922 152883 153242 154676 154698
48994 1
157206
48995 1
157206
