63669 4
156801 151420 156943 152097
63670 4
156943 152097 156969 151420
63671 4
156969 156943 152097 151420
63672 4
156969 156943 152097 151420
63675 4
156801 156943 152097 156969
63680 5
151420 151874 151914 152162 151641
63681 7
151420 157091 156972 155436 153079 154290 151641
63685 3
156972 157091 152979
63686 3
151834 152128 152979
63687 3
151834 151420 152128
63689 3
151834 151420 151438
63691 3
153145 151438 155044
63692 3
151834 151874 151914
63693 3
151834 152128 152979
63694 3
151834 151874 151914
63698 3
151834 151914 151874
63701 4
151834 152128 152979 153497
63702 4
151834 152128 152979 153497
63703 4
154358 154356 151914 151874
63707 7
156288 151920 155332 151215 155653 151641 155664
63711 7
151215 156288 155332 151920 155653 151641 156792
63714 5
153605 152128 152979 153497 155459
63717 4
157128 155332 151920 156288
63718 4
157128 155332 151920 156288
63719 3
152128 152979 153497
63720 3
151834 151922 152883
63724 3
157206 151181 156346
63726 3
151834 151922 152883
63732 3
151834 151922 152883
63733 7
156037 155891 155759 155939 155554 155698 151920
63736 6
151181 156346 156972 157091 155332 151920
63744 6
151181 156346 156972 157091 155332 151920
63746 6
151181 156346 156288 155332 151920 155698
63748 6
151181 156346 156288 155332 151920 155698
63750 6
151181 156346 151920 155332 156288 155698
63752 3
156346 151181 151920
63753 3
157206 151181 156346
63754 3
151922 152883 153242
63756 3
152883 151922 153242
63760 3
152883 151922 153242
63763 3
152883 151922 153242
63770 6
155759 155939 155554 155698 155891 156037
63778 5
156346 151181 157206 155759 155554
63779 7
154693 154698 153242 154676 151922 152883 154750
63785 5
157206 151834 150980 151066 155275
63786 3
152456 157206 151922
63787 6
157206 153079 154290 155436 155332 151920
63788 6
157206 153079 154290 155436 155332 151920
63789 6
151834 157206 154290 155436 153079 155332
63793 3
151834 157206 154290
63794 3
151834 153079 154290
63796 4
152883 153242 151922 154676
63803 4
152883 153242 151922 154676
63804 4
152883 153242 151922 154676
63805 3
152456 154358 154356
63811 3
154356 154358 151420
63813 3
154356 154358 151420
63819 3
152456 151922 152883
63827 3
152456 151922 152883
63829 3
152456 152883 151922
63831 3
152456 152883 151922
63834 3
157206 156346 151181
63839 3
157206 156346 151181
63844 3
157206 156346 151181
63845 3
157206 156346 151181
63852 3
157206 156346 151181
63854 4
152883 153242 154676 151922
63855 4
152883 153242 154676 151922
63857 4
152883 153242 154676 151922
63861 4
152883 153242 154676 151922
63870 4
152883 153242 154676 151922
63871 3
151420 151922 152883
63875 3
152883 151922 153242
63877 3
156346 151181 151920
63878 4
157206 151420 151181 156346
63879 3
152456 151922 152883
63886 3
156346 151181 157206
63887 4
157206 155759 155554 155698
63888 3
152456 154356 154358
63890 3
152456 154356 154358
63891 3
151922 152883 153242
63892 4
153497 152979 152128 153605
63893 3
156346 151181 152128
63894 3
156346 151181 152128
63898 3
156346 151181 152128
63899 3
157206 151920 155332
63901 3
154356 154358 157206
63902 3
154356 154358 157206
63905 4
151874 151914 152162 153079
63908 5
151420 152456 152883 151922 153242
63916 3
151420 154356 154358
63917 3
152883 151922 153242
63919 3
152883 151922 153242
63921 3
151914 152162 151874
63927 3
151874 151914 152162
63934 3
154059 153672 153079
63935 3
151874 151914 152162
63936 3
153672 154059 151834
63938 4
154290 155436 153079 153113
63939 3
154059 153672 153079
63942 3
154059 153672 153079
63945 3
154290 153079 155436
63946 3
154290 153079 155436
63947 3
151874 151914 152162
63950 3
151914 152162 151874
63952 3
153672 154059 153079
63957 3
153672 154059 153079
63959 3
154059 153672 153079
63961 3
152456 153113 153632
63963 3
153672 154059 154356
63965 3
154290 153079 155436
63969 3
154290 153079 155436
63974 3
154290 153079 155436
63977 4
154358 154356 153632 153113
63980 4
154358 154356 153632 153113
63983 4
154358 154356 153636 153113
64000 3
151914 152162 151874
64002 3
153079 154290 155436
64011 3
153672 154059 153079
64013 3
153672 154059 153079
64015 3
154356 154358 151834
64016 3
154059 153672 153079
64018 3
153079 154290 155436
64026 3
153079 154290 155436
64027 3
153079 154290 155436
64029 3
153632 153113 153636
64031 3
154059 153672 153079
64036 3
154290 153079 155436
64037 3
151874 151914 152162
64038 3
151914 152162 151874
64040 6
152456 151420 151834 153242 152883 151922
64048 5
152456 150980 151066 155275 157206
64050 3
151834 154356 154358
64057 3
153672 154059 151834
64060 3
153672 154059 151834
64064 3
153672 154059 151834
64072 3
153079 154290 155436
64076 3
153672 154059 154356
64077 3
153079 154290 155436
64080 3
153079 154290 155436
64081 3
152456 153672 154059
64084 3
154290 153079 155436
64085 3
153672 154059 153079
64089 3
154059 153672 153079
64091 3
154059 153672 153079
64093 6
152456 151834 153242 151922 152883 154676
64094 7
154356 154358 151834 152883 151922 153242 154676
64097 6
154358 154356 152456 151834 153242 151922
64100 6
154358 154356 152456 151834 153242 151922
64102 6
154358 154356 152456 151834 153242 151922
64103 6
154358 154356 152456 151834 153242 151922
64105 6
154358 154356 152456 151834 153242 151922
64106 6
154358 154356 152456 151834 153242 151922
64107 6
151834 157206 154676 152883 151922 153242
64110 6
154356 154358 152456 153242 151922 152883
64111 3
151922 152883 153242
64114 3
153113 153632 153636
64116 4
151215 152979 152128 153497
64117 4
151215 152979 152128 153497
64120 12
153208 156969 156943 152097 151914 152162 151874 151922 152883 154698 154676 153242
64122 3
156943 152097 153632
64127 3
156943 152097 153632
64129 3
156943 152097 153632
64133 3
151914 152162 151874
64134 3
153632 153636 153113
64135 3
153145 155044 151438
64138 3
153079 153145 151438
64147 3
153079 153145 151438
64148 3
151914 152162 151874
64150 3
151914 152162 151874
64151 3
151914 152162 151874
64152 3
151914 152162 151874
64155 3
151914 152162 151874
64156 3
151914 152162 151874
64157 3
151914 152162 151874
64159 3
151914 152162 151874
64164 9
154750 154818 151922 153242 152883 154676 154693 154698 155123
64165 9
154818 151922 152883 153242 154676 154693 154698 154750 155123
64167 9
154818 151922 152883 153242 154676 154693 154698 154750 155123
64172 6
153636 153632 153113 151420 152162 151874
64174 6
151914 152162 151874 151420 153113 153632
64175 3
153079 154290 155436
64176 3
154290 153079 155436
64177 3
154290 153079 155436
64178 3
154290 153079 155436
64191 3
154290 153079 155436
64193 8
151420 156801 156943 152097 153632 153636 153113 156969
64194 8
153636 153113 153632 151420 152097 156943 157091 156972
64201 8
153636 153113 153632 151420 152097 156943 157091 156972
64202 8
153636 153113 153632 151420 152097 156943 157091 156972
64204 8
151420 156801 156943 152097 153632 153113 153636 156969
64206 4
151420 151914 151874 152162
64208 1
156801
64210 1
156801
64216 3
156969 155044 153145
64217 1
156801
64218 1
156801
64219 1
156801
64223 3
156801 154358 154356
64225 3
156801 154358 154356
64229 1
156801
64231 1
156801
64232 1
156801
64240 1
156969
64245 1
156969
64250 1
156969
64252 1
156969
64255 1
156969
64257 4
155436 154290 153079 156969
64258 4
155436 153079 154290 156969
64261 4
154290 155436 153079 156969
64264 4
153145 155044 156811 151438
64267 4
153145 155044 156811 151438
64268 4
155044 151438 153145 156811
64269 4
155044 151438 153145 156811
64273 4
151438 153145 155044 156811
64275 4
151438 153145 155044 156811
64276 1
151420
64277 4
151420 156969 152162 151914
64278 1
151420
64282 3
151914 152162 151874
64283 3
151914 152162 151874
64289 3
154358 154356 151420
64292 3
151438 153145 155044
64297 3
151438 153145 155044
64298 3
151914 151874 152162
64299 3
153113 153632 153636
64300 3
153113 153632 153636
64301 3
153672 154059 154356
64302 1
156801
64305 1
156801
64310 1
156801
64312 1
156801
64313 1
156801
64316 3
154356 154358 151420
64318 3
154356 154358 151420
64320 1
156801
64321 3
156801 155044 153145
64325 3
156801 155044 153145
64326 3
156801 154358 154356
64329 3
151834 152128 152979
64330 3
151834 152097 156943
64333 3
151834 152097 156943
64335 3
151834 156943 152097
64339 3
156969 151920 156288
64340 1
156969
64342 1
156969
64345 1
156969
64346 1
156969
64349 3
156969 152162 151914
64357 4
153145 155044 156811 151438
64358 4
153145 155044 156811 151438
64361 3
153145 155044 151438
64362 3
153145 155044 151438
64365 3
153145 155044 151438
64366 3
153145 155044 151438
64369 3
153145 155044 151438
64370 3
153145 155044 151438
64374 3
153145 155044 151438
64376 3
153145 155044 151438
64381 1
156801
64392 1
156801
64393 3
151914 152162 151874
64396 3
151874 151914 152162
64404 3
151874 151914 152162
64412 3
151874 151914 152162
64417 3
153145 151438 155044
64420 3
151914 152162 151874
64423 1
156969
64426 3
156969 156943 152097
64427 3
156969 156943 152097
64429 3
151420 153113 153632
64431 3
151420 153632 153113
64432 1
156969
64434 1
156969
64435 1
156801
64437 1
153208
64439 1
153208
64441 6
154356 154358 155044 151438 153145 156811
64444 6
154356 154358 155044 151438 153145 156811
64445 6
154356 154358 155044 151438 153145 156811
64446 6
154356 154358 155044 151438 153145 156811
64451 4
154356 154358 151420 156801
64458 4
153636 153113 153632 153145
64466 4
153636 153113 153632 153145
64467 4
153636 153113 153632 153145
64468 4
153636 153113 153632 153145
64470 4
153636 153113 153632 153145
64475 5
154059 153672 154358 154356 153632
64477 4
156943 152097 154059 153672
64481 4
156943 152097 154059 153672
64487 4
154059 153672 153636 153113
64488 3
153113 153632 153636
64492 3
153632 153113 153636
64493 3
153672 154059 154356
64494 3
154059 153672 154356
64495 3
154059 153672 154356
64496 3
151438 153145 155044
64499 3
151438 153145 155044
64500 3
154356 154358 153113
64501 3
154356 154358 152456
64507 3
154356 154358 153145
64508 3
156969 155044 153145
64509 3
156969 155044 153145
64511 3
156969 155044 153145
64512 3
156969 155044 153145
64515 3
154358 154356 156969
64518 3
154356 154358 156969
64519 3
154358 154356 156969
64526 3
154358 154356 153145
64529 3
154358 154356 153145
64536 3
153145 155044 151438
64540 3
154358 154356 153145
64541 3
154358 154356 153145
64542 3
154358 154356 153145
64547 3
154358 154356 153145
64548 3
151438 153145 155044
64550 3
153145 155044 151438
64553 3
153145 151438 155044
64555 3
153145 151438 155044
64556 3
153145 151438 155044
64558 3
151438 153145 155044
64563 3
153145 155044 151438
64564 3
153145 155044 151438
64568 2
152456 156801
64569 2
154356 154358
64574 2
154356 154358
64575 3
154358 154356 153145
64576 3
154358 154356 153145
64580 3
154358 154356 153145
64584 3
154358 154356 153145
64589 3
154358 154356 153145
64590 3
154358 154356 153145
64593 3
154358 154356 153145
64595 3
154358 154356 153145
64597 3
154358 154356 153145
64604 3
154358 154356 153145
64606 3
154358 154356 153145
64607 3
154358 154356 153145
64609 3
154358 154356 153145
64611 3
153145 151438 155044
64613 4
154358 154356 153145 151438
64614 3
154356 154358 153113
64618 3
153632 153113 153636
64620 3
156969 156943 152097
64621 3
152456 156969 156801
64627 2
154356 154358
64628 2
154356 154358
64636 1
156801
64638 3
151914 152162 151874
64640 1
156801
64641 1
156801
64644 1
156801
64646 1
156801
64648 3
154059 153672 154356
64649 1
156801
64656 3
156801 154059 153672
64657 5
153672 154059 154358 154356 152162
64659 5
153672 154059 154358 154356 152162
64663 4
154358 154356 153672 154059
64665 4
154358 154356 153079 154290
64670 4
154358 154356 153079 154290
64676 4
154358 154356 153079 154290
64677 4
154358 154356 153079 154290
64682 4
154358 154356 153079 154290
64684 3
154356 154358 152162
64685 3
154356 154358 156943
64687 3
151914 151874 152162
64693 3
151914 151874 152162
64701 3
151914 151874 152162
64702 3
151914 151874 152162
64703 1
153208
64706 1
153208
64707 2
151420 153208
64708 3
156943 152097 156969
64709 3
156943 152097 156969
64711 3
156943 152097 156969
64723 3
156943 152097 156969
64727 3
156943 152097 156969
64729 4
154358 154356 151420 156801
64731 3
154358 154356 151420
64732 3
154358 154356 151420
64734 3
154358 154356 151420
64735 3
154358 154356 151420
64737 3
154358 154356 151420
64742 3
154358 154356 151420
64744 3
154358 154356 151420
64745 3
154356 154358 151438
64747 3
154356 154358 151438
64749 3
154356 154358 151438
64750 3
154358 154356 151420
64752 5
152162 151874 151914 150980 151066
64758 5
155275 150980 151066 151874 151914
64765 3
157128 152883 151922
64768 3
151922 152883 153242
64769 3
151920 155332 156288
64772 3
151920 155332 156288
64777 3
153145 151438 155044
64792 3
157206 151438 153145
64793 3
153145 151438 155044
64801 3
151920 151834 155332
64807 3
157206 151834 151920
64809 3
151834 157206 151920
64811 3
154356 154358 151834
64813 5
156801 151834 156943 152097 157206
64817 5
156801 151834 156943 152097 152128
64819 5
153208 156801 152979 152128 153497
64822 5
153208 156801 152979 152128 153497
64823 5
153208 156801 152097 156943 152128
64825 5
153208 156801 156943 152097 152128
64827 4
153208 156801 152097 156943
64829 4
153145 155044 151438 156811
64830 4
153145 155044 151438 156811
64834 4
153145 155044 151438 156811
64841 4
153145 155044 151438 156811
64842 4
153145 155044 151438 156811
64843 4
153145 155044 151438 156811
64844 4
153145 155044 151438 156811
64846 3
151874 151914 152162
64850 3
151874 151914 152162
64851 3
156801 152097 156943
64855 3
156801 156943 152097
64856 3
156801 152097 156943
64857 3
156801 152097 156943
64859 3
153145 151438 155044
64863 3
153145 151438 155044
64864 3
156801 152097 156943
64866 3
156801 152097 156943
64872 3
156801 156943 152097
64875 3
157206 151834 151920
64876 3
157206 151834 151920
64877 3
157206 155332 151920
64879 3
157206 151834 151914
64889 3
151834 151438 153145
64890 4
153636 153632 153113 152097
64891 3
151834 153113 153632
64896 3
153113 153632 153636
64899 3
153113 153632 153636
64904 3
153113 153632 153636
64906 3
153113 153632 153636
64910 3
151420 153632 153113
64915 3
151420 153632 153113
64917 3
151420 153632 153113
64918 3
154356 154358 151914
64921 3
154356 154358 151914
64922 3
154356 154358 151914
64923 2
154356 154358
64929 3
151420 151914 151874
64930 3
151420 154356 154358
64931 3
151420 154356 154358
64932 3
151874 151914 152162
64933 3
151914 152162 151874
64938 3
151914 152162 151874
64939 4
155044 153145 151438 156811
64940 4
153079 153145 151438 154290
64945 4
155332 156288 151920 151438
64948 4
153079 153145 151438 154290
64949 4
151834 157206 156943 152097
64958 4
155332 156288 151920 151834
64959 4
155332 156288 151920 151834
64961 4
155332 156288 151920 151834
64962 3
151066 150980 155275
64963 3
152097 156943 151834
64964 3
157206 151834 152097
64966 3
151920 156288 155332
64968 3
151920 156288 155332
64969 3
151874 151914 152162
64971 3
157206 156943 152097
64972 3
155332 156288 151834
64973 3
157206 155332 151920
64976 3
157206 155332 151920
64987 3
154356 154358 157206
64990 3
157206 156943 152097
64992 4
152456 157206 156943 152097
64996 3
152456 151920 155332
64997 3
152456 157206 156943
64998 3
154358 154356 157206
65000 3
154358 154356 157206
65002 3
154358 154356 157206
65004 3
154356 154358 157206
65005 3
157206 152456 156943
65009 3
154356 154358 157206
65010 3
154356 154358 157206
65011 1
151420
65013 4
156801 156943 152097 156969
