66429 1
155124
66430 1
151834
66432 4
157206 152979 152128 153497
66435 3
153145 151438 155044
66436 3
157206 151438 153145
66439 1
153208
66441 5
153145 154290 151438 153079 155044
66444 2
151874 151914
66451 2
151874 151914
66453 2
151874 151914
66460 2
151874 151914
66467 2
151874 151914
66469 2
151874 151914
66489 1
151438
66490 1
153113
66492 1
153113
66493 2
156972 157091
66494 1
153113
66496 1
153113
66501 1
156801
66502 1
156801
66504 1
153113
66505 1
151834
66507 1
151834
66509 1
151834
66510 1
151834
66614 2
155410 155124
66615 2
155124 151438
66620 2
155124 151438
66629 2
155124 151438
66631 2
155124 151438
66633 2
155124 151438
66635 2
155124 151438
66636 2
156969 153145
66637 2
151438 153145
66639 2
151438 153145
66640 2
151438 153145
66644 2
151438 153145
66645 2
153208 152456
66646 2
153208 152456
66647 3
151874 151914 152162
66656 1
151438
66659 1
155124
66662 1
151874
66667 1
155124
66669 1
155124
66723 1
151438
66726 1
151438
66732 1
151438
66737 1
151438
66739 1
151438
66799 1
152456
66805 1
152456
66894 2
151834 153113
66910 1
151438
66919 1
151438
66922 1
151834
66927 1
151834
66937 1
151834
66951 1
151834
66954 1
151834
67016 1
151834
67018 1
155124
67019 1
153672
67021 1
153672
67027 1
151834
67031 1
151834
67083 2
153208 157128
67084 2
151438 153145
67087 2
151438 153145
67113 2
153113 153632
67115 2
153113 153632
67116 2
153113 153632
67155 2
153113 153632
67156 2
153113 153632
67161 2
153113 153632
67162 2
153113 153632
67163 3
152979 152128 153497
67165 1
152128
67167 1
152128
67179 2
151438 153145
67183 1
151834
67263 3
153672 154059 152097
67269 3
151914 151874 152162
67275 2
155124 151914
67277 2
155124 151914
67279 2
155124 151914
67282 2
155124 151914
67283 2
155124 151914
67284 7
156069 152128 152979 153497 153605 155459 156197
67285 7
155459 156069 152128 152979 153497 153605 156197
67286 5
151834 153242 151922 152883 154676
67287 4
152883 153242 151922 154676
67290 4
151420 151922 152883 153242
67295 4
151420 151922 152883 153242
67298 4
151420 151922 152883 153242
67301 4
151420 151922 152883 153242
67306 4
151420 151922 152883 153242
67321 4
151420 151834 151922 152883
67322 4
153208 154290 153079 155436
67330 4
153208 154290 153079 155436
67333 4
153208 154290 153079 155436
67335 7
151641 151215 150980 151066 155275 157128 151420
67345 8
154750 154698 154693 151922 152883 153242 154676 154818
67347 8
154750 154698 154693 151922 152883 153242 154676 154818
67352 7
152456 155939 155554 155698 155891 155759 156037
67359 7
152456 155939 155554 155698 155891 155759 156037
67368 7
151920 155332 156288 157128 151215 150980 151066
67374 7
154693 154698 151922 152883 153242 154676 154750
67378 7
154693 154698 151922 152883 153242 154676 154750
67379 1
153113
67462 1
151438
67465 1
151438
67467 1
151438
67469 1
151438
67470 1
151438
67479 2
157206 151438
67483 4
156972 157091 151834 152128
67484 4
156972 157091 151834 152128
67489 1
151834
67495 1
151834
67503 1
151834
67504 1
151834
67598 2
151834 152128
67601 2
151834 152128
67607 1
152128
67616 1
151834
67618 1
151834
67622 1
157128
67631 1
157128
67697 1
152128
67705 2
153079 154290
67707 2
156972 157091
67709 2
156972 157091
67738 1
153079
67740 2
153079 154290
67747 7
156811 155044 153145 151438 154059 153672 153208
67750 7
156811 155044 153145 151438 154059 153672 153208
67751 7
156811 155044 153145 151438 154059 153672 153208
67754 6
151874 151914 152162 153208 153672 154059
67756 6
151874 151914 152162 153208 153672 154059
67757 6
151874 151914 152162 153208 153672 154059
67767 7
152456 154059 153672 153208 152162 151914 151874
67772 6
151874 151914 152162 153208 153672 154059
67774 6
151874 151914 152162 153208 153672 154059
67775 4
151834 153208 153672 154059
67780 4
151834 153208 153672 154059
67781 7
154059 153672 153208 151914 152162 151874 151834
67782 5
151834 151874 151914 152162 153208
67789 5
151834 151874 151914 152162 153208
67790 5
151834 151874 151914 152162 153208
67797 5
151834 151874 151914 152162 153208
67800 5
151834 151874 151914 152162 153208
67801 6
154059 153672 152456 153208 152162 151914
67803 6
154059 153672 153208 152162 151914 151874
67804 6
154059 153672 153208 152162 151914 151874
67807 3
153208 153672 154059
67808 3
153208 153672 154059
67811 3
153208 153672 154059
67813 3
153208 153672 154059
67814 4
153208 153079 154290 155436
67817 4
153208 153079 154290 155436
67819 4
153208 153079 154290 155436
67822 3
153208 153672 154059
67823 3
153208 153672 154059
67824 1
153208
67827 1
153208
67828 6
154059 153672 153208 152162 151914 151874
67829 6
154059 153672 153208 152162 151914 151874
67831 5
152456 151914 152162 151874 153208
67835 5
151834 151874 151914 152162 153208
67836 5
151834 151874 151914 152162 153208
67837 4
151874 151914 152162 153208
67840 4
151834 153208 153672 154059
67844 4
151834 153208 153672 154059
67846 4
151834 153208 153672 154059
67849 4
151834 153208 153672 154059
67855 7
151874 151914 152162 152456 151181 156346 151834
67856 4
152456 153208 153672 154059
67859 5
154059 153672 153208 152162 151914
67862 5
154059 153672 153208 152162 151914
67863 5
153672 154059 153208 152456 152162
67864 5
155044 156811 153145 151438 154059
67868 3
153208 153672 154059
67880 3
153208 153672 154059
67882 5
155044 156811 153145 151438 154059
67883 5
155044 156811 153145 151438 154059
67888 6
156811 155044 153145 151438 154059 153672
67897 6
154059 153672 153079 154290 155436 151834
67905 5
153672 154059 153208 151834 152162
67907 5
153672 154059 153208 151834 152162
67908 5
151834 152162 151874 151914 152456
67915 5
151834 152162 151874 151914 152456
67919 5
151834 155436 153079 154290 157128
67924 5
151834 154290 153079 155436 153208
67932 3
151834 153208 152456
67933 5
152456 153208 151914 152162 151874
67935 2
153208 152456
67939 5
151834 153208 152162 151874 151914
67953 5
153113 153636 153632 153208 152162
67959 5
153113 153636 153632 153208 152162
67964 5
153113 153636 153632 153208 152162
67969 8
154290 153079 155436 153208 156284 156301 155824 156302
67971 2
152456 153208
67980 2
152456 153208
67981 2
152456 153208
67984 3
151834 153208 152456
67985 2
152456 153208
67991 4
151874 151914 152162 151834
67995 3
151834 152456 153208
