76354 6
157206 157091 156972 151493 151370 151292
76356 6
157206 157091 156972 151493 151990 151370
76363 6
157206 157091 156972 151493 151990 151370
76364 6
157091 156972 151370 151292 151493 151252
76365 6
157206 157091 156972 151493 151990 151370
76366 5
157091 156972 151370 151292 151252
76370 5
157091 156972 156316 151465 151391
76372 5
155140 156316 151391 151465 156404
76373 5
155140 156316 151391 151465 156404
76374 4
151465 155140 151391 156316
76375 3
151391 151465 155140
76381 3
151391 151465 155140
76383 3
151391 151465 155140
76387 3
151391 151465 155140
76391 4
151465 155140 151391 156316
76397 3
151391 151465 155140
76402 3
151252 151292 151370
76404 5
152372 152732 152669 151621 153880
76405 4
152669 152732 152372 151621
76411 4
152669 152732 152372 151621
76413 3
152103 151252 153210
76414 3
151252 151292 151370
76415 5
153275 155201 151575 152562 155244
76418 5
153275 155201 151575 152562 155244
76420 5
153275 155201 151575 152562 155244
76421 3
153880 151621 155216
76423 3
152669 152372 152732
76424 3
151252 151292 151370
76433 3
151215 151621 153880
76435 3
151252 151292 151370
76437 4
151292 151370 151252 151493
76440 3
151391 151465 155140
76441 3
151391 151465 155140
76445 3
152014 153249 154737
76449 3
152014 153249 154737
76450 3
152014 153249 154737
76451 3
154715 154721 154730
76452 3
153880 151621 155216
76454 5
155216 155653 153880 151621 155664
76455 4
152669 152732 152372 151621
76462 4
152669 152732 152372 151621
76464 3
151252 151292 151370
76466 3
151252 151292 151370
76470 3
151252 151292 151370
76475 3
151252 151292 151370
76477 3
151252 151292 151370
76485 3
151252 151292 151370
76488 3
151252 151292 151370
76489 4
151292 151370 151493 151252
76491 3
152014 153249 154737
76492 7
151215 155244 152562 153275 151575 155201 155318
76494 6
151215 155201 152562 151575 153275 155244
76500 5
153210 154475 152103 151252 154799
76503 3
151252 151292 151370
76510 3
151252 151292 151370
76511 3
151370 151292 151493
76513 4
152669 152732 152372 151575
76518 3
151252 151292 151370
76521 4
151215 152372 152669 152732
76522 3
151252 151292 151370
76524 3
151252 151292 151370
76525 3
151252 151292 151370
76527 3
151252 151292 151370
76530 3
151252 151292 151370
76531 3
151252 151292 151370
76534 3
151252 151292 151370
76536 3
151370 151292 151493
76539 5
156053 153249 152014 154737 151391
76542 5
156053 153249 152014 154737 151391
76543 5
154737 156053 152014 153249 151370
76544 5
156053 153249 152014 154737 151465
76546 6
154737 156053 152014 153249 151252 151292
76557 5
151252 151292 151370 151493 151917
76558 5
151252 151292 151370 151493 151917
76560 1
151391
76562 1
151391
76565 2
151391 151465
76567 4
152732 152372 152669 151621
76568 1
155653
76570 1
151391
76571 1
151391
76575 1
155653
76576 1
155653
76581 1
155653
76583 1
155653
76584 1
155653
76585 1
155653
76587 1
151391
76589 2
152014 153249
76592 3
152014 153249 154737
76596 1
152014
76597 1
151391
76600 1
151391
76603 1
152014
76604 1
151621
76607 1
151621
76608 1
151252
76609 6
155367 155244 155201 155318 151575 155381
76611 1
151215
76612 2
151575 155201
76613 2
152562 151575
76614 1
152562
76619 1
151575
76622 1
151391
76624 2
151215 151575
76625 1
151391
76628 1
151391
76630 3
152669 152372 152732
76634 1
151621
76635 1
151621
76638 1
151621
76642 1
151621
76645 1
151621
76648 1
151621
76649 1
152372
76651 1
152372
76652 1
152372
76653 1
152372
76654 1
152372
76660 1
152372
76662 1
152372
76666 1
152372
76671 1
152372
76673 1
152372
76675 1
152372
76677 1
152372
76686 1
152372
76687 1
152372
76694 1
152372
76708 3
152372 152669 152732
76710 3
151252 151292 151370
76711 3
151391 151465 155140
76712 3
151391 151465 155140
76715 2
152014 153249
76716 2
152014 153249
76717 2
152014 153249
76721 2
152014 153249
76724 1
152014
76728 1
152014
76732 1
152014
76733 1
152014
76736 1
152014
76739 1
155653
76748 2
152014 153249
76761 1
151252
76796 2
155653 155664
76804 1
156972
76822 27
154720 154715 154721 154730 154760 154764 155250 151228 151524 151927 152708 152733 154170 154171 155343 156743 156568 152834 153064 153407 153790 153800 153806 153824 153984 152736 152791
76824 2
151215 152562
76825 2
151215 152562
76826 2
151215 151575
76827 2
151215 151575
76834 2
152562 153275
76836 2
151215 151575
76837 2
152014 153249
76846 2
152014 153249
76847 2
151215 152014
76851 2
152014 153249
76852 34
151228 151524 151927 152708 152733 154170 154171 155343 156743 153407 153790 153800 153806 153824 153984 152736 152791 152834 153064 155664 155653 156792 155318 153275 155367 155381 151575 152562 155911 155927 155930 155201 155244 157243
76853 1
152014
76855 1
152014
76857 1
152014
76858 1
151391
76860 1
151391
76861 1
151391
76864 1
151391
76868 4
153249 154737 152014 156053
76869 41
151228 151524 151927 152708 152733 154170 154171 155343 156743 154730 154760 154764 155250 154715 154721 152736 152791 152834 153064 153407 153790 153800 153806 153824 153984 154737 153249 156053 152014 155244 153275 155318 152562 155367 155381 155911 155927 155930 151575 155201 157243
76870 1
152372
76872 1
152014
76874 1
152014
76885 3
157091 156972 157128
76886 3
155554 155698 155759
76890 5
157206 155554 155698 155759 155891
76891 3
153208 156346 151181
76892 3
155698 155554 155759
76895 3
155554 155698 155759
76896 4
157206 155275 150980 151066
76909 3
152014 153249 154737
76912 3
155653 155664 156792
76922 1
151252
76928 2
151292 151252
76953 1
151391
76955 1
151391
76956 1
151391
76957 1
151391
76961 1
151391
76993 1
153208
76995 4
151292 151370 151252 151493
77114 2
153208 155275
77121 3
151292 151370 151252
77124 2
151292 151252
77128 1
152014
77141 2
151391 151465
77142 2
151391 151465
77167 1
153208
77173 1
153208
77174 1
153208
77176 1
153208
77179 1
153208
77184 1
157128
77191 1
157128
77192 1
157206
77194 1
157206
77195 1
156972
77201 1
156972
77204 3
152014 153249 154737
77206 3
152014 153249 154737
77207 2
152014 153249
77210 1
157128
77214 1
152014
77226 3
152014 153249 154737
77231 2
151391 151465
77238 6
153407 153064 152791 152736 152834 153790
77240 6
153407 153064 152791 152736 152834 153790
77241 7
153790 153407 152791 152736 152834 153064 153800
77242 6
153064 153407 152736 152791 152834 153790
77250 6
153064 153407 152736 152834 152791 153790
77251 6
153064 153407 152736 152834 152791 153790
77252 6
153064 153407 152736 152834 152791 153790
77253 6
153064 153407 152736 152834 152791 153790
77262 4
153880 155216 151621 152103
77263 4
153880 155216 151621 152103
77264 4
154737 153249 152014 156053
77265 4
152834 152791 152736 153064
77267 4
153880 155216 151621 150999
77269 4
152834 152791 152736 153064
77288 4
152834 152736 152791 153064
77289 4
152791 152834 152736 153064
77291 4
154730 154715 154721 154760
77294 4
154730 154715 154721 154760
77299 4
154730 154715 154721 154760
77300 6
154764 154730 154715 154760 154721 155250
77303 6
154760 154764 154721 154715 154730 155250
77304 6
154760 154764 154721 154715 154730 155250
77305 6
154764 154730 154715 154760 154721 155250
77306 4
152834 152736 152791 153064
77309 4
154730 154715 154721 154760
77311 2
154715 154721
77356 2
151082 150999
77357 2
151082 150999
77359 3
152736 152791 152834
77361 3
151252 151292 151370
77362 3
151252 151292 151370
77363 3
152736 152791 152834
77364 2
152736 152791
77370 2
151621 153880
77375 3
153275 152562 157243
77376 3
153275 152562 157243
77377 2
151575 152562
77379 2
151575 152562
77389 2
152097 156943
77483 1
157206
77538 1
155332
77539 2
151920 155332
77585 2
151641 157128
77597 1
152456
77616 2
153079 154290
77620 2
153079 154290
77621 1
153079
77622 1
153079
77624 1
153079
77627 1
153079
77629 1
153079
77630 1
153079
77631 3
151641 156288 155332
77634 3
156288 155332 151920
