78897 18
151575 155911 155201 155367 155930 155927 155318 155244 155381 152562 153275 157243 155146 155147 155824 156301 156284 156302
78908 46
155653 155664 156792 156284 156301 156302 155824 156568 155244 155911 155927 155930 155318 155367 155381 151575 155201 152562 153275 157243 155147 155146 151252 151917 151990 152022 152103 152251 155409 151292 152824 152897 152976 153210 151370 153362 154217 154475 156483 156484 154799 154984 156855 156953 151493 151641
78910 46
155653 155664 156792 156284 156301 156302 155824 156568 155146 155147 153275 151575 152562 155911 155927 155930 155201 155244 155318 155367 155381 157243 152103 154475 154799 151252 153210 155409 151917 153362 154217 151990 152022 154984 151370 152251 151493 152824 156483 156484 152897 152976 156855 156953 151292 151641
78911 46
155653 155664 156792 156284 156301 156302 155824 156568 155146 155147 155244 155911 155927 155930 155318 155367 155381 151575 155201 152562 153275 157243 152824 152897 152976 151493 153362 154217 154984 151292 151917 151990 156483 156484 152022 152251 156855 156953 151370 153210 155409 154475 154799 152103 151252 151641
78912 26
155653 155664 156792 156284 156301 156302 155824 156568 151575 152562 153275 155911 155927 155930 155201 155244 155318 155367 155381 157243 155147 155146 151641 157091 157128 156972
78915 10
155653 155664 156792 156284 156301 156302 155824 155147 155146 156568
78968 15
155146 155147 152032 152864 157004 157176 156926 152652 156858 157128 156284 156301 156302 155824 151641
78971 14
155146 155147 152032 152864 157004 157176 156926 152652 156858 157128 156284 156301 156302 155824
79057 21
155409 156483 154984 151252 151917 151990 152022 152103 152251 151292 151370 152824 152897 152976 153210 151493 153362 154217 154475 154799 156484
79059 16
151641 155409 154799 152103 151252 154475 153210 152022 151990 152897 152976 153362 152824 151493 151917 151370
79087 21
153497 152979 152128 155459 156197 153605 156069 151292 151252 152251 151370 152824 152897 154217 152103 152022 153362 151493 151990 153210 152976
79139 26
152032 152864 157004 157176 156926 152652 156858 151641 151215 155824 156284 156301 156302 157128 155930 155201 155244 155318 155367 155381 151575 155911 155927 153275 152562 157243
79148 22
152736 152791 152834 153064 153407 153790 153800 153806 153824 153984 152864 152032 157004 157176 156568 156511 154764 155250 154715 154721 154730 154760
79151 22
152736 152791 152834 153064 153407 153790 153800 153806 153824 153984 152864 152032 157004 157176 156568 156511 154764 155250 154715 154721 154730 154760
79153 22
152736 152791 152834 153064 153407 153790 153800 153806 153824 153984 152864 152032 157004 157176 156568 156511 154764 155250 154715 154721 154730 154760
79154 4
156511 152652 156858 156926
79157 4
156511 152652 156858 156926
79158 4
156511 152652 156858 156926
79159 13
156568 151082 153274 150999 156663 152652 156858 156926 156792 155653 155664 155147 155146
79182 4
152652 156858 156926 151641
79212 7
152032 152864 157004 157176 157091 156972 156511
79214 30
151917 151990 156953 155409 156483 152022 156484 156855 152103 152251 151370 152824 152897 152976 153210 151493 153362 154217 154475 154799 154984 151252 151292 157128 155318 155244 155927 155911 155201 155381
79215 1
156511
79217 1
156511
79218 1
156511
79260 5
152652 156858 156926 156972 157091
79261 18
156972 157091 156301 156302 155824 156284 155367 155381 151575 155911 155927 155930 152562 153275 155201 155244 155318 157243
79262 15
157243 153275 152562 155244 151575 155381 155367 155927 155930 155201 155911 155318 156301 156302 156284
79265 15
157243 153275 152562 155244 151575 155381 155367 155927 155930 155201 155911 155318 156301 156302 156284
79266 15
153275 151575 157243 155201 155244 155318 155367 155381 152562 155911 155927 155930 156284 156301 155824
79267 15
157243 152562 153275 155201 155381 155367 155318 155911 155927 155930 151575 155244 156284 156301 155824
79268 15
157243 152562 153275 155201 155381 155367 155318 155911 155927 155930 151575 155244 156284 156301 155824
79275 15
157243 152562 153275 155201 155381 155367 155318 155911 155927 155930 151575 155244 156284 156301 155824
79276 19
155244 155930 157243 155367 155318 155201 155381 151575 152562 153275 155911 155927 156792 155664 155653 156301 156302 156284 155824
79277 24
151252 151292 151370 151493 151917 151990 152022 152103 152251 152824 152897 152976 153210 153362 154217 154475 154799 154984 155409 156483 156484 156855 156953 151641
79281 24
151252 151292 151370 151493 151917 151990 152022 152103 152251 152824 152897 152976 153210 153362 154217 154475 154799 154984 155409 156483 156484 156855 156953 151641
79285 46
156511 156284 156301 156302 155824 156972 157091 156926 152652 156858 155911 155927 155930 151575 153275 155201 155244 155318 155367 155381 152562 157243 151252 151917 151990 152022 152103 155409 152251 151292 151370 152824 152897 152976 153210 156483 156484 151493 156855 153362 154217 156953 154475 154799 154984 151641
79286 46
156511 156284 156301 156302 155824 156972 157091 156926 152652 156858 155911 155927 155930 151575 153275 155201 155244 155318 155367 155381 152562 157243 151252 151917 151990 152022 152103 155409 152251 151292 151370 152824 152897 152976 153210 156483 156484 151493 156855 153362 154217 156953 154475 154799 154984 151641
79290 43
151641 152022 156953 151370 152251 152103 156484 152976 154217 152824 151917 156855 151493 155409 152897 153362 156483 153210 154475 154799 154984 151252 151292 151990 153275 151575 155930 155927 155911 152562 155367 155318 155381 155244 155201 157243 156926 156858 152652 156972 157091 156301 156302
79292 35
151641 152022 153210 152897 151292 152103 156483 156855 154475 152976 156484 151370 152251 155409 156953 151493 153362 154217 152824 154799 154984 151252 151917 151990 153275 151575 155318 155930 155927 155244 155911 152562 155201 155381 155367
79293 35
151641 152022 153210 152897 151292 152103 156483 156855 154475 152976 156484 151370 152251 155409 156953 151493 153362 154217 152824 154799 154984 151252 151917 151990 153275 151575 155318 155930 155927 155244 155911 152562 155201 155381 155367
79295 35
151641 152022 153210 152897 151292 152103 156483 156855 154475 152976 156484 151370 152251 155409 156953 151493 153362 154217 152824 154799 154984 151252 151917 151990 153275 151575 155318 155930 155927 155244 155911 152562 155201 155381 155367
79325 18
156484 156953 154984 156483 156855 151990 152022 151370 152251 151493 152824 152897 152976 151292 151917 153362 154217 152103
79341 15
153210 153362 151493 151252 151917 151990 152022 152103 152251 151292 152824 152897 152976 151370 154217
79345 22
151575 152562 153275 155201 155244 155318 155367 155381 155911 155927 155930 157243 156284 156301 156302 155824 156858 156926 152652 155664 155653 156792
79348 22
151575 152562 153275 155201 155244 155318 155367 155381 155911 155927 155930 157243 156284 156301 156302 155824 156858 156926 152652 155664 155653 156792
79354 22
151575 152562 153275 155201 155244 155318 155367 155381 155911 155927 155930 157243 156284 156301 156302 155824 156858 156926 152652 155664 155653 156792
79357 22
151575 155201 155244 155318 155367 155381 155911 155927 155930 152562 153275 157243 156284 156301 156302 155824 156858 156926 152652 155664 155653 156792
79360 22
151575 152562 153275 155201 155244 155318 155367 155381 155911 155927 155930 157243 156284 156301 156302 155824 156858 156926 152652 155664 155653 156792
79362 23
152032 152864 157004 157176 156301 156302 155824 156284 155367 155381 152562 155911 155927 155930 151575 153275 155201 155244 155318 157243 152652 156858 156926
79364 24
155146 155147 155824 156284 156301 156302 155244 155318 155367 155381 153275 155911 155927 155930 151575 152562 155201 157243 156858 156926 152652 155664 155653 156792
79366 24
155146 155147 155824 156284 156301 156302 155244 155318 155367 155381 153275 155911 155927 155930 151575 152562 155201 157243 156858 156926 152652 155664 155653 156792
79371 21
152562 153275 157243 155201 155244 155318 155367 155381 155911 155927 155930 151575 156284 156301 156302 155824 156858 156926 152652 155147 155146
79429 37
151917 151990 151370 152824 152251 152022 152976 156484 156953 152897 156483 153210 152103 155409 156855 151493 153362 154217 154475 154799 154984 151252 151292 151641 155318 155244 155367 155201 155930 155927 155911 151575 155381 153275 157243 152562 156301
79435 37
151917 151990 151370 152824 152251 152022 152976 156484 156953 152897 156483 153210 152103 155409 156855 151493 153362 154217 154475 154799 154984 151252 151292 151641 155318 155244 155367 155201 155930 155927 155911 151575 155381 153275 157243 152562 156301
79438 37
151917 151990 152251 151370 155409 152022 152897 152976 156855 152824 156483 151493 153210 152103 156484 156953 151252 153362 154217 154475 154799 154984 151292 151641 155244 155201 155930 155927 155911 151575 155381 155318 155367 153275 152562 157243 156284
79440 37
151641 152022 152897 153210 152251 152103 156484 156953 156855 156483 151917 152976 152824 151292 151370 151493 153362 154217 154475 154799 154984 151252 155409 151990 152562 157243 153275 155318 155381 155244 155201 155367 155930 155927 155911 151575 156284
79484 16
156483 156484 154217 154984 153362 151917 151990 152022 151493 152251 151292 151370 152824 152897 152976 156855
79493 14
156568 156972 157091 156792 155653 155664 152032 157004 152864 157176 156301 156302 155824 156284
79494 14
156568 156972 157091 156792 155653 155664 152032 157004 152864 157176 156301 156302 155824 156284
79495 14
156568 156972 157091 156792 155653 155664 152032 157004 152864 157176 156301 156302 155824 156284
79499 14
156792 155664 155653 156972 157091 152864 157004 152032 157176 156284 156301 156302 155824 156511
79505 14
155653 155664 156792 156972 157091 152864 157004 152032 157176 156284 156301 156302 155824 156511
79600 21
152652 156858 156926 153208 156301 156302 155824 156284 151641 152562 153275 157243 155911 155927 155930 155201 155244 155318 155367 155381 151575
79654 25
155824 156284 156301 156302 152032 152864 157004 157176 151575 155911 155927 155930 155201 155244 155318 155367 155381 152562 153275 157243 152652 156858 156926 151641 156511
79655 23
156511 151641 152652 156926 156858 157243 153275 152562 155244 155201 155930 155927 155911 155318 151575 155367 155381 155824 156302 156301 156284 157004 152864
79658 23
151641 156511 152652 156926 156858 155930 155927 155911 152562 155381 155367 153275 155318 151575 157243 155201 155244 155824 156302 156301 156284 157004 152864
79663 23
151641 156511 152652 156926 156858 155930 155927 155911 152562 155381 155367 153275 155318 151575 157243 155201 155244 155824 156302 156301 156284 157004 152864
79665 23
151641 156511 152652 156926 156858 157243 153275 152562 155244 155201 155930 155927 155911 155318 151575 155367 155381 155824 156302 156301 156284 157004 152864
79764 35
157128 154799 151252 153210 154475 152103 155409 151370 156855 152824 152976 151292 152251 153362 151990 156484 151917 154984 156953 152022 154217 151493 156483 152897 151641 155244 155201 155318 155930 155927 155911 151575 155381 155367 152562
79766 33
157128 151990 151493 152824 155409 152022 156483 156484 154217 152897 156855 152251 152103 152976 156953 153210 151252 153362 151370 154475 154799 154984 151292 151917 151641 155318 155930 155927 155244 155911 151575 155201 155381
79767 32
157128 151990 151493 151370 152022 152103 156483 156855 154217 152824 156484 155409 152897 152976 156953 153210 151252 153362 152251 154475 154799 154984 151292 151917 151641 155318 155927 155244 155911 151575 155201 155381
79785 23
154984 151990 152251 151370 156855 152022 156484 156953 156483 151493 152824 152897 152976 151292 151917 153362 154217 154475 152103 153210 151252 154799 155409
79841 23
157091 156972 156855 156483 151917 151990 152103 153362 152251 151292 152824 152897 152976 153210 151370 152022 154217 154475 154799 154984 151493 151252 155409
79905 18
151641 157128 156855 154984 156484 151990 151370 153362 152251 151493 152824 152897 152976 151292 151917 152022 154217 156483
79907 37
151641 152022 156484 152824 152251 152103 156953 151370 156855 152897 151917 153210 156483 155409 152976 151493 153362 154217 154475 154799 154984 151252 151292 151990 155244 155201 155930 155927 155911 151575 155381 155318 155367 153275 152562 157243 156284
79911 35
157128 151641 152103 151370 152824 155409 156484 151493 154475 154984 156855 152897 151292 152251 153210 156483 153362 154217 156953 154799 152976 151252 151917 151990 152022 153275 151575 155318 155930 155927 155244 155911 152562 155201 155381
79914 19
151215 151641 154475 151252 151917 151990 152103 153362 152251 151292 152824 152897 152976 153210 151370 152022 151493 154217 154799
79915 18
151215 154217 153210 151252 151292 151917 151990 152022 152103 152251 151370 152824 152897 152976 153362 151493 154475 154799
79942 23
154984 151990 152251 151370 156483 152022 156855 156953 156484 151493 152824 152897 152976 151292 151917 153362 154217 154475 152103 153210 151252 154799 155409
79943 23
154984 151990 152251 151370 156483 152022 156855 156953 156484 151493 152824 152897 152976 151292 151917 153362 154217 154475 152103 153210 151252 154799 155409
79944 25
156484 151990 155409 156483 156855 156953 152022 152103 152251 151292 152824 152897 152976 153210 151370 153362 154217 154475 154799 154984 151493 151252 151917 157091 156972
79953 25
156484 151990 155409 156483 156855 156953 152022 152103 152251 151292 152824 152897 152976 153210 151370 153362 154217 154475 154799 154984 151493 151252 151917 157091 156972
79957 23
154984 151990 152251 151370 156483 152022 156855 156953 156484 151493 152824 152897 152976 151292 151917 153362 154217 154475 152103 153210 151252 154799 155409
79959 23
156855 156483 155409 156484 151917 151990 152022 152103 152251 151292 152824 152897 152976 153210 151370 153362 154217 154475 154799 154984 151493 151252 156953
79964 40
151575 152562 153275 155201 155244 155318 155367 155381 155911 155927 155930 157243 156858 156926 152652 153210 151493 153362 154217 154475 154799 154984 151252 151917 151990 152022 152103 155409 152251 151292 151370 156483 156484 156855 152824 152897 156953 152976 155146 155147
79967 40
151575 152562 153275 155201 155244 155318 155367 155381 155911 155927 155930 157243 156858 156926 152652 153210 151493 153362 154217 154475 154799 154984 151252 151917 151990 152022 152103 155409 152251 151292 151370 156483 156484 156855 152824 152897 156953 152976 155146 155147
79968 40
151575 152562 153275 155201 155244 155318 155367 155381 155911 155927 155930 157243 156858 156926 152652 153210 151493 153362 154217 154475 154799 154984 151252 151917 151990 152022 152103 155409 152251 151292 151370 156483 156484 156855 152824 152897 156953 152976 155146 155147
79969 40
151575 152562 153275 155201 155244 155318 155367 155381 155911 155927 155930 157243 156858 156926 152652 153210 151493 153362 154217 154475 154799 154984 151252 151917 151990 152022 152103 155409 152251 151292 151370 156483 156484 156855 152824 152897 156953 152976 155146 155147
79971 40
151575 152562 153275 155201 155244 155318 155367 155381 155911 155927 155930 157243 156858 156926 152652 153210 151493 153362 154217 154475 154799 154984 151252 151917 151990 152022 152103 155409 152251 151292 151370 156483 156484 156855 152824 152897 156953 152976 155146 155147
79973 40
151575 152562 153275 155201 155244 155318 155367 155381 155911 155927 155930 157243 156858 156926 152652 153210 151493 153362 154217 154475 154799 154984 151252 151917 151990 152022 152103 155409 152251 151292 151370 156483 156484 156855 152824 152897 156953 152976 155146 155147
79975 40
151575 152562 153275 155201 155244 155318 155367 155381 155911 155927 155930 157243 156858 156926 152652 153210 151493 153362 154217 154475 154799 154984 151252 151917 151990 152022 152103 155409 152251 151292 151370 156483 156484 156855 152824 152897 156953 152976 155146 155147
79986 40
151575 152562 153275 155201 155244 155318 155367 155381 155911 155927 155930 157243 156858 156926 152652 153210 151493 153362 154217 154475 154799 154984 151252 151917 151990 152022 152103 155409 152251 151292 151370 156483 156484 156855 152824 152897 156953 152976 155146 155147
79987 17
155146 155147 153275 151575 152562 155201 155244 155318 155367 155381 155911 155927 155930 157243 156858 156926 152652
80007 16
154737 153249 152014 156053 155930 155381 155927 155201 155318 155244 153275 155911 151575 152562 155367 157243
80013 23
153249 156053 152014 154737 151575 157243 152562 155911 155930 155927 155367 155201 155318 153275 155381 155244 154217 153362 152022 153210 152976 151990 151370
80014 23
153249 156053 152014 154737 151575 157243 152562 155911 155930 155927 155367 155201 155318 153275 155381 155244 154217 153362 152022 153210 152976 151990 151370
80019 18
154475 154799 151493 151252 151917 151990 152022 152103 152251 151292 152824 152897 152976 153210 151370 153362 154217 154984
80020 16
153362 154217 151493 151252 151917 151990 152022 152103 152251 151292 152824 152897 152976 153210 151370 154475
80049 15
155911 151575 155244 155381 157243 152562 153275 155201 155318 155367 155927 155930 152022 152976 152897
80075 39
152979 156069 155459 153605 156197 152128 153497 157128 151215 152897 151990 152103 152976 151917 151292 156484 154799 154475 154217 156953 153362 154984 151252 156483 153210 152022 152824 155409 152251 151370 151493 156855 155244 155930 155927 155201 155911 155381 151575
80079 15
152128 153497 153605 156197 155459 156069 152979 151215 151990 152824 152897 151917 153362 151493 152251
80080 15
152128 153497 153605 156197 155459 156069 152979 151215 151990 152824 152897 151917 153362 151493 152251
80083 15
152128 153497 153605 156197 155459 156069 152979 151215 151990 152824 152897 151917 153362 151493 152251
80086 15
152128 153497 153605 156197 155459 156069 152979 151215 151990 152824 152897 151917 153362 151493 152251
80088 15
157128 152979 153497 156197 156069 152128 155459 153605 151215 151917 152824 151292 151370 152976 152251
80089 15
157128 155459 152979 156197 156069 152128 153605 153497 151215 151990 152897 152824 151917 153362 151493
80090 15
152128 153497 153605 156197 155459 156069 152979 151215 151917 151370 152824 151292 152976 152251 152103
80091 15
157128 155459 152979 156197 156069 152128 153605 153497 151215 151917 152824 151370 151292 152976 152251
80092 15
157128 155459 152979 156197 156069 152128 153605 153497 151215 151917 152824 151370 151292 152976 152251
80093 15
157128 155459 152979 156197 156069 152128 153605 153497 151215 151990 152897 152824 151917 153362 151493
80097 26
151292 151370 151493 151917 151990 152022 152251 152824 152897 152976 153362 154217 154984 156483 156484 156855 156953 153210 155409 151252 152103 154475 154799 151641 155147 155146
80099 26
151215 157091 156972 155409 154799 154475 153210 152103 151252 152022 154217 154984 151370 153362 151990 156953 152976 152897 151917 151292 156484 152824 156483 151493 152251 156855
80102 31
155824 156284 156301 156302 155653 155664 156792 152103 152251 152824 152897 152976 153210 153362 154217 154475 154799 154984 155409 151252 151292 151370 151493 151917 151990 156483 156484 152022 156855 156953 151641
80153 15
157128 151370 152022 151252 151917 151990 151493 152103 152251 152824 152897 152976 153210 153362 151292
