80205 43
155653 156792 155664 152824 152103 151370 151990 156855 156953 154217 156484 152976 156483 152251 152897 155409 153210 151917 151252 153362 151493 154475 151292 154799 154984 152022 153249 154737 156053 152014 152032 152864 157176 157004 155367 155318 153275 155930 155927 155244 155911 155381 155201
80206 26
150999 151082 153274 156663 152732 152372 152669 153880 155216 151621 152032 152864 157004 157176 152562 155244 155318 155367 155381 155911 155927 155930 153275 151575 155201 157243
80212 26
150999 151082 153274 156663 152732 152372 152669 153880 155216 151621 152032 152864 157004 157176 152562 155244 155318 155367 155381 155911 155927 155930 153275 151575 155201 157243
80213 26
150999 151082 153274 156663 152732 152372 152669 152864 152032 153880 155216 151621 157004 157176 155318 155367 155381 155911 155927 155930 155201 151575 155244 153275 152562 157243
80218 26
152372 152669 152732 152032 151621 152864 153880 155216 157004 157176 151082 156663 153274 150999 152562 155244 155318 155367 155381 155911 155927 155930 153275 151575 155201 157243
80267 29
154715 154721 154730 154760 154764 155250 155653 155664 156792 150999 151082 156663 153274 153249 156053 154737 152014 152562 153275 157243 155201 155244 155911 155927 155930 151575 155318 155367 155381
80272 1
151641
80333 1
155653
80351 33
156792 155664 155653 156953 156855 152103 155409 156484 156483 151370 154984 152824 152897 152976 151493 153210 151252 153362 154217 154475 151917 154799 152251 151990 151292 152022 154737 152014 153249 156053 153275 152562 157243
80354 33
156792 155664 155653 154984 152897 156953 155409 156483 154217 151370 151990 152824 152103 152976 151493 153210 151252 153362 156484 154475 151917 154799 156855 152251 151292 152022 154737 152014 153249 156053 155367 155318 153275
80431 31
152014 153249 154737 156053 151917 151990 151252 152022 152103 152251 152824 152897 152976 153210 151292 153362 154217 154475 151370 154799 154984 155409 151493 156483 156484 156855 156953 156972 157091 157128 156932
80432 31
152014 153249 154737 156053 151917 151990 151252 152022 152103 152251 152824 152897 152976 153210 151292 153362 154217 154475 151370 154799 154984 155409 151493 156483 156484 156855 156953 156972 157091 157128 156932
80434 31
152014 153249 154737 156053 151917 151990 151252 152022 152103 152251 152824 152897 152976 153210 151292 153362 154217 154475 151370 154799 154984 155409 151493 156483 156484 156855 156953 156972 157091 157128 156932
80437 1
153079
80439 1
153079
80444 1
153079
80449 35
151621 153880 155216 156792 155664 155653 152732 152372 152669 154764 154715 155250 154721 154730 154760 152864 152032 157004 157176 155381 151575 155244 155911 155927 155930 155201 155318 155367 153275 152562 157243 151082 153274 150999 156663
80451 26
154715 154721 154730 154760 154764 155250 152032 152864 157004 157176 155201 155244 153275 155318 155367 155381 155911 155927 155930 152562 151575 157243 156663 150999 151082 153274
80452 26
154715 154721 154730 154760 154764 155250 152032 152864 157004 157176 155201 155244 153275 155318 155367 155381 155911 155927 155930 152562 151575 157243 156663 150999 151082 153274
80456 26
154715 154721 154730 154760 154764 155250 152032 152864 157004 157176 155201 155244 153275 155318 155367 155381 155911 155927 155930 152562 151575 157243 156663 150999 151082 153274
80458 14
153208 152014 153249 154737 156053 152032 152864 157004 157176 150999 156663 153274 151082 157128
80459 18
152014 153249 154737 156053 152864 152032 157004 157176 154760 154764 155250 154721 154730 154715 151082 156663 153274 150999
80460 16
153208 152032 152864 152014 153249 154737 156053 157004 157176 150999 156663 153274 151082 157128 156972 157091
80462 39
153208 152032 152864 152014 153249 154737 156053 157004 157176 150999 156663 153274 151082 157128 156972 157091 152976 151493 153210 151917 151990 153362 154217 154475 151252 154799 154984 155409 152022 156483 156484 151292 156855 156953 152103 152251 152824 151370 152897
80464 39
153208 152014 153249 154737 156053 152032 152864 157004 157176 150999 156663 153274 151082 157128 156972 157091 152976 151493 153210 151917 151990 153362 154217 154475 151252 154799 154984 155409 152022 156483 156484 151292 156855 156953 152103 152251 152824 151370 152897
80467 38
152014 153249 154737 156053 152864 152032 157004 157176 151082 156663 153274 150999 157128 152897 152976 151917 151990 153362 154217 151292 154984 152022 156483 156484 151370 156855 156953 152251 152824 151493 154799 153210 155409 152103 154475 151252 156972 157091
80474 38
152014 153249 154737 156053 152864 152032 157004 157176 151082 156663 153274 150999 157128 152897 152976 151917 151990 153362 154217 151292 154984 152022 156483 156484 151370 156855 156953 152251 152824 151493 154799 153210 155409 152103 154475 151252 156972 157091
80477 38
152014 153249 154737 156053 152864 152032 157004 157176 151082 156663 153274 150999 157128 152824 151370 152897 152976 153210 151493 151917 153362 154217 154475 151990 154799 154984 155409 151252 156483 156484 152022 156855 156953 151292 152103 152251 156972 157091
80480 38
152014 153249 154737 156053 152864 152032 157004 157176 151082 156663 153274 150999 157128 152824 151370 152897 152976 153210 151493 151917 153362 154217 154475 151990 154799 154984 155409 151252 156483 156484 152022 156855 156953 151292 152103 152251 156972 157091
80482 29
155146 155147 156972 157091 153208 150999 156663 153274 151082 152864 157004 152032 157176 155318 155367 155381 155911 155927 155930 153275 152562 151575 155201 155244 157243 152014 156053 153249 154737
80483 29
155146 155147 156972 157091 153208 150999 156663 153274 151082 152864 157004 152032 157176 155318 155367 155381 155911 155927 155930 153275 152562 151575 155201 155244 157243 152014 156053 153249 154737
80484 18
154715 154721 154730 154760 154764 155250 156792 155664 155653 153208 151082 150999 156663 153274 152032 152864 157004 157176
80485 25
155146 155147 156972 157091 153208 152864 157004 152032 157176 153274 151082 150999 156663 155318 155367 155381 155911 155927 155930 153275 152562 151575 155201 155244 157243
80491 10
156972 157091 151641 155146 155147 156301 156302 155824 156284 157128
80492 7
156972 157091 151641 156301 156302 155824 156284
80494 10
156972 157091 151641 155146 155147 156301 156302 155824 156284 157128
80504 21
156125 151082 153274 150999 156663 155653 155664 156792 156511 155367 155381 152562 151575 155911 155927 155930 153275 155201 155244 155318 157243
80513 20
156125 153249 154737 156053 152014 152562 155201 155244 155318 155367 155381 155911 155927 155930 151575 153275 157243 156792 155664 155653
80514 20
156125 153249 154737 156053 152014 152562 155201 155244 155318 155367 155381 155911 155927 155930 151575 153275 157243 156792 155664 155653
80515 20
156125 153249 154737 156053 152014 152562 155201 155244 155318 155367 155381 155911 155927 155930 151575 153275 157243 156792 155664 155653
80516 20
156125 153249 154737 156053 152014 152562 155201 155244 155318 155367 155381 155911 155927 155930 151575 153275 157243 156792 155664 155653
80517 19
154799 154984 154217 154475 151917 151990 151292 152022 152103 152251 151370 152824 152897 152976 153210 151493 151252 153362 155409
80521 19
154799 154984 153362 154475 153210 154217 152976 151370 151990 151493 152022 152103 152251 151252 151292 151917 152824 152897 155409
80526 36
152562 157243 153275 155930 155318 155244 155911 155367 151575 155927 155381 155201 150999 151082 156663 153274 153362 153210 156483 151252 154984 152976 152022 156484 154799 151990 152897 151917 151493 152824 151370 151292 152251 154475 154217 152103
80532 29
154721 154764 154730 154715 155250 154760 152976 152824 156855 151493 152022 152897 156483 151292 154217 156953 153362 151990 151917 154984 151370 152251 156484 154475 152103 153210 151252 154799 155409
80533 28
154760 154730 154715 155250 154721 154764 151990 151917 156484 151292 152824 152897 152976 153210 152251 155409 154475 154217 154799 154984 151493 151252 152103 153362 151370 152022 156483 156855
80534 23
154721 155250 154730 154760 154715 154764 153275 155201 157243 155381 151575 155930 155911 152562 155244 155367 155927 155318 151917 151493 151292 152976 152897
80795 1
151641
80883 2
155146 155147
80884 2
155146 155147
80888 2
157128 156972
80911 36
151575 152562 153275 155201 155244 155318 155367 155381 155911 155927 155930 157243 152897 152976 153210 151370 153362 154217 154475 154799 154984 151493 151252 151917 151990 152022 155409 152103 152251 151292 156483 156484 156855 156953 152824 151641
80923 43
153208 156972 157091 157128 155201 155244 155318 155367 155381 155911 155927 155930 152562 151575 153275 157243 154737 153249 152014 156053 154217 154475 151990 154799 154984 151292 152022 152103 152251 151370 155409 152824 152897 152976 151493 156483 156484 156855 156953 153210 151252 151917 153362
81050 2
155824 156284
81051 2
153079 154290
81052 2
153079 154290
81064 20
154715 154721 154730 154760 154764 155250 152652 156858 156926 153274 156663 151082 150999 157128 155147 155146 155824 156284 156301 156302
81065 20
154715 154721 154730 154760 154764 155250 152652 156858 156926 153274 156663 151082 150999 157128 155147 155146 155824 156284 156301 156302
81067 20
154715 154721 154730 154760 154764 155250 152652 156858 156926 153274 156663 151082 150999 157128 155147 155146 155824 156284 156301 156302
81071 41
151252 151292 151370 151493 151917 151990 152022 152103 152251 152824 152897 152976 153210 153362 154217 154475 154799 154984 155409 156483 156484 156855 156953 155250 154730 154760 154764 154715 154721 156858 156926 152652 153274 150999 151082 156663 157128 155824 156284 156301 156302
81072 41
151252 151292 151370 151493 151917 151990 152022 152103 152251 152824 152897 152976 153210 153362 154217 154475 154799 154984 155409 156483 156484 156855 156953 155250 154730 154760 154764 154715 154721 156858 156926 152652 153274 150999 151082 156663 157128 155824 156284 156301 156302
81079 48
151575 152562 153275 155201 155244 155318 155367 155381 155911 155927 155930 157243 152897 152976 153210 151370 153362 154217 154475 154799 154984 151493 151252 151917 151990 152022 155409 152103 152251 151292 156483 156484 156855 156953 152824 156926 152652 156858 154721 154730 154760 155250 154764 154715 150999 151082 156663 153274
81082 43
155146 155147 154730 154760 154764 154715 154721 155250 153275 151575 155201 155244 152562 155318 155367 155381 155911 155927 155930 157243 151252 151917 151990 152022 154799 154984 152103 152251 151292 152824 152897 152976 153210 151370 155409 153362 154217 154475 156483 156484 156855 156953 151493
81141 1
151641
81142 1
151641
81145 1
151641
81152 35
156511 152669 152732 152372 152864 152032 157004 157176 154720 151171 155108 155192 151026 154105 154495 156772 151609 152108 153939 155460 155695 155730 152785 155055 155056 154153 154715 154721 154730 154760 155250 154764 156792 155653 155664
81161 39
156511 152791 152834 153064 153407 153790 153800 153806 153824 153984 152736 152732 152372 152669 152032 152864 157004 157176 154495 155108 155192 151171 151026 154105 154720 156772 151609 152108 152785 155460 155695 155730 153939 155055 155056 154153 156792 155653 155664
81166 35
156511 152669 152732 152372 152864 152032 157004 157176 154720 151171 155108 155192 151026 154105 154495 156772 151609 152108 153939 155460 155695 155730 152785 155055 155056 154153 154715 154721 154730 154760 155250 154764 156792 155653 155664
81168 35
152372 152669 152732 152032 152864 157004 157176 154720 154730 154760 154764 155250 154715 154721 151026 155108 155192 154105 154495 151171 156772 152108 151609 155460 155730 154153 155055 155056 152785 155695 153939 156792 155664 155653 156125
81170 35
152372 152669 152732 152032 152864 157004 157176 154720 154730 154760 154764 155250 154715 154721 156772 152108 151609 155108 155192 154105 154495 151171 151026 154153 153939 155460 155695 155730 155055 155056 152785 156792 155664 155653 156125
81171 35
152372 152669 152732 152032 152864 157004 157176 154720 154730 154760 154764 155250 154715 154721 151026 155108 155192 154105 154495 151171 156772 152108 151609 155460 155730 154153 155055 155056 152785 155695 153939 156792 155664 155653 156125
81176 25
152032 152864 157004 157176 152372 152669 152732 156772 151609 152108 155055 155056 155460 155695 155730 152785 153939 154153 154730 154760 154764 154715 154721 155250 156125
81177 25
152032 152864 157004 157176 152372 152669 152732 156772 151609 152108 155055 155056 155460 155695 155730 152785 153939 154153 154730 154760 154764 154715 154721 155250 156125
81180 25
152032 152864 157004 157176 152372 152669 152732 156772 151609 152108 155055 155056 155460 155695 155730 152785 153939 154153 154730 154760 154764 154715 154721 155250 156125
81182 25
152372 152669 152732 152032 152864 157004 157176 156772 151609 152108 154760 154764 155250 154715 154721 154730 155056 154153 155460 155695 155730 152785 153939 155055 156125
81187 25
152372 152669 152732 152032 152864 157004 157176 156772 151609 152108 154760 154764 155250 154715 154721 154730 155056 154153 155460 155695 155730 152785 153939 155055 156125
81192 22
152032 152864 157004 157176 154730 154760 154764 155250 154715 154721 156772 152108 151609 155460 155730 155055 155056 154153 153939 155695 152785 156125
81193 22
152032 152864 157004 157176 154730 154760 154764 155250 154715 154721 156772 152108 151609 155460 155730 155055 155056 154153 153939 155695 152785 156125
81194 22
152032 152864 157004 157176 154730 154760 154764 155250 154715 154721 156772 152108 151609 155056 154153 155460 155695 155730 152785 153939 155055 156125
81197 22
152032 152864 157004 157176 154730 154760 154764 155250 154715 154721 156772 152108 151609 155056 154153 155460 155695 155730 152785 153939 155055 156125
81198 25
152372 152669 152732 152032 152864 157004 157176 154730 154760 154764 155250 154715 154721 156772 151609 152108 155056 154153 155460 155695 155730 152785 153939 155055 156125
81199 25
152372 152669 152732 152032 152864 157004 157176 154730 154760 154764 155250 154715 154721 156772 151609 152108 152785 153939 155695 155055 155730 155056 154153 155460 156125
81201 21
156483 154799 154984 155409 151493 151917 151990 151252 152022 152103 152251 152824 152897 152976 153210 151292 151370 153362 154217 154475 156484
81205 21
156483 154799 154984 155409 151493 151917 151990 151252 152022 152103 152251 152824 152897 152976 153210 151292 151370 153362 154217 154475 156484
81210 21
156483 154799 154984 155409 151493 151917 151990 151252 152022 152103 152251 152824 152897 152976 153210 151292 151370 153362 154217 154475 156484
81215 18
154799 154217 153362 154475 151493 151917 151990 151252 152022 152103 152251 152824 152897 152976 153210 151292 151370 154984
81224 12
152372 152669 152732 156125 150999 153274 151082 156663 154737 156053 153249 152014
81227 12
152372 152669 152732 156125 150999 153274 151082 156663 154737 156053 153249 152014
81242 21
157091 156972 156483 151252 151917 151990 152103 153362 152251 151292 152824 152897 152976 153210 151370 152022 154217 154475 154799 154984 151493
81251 41
151609 152108 156772 153939 154153 155055 155056 155460 155695 155730 152785 155664 155653 156792 153274 156663 151082 150999 151493 153362 151252 151917 154217 154475 154799 154984 151990 152022 155409 152103 151292 152251 151370 152824 156483 156484 152897 152976 153210 156855 156953
81252 41
151609 152108 156772 155055 155056 155460 155730 154153 155695 152785 153939 155664 155653 156792 153274 156663 151082 150999 151493 153362 151252 151917 154217 154475 154799 154984 151990 152022 155409 152103 151292 152251 151370 152824 156483 156484 152897 152976 153210 156855 156953
81269 45
151252 151292 151370 151493 151917 151990 152022 152103 152251 152824 152897 152976 153210 153362 154217 154475 154799 154984 155409 156483 156484 156855 156953 156972 157091 154737 156053 153249 152014 155927 155930 155201 155244 155318 155367 155381 151575 155911 152562 153275 157243 155147 155146 157128 151641
81272 45
156125 156972 157091 156053 152014 153249 154737 155146 155147 152251 152824 152897 152976 153210 151292 153362 154217 154475 151370 154799 154984 151493 151917 155409 151990 151252 156483 156484 156855 156953 152022 152103 155911 155927 155930 152562 151575 155201 155244 155318 155367 155381 153275 157243 157128
81280 44
156972 157091 154737 156053 152014 153249 155147 155146 152103 152251 152824 152897 152976 153210 151292 153362 154217 154475 151370 154799 154984 151493 151917 155409 151990 156483 156484 156855 156953 151252 152022 153275 155911 155927 155930 152562 151575 155201 155244 155318 155367 155381 157243 157128
81283 44
151252 151292 151370 151493 151917 151990 152022 152103 152251 152824 152897 152976 153210 153362 154217 154475 154799 154984 155409 156483 156484 156855 156953 152562 153275 157243 151575 155911 155927 155930 155201 155244 155318 155367 155381 152014 153249 156053 154737 157091 156972 157128 155146 155147
81284 42
151641 153249 152014 156053 154737 156972 157091 152562 155381 151575 155201 155927 155318 155367 155244 157243 153275 155930 155911 155146 155147 154217 153362 152022 153210 152976 151990 151370 156953 156855 152897 156484 156483 152824 151917 155409 154984 152251 154799 154475 152103 151493
81286 42
153249 152014 156053 154737 156972 157091 152562 153275 155381 155318 155201 151575 155927 155911 155930 157243 155244 155367 155146 155147 154799 154475 152103 151252 155409 153210 156484 156483 152251 154984 154217 152022 151493 153362 152976 151990 152897 156953 156855 152824 151917 151370
81287 16
154737 153249 156053 152014 155911 155381 155927 155201 155930 155244 155318 155367 151575 152562 153275 157243
81288 16
152014 154737 153249 156053 157243 153275 152562 155911 155381 155318 155367 151575 155927 155244 155201 155930
81289 16
154737 153249 156053 152014 155927 155381 151575 155201 155930 155244 155318 155367 155911 152562 153275 157243
81290 16
154737 153249 156053 152014 155927 155381 151575 155201 155930 155244 155318 155367 155911 152562 153275 157243
81293 16
154737 153249 156053 152014 155927 155381 151575 155201 155930 155244 155318 155367 155911 152562 153275 157243
81295 21
156972 157091 154737 153249 152014 156053 157243 153275 152562 155911 155927 155930 155318 155244 155367 155201 155146 151575 155381 155147 154217
81297 30
152014 154737 156053 153249 152562 153275 157243 155244 155367 155381 155318 155927 151575 155201 155930 155911 154217 153362 152022 151370 152976 156483 152897 152824 151990 154984 152251 151917 151493 151292
81298 30
152014 154737 156053 153249 152562 153275 157243 155244 155367 155381 155318 155927 151575 155201 155930 155911 154217 153362 152022 151370 152976 156483 152897 152824 151990 154984 152251 151917 151493 151292
81299 30
152014 154737 153249 156053 155381 155318 155201 155927 155911 151575 155930 155244 155367 153275 152562 157243 154217 153362 152022 153210 152976 151990 151370 152897 152824 151917 155409 154984 152251 154799
81300 30
154737 152014 153249 156053 155367 155318 155201 155930 155911 155381 151575 155244 155927 153275 152562 157243 154217 153362 152022 151370 152976 156483 152897 152824 151990 154984 152251 151917 151493 151292
81311 30
152014 154737 153249 156053 155381 155318 155201 155927 155911 151575 155930 155244 155367 153275 152562 157243 154217 153362 152022 153210 152976 151990 151370 152897 152824 151917 155409 154984 152251 154799
81312 18
156972 157091 156053 153249 154737 152014 152562 157243 153275 155930 155911 151575 155381 155927 155244 155201 155318 155367
81313 18
156972 157091 156053 153249 154737 152014 152562 157243 153275 155930 155911 151575 155381 155927 155244 155201 155318 155367
81315 18
156972 157091 156053 153249 154737 152014 152562 157243 153275 155930 155911 151575 155381 155927 155244 155201 155318 155367
81318 18
156972 157091 156053 153249 154737 152014 152562 157243 153275 155930 155911 151575 155381 155927 155244 155201 155318 155367
81322 18
156972 157091 156053 153249 154737 152014 152562 157243 153275 155930 155911 151575 155381 155927 155244 155201 155318 155367
81325 18
156972 157091 156053 153249 154737 152014 152562 157243 153275 155930 155911 151575 155381 155927 155244 155201 155318 155367
81354 21
150999 151082 153274 156663 155201 155911 155367 155930 151575 155318 155244 155927 155381 153275 157243 152562 155147 155146 154721 154715 154764
81357 19
150999 156663 153274 151082 155244 155930 151575 155911 155381 155318 155367 155201 155927 153275 157243 152562 155146 155147 154764
81416 40
157128 156484 156483 156953 156855 151292 153362 151370 152897 152251 151990 154984 152824 151917 152976 151493 154217 152022 154799 154475 153210 155409 152103 151252 156792 155653 155664 152979 153605 153497 156197 152128 155459 156069 157091 156972 152032 157176 157004 152864
81418 46
154984 152251 152103 151917 151252 151493 152976 155409 151370 151990 153362 153210 156953 152824 154217 151292 156855 152897 154475 156483 156484 152022 154799 155653 155664 156792 156972 157091 151215 151641 155201 151575 155930 155927 155911 155381 155367 155244 155318 152562 153275 157243 152032 157176 157004 152864
81419 40
157128 152824 151493 154799 152976 152897 156483 152251 154984 156855 156953 151917 151990 153210 152103 155409 154475 151370 156484 151252 153362 152022 151292 154217 155459 152979 153605 153497 156197 152128 156069 155664 156792 155653 157091 156972 152032 157176 157004 152864
81425 24
152652 156858 156926 156301 156302 155824 156284 155653 155664 156792 155146 155147 152562 151575 155911 155927 155930 155201 155244 155318 155367 155381 153275 157243
81443 13
152014 153249 154737 156053 156972 157091 156792 155653 155664 156926 152652 156858 152456
81444 12
152014 153249 154737 156053 156972 157091 156792 155653 155664 156926 152652 156858
81452 3
156932 152456 151215
81454 3
156932 152456 151215
81457 3
156932 151215 152456
81460 25
155824 156284 156301 156302 157128 155664 156792 155653 151215 151575 152562 153275 155911 155927 155930 155201 155244 155318 155367 155381 157243 152014 156053 154737 153249
81467 25
155824 156284 156301 156302 155653 155664 156792 157128 152562 153275 157243 155911 155927 155930 155318 155367 155381 151575 155201 155244 152014 156053 154737 153249 151215
81469 25
155824 156284 156301 156302 155653 155664 156792 157128 155244 155911 155927 155930 155318 155367 155381 151575 155201 152562 153275 157243 152014 156053 154737 153249 151215
81470 9
156197 153497 153605 156069 155459 152979 152128 153208 155698
81472 9
156197 153497 153605 156069 155459 152979 152128 153208 155698
81475 10
155759 155554 156037 155939 155891 155698 151641 152456 151215 155664
81476 8
151641 156037 155891 155759 155698 155554 155939 155653
81478 2
152128 152979
81479 2
151215 151641
81480 2
152128 152979
81481 2
151215 152456
81482 2
151215 152456
81483 2
152128 152979
81486 2
152128 152979
81487 3
151215 151641 151465
81488 3
151215 151641 151465
81493 1
157128
81494 1
157128
81496 1
157128
81497 2
151465 151391
81499 1
152456
81501 2
152456 151215
81504 1
152128
81506 1
152128
81510 1
152128
81513 1
152128
81514 2
152456 151215
81515 2
152456 151215
81518 1
152128
81520 1
152456
81525 1
152128
81526 1
152128
81530 1
152128
81532 1
152128
81533 1
152128
81537 1
152128
81541 1
152128
81542 1
152128
81544 1
152128
81547 1
152128
81548 1
152128
81550 1
152128
81552 1
155554
81553 1
155554
