85942 3
156801 154721 154715
85943 4
154721 154730 154715 154760
85945 4
157091 156972 154730 154715
85947 4
157091 156972 154730 154715
85948 4
157091 156972 154730 154715
85949 4
156801 154730 154715 154721
85950 3
156801 154721 154715
85954 3
154715 154721 154730
85956 3
156801 154721 154715
85959 3
154715 154721 154730
85960 3
156801 154721 154715
85966 3
156801 154721 154715
85977 5
151920 156288 155332 152199 151391
85996 1
153079
85997 2
153079 154290
85998 2
153079 154290
86002 2
156972 157091
86006 2
153079 154290
86010 2
153079 154290
86013 2
153079 154290
86014 2
153079 154290
86017 1
153079
86018 1
153079
86019 1
153079
86047 1
151391
86054 1
151391
86057 2
151874 151914
86059 1
151874
86061 2
151920 155332
86076 1
155554
86100 1
151920
86105 3
154290 153079 155436
86109 3
154290 153079 155436
86110 3
154290 153079 155436
86111 1
154715
86115 1
156972
86125 1
152199
86128 2
153079 154290
86133 2
153079 154290
86137 2
156932 152791
86143 3
152791 152736 152834
86147 3
152791 152736 152834
86148 2
153208 152791
86277 1
151874
86279 2
151181 156346
86280 1
151391
86281 1
151391
86282 1
151391
86284 1
151391
86285 1
151391
86299 1
151641
86300 1
151641
86312 1
151641
86313 3
155554 155698 155759
86315 3
155554 155698 155759
86318 3
152199 155554 155698
86319 1
153079
86322 6
154760 154764 154715 154730 154721 155250
86344 4
151215 151391 151465 155140
86345 4
151215 151391 151465 155140
86370 1
151391
86378 1
151391
86397 3
155554 155698 155759
86402 1
150980
86414 10
155146 155147 150999 153274 156663 151082 155275 156568 151066 150980
86415 7
155147 155146 156663 150999 151082 153274 150980
86416 1
151641
86417 1
151641
86418 1
151641
86419 1
152199
86447 1
151391
86450 1
152199
86451 1
152199
86456 1
152199
86478 1
151215
86483 2
151465 151391
86484 1
151920
86486 2
151215 151920
86488 3
154715 154721 154730
86490 3
154715 154721 154730
86491 1
152199
86495 1
152199
86496 1
151391
86497 1
151391
86500 1
151391
86504 1
151391
86505 1
151391
86506 3
153208 150999 151082
86507 3
155554 155698 155759
86508 1
151874
86515 2
151874 151914
86516 2
151874 151914
86517 2
151874 151914
86523 2
154715 154721
86540 2
157128 151641
86545 2
151391 151465
86547 2
156972 157091
86556 1
155332
86557 1
151920
86559 5
151641 152199 151215 151465 151391
86560 3
152199 151465 151391
86566 4
152199 156801 150980 151066
86567 5
155891 155759 155698 155554 155939
86569 4
151066 150980 155275 153208
86570 2
153208 151082
86575 3
153208 155554 155698
86576 1
151391
86578 1
151391
86581 1
153208
86582 3
155554 155698 155759
86583 3
152199 154715 154721
86584 2
154715 154721
86585 2
154715 154721
86587 2
154715 154721
86590 4
155140 151391 151465 156316
86592 4
155140 151391 151465 156316
86596 1
154715
86597 1
154715
86598 1
154715
86599 1
156801
86600 1
156801
86601 1
157128
86602 2
150999 151082
86607 1
151641
86630 1
152199
86633 1
151641
86635 1
153208
86636 3
156972 157091 154290
86641 2
156801 155554
86642 6
156972 157091 153249 152014 154737 156053
86643 4
154737 153249 152014 156053
86645 2
153208 151922
86646 1
156801
86647 1
153208
86650 1
151922
86654 1
157128
86659 1
157128
86661 2
152199 151465
86670 1
151391
86672 7
152199 155939 155554 155759 155698 155891 156037
86675 2
152199 153208
86678 1
152199
86679 2
152199 151391
86680 1
157128
86681 1
150980
86687 3
151641 151391 151465
86689 3
151641 151391 151465
86690 1
153208
86692 1
152199
86696 1
157128
86697 1
151181
86699 3
151465 151391 155140
86700 2
155554 155698
86703 1
151215
86706 1
151641
86711 1
151920
86720 1
151920
86721 1
151922
86723 1
151391
86725 1
151922
86736 1
152199
86740 4
154730 154715 154721 154760
86741 3
155554 155698 155759
86744 1
151181
86748 1
157128
86749 1
151920
86750 1
151920
86752 1
152199
86753 3
156972 157091 155759
86754 3
156972 157091 155698
86756 2
154715 154721
86757 2
154715 154721
86759 1
151391
86760 2
151922 152883
86761 2
151922 152883
86762 2
151922 152883
86768 1
154715
86769 1
152199
86772 1
151391
86774 2
153079 154290
86775 2
151181 156346
86778 1
151920
86781 2
151641 151181
86782 1
151641
86783 1
151641
86784 1
151641
86785 1
157206
86787 7
156801 154730 154760 154764 155250 154721 154715
86788 5
154721 154730 154760 154764 154715
86789 5
154730 154760 154715 154721 154764
86790 4
154721 154730 154715 154760
86791 3
156943 152097 153113
86792 3
152456 152097 156943
86794 3
156943 152097 152456
86795 1
155452
86796 1
151802
86797 3
155332 156288 151920
86801 1
151834
