88175 2
152456 151181
88176 2
152456 151181
88196 2
157128 151420
88204 1
151920
88208 3
151420 151922 152883
88216 1
156801
88217 1
156801
88219 1
156801
88220 1
156801
88229 1
153113
88232 1
153113
88233 1
153113
88234 1
153113
88270 2
151420 153672
88305 1
157128
88306 1
152128
88310 1
157128
88311 1
157128
88312 1
157128
88315 1
157128
88328 1
152128
88330 2
152128 152979
88343 1
152456
88362 2
157206 156969
88363 2
157206 156969
88378 3
151465 151391 155140
88386 1
156972
88391 3
152128 152979 153497
88392 2
153208 157128
88393 2
153208 157128
88396 2
153208 157128
88397 1
151802
88398 1
151802
88399 1
151802
88418 2
157128 156943
88426 2
157128 156943
88427 2
156943 152097
88433 2
152097 156943
88434 2
152097 156943
88435 2
152097 156943
88437 2
152097 156943
88440 2
152097 156943
88442 2
156943 152097
88443 2
156943 152097
88470 1
156943
88487 1
157206
88496 1
151802
88497 1
151802
88500 1
151420
88529 1
152456
88530 1
152456
88533 2
156943 152097
88534 2
152097 156943
88535 2
152097 156943
88547 4
156346 151181 152979 152128
88548 4
156346 151181 152979 152128
88560 2
156811 153145
88563 2
151834 153208
88565 1
153208
88572 1
152128
88573 4
151834 153208 151420 151922
88576 2
151922 152883
88577 2
151834 153208
88578 2
151922 152883
88579 2
157128 151920
88592 1
151420
88602 1
151420
88603 1
157206
88617 1
151438
88621 7
156069 155459 153605 152979 152128 153497 156197
88622 6
151215 151834 156969 151641 155332 151920
88625 6
155459 153605 153497 152128 152979 156069
88627 6
155459 153605 153497 152128 152979 156069
88628 6
157206 153208 151215 153113 153632 153636
88629 6
155459 153605 153497 152128 152979 156069
88630 7
156801 151420 153672 154059 154715 154730 154721
88632 6
156801 151420 156972 157091 153672 154059
88633 1
157206
88634 1
157206
88635 1
157206
88636 1
153672
88637 1
157128
88639 1
153208
88640 1
153208
88641 1
153208
88644 3
151420 152128 152979
88645 2
153208 151922
88647 1
157128
88699 1
151420
88700 2
151420 156969
88706 1
151181
88707 1
151181
88716 2
157128 151920
88751 2
156969 152456
88754 2
156969 152456
88756 2
155683 155684
88758 2
155683 155684
88759 2
156969 155683
88761 2
156969 155683
88762 2
155683 155684
88763 2
156969 152456
88764 2
156969 152456
88767 2
155683 155684
88768 2
155683 155684
88771 2
152456 156943
88772 2
155683 155684
88774 2
155683 155684
88775 2
152456 152097
88776 1
151215
88777 4
153636 153113 153632 153208
88778 3
151181 156346 151215
88781 2
153113 153632
88782 2
152456 156969
88783 1
152456
88785 1
152456
88786 1
156969
88787 1
152456
88788 1
152456
88793 3
153113 153632 153636
88794 1
156969
88795 1
151420
88796 1
151420
88797 1
156969
88799 1
156969
88801 1
152456
88805 1
151181
88818 3
157206 152097 156943
88819 1
153113
88833 3
157206 156288 155332
88835 3
157206 153208 155332
88850 1
153672
88851 7
155554 155698 155759 155891 155939 156037 152199
88852 9
151465 151391 156316 156404 155140 151641 155759 155554 155698
88853 8
155554 155698 155759 155891 155939 156037 152199 151641
88854 2
157128 151465
88855 2
157128 151465
88860 3
151215 152128 151922
88861 3
151215 152128 151922
88863 3
151215 152128 151922
88867 1
151215
88868 1
151181
88869 1
151834
88880 2
151834 151181
88881 2
151181 156346
88882 1
151215
88892 4
151420 151922 152883 153242
88893 3
151420 151920 155332
88895 3
151920 155332 156288
88897 3
151420 151922 152883
88898 3
156346 151181 153113
88901 3
156346 151181 153113
88902 3
156346 151181 153113
88903 3
156346 151181 153113
88905 3
156346 151181 153113
88906 1
151181
88907 1
151922
88908 1
151181
88909 1
151181
88910 1
151181
88918 1
151181
88936 1
151181
88943 1
152456
88944 1
152456
88954 2
152456 157206
88955 1
157206
88960 1
151420
