92375 5
156346 151181 151834 151438 153145
92376 5
151834 156943 152097 151438 153145
92377 5
153497 153605 152128 152979 155459
92380 6
155410 153605 153497 152979 152128 155459
92382 5
155410 156346 151181 151834 151438
92384 5
151834 157206 151438 153145 155044
92386 6
156943 152097 156346 151181 151834 155044
92388 4
153145 155044 151438 156811
92396 5
151834 155410 157206 153636 153632
92397 6
156969 157206 155939 155698 155759 155554
92398 5
156969 157206 155554 155759 155698
92399 6
154059 153672 156346 151181 155410 153497
92401 6
154059 153672 156346 151181 155410 153497
92403 6
153672 154059 155410 151181 156346 153497
92404 6
155410 156346 151181 154059 153672 153497
92405 4
156811 155044 151438 153145
92406 4
153145 155044 151438 156811
92409 7
156943 152097 151181 156346 155044 151438 153145
92411 7
151181 156346 152097 156943 151834 155044 151438
92412 5
155410 153497 152979 152128 153605
92416 7
153145 155044 156811 151438 153632 153113 153636
92417 7
151438 155044 156811 153145 153113 153632 153636
92418 7
151438 155044 153145 156811 153113 153636 153632
92421 5
155044 156811 153145 151438 153672
92423 4
153145 155044 151438 156811
92425 5
156811 153145 155044 151438 151181
92426 8
151181 156346 152128 153497 153605 155459 152979 156069
92427 6
153636 153632 153113 152097 156943 153497
92428 6
153636 153632 153113 152097 156943 153497
92429 6
152456 153632 153113 153636 156943 152097
92430 6
153636 153632 153113 152097 156943 153497
92431 6
153636 153632 153113 152097 156943 153497
92433 6
151181 156346 152128 153497 152979 153605
92434 6
151181 156346 152128 153497 152979 153605
92438 6
151181 156346 152128 153497 152979 153605
92439 5
155410 156346 151181 152979 152128
92443 5
155410 156346 151181 152979 152128
92444 5
156811 155044 153145 151438 151181
92445 5
155410 156346 151181 155044 151438
92447 6
152456 154059 153672 151834 156969 151641
92448 5
152456 153672 154059 151834 156969
92451 5
154059 153672 151834 156969 151641
92452 4
153113 153632 153636 153672
92453 4
152097 153113 153632 153636
92454 4
152097 153113 153632 153636
92456 6
157206 152456 153113 153636 153632 157128
92458 10
150980 155275 151066 156811 151438 153145 155044 151834 153208 153497
92461 2
151420 151834
92462 2
151420 152128
92464 1
153113
92467 1
153113
92469 1
151922
92475 1
152128
92482 3
153145 151438 155044
92484 3
153145 151438 155044
92489 3
151438 153145 155044
92490 3
151066 150980 155275
92491 2
151922 152883
92493 2
156801 151438
92496 1
156969
92497 1
156969
92501 1
156969
92502 1
156969
92503 1
156932
92504 1
156969
92509 1
152128
92510 1
152128
92511 1
152128
92516 1
156969
92523 1
156932
92524 1
156932
92525 1
152128
92528 1
152128
92533 1
153672
92539 1
156969
92544 1
150980
92557 1
151834
92559 1
156932
92562 2
155275 151066
92563 1
151834
92564 1
152456
92565 1
152456
92567 1
152456
92568 1
152456
92581 3
156943 152097 151438
92582 4
156346 151181 156932 151391
92584 3
152014 153249 154737
92585 2
151181 156346
92586 2
152456 151834
92595 1
153672
92596 1
153672
92597 1
156969
92617 1
153113
92618 1
153113
92623 7
154676 154698 152883 153242 154693 151922 154750
92624 6
153242 154693 151922 152883 154676 154698
92625 6
153242 154693 151922 152883 154676 154698
92627 6
153208 155275 150980 154059 151066 153672
92628 6
153208 155275 150980 154059 151066 153672
92629 6
153208 154059 153672 151066 150980 155275
92630 5
156801 153208 155275 150980 151066
92634 6
157128 153208 153672 154059 151066 150980
92635 6
157128 153208 153672 154059 151066 150980
92637 5
154676 151922 152883 153242 154693
92638 5
154676 151922 152883 153242 154693
92639 3
152979 152128 153497
92640 3
152979 152128 153497
92641 3
153672 154059 153208
92643 3
151922 152883 153242
92645 1
151215
92674 1
151834
92685 1
152456
92701 3
156932 151922 152883
92702 2
153672 154059
92709 2
152456 151834
92711 2
152456 151834
92712 2
152456 151834
92713 2
151834 151420
92714 2
151834 151420
92715 1
151420
92717 1
151420
92719 2
152456 151834
92722 2
152456 151834
92724 2
152456 151834
92726 3
152456 151834 151420
92727 3
153672 154059 151420
92731 2
151834 151066
92732 2
151834 156801
92733 2
151066 150980
92734 2
155275 151066
92736 2
151834 152456
92737 2
151834 151420
92739 3
157128 152883 151922
92741 3
157128 152883 151922
92744 2
155275 151066
92746 2
157128 151066
92748 2
157128 151066
92749 2
157128 151066
92751 2
157128 151066
92752 1
151922
92758 1
151922
92763 1
151834
92764 1
151834
92772 2
155275 151066
92775 2
155275 151066
92780 2
151181 156346
92781 1
151834
92803 2
152128 152979
92804 2
152128 152979
92805 1
151922
92836 2
157128 152128
92838 1
157128
92840 1
157128
92845 3
156346 151181 152456
92846 2
151922 152883
92847 1
150980
92865 1
151920
92868 1
151920
92871 5
151420 151834 155044 153145 151438
92872 3
156943 152097 151834
92873 3
156943 152097 151834
92874 2
151420 151834
92875 2
156969 151420
92877 2
156969 151420
92879 2
151420 151834
92883 2
151420 151834
92948 1
151420
92949 1
151438
92950 1
151834
92951 1
153208
93006 1
153113
93016 1
153079
93035 2
156801 157206
93036 4
151215 151181 156346 151922
93040 4
151215 151181 156346 151641
93042 4
151215 157128 151181 156346
93063 2
153113 153632
93065 1
156943
93067 1
152097
93068 1
152097
93070 1
152097
93072 1
156943
93076 3
152456 151834 151420
93077 3
152456 151834 151420
93080 3
152456 151834 151420
93081 3
152456 151834 151420
93084 1
151420
93085 1
153113
93094 1
153113
93149 1
156969
93150 1
156969
93152 1
156969
93153 1
156969
93167 1
151420
93168 1
151136
93169 1
151136
93170 1
151136
93176 4
155332 156288 151920 152456
93177 4
155332 156288 151920 152456
93178 4
152456 156969 151181 156346
93179 4
152456 151181 156346 156969
93180 4
152456 156969 151181 156346
93189 1
151920
93213 5
153113 153636 153632 151420 152456
93229 1
152456
