94127 1
152199
94128 1
152199
94129 1
152199
94131 1
152199
94132 6
152199 156568 156075 156095 156107 152834
94133 18
152736 152791 152834 153064 153407 153790 153800 153806 153824 153984 156932 156511 152199 156568 156053 152014 153249 154737
94135 18
152736 152791 152834 153064 153407 153790 153800 153806 153824 153984 156932 156511 152199 156568 156053 152014 153249 154737
94137 17
152736 152791 152834 153064 153407 153790 153800 153806 153824 153984 156511 156932 152199 154737 156053 152014 153249
94140 28
152562 153275 157243 155201 155244 155318 155367 155381 155911 155927 155930 151575 153984 152791 152834 153064 152736 153407 153790 153800 153806 153824 156932 156511 156053 154737 153249 152014
94143 18
152736 152791 152834 153064 153407 153790 153800 153806 153824 153984 156932 156511 152199 154737 156053 152014 153249 156568
94144 18
152736 152791 152834 153064 153407 153790 153800 153806 153824 153984 156511 156932 152199 154737 156053 152014 153249 156568
94145 18
152736 152791 152834 153064 153407 153790 153800 153806 153824 153984 156511 156932 154737 156053 152014 153249 152199 156568
94147 18
152736 152791 152834 153064 153407 153790 153800 153806 153824 153984 156511 156932 152199 154737 156053 152014 153249 156568
94148 24
152562 153275 157243 155201 155244 155318 155367 155381 155911 155927 155930 151575 153984 152791 152834 153064 152736 153407 153790 153800 153806 153824 156932 156511
94149 28
151575 152562 153275 155201 155244 155318 155367 155381 155911 155927 155930 157243 153984 152791 152834 153064 152736 153407 153790 153800 153806 153824 156932 156511 156053 154737 153249 152014
94152 31
156075 156095 156107 155201 155244 155318 155367 155381 155911 155927 155930 151575 152562 153275 157243 156932 156511 153407 153790 153800 153806 153824 153984 152791 152834 153064 152736 152014 156053 154737 153249
94153 31
156075 156095 156107 155201 155244 155318 155367 155381 155911 155927 155930 151575 152562 153275 157243 156932 156511 153407 153790 153800 153806 153824 153984 152791 152834 153064 152736 152014 156053 154737 153249
94154 31
156075 156095 156107 155201 155244 155318 155367 155381 155911 155927 155930 151575 152562 153275 157243 156932 156511 153407 153790 153800 153806 153824 153984 152791 152834 153064 152736 152014 156053 154737 153249
94155 28
151575 152562 153275 155201 155244 155318 155367 155381 155911 155927 155930 157243 153984 152791 152834 153064 152736 153407 153790 153800 153806 153824 156932 156511 156053 154737 153249 152014
94156 28
151575 152562 153275 155201 155244 155318 155367 155381 155911 155927 155930 157243 153984 152791 152834 153064 152736 153407 153790 153800 153806 153824 156932 156511 156053 154737 153249 152014
94161 7
156568 155147 155146 152014 153249 156053 154737
94162 7
156568 155147 155146 152014 153249 156053 154737
94163 20
151609 152108 156772 156095 156107 156075 153407 153790 153800 153806 153824 153984 152736 152791 152834 156568 153064 152199 155147 155146
94164 20
151609 152108 156772 156095 156107 156075 153407 153790 153800 153806 153824 153984 152736 152791 152834 156568 153064 152199 155147 155146
94169 20
151609 152108 156772 156095 156107 156075 153407 153790 153800 153806 153824 153984 152736 152791 152834 156568 153064 152199 155147 155146
94170 18
155146 155147 152199 153984 153407 153064 153806 153800 153790 153824 152834 152736 152791 156568 156075 156107 156095 152108
94171 18
155146 155147 152199 156568 153407 153984 153064 153806 153800 153824 153790 152736 152791 152834 156075 156107 156095 152108
94174 9
156075 156095 156107 155147 155146 156053 154737 152014 153249
94175 16
156075 156095 156107 155147 155146 156511 153800 153806 153824 153984 152736 152791 152834 153064 153407 153790
94176 24
151575 152562 153275 155201 155244 155318 155367 155381 155911 155927 155930 157243 153984 152791 152834 153064 152736 153407 153790 153800 153806 153824 156932 156568
94178 24
151575 155201 155244 155318 155367 155381 155911 155927 155930 152562 153275 157243 153984 152791 152834 153064 152736 153407 153790 153800 153806 153824 156932 156568
94179 18
152736 152791 152834 153064 153407 153790 153800 153806 153824 153984 156511 156932 154737 156053 152014 153249 156568 157128
94181 16
152736 152791 152834 153064 153407 153790 153800 153806 153824 153984 156932 156568 154737 156053 152014 153249
94183 22
151609 152108 156772 156511 154737 156053 152014 153249 156568 153790 153800 153806 153824 153984 152791 152834 153064 152736 153407 156075 156095 156107
94184 22
151609 152108 156772 156511 154737 156053 152014 153249 156568 156075 156095 156107 153824 153984 152791 152834 153064 152736 153407 153790 153800 153806
94185 22
151609 152108 156772 156511 154737 156053 152014 153249 156568 153790 153800 153806 153824 153984 152791 152834 153064 152736 153407 156075 156095 156107
94186 22
151609 152108 156772 156511 154737 156053 152014 153249 156568 153790 153800 153806 153824 153984 152791 152834 153064 152736 153407 156075 156095 156107
94187 19
156568 156053 154737 153249 152014 156511 156932 153800 152791 153790 152736 152834 153984 153407 153824 153806 153064 156107 156095
94188 16
156568 156511 156932 153249 154737 156053 152014 153407 153064 153984 152736 153824 153806 152834 153800 153790
94189 8
152014 153249 154737 156053 156511 156932 156568 157128
94190 8
152014 153249 154737 156053 156511 156932 156568 157128
94191 8
152014 153249 154737 156053 156511 156932 156568 157128
94192 20
156075 156095 156107 156053 152014 153249 154737 156511 156932 156568 153824 153984 152791 152834 153064 152736 153407 153790 153800 153806
94194 26
151609 152108 156772 156095 156107 156075 152014 153249 154737 156053 155318 155367 155381 155911 155927 155930 151575 153275 152562 155201 155244 157243 154720 152738 155146 155147
94195 26
151609 152108 156772 156095 156107 156075 152014 153249 154737 156053 155318 155367 155381 155911 155927 155930 151575 153275 152562 155201 155244 157243 154720 152738 155146 155147
94196 26
151609 152108 156772 156095 156107 156075 152014 153249 154737 156053 155318 155367 155381 155911 155927 155930 151575 153275 152562 155201 155244 157243 154720 152738 155146 155147
94197 26
151609 152108 156772 154720 156095 156107 156075 152738 153249 152014 154737 156053 155318 155367 155381 155911 155927 155930 153275 151575 152562 155201 155244 157243 155146 155147
94199 26
151609 152108 156772 154720 156095 156107 156075 152738 153249 152014 154737 156053 155318 155367 155381 155911 155927 155930 153275 151575 152562 155201 155244 157243 155146 155147
94200 26
151609 152108 156772 154720 156095 156107 156075 152738 153249 152014 154737 156053 155318 155367 155381 155911 155927 155930 153275 151575 152562 155201 155244 157243 155146 155147
94201 28
151837 152854 152108 151609 156772 154720 156095 156107 156075 152738 153249 152014 154737 156053 153275 152562 157243 155911 155927 155930 151575 155201 155244 155318 155367 155381 155146 155147
94203 26
151609 152108 156772 154720 156095 156107 156075 152738 153249 152014 154737 156053 155318 155367 155381 155911 155927 155930 153275 151575 152562 155201 155244 157243 155146 155147
94204 26
151609 152108 156772 154720 156095 156107 156075 152738 153249 152014 154737 156053 155381 155911 155927 155930 151575 155201 155244 155318 155367 153275 152562 157243 155146 155147
94205 26
151609 152108 156772 154720 156095 156107 156075 152738 153249 152014 154737 156053 155381 155911 155927 155930 151575 155201 155244 155318 155367 153275 152562 157243 155146 155147
94206 25
154720 156075 156095 156107 152738 156053 153249 152014 154737 153800 153806 153824 153984 152791 152834 153064 152736 153407 153790 155146 155147 155824 156284 156301 156302
94208 25
154720 156075 156095 156107 152738 156053 153249 152014 154737 153800 153806 153824 153984 152791 152834 153064 152736 153407 153790 155146 155147 155824 156284 156301 156302
94210 35
154720 156075 156095 156107 152562 153275 157243 155367 155381 155911 155927 155930 151575 155201 155244 155318 152738 152736 153407 153790 153800 153806 153824 153984 152791 152834 153064 154737 152014 153249 156053 156284 156301 156302 155824
94216 2
156568 156511
94218 2
156568 156511
94219 2
156568 156511
94236 20
155146 155147 151575 155201 155244 155318 155367 155381 155911 155927 155930 152562 153275 157243 152108 156772 151609 156107 156075 156095
94246 5
151082 150999 153274 156663 157128
94247 5
151082 150999 153274 156663 157128
94248 2
152199 157128
94249 2
152199 157128
94253 4
152014 153249 154737 156053
94254 4
152014 153249 154737 156053
94255 19
152736 152791 152834 153064 153407 153790 153800 153806 153824 153984 156075 156095 156107 156053 152014 153249 154737 156568 157128
94256 1
155653
94257 1
155653
94295 1
155653
94302 1
155653
94333 2
151082 150999
94348 4
156075 156095 156107 154720
94349 4
156075 156095 156107 154720
94350 4
156075 156095 156107 154720
94351 4
156075 156095 156107 154720
94355 4
156075 156095 156107 154720
94356 9
156075 156095 156107 154720 156511 153249 152014 154737 156053
94357 5
154720 153249 152014 154737 156053
94360 8
152014 153249 154737 156053 155824 156284 156301 156302
94363 8
152014 153249 154737 156053 155824 156284 156301 156302
94367 18
153824 153984 153064 152736 152834 152791 153407 153790 153800 153806 157128 155367 155318 153275 155244 155381 155201 152562
94371 18
153824 153984 153064 152736 152834 152791 153407 153790 153800 153806 157128 155367 155318 153275 155244 155381 155201 152562
94372 18
153824 153984 153064 152736 152834 152791 153407 153790 153800 153806 157128 155367 155318 153275 155244 155381 155201 152562
94380 2
156511 152199
94382 2
155683 155684
94384 6
152014 153249 154737 156053 152199 156511
94395 2
155653 155664
94396 2
155653 155664
94400 2
151252 152103
94401 2
151252 151292
94403 2
156568 157128
94406 2
156568 157128
94408 1
150999
94413 1
150999
94414 1
150999
94416 1
150999
94417 1
155653
94421 1
155653
94422 3
152199 156568 157128
94423 4
155146 155147 156568 152199
94424 4
155146 155147 156568 152199
94425 3
151082 153274 150999
94429 3
151082 153274 150999
94430 5
152014 153249 154737 156053 157128
94431 12
152736 152791 152834 153064 153407 153790 153800 153806 153824 153984 156568 152199
94433 9
152199 152014 153249 154737 156053 153274 151082 150999 156663
94434 9
152199 152014 153249 154737 156053 153274 151082 150999 156663
94435 9
152199 152014 153249 154737 156053 153274 151082 150999 156663
94440 9
152199 152014 153249 154737 156053 153274 151082 150999 156663
94442 9
152199 152014 153249 154737 156053 153274 151082 150999 156663
94445 9
155146 155147 156568 152014 153249 156053 154737 152199 156511
94446 9
155146 155147 156568 152199 152014 153249 156053 154737 156511
94449 9
155146 155147 156568 152199 152014 153249 156053 154737 156511
94450 19
152736 152791 152834 153064 153407 153790 153800 153806 153824 153984 155146 155147 156568 152014 153249 156053 154737 152199 156511
94481 1
150999
94487 2
151082 150999
94488 2
151082 150999
94489 1
157128
94490 1
150999
94492 1
150999
94494 1
150999
94496 1
155653
94497 6
157128 155664 155653 156792 150999 153274
94498 13
152014 153249 154737 156053 156511 150999 151082 153274 156663 156792 155653 155664 157128
94499 13
152014 153249 154737 156053 156511 150999 151082 153274 156663 156792 155653 155664 157128
94501 17
152736 152791 152834 153064 153407 153790 153800 153806 153824 153984 152014 153249 154737 156053 156568 152199 156511
94502 17
152736 152791 152834 153064 153407 153790 153800 153806 153824 153984 152014 153249 154737 156053 156568 152199 156511
94503 2
151082 150999
94526 2
152014 153249
94583 1
156568
94599 1
156511
94669 1
157128
94670 14
155824 156284 156301 156302 153407 153790 153800 153806 153824 153984 152736 152791 152834 153064
94674 15
152791 152834 153407 153064 153790 153800 153806 153824 153984 152736 156568 156301 156302 156284 155824
94675 15
152791 152834 153407 153064 153790 153800 153806 153824 153984 152736 156568 156301 156302 156284 155824
94676 15
152791 152834 153407 153064 153790 153800 153806 153824 153984 152736 156568 156301 156302 156284 155824
94677 1
155653
94679 2
156511 155824
94680 2
156511 155824
94682 1
157128
94691 18
152736 152791 152834 153064 153407 153790 153800 153806 153824 153984 152014 153249 154737 156053 156075 156095 156107 156568
94692 15
156932 156511 152834 153064 153407 153790 153800 153806 153824 153984 152736 152791 156107 156075 156095
94694 18
152736 152791 152834 153064 153407 153790 153800 153806 153824 153984 156075 156095 156107 156053 152014 153249 154737 156568
94696 18
152014 153249 154737 156053 153064 152736 153407 153790 153800 153806 153824 153984 152791 152834 156075 156095 156107 156568
94699 30
151575 152562 153275 155201 155244 155318 155367 155381 155911 155927 155930 157243 153984 152791 152834 153064 152736 153407 153790 153800 153806 153824 156095 156107 156075 154737 153249 152014 156053 156511
94702 20
156075 156095 156107 156053 152014 153249 154737 153790 153800 153806 153824 153984 152791 152834 153064 152736 153407 156511 155147 155146
94705 20
152736 152791 152834 153064 153407 153790 153800 153806 153824 153984 156075 156095 156107 156053 152014 153249 154737 156511 155147 155146
94706 16
156075 156095 156107 153064 153407 153790 153800 153806 153824 153984 152736 152791 152834 156511 155146 155147
94708 20
152014 153249 154737 156053 153064 152736 153407 153790 153800 153806 153824 153984 152791 152834 156075 156095 156107 156511 155147 155146
94710 20
152014 153249 154737 156053 153064 152736 153407 153790 153800 153806 153824 153984 152791 152834 156075 156095 156107 156511 155147 155146
94711 2
156568 152736
94712 2
156568 152736
94714 14
156075 156095 156107 153064 153407 153790 153800 153806 153824 153984 152736 152791 152834 156568
94715 14
152736 152791 152834 153064 153407 153790 153800 153806 153824 153984 156075 156095 156107 156568
94716 14
152736 152791 152834 153064 153407 153790 153800 153806 153824 153984 156075 156095 156107 156568
94717 14
152736 152791 152834 153064 153407 153790 153800 153806 153824 153984 156075 156095 156107 156568
94718 14
152736 152791 152834 153064 153407 153790 153800 153806 153824 153984 156075 156095 156107 156568
94719 14
152736 152791 152834 153064 153407 153790 153800 153806 153824 153984 156075 156095 156107 156568
94722 14
152736 152791 152834 153064 153407 153790 153800 153806 153824 153984 156075 156095 156107 156568
94723 21
151609 152108 156772 152791 152834 153064 153407 153790 153800 153806 153824 153984 152736 156095 156107 156075 152014 153249 154737 156053 156568
94726 21
151609 152108 156772 152791 152834 153064 153407 153790 153800 153806 153824 153984 152736 156095 156107 156075 152014 153249 154737 156053 156568
94727 18
152014 153249 154737 156053 153064 152736 153407 153790 153800 153806 153824 153984 152791 152834 156075 156095 156107 156568
94730 18
152014 153249 154737 156053 153064 152736 153407 153790 153800 153806 153824 153984 152791 152834 156075 156095 156107 156568
94734 20
152014 153249 154737 156053 153064 152736 153407 153790 153800 153806 153824 153984 152791 152834 156075 156095 156107 155146 155147 156568
94735 18
152014 153249 154737 156053 153064 152736 153407 153790 153800 153806 153824 153984 152791 152834 156075 156095 156107 156568
94736 18
152014 153249 154737 156053 156075 156095 156107 153790 153800 153806 153824 153984 152791 152834 153064 152736 153407 156568
94737 18
152736 152791 152834 153064 153407 153790 153800 153806 153824 153984 152014 153249 154737 156053 156075 156095 156107 156568
94738 4
151609 152108 156772 156511
94739 4
151609 152108 156772 156511
94740 17
156075 156095 156107 153064 153407 153790 153800 153806 153824 153984 152736 152791 152834 156053 152014 153249 154737
94741 18
156075 156095 156107 153064 153407 153790 153800 153806 153824 153984 152736 152791 152834 156053 152014 153249 154737 156568
94743 17
156075 156095 156107 153064 153407 153790 153800 153806 153824 153984 152736 152791 152834 156053 152014 153249 154737
94744 17
156075 156095 156107 153064 153407 153790 153800 153806 153824 153984 152736 152791 152834 156053 152014 153249 154737
94745 18
156075 156095 156107 153064 153407 153790 153800 153806 153824 153984 152736 152791 152834 156053 152014 153249 154737 156568
94747 18
156075 156095 156107 153064 153407 153790 153800 153806 153824 153984 152736 152791 152834 156053 152014 153249 154737 156568
94750 18
156075 156095 156107 153064 153407 153790 153800 153806 153824 153984 152736 152791 152834 156053 152014 153249 154737 156568
94751 13
156075 156095 156107 153064 153407 153790 153800 153806 153824 153984 152736 152791 152834
94752 17
156075 156095 156107 153064 153407 153790 153800 153806 153824 153984 152736 152791 152834 156053 152014 153249 154737
94754 20
156932 156511 152834 153064 153407 153790 153800 153806 153824 153984 152736 152791 156107 156075 156095 156568 154737 156053 152014 153249
94756 20
156511 156932 152834 153064 153407 153790 153800 153806 153824 153984 152736 152791 156107 156075 156095 156568 154737 156053 152014 153249
94757 20
156511 156932 152834 153064 153407 153790 153800 153806 153824 153984 152736 152791 156107 156075 156095 156568 154737 156053 152014 153249
94758 22
156053 152014 153249 154737 156075 156095 156107 152791 153824 153790 153806 153984 153800 152834 153407 152736 153064 157243 153275 152562 155911 155381
94762 22
156053 152014 154737 153249 156107 156075 156095 152791 153824 153790 153806 153984 153800 152834 153407 152736 153064 155367 155318 153275 155244 155911
94763 20
152014 153249 154737 156053 156568 156095 156107 156075 153800 153806 153824 153984 152791 152834 153064 152736 153407 153790 155147 155146
94816 1
152014
94818 18
156568 152791 152834 153064 153407 153790 153800 153806 153824 153984 152736 156095 156107 156075 152014 153249 154737 156053
94819 18
156568 152791 152834 153064 153407 153790 153800 153806 153824 153984 152736 156095 156107 156075 152014 153249 154737 156053
94820 18
156568 152791 152834 153064 153407 153790 153800 153806 153824 153984 156075 156095 156107 152736 152014 153249 154737 156053
94823 14
156075 156095 156107 156568 153407 153790 153800 153806 153824 153984 152736 152791 152834 153064
94824 14
156568 156095 156107 156075 153407 153790 153800 153806 153824 153984 152736 152791 152834 153064
94825 14
156568 152791 152834 153064 153407 153790 153800 153806 153824 153984 152736 156095 156107 156075
94826 18
156568 152791 152834 153064 153407 153790 153800 153806 153824 153984 152736 156095 156107 156075 152014 153249 154737 156053
94836 18
152736 152791 152834 153064 153407 153790 153800 153806 153824 153984 156075 156095 156107 156568 152014 153249 154737 156053
94837 12
151920 155332 156288 157128 154750 154698 153242 155183 154693 155227 155123 154818
94839 11
151920 155332 156288 157128 154750 154698 153242 155183 154693 155123 154818
94840 11
155332 156288 151920 154698 154750 153242 154693 155123 155183 154818 154676
94841 4
151834 151215 151438 153079
94842 3
151834 155275 150980
94843 3
151834 150980 151066
94844 3
151874 151914 152162
94846 3
151874 151914 152162
94848 3
156346 151181 151438
94849 3
151066 150980 155275
94852 3
155275 150980 151066
94853 3
151834 151914 151874
94854 2
151874 151914
94855 2
151066 150980
94856 2
151066 150980
94860 2
151874 151914
94862 2
156972 157091
94864 3
151874 151914 152162
94868 3
151066 150980 155275
94870 3
151066 150980 155275
94871 3
151834 151914 151874
94872 2
151066 150980
94873 2
151066 150980
94874 3
151834 155275 150980
94875 3
151834 155275 150980
94876 2
151922 152883
94878 2
151181 156346
94879 6
154693 154676 152883 153242 151922 154698
94880 5
151834 156288 151920 155332 153079
94882 5
151834 156288 151920 155332 153079
94884 5
156288 155332 151920 156811 153079
94886 3
156972 157091 151834
94888 2
153079 154290
94892 3
151834 153079 154290
94895 2
151834 153079
94898 5
153605 152128 152979 153497 155459
94901 5
153605 152128 152979 153497 155459
94902 2
151438 153079
94903 3
152883 151922 153242
94905 8
155436 154290 153079 153497 152979 152128 153605 155459
94906 5
153605 153497 152128 152979 155459
94907 3
153145 151438 155044
94908 2
151438 153145
94910 5
156346 151181 152456 157091 156972
94911 5
152456 157091 156972 151834 152883
94916 3
151215 152128 152979
94917 3
152128 152979 153497
94918 2
151874 151914
94922 7
155044 155436 154290 153145 153079 151438 156811
94923 7
154698 154676 153242 154693 151922 152883 154750
94924 7
154698 154676 153242 154693 151922 152883 154750
94925 7
154698 154676 153242 154693 151922 152883 154750
94927 7
154698 154676 153242 154693 151922 152883 154750
94928 7
154698 153242 154676 154693 151922 152883 154750
94931 7
154698 153242 154676 154693 151922 152883 154750
94934 8
151181 156346 154698 154676 152883 151922 153242 154693
94940 8
154693 154750 153242 154676 154698 152883 151922 154818
94943 7
154698 154676 153242 154693 151922 152883 154750
94944 7
154698 154676 153242 154693 151922 152883 154750
94947 5
151215 152456 155332 151920 156288
94949 5
154676 153242 152883 151922 154693
94954 5
154676 153242 152883 151922 154693
94955 5
154676 153242 152883 151922 154693
94956 4
153497 152979 152128 153605
94957 4
153497 152979 152128 153605
94958 5
151066 150980 155275 151641 151465
94959 2
151438 153145
94961 3
151834 151215 151181
94962 3
156346 151181 151215
94963 2
151215 153079
94964 2
151215 151438
94967 4
154290 155436 153079 152883
94969 3
156972 157091 151874
94970 3
156972 157091 151874
94971 3
156972 157091 151874
94973 3
151914 151874 152162
94975 4
152456 151874 151914 152162
94977 6
152162 151914 151874 151215 153079 154290
94979 5
153242 154676 152883 151922 154693
94982 5
153242 154676 152883 151922 154693
94983 5
153242 154676 152883 151922 154693
94986 4
152883 153242 151922 154676
94989 4
152883 153242 151922 154676
94991 4
152456 151438 153145 155044
94993 4
152883 153242 151922 154676
94995 4
152979 153497 152128 153605
