94997 4
152883 153242 151922 154676
94998 4
152883 153242 151922 154676
94999 5
153242 154676 152883 151922 154693
95002 3
156969 151922 152883
95003 3
152883 151922 153242
95005 3
152883 151922 153242
95007 3
152883 151922 153242
95008 2
152128 152979
95009 2
151215 151181
95010 2
151215 151181
95013 3
151215 151181 156346
95015 2
151215 151181
95016 3
156346 151181 151874
95017 3
156346 151181 156972
95018 3
156346 151181 151874
95019 2
151181 156346
95021 3
156346 151181 151914
95022 3
152456 152883 151922
95024 3
152456 152883 151922
95025 3
156346 151181 152456
95026 2
152128 152979
95027 2
151181 156346
95029 2
151181 156346
95030 5
152162 151914 151874 154290 153079
95031 5
152162 151914 151874 154290 153079
95033 5
153242 154676 151922 152883 154693
95035 5
152162 151914 151874 154290 153079
95036 5
154676 153242 151922 152883 154693
95037 5
154676 153242 151922 152883 154693
95040 5
154676 153242 151922 152883 154693
95043 5
154676 153242 151922 152883 154693
95044 2
151834 151215
95046 2
151834 151215
95047 4
157091 156972 155436 153079
95048 4
157091 156972 155436 153079
95050 3
156972 157091 154290
95054 3
156972 157091 154290
95056 2
153079 154290
95057 3
152128 152979 153497
95059 3
152456 153079 151181
95060 2
151834 152456
95067 4
152979 153497 152128 153605
95068 3
151215 151181 156346
95070 3
156346 151181 151922
95073 3
151215 151181 156346
95074 6
155891 155939 155698 155759 155554 156037
95075 2
151922 152883
95076 3
152979 152128 153497
95079 3
152979 152128 153497
95081 2
151922 152883
95082 4
155698 155759 155554 155891
95083 3
155554 155698 155759
95084 2
152097 156943
95085 2
151181 156346
95086 2
151874 151914
95088 3
152883 151922 153242
95089 2
151181 156346
95092 2
151181 156346
95093 3
153632 153113 153636
95094 3
153632 153113 153636
95096 3
153632 153113 153636
95097 3
155332 151920 156288
95101 4
155332 156288 151920 152128
95102 4
151922 152883 153242 154676
95103 4
151922 152883 153242 154676
95105 7
151641 156404 151465 151391 155140 156316 154737
95108 4
157128 156346 151181 151922
95112 5
151215 150980 151066 155275 151641
95113 2
156932 151215
95114 2
156932 151215
95117 2
152128 152979
95119 2
152128 152979
95120 2
156932 151215
95121 2
156932 156969
95122 2
152128 152979
95125 2
152128 152979
95130 3
152199 151641 155554
95131 3
151215 156969 155554
95132 4
153208 152883 151922 153242
95134 4
153242 152883 151922 154676
95142 4
153242 152883 151922 154676
95143 4
153242 152883 151922 154676
95146 5
154676 152883 151922 153242 154693
95147 5
155759 155891 155554 155698 155939
95148 4
155698 155759 155554 155891
95149 5
153242 154676 152883 151922 154693
95150 5
157206 155891 155554 155698 155759
95151 4
155698 155759 155554 155891
95152 4
153242 152883 151922 154676
95155 4
153242 152883 151922 154676
95157 4
156346 151181 155684 155683
95158 4
156346 151181 152883 151922
95159 4
153242 152883 151922 154676
95160 4
156346 151181 155684 155683
95163 3
151922 152883 153242
95164 3
151922 152883 153242
95166 3
151922 152883 153242
95167 3
151920 155332 156288
95170 3
155332 151920 156288
95172 3
155332 151920 156288
95173 3
155332 151920 156288
95174 3
153079 154290 155436
95175 2
155554 155698
95176 2
155683 155684
95179 4
156284 156301 155824 156302
95180 2
156932 155824
95182 2
156932 155824
95183 2
156932 155146
95236 2
155824 156284
95239 2
155824 156284
95243 2
153079 154290
95245 2
155824 156284
95246 2
155824 156284
95251 4
156932 156301 155824 156284
95252 4
156932 156301 155824 156284
95255 5
156932 156302 155824 156284 156301
95257 5
156932 156302 155824 156284 156301
95260 5
156932 156302 155824 156284 156301
95261 2
155653 155664
95262 2
155653 155664
95263 2
155653 155664
95264 2
155554 155698
95267 2
155554 155698
95268 2
154715 154721
95269 1
155554
95297 2
157206 151922
95299 2
157206 151922
95304 2
151874 151914
95307 1
151874
95309 1
152456
95310 13
152736 153984 152791 152834 153064 153407 153790 153800 153806 153824 155275 151066 150980
95313 13
152736 153984 152791 152834 153064 153407 153790 153800 153806 153824 155275 151066 150980
95314 12
153984 152736 152791 152834 153064 153407 153790 153800 153806 153824 155275 151066
95316 8
152791 152834 153064 153407 153790 153800 153806 152736
95318 9
151066 150980 155275 153064 153407 152736 152834 152791 153790
95319 6
155275 151066 150980 152736 152791 152834
95320 2
155554 155698
95322 2
152097 156943
95335 2
152097 156943
95337 3
151922 152883 153242
95338 3
151922 152883 153242
95345 3
156346 151181 153079
95346 3
156346 151181 153079
95353 3
156346 151181 153079
95355 2
153672 154059
95358 2
153672 154059
95359 2
153672 154059
95378 2
151438 153145
95379 2
151438 153145
95380 4
155140 151391 151465 156316
95382 1
155554
95383 1
152456
95384 1
152456
95385 1
152456
95386 1
155554
95387 1
152456
95388 1
152456
95389 1
152456
95394 1
152456
95396 1
152456
95397 1
152456
95399 1
153208
95403 1
155554
95404 4
154290 155436 153079 151391
95406 1
152456
95408 1
152456
95409 1
155554
95410 1
155554
95411 1
153208
95412 1
153208
95413 1
152456
95415 2
152456 155554
95416 2
152456 155554
95417 1
153208
95418 1
153208
95419 1
153208
95423 1
152456
95424 1
153208
95425 1
153208
95427 1
151391
95428 1
155554
95430 1
153208
95431 1
153208
95432 1
152456
95445 1
153208
95466 2
152097 156943
95468 2
152097 156943
95469 2
156943 152097
95480 2
152128 152979
95481 2
151215 151922
95483 2
155554 155698
95485 2
153208 155554
95488 2
151215 152128
95489 2
151215 152128
95490 2
151215 152128
95492 4
153636 153632 153113 152456
95494 4
153636 153632 153113 152456
95495 4
153636 153632 153113 152456
95496 4
153636 153113 153632 152456
95499 3
151914 152162 151874
95500 3
151914 152162 151874
95501 3
151914 152162 151874
95515 7
155332 151920 156288 153497 152979 152128 153605
95516 7
155332 151920 156288 153497 152979 152128 153605
95519 1
151920
95520 1
151920
95521 1
151920
95533 6
154676 154693 151922 152883 153242 154698
95534 6
154676 154693 151922 152883 153242 154698
95537 6
157128 154693 151922 152883 153242 154676
95538 6
156969 157128 154693 152883 153242 151922
95539 6
156969 157128 154693 152883 153242 151922
95540 3
151922 152883 153242
95541 4
157128 155554 155698 155759
95542 4
157128 155554 155698 155759
95543 3
152883 151922 153242
95544 3
152883 151922 153242
95545 2
151922 152883
95546 1
157128
95547 1
157128
95585 2
151181 156346
95586 2
157206 151834
95589 1
155452
95592 1
155452
95593 1
151834
95594 1
151834
95611 2
152456 151181
95613 2
152456 151181
95616 2
152456 151181
95617 2
152456 151181
95618 2
152456 151181
95619 2
152456 151181
95620 2
156801 152456
95623 1
155683
95624 1
151834
95627 1
151834
95628 1
151834
95630 1
151834
95631 1
151834
95638 2
151834 151181
95644 1
151834
95645 2
151834 151438
95647 2
151834 151438
95648 2
151834 151438
95650 2
151834 151438
95653 2
155683 155684
95655 3
151834 153145 151438
95665 2
151834 155683
95667 4
156346 151181 152456 151922
95669 2
151834 157206
95670 1
151136
95672 1
156801
95673 1
156801
95675 1
156801
95676 1
151136
95682 1
151136
95684 7
155124 155410 156702 156287 152236 152481 157261
95685 6
155124 155410 156702 156287 152236 152481
95689 6
152114 155578 155124 156702 155410 156287
95693 7
152114 155578 155410 152097 156943 154358 154356
95694 9
151136 156943 152097 155827 156010 155853 155971 156035 152797
95697 9
152114 155578 151438 153145 155044 156811 156943 152097 151136
95704 8
155452 155453 156811 151438 153145 155044 154356 154358
95705 9
151420 155452 155453 155853 156035 155971 155827 156010 152230
95708 9
157206 156943 152097 151438 155044 153145 156811 151834 156288
95710 9
153672 154059 156801 153497 153605 156069 152128 152979 155459
95716 9
154059 153672 151834 151215 153605 152979 153497 152128 155459
95717 9
152456 156801 153208 151834 151215 153497 155459 153605 152979
95719 9
152456 156801 153208 151834 151215 153497 155459 153605 152979
95721 6
151834 153208 156801 155332 156288 151920
95724 9
156346 151181 156069 153497 155459 152979 152128 153605 156197
95726 9
156069 152128 153497 153605 155459 156197 152979 156346 151181
95727 7
153113 153632 153636 151420 151920 155332 156288
95728 8
152456 151834 153672 154059 156969 155332 156288 151920
95730 2
151420 156969
95732 5
155275 151066 150980 151420 156969
95733 6
153113 153632 153636 152456 151834 151420
95735 6
151834 152456 151420 155275 150980 151066
95736 6
151834 152456 150980 151066 155275 151420
95737 6
151834 152456 150980 151066 155275 151420
95740 6
151834 152456 151420 155275 150980 151066
95741 5
151834 151920 155332 156288 157206
95745 9
156288 151920 155332 156801 153672 154059 151181 156346 151834
95746 8
155332 156288 151920 157206 153113 153632 153636 151420
95747 10
151834 151920 155332 156288 157206 151420 151438 153145 156811 155044
95749 8
153113 153632 153636 157206 154059 153672 152456 151420
95750 6
152456 157206 151420 153632 153636 153113
95751 2
152456 157206
95752 2
152456 157206
95753 9
155853 155827 156010 155971 156035 152230 151802 152797 156852
95755 1
157206
95756 9
155971 156010 152230 152797 151420 151802 155827 155853 156035
95757 9
155853 155827 155971 156035 156010 151420 152230 151802 152797
95758 9
155971 156010 152230 152797 151420 151802 155827 155853 156035
95764 9
155971 156010 152230 152797 151420 151802 155827 155853 156035
95766 9
156010 156035 155971 152797 151802 152230 155827 155853 156852
95767 9
155971 156010 152230 152797 151420 151802 155827 155853 156035
95768 8
151181 156346 153113 153632 153636 151420 152456 157206
95769 8
151181 156346 153632 153636 153113 151420 152456 157206
95770 8
151181 156346 153632 153636 153113 151420 152456 157206
95771 8
151181 156346 153632 153636 153113 151420 152456 157206
95772 8
151181 156346 153632 153636 153113 151420 152456 157206
95774 8
151181 156346 153113 153632 153636 151420 152456 157206
95776 8
151181 156346 153632 153636 153113 151420 152456 157206
95778 8
151181 156346 153632 153636 153113 151420 152456 157206
95779 4
151420 152456 156969 157206
95780 6
151181 156346 151420 152456 156969 157206
95781 5
152456 151420 156969 157206 151136
95783 4
152456 151420 156969 157206
95785 4
152456 151420 156969 157206
95786 4
151420 157206 156969 152456
95787 4
151420 157206 156969 152456
95788 4
157206 156969 152456 153208
95790 5
151420 157206 156969 152456 153208
95791 5
151420 157206 156969 152456 153208
95794 4
157206 156969 152456 153208
95795 9
152097 156943 153208 156969 156010 155971 152797 155853 155827
95797 10
156035 156852 152230 151802 152797 155827 155853 155971 156010 151136
95798 10
156943 152097 153208 155453 155452 155827 152230 152797 151802 155853
95799 12
151834 151181 156346 155332 156288 151920 156811 151438 153145 155044 154750 154698
95801 12
156969 151834 151181 156346 151920 156288 155332 154059 153672 154750 154698 153242
95803 12
156969 151834 151181 156346 151920 156288 155332 154059 153672 154750 154698 153242
95804 12
156969 151834 151181 156346 151920 156288 155332 154750 154698 153242 154693 155123
95805 10
151920 155332 156288 156811 151438 153145 155044 154059 153672 153242
95806 11
156346 151181 156288 151920 155332 154059 153672 155044 151438 153145 156811
95808 11
156346 151181 156969 155332 151920 156288 154059 153672 151438 153145 155044
95809 10
153632 153636 153113 151834 151438 153145 155044 156811 155332 151920
95812 9
153145 151438 156811 155044 153113 153636 153632 151834 151920
95814 9
156969 151438 156811 155044 153145 153636 153632 153113 151834
95815 11
151420 155123 154693 152883 153242 154676 151922 154698 154750 154818 155183
95816 11
151420 151922 154698 153242 154676 154693 152883 154750 154818 155123 155183
95822 11
151420 151922 154698 153242 154676 154693 152883 154750 154818 155123 155183
95823 11
151420 151922 154698 153242 154676 154693 152883 154750 154818 155123 155183
95824 11
157128 156037 155891 155554 155698 155759 155939 151215 155332 156288 151920
95827 11
151420 152128 155459 156069 156197 152979 153497 153605 154676 151922 153242
95828 11
156197 153605 155459 156069 152128 152979 153497 151420 157128 154693 152883
95829 11
151420 155123 154693 152883 153242 154676 151922 154698 154750 154818 155183
95830 12
151922 152883 153242 154676 154693 154698 154750 154818 155123 155183 155227 151834
95831 12
153208 155183 154676 153242 152883 151922 154818 154693 154698 154750 155123 155227
95833 12
153208 155183 154676 153242 152883 151922 154818 154693 154698 154750 155123 155227
95837 11
152456 151181 156346 153113 153636 153632 154698 153242 154693 154676 152883
95838 10
155453 155452 157206 152456 153208 156346 151181 153636 153632 153113
95839 10
152456 153113 153636 153632 151181 156346 151834 153242 154676 152883
95840 10
152456 153113 153636 153632 151181 156346 151834 153242 154676 152883
95841 10
152456 156801 153632 153636 153113 151181 156346 152883 154676 153242
95842 10
152456 156801 153632 153636 153113 151181 156346 152883 154676 153242
95844 10
152456 153113 153636 153632 151181 156346 151834 153242 154676 152883
95845 5
152456 153208 157206 155453 155452
95846 3
152456 153208 157206
95847 3
152456 153208 157206
95848 3
152456 153208 157206
95851 4
152456 153208 157206 151420
95854 7
152456 153208 157206 153632 153636 153113 151420
95858 6
152456 153208 153113 153632 153636 157206
95861 7
152456 153208 153113 153632 153636 157206 151420
95862 13
153208 151922 154698 153242 154676 154693 152883 154750 154818 155123 155183 155227 151181
95863 13
153208 151922 154698 153242 154676 154693 152883 154750 154818 155123 155183 155227 151181
95865 13
155227 151922 152883 153242 154676 154693 154698 154750 154818 155123 155183 151181 156346
95867 13
153208 151922 154698 153242 154676 154693 152883 154750 154818 155123 155183 155227 151181
95868 13
155227 151922 152883 153242 154676 154693 154698 154750 154818 155123 155183 151181 156346
95869 13
155227 151922 152883 153242 154676 154693 154698 154750 154818 155123 155183 151181 156346
95870 13
155227 151922 152883 153242 154676 154693 154698 154750 154818 155123 155183 151181 156346
95871 11
151438 155044 153145 156811 157206 153208 154698 154693 152883 154676 154750
95873 11
153208 157206 156346 151181 154693 154676 151922 153242 154750 154698 152883
95874 11
157206 153208 156346 151181 154693 154676 152456 153242 154750 154698 152883
95876 6
153208 157206 151438 155044 156811 153145
95877 10
153113 153632 153636 157206 151834 153208 152883 154676 153242 151922
95878 9
151420 156969 152456 151181 156346 153242 154693 152883 151922
95880 9
156969 151420 152456 151181 156346 153242 154693 152883 151922
95881 9
151420 156969 152456 151181 156346 153208 152883 153242 151922
95883 9
151420 156969 151181 156346 152456 153208 152883 153242 151922
95884 9
157206 151420 156969 152456 153208 151181 156346 153242 154693
95885 7
153208 153145 151438 155044 156811 157206 151420
95886 7
153208 153145 151438 155044 156811 157206 151420
95887 7
153208 153145 151438 155044 156811 151420 157206
95890 7
153208 153145 151438 155044 156811 151420 157206
95891 5
151834 152456 153208 157206 151420
95895 7
153208 153145 151438 155044 156811 157206 151420
95897 6
153208 153145 151438 155044 156811 151420
95898 7
153208 153145 151438 155044 156811 157206 151420
95899 7
153208 153145 151438 155044 156811 157206 151420
95900 7
153208 153145 151438 155044 156811 157206 151420
95902 7
151181 156346 153208 151438 155044 153145 156811
95903 8
151181 156346 153208 151438 155044 153145 156811 151420
95907 6
153208 153145 151438 155044 156811 151420
95908 7
153208 153145 151438 155044 156811 157206 151420
95909 7
153208 153145 151438 155044 156811 151420 157206
95911 6
153208 153145 151438 155044 156811 157206
95912 6
153208 153145 151438 155044 156811 157206
