96783 4
154730 154715 154721 154760
96784 3
154715 154721 154730
96785 3
154715 154721 154730
96789 5
153497 153605 152128 152979 155459
96791 5
153497 153605 152128 152979 155459
96792 5
156932 151391 151465 155140 156316
96794 5
156316 151391 151465 155140 156404
96795 8
156932 151641 153249 156053 152014 154737 156301 156284
96796 5
156932 155891 155698 155554 155759
96797 5
155275 150980 151066 151391 151465
96798 6
156404 156316 155140 151391 151465 151641
96800 6
154290 155436 153079 151465 155140 151391
96803 5
153497 153605 152128 152979 155459
96804 5
153497 153605 152128 152979 155459
96806 5
153497 153605 152979 152128 155459
96807 5
156932 155275 151066 150980 155554
96808 7
156801 153079 155436 154290 151874 151914 152162
96810 2
151215 155554
96811 6
156302 155824 156284 156301 152014 153249
96812 6
156302 155824 156284 156301 152014 153249
96813 3
156932 151641 155554
96814 6
156972 157128 157091 155147 155146 151215
96816 6
155147 155146 151641 150980 151066 155275
96817 4
151215 157091 156972 157128
96818 4
151641 157128 155698 155554
96821 2
151215 153079
96824 2
153079 154290
96825 2
153079 154290
96826 3
153079 154290 155436
96827 3
157128 154290 153079
96829 2
151066 150980
96831 2
151215 153079
96832 6
152199 151215 151641 156801 154290 153079
96834 6
152199 151215 156801 151641 154290 153079
96835 7
153079 154290 155436 155698 155554 155759 155891
96836 2
151215 153079
96838 2
155554 155698
96839 2
151215 155554
96841 2
155554 155698
96844 3
152128 152979 153497
96846 3
152128 152979 153497
96849 3
152128 152979 153497
96850 5
151465 151391 155140 156316 156404
96851 5
151465 151391 155140 156316 156404
96853 5
151465 151391 155140 156316 156404
96855 2
157128 151215
96856 2
157128 151391
96857 2
151066 150980
96861 2
151215 155554
96862 3
152128 152979 153497
96863 3
152128 152979 153497
96864 3
152128 152979 153497
96865 2
152128 152979
96867 2
155554 155698
96868 5
151215 155759 155554 155698 155891
96869 3
151215 155554 155698
96870 3
155554 155698 155759
96875 3
151215 155554 155698
96879 3
151215 155554 155698
96882 4
155698 155759 155554 155891
96885 3
155698 155554 155759
96886 2
151215 155554
96888 2
151215 155554
96890 2
151215 155554
96892 2
151215 155554
96893 2
151215 155554
96894 2
151215 155554
96895 3
151215 155554 155698
96897 5
157128 152199 154730 154760 154721
96899 5
157128 152199 154730 154760 154721
96900 3
151215 155554 155698
96902 3
155554 155698 155759
96908 3
151215 151066 150980
96912 3
151215 151066 150980
96914 6
151066 150980 155275 152979 152128 153497
96915 4
152979 153497 152128 153605
96916 4
151215 150980 151066 155275
96917 6
156568 151641 151391 156316 155140 151465
96918 5
156301 156302 155824 156284 156568
96919 5
156302 156301 155824 156284 156568
96924 3
157128 151391 151465
96925 2
156972 157091
96927 2
151874 151914
96929 2
151874 151914
96931 3
151874 151914 152162
96932 3
151874 151914 152162
96933 2
156972 157091
96935 2
157128 151465
96937 2
151874 151914
96940 2
151874 151914
96943 2
151641 155824
96944 2
151641 155824
96945 15
157243 153275 155201 155244 155318 155367 155381 155911 155927 155930 151575 152562 157091 156972 156932
96946 15
156932 156972 157091 155201 155244 155318 155367 155381 155911 155927 155930 151575 152562 153275 157243
96947 15
156932 156972 157091 155201 155244 155318 155367 155381 155911 155927 155930 151575 152562 153275 157243
96948 10
156932 151524 151927 152708 152733 154170 154171 155343 156743 151228
96949 10
156932 151524 151927 152708 152733 154170 154171 155343 156743 151228
96950 10
156932 151524 151927 152708 152733 154170 154171 155343 156743 151228
96951 14
151609 152108 156772 156511 156932 152708 152733 154170 154171 155343 151228 156743 151927 151524
96953 15
156932 156972 157091 155201 155244 155318 155367 155381 155911 155927 155930 151575 152562 153275 157243
96954 11
151228 151524 151927 152708 152733 154170 154171 155343 156743 155146 155147
96957 6
155824 156284 156301 156302 156972 157091
96958 18
151228 151524 151927 152708 152733 154170 154171 155343 156743 151609 152108 156772 156301 156302 155824 156284 156972 157091
96960 3
156932 156972 157091
96962 3
156932 156972 157091
96963 8
156284 156301 156302 155824 156053 154737 152014 153249
96965 8
156284 156301 156302 155824 156053 154737 152014 153249
96966 8
156284 156301 156302 155824 156053 154737 152014 153249
96968 5
154760 154730 154721 154715 154764
96969 5
152199 154730 154715 154721 154760
96972 5
152199 154730 154715 154721 154760
96973 5
156301 156302 155824 156284 151370
96974 5
156301 156302 155824 156284 151370
96975 4
156301 156284 155824 156302
96978 3
157128 151292 151252
96983 3
152103 151252 153210
96985 3
151252 151292 151370
96986 3
157128 151292 151252
96987 3
151215 151292 151370
96993 3
155824 156284 156301
96995 2
151292 151252
96996 2
151292 151252
97000 2
151292 151252
97001 2
151292 151252
97002 2
151292 151252
97003 2
151292 151252
97004 2
151292 151252
97006 2
151292 151252
97008 3
151292 151370 151252
97011 2
156284 155824
97012 2
156284 155824
97014 2
157128 155554
97015 2
151215 157128
97016 2
151215 157128
97017 2
152014 153249
97018 2
157128 155824
97020 2
151215 157128
97025 2
151215 157128
97027 2
151641 155554
97029 3
155824 156284 156301
97030 2
155824 156284
97031 3
156972 157091 157128
97039 3
157128 157091 156972
97040 2
151641 155554
97044 2
157128 155824
97045 2
157128 155824
97048 3
155824 156284 156301
97049 6
156932 156316 155140 151465 151391 156404
97050 6
156932 156316 155140 151465 151391 156404
97052 6
156404 156316 155140 151465 151391 151641
97053 7
152199 151370 151493 151252 151917 151990 151292
97055 4
153249 154737 152014 156053
97057 4
152199 153249 152014 154737
97058 4
154737 153249 152014 156053
97060 4
156284 156301 155824 156302
97061 4
153249 154737 152014 156053
97063 5
154737 156053 152014 153249 155824
97064 4
152372 152669 152732 154720
97065 4
152372 152669 152732 154720
97066 3
152103 151252 153210
97068 2
151292 151252
97069 2
151292 151252
97070 4
151292 151370 151493 151252
97072 4
157091 156972 153210 151252
97074 4
151292 151370 151493 151252
97075 4
152103 153210 151252 154475
97077 3
152199 151370 151292
97078 3
152199 151370 151292
97082 2
152014 153249
97083 2
152014 153249
97086 4
156932 155436 153079 154290
97087 4
156932 155436 153079 154290
97094 3
156932 153079 154290
97095 2
156801 155824
97096 2
156801 155824
97097 2
156801 152014
97100 3
155554 155698 155759
97102 3
155554 155698 155759
97103 3
151215 156801 153079
97104 2
155554 155698
97105 2
151215 155554
97109 4
157128 154737 152014 153249
97110 3
153079 154290 155436
97113 2
153079 154290
97114 5
157128 151370 151493 151917 151292
97116 2
157128 152199
97117 2
157128 152199
97120 2
157128 152199
97122 4
154290 155436 153079 152162
97123 4
157128 151370 151493 151292
97124 3
152199 152014 153249
97128 5
151292 151370 151493 151917 151990
97130 5
151292 151370 151493 151917 151990
97132 5
151292 151370 151493 151917 151990
97133 5
154730 154760 154715 154721 154764
97135 2
156801 157128
97136 2
151641 156801
97138 2
152199 152014
97139 2
152199 152014
97143 2
152014 153249
97145 2
152199 156972
97147 2
152199 152014
97149 2
152199 156972
97155 2
151641 157128
97157 2
151641 157128
97158 2
151641 157128
97160 2
156801 157128
97162 3
157128 154737 153249
97163 2
157128 156801
97165 2
151641 157128
97166 2
151641 157128
97167 2
151641 157128
97168 3
151641 157128 156801
97171 2
151641 156801
97173 2
151641 157128
97174 2
151641 157128
97175 2
151641 157128
97177 2
151641 157128
97179 2
151641 157128
97182 2
151641 157128
97183 2
151641 157128
97185 2
151641 157128
97189 2
156972 157091
97190 8
156932 156568 151874 151914 152162 154760 154721 154715
97191 8
156932 156568 151874 151914 152162 154760 154721 154715
97192 8
156932 156568 151874 151914 152162 154760 154721 154715
97193 2
153079 154290
97194 4
155140 151465 151391 156316
97195 4
151215 151252 152103 153210
97197 3
151215 151292 151252
97198 3
151292 151370 151252
97199 3
151215 151292 151370
97200 3
151215 151292 151252
97202 3
151215 151292 151252
97203 3
151215 151292 151252
97207 3
151215 151292 151252
97208 3
151215 151292 151252
97209 5
156801 155436 153079 154290 151370
97211 3
156801 154290 153079
97214 3
156801 153079 154290
97215 3
156801 153079 154290
97217 3
156801 153079 154290
97218 3
156801 154290 153079
97219 3
156972 157091 151370
97220 3
151292 151370 151252
97221 3
156972 157091 151370
97222 4
152199 153249 152014 154737
97226 4
152199 153249 152014 154737
97227 4
152199 153249 152014 154737
97228 2
156801 156568
97229 6
152199 156053 153249 152014 154737 156932
97230 6
152199 156053 153249 152014 154737 156932
97232 2
152014 153249
97233 2
152014 153249
97234 5
151292 151370 151493 151917 151252
97235 4
151292 151370 151493 151252
97239 4
151292 151370 151493 151252
97240 4
151292 151370 151493 151252
97242 4
152103 153210 151252 154475
97243 4
152103 153210 151252 154475
97244 4
151292 151370 151493 151252
97247 3
151292 151370 151252
97248 3
156972 157091 151370
97250 4
151292 151370 151493 151252
97251 3
152199 151370 151292
97252 4
154721 154730 154715 154760
97253 4
157091 156972 151370 151493
97255 4
157091 156972 151370 151493
97256 6
156301 156302 155824 156284 151990 151370
97258 4
151292 151370 151493 151252
97262 3
155824 156284 156301
97263 3
156284 155824 156301
97264 3
155824 156284 156301
97265 3
155824 156284 156301
97266 3
155824 156284 156301
97271 2
156568 152199
97272 2
156568 152199
97273 5
156301 156302 155824 156284 151370
97274 5
156301 156302 155824 156284 151370
97275 3
155554 155698 155759
97277 2
156801 155554
97278 3
155824 156284 156301
97280 4
156284 156301 155824 156302
97281 4
156284 156301 155824 156302
97282 4
156284 156301 155824 156302
97283 4
156284 156301 155824 156302
97284 6
151215 156568 156301 156284 155824 156302
97285 3
155824 156284 156301
97287 6
156301 156302 155824 156284 151917 151370
97288 6
156301 156302 155824 156284 151917 151370
97289 3
155824 156284 156301
97290 3
155824 156284 156301
97292 2
155824 156284
97295 2
155824 156284
97296 2
155824 156284
97297 5
156301 156302 155824 156284 153275
97298 5
156301 156302 155824 156284 153275
97299 3
156284 156301 155824
97301 3
156284 156301 155824
97304 2
151292 151252
97305 2
151292 151252
97306 2
151292 151252
97307 3
151292 151370 151252
97308 4
156284 156301 155824 156302
97313 3
155824 156284 156301
97316 2
155824 156284
97317 2
155824 156284
97318 2
155824 156284
97323 2
155824 156284
97324 2
155824 156284
97325 4
156284 156301 155824 156302
97327 4
156284 156301 155824 156302
97332 2
155824 156284
97334 2
155824 156284
97335 2
155824 156284
97336 2
155824 156284
97338 3
155824 156284 156301
97339 2
156568 155824
97340 2
155824 156284
97341 2
155824 156284
97342 2
155824 156284
97343 2
155824 156284
97345 2
155824 156284
97346 3
155824 156284 156301
97347 3
155824 156284 156301
97351 3
155824 156284 156301
97352 3
155824 156284 156301
97353 2
156568 151292
97354 2
155824 156284
97355 2
155824 156284
97356 2
155824 156284
97357 2
155824 156284
97358 2
155824 156284
97359 2
155824 156284
97360 2
155824 156284
97361 2
155824 156284
97363 3
155824 156284 156301
97364 2
155824 156284
97366 2
155824 156284
97368 2
155824 156284
97369 2
155824 156284
97373 4
151292 151370 151493 151252
97382 4
151292 151370 151493 151252
97383 3
155824 156284 156301
97384 3
155824 156284 156301
97386 3
151215 152014 153249
97387 3
151215 152014 153249
97388 3
155824 156284 156301
97389 4
156284 156301 155824 156302
97391 3
155554 155698 155759
97392 3
155554 155698 155759
97394 3
155554 155698 155759
97395 3
155554 155698 155759
97396 3
152014 153249 154737
97398 3
155554 155698 155759
97400 3
155824 156284 156301
97402 3
155824 156284 156301
97403 3
155824 156284 156301
97404 2
151215 155554
97406 3
153079 154290 155436
97407 3
155554 155698 155759
97408 3
155554 155698 155759
97410 3
155554 155698 155759
97414 3
155554 155698 155759
97417 3
155554 155698 155759
97420 2
151391 151465
97423 3
151641 157128 155698
97424 3
155824 156284 156301
97427 2
155824 156284
97428 3
151215 157128 151465
97429 4
154737 153249 152014 156053
97431 3
156801 153249 152014
97432 2
151215 156801
97433 3
156801 153249 152014
97435 2
156801 152014
97436 2
156801 152014
97438 2
152199 152014
97442 2
152014 153249
97443 3
152014 153249 154737
97446 3
152014 153249 154737
97447 3
152014 153249 154737
97448 3
152014 153249 154737
97451 2
152014 153249
97452 3
152014 153249 154737
97457 5
153497 153605 152979 152128 155459
97458 5
154676 152883 153242 151922 154693
97461 5
154676 152883 153242 151922 154693
97462 5
154676 152883 153242 151922 154693
97463 5
154676 153242 152883 151922 154693
97469 5
154676 153242 152883 151922 154693
97471 5
152456 151215 150980 151066 155275
97473 5
153497 153605 152979 152128 155459
97474 4
152979 153497 152128 153605
97477 4
151215 150980 151066 155275
97479 4
152456 151215 151641 155275
97482 5
152456 151215 151641 150980 151066
97489 5
152456 151215 151641 150980 151066
97492 5
157128 153242 152883 151922 154676
97493 5
157128 153242 152883 151922 154676
97496 5
153605 153497 152979 152128 155459
97497 4
152979 153497 152128 153605
97499 5
150980 155275 151066 157128 151641
97500 4
157128 155275 150980 151066
97501 4
157128 150980 151066 155275
97502 4
157128 155275 150980 151066
97503 4
157128 150980 151066 155275
97505 4
153242 152883 151922 154676
97507 4
157128 150980 151066 155275
97510 4
152979 153497 152128 153605
97511 4
152979 153497 152128 153605
97512 4
152979 153497 152128 153605
97513 4
157128 150980 151066 155275
97514 4
152979 153497 152128 153605
97515 4
152979 153497 152128 153605
97516 4
155275 150980 151066 152128
97518 4
155759 155698 155554 155891
97521 4
155759 155698 155554 155891
97522 4
152979 153497 152128 153605
97525 3
152979 152128 153497
97526 3
151922 152883 153242
97528 3
154059 153672 151834
97533 3
151834 152456 152128
97534 3
154059 153672 151834
97535 3
154059 153672 151834
97543 3
151834 154059 153672
97544 3
151834 154059 153672
97545 3
154059 153672 151834
97546 3
154059 153672 151834
97548 3
151922 152883 153242
97549 3
155275 150980 151066
97551 3
151922 152883 153242
97552 4
151641 151215 155275 150980
97555 3
153672 154059 150980
97556 3
153672 154059 150980
97557 3
152456 154059 153672
97558 3
152456 154059 153672
97559 3
152456 153672 151181
97561 3
152456 153672 151181
97563 3
152456 153672 151181
97566 3
152456 153672 151181
97569 3
152456 153672 151181
97570 3
152883 151922 153242
97572 2
151066 150980
97574 4
153242 152883 151922 154676
97576 5
152199 153275 152562 157243 155201
97580 5
152199 153275 152562 157243 155201
97581 4
152199 153275 152562 157243
97582 4
152199 153275 152562 151575
97586 4
157128 154730 154760 154721
97595 3
151641 157128 156932
97596 3
155554 155698 155759
97598 3
155554 155698 155759
97604 3
155554 155698 155759
97605 3
155554 155698 155759
97606 2
151066 150980
97607 2
152128 152979
97608 3
151465 151391 155140
97609 5
157128 151641 151391 151465 155140
97610 5
157128 151641 151391 151465 155140
97612 5
157128 151641 151391 151465 155140
97613 3
155554 155698 155759
97614 3
151215 155554 155698
97615 3
151215 155554 155698
97616 2
151181 156346
97617 2
152128 152979
97620 2
151181 156346
97622 2
151066 150980
97624 2
151215 152128
97625 2
152128 152979
97626 2
152128 152979
97627 3
151215 151066 150980
97629 3
151215 151066 150980
97630 2
152128 152979
97631 4
152456 156346 151181 151834
97632 4
156346 151181 151834 151922
97633 4
156346 151181 152883 151922
97636 3
156346 151181 151922
97637 3
156346 151181 151922
97639 2
151066 150980
97641 4
155275 150980 151066 152128
97642 4
155275 150980 151066 156972
97643 4
154290 155436 153079 150980
97645 3
155275 150980 151066
97646 2
151066 150980
97649 2
151066 150980
97650 4
155698 155759 155554 155891
97654 2
151066 150980
97657 2
151292 151252
97660 2
151641 151215
97663 5
154737 156053 152014 153249 154721
97664 4
154730 154721 154715 154760
97666 3
152014 153249 154737
97667 3
152014 153249 154737
97673 3
152014 153249 154737
97674 3
152014 153249 154737
97675 1
152199
97677 3
151641 153249 152014
97684 3
156801 151641 153079
97686 5
151641 151874 152162 151914 153079
97687 5
151641 151874 152162 151914 153079
