98558 3
152736 152791 152834
98560 3
152736 152791 152834
98563 3
155146 155147 152736
98564 3
155146 155147 152736
98568 8
156858 152652 156926 156772 151609 152108 152732 152669
98569 7
155201 155318 153275 152562 155244 151575 155367
98573 6
155244 153275 152562 155201 151575 155318
98574 6
155244 153275 152562 155201 151575 155318
98575 7
156568 153275 152562 157243 155244 151575 155201
98576 4
153249 154737 152014 156053
98578 4
153249 154737 152014 156053
98579 4
153249 154737 152014 156053
98583 2
156568 152736
98585 2
156568 152736
98586 2
156568 152736
98587 2
156568 152736
98588 2
156568 152736
98589 2
156568 152736
98590 2
156568 152736
98591 2
156568 152736
98592 2
156568 152736
98594 4
152834 152791 152736 153064
98597 3
156568 152791 152736
98598 3
152736 152791 152834
98599 3
156568 152791 152736
98602 3
156568 152791 152736
98604 3
156568 152791 152736
98608 3
156568 152791 152736
98610 2
151874 151914
98614 3
156568 152736 152791
98616 2
154720 156568
98617 2
152736 152791
98618 2
154720 156568
98619 2
154720 156568
98622 2
154720 151874
98625 2
154720 151914
98628 2
156568 152736
98630 2
156568 152736
98632 2
156568 152736
98637 3
156568 152736 152791
98639 7
152652 156926 156858 153275 152562 157243 151575
98640 7
155367 155381 155201 155244 155318 151575 155911
98641 7
153064 153790 152736 152834 153407 152791 153800
98644 6
156568 153407 152791 152736 153064 152834
98646 6
156932 155147 155146 152108 156772 151609
98647 16
156932 155147 155146 152108 156772 151609 153407 153790 153800 153806 153824 153984 152736 152791 152834 153064
98652 16
156932 155147 155146 152108 156772 151609 153407 153790 153800 153806 153824 153984 152736 152791 152834 153064
98656 4
155147 155146 152736 152791
98658 24
152014 153249 154737 156053 152108 151609 156772 156932 155147 155146 153800 153806 153824 153984 152791 152834 153064 152736 153407 153790 156301 156302 155824 156284
98659 24
152014 153249 154737 156053 152108 151609 156772 156932 155147 155146 153800 153806 153824 153984 152791 152834 153064 152736 153407 153790 156301 156302 155824 156284
98660 3
151575 152562 153275
98661 3
151575 152562 153275
98663 3
151575 155201 155244
98664 3
151575 152562 153275
98665 3
151575 152562 153275
98666 3
152736 152791 152834
98667 2
151575 155201
98668 2
151575 152562
98671 3
155824 156284 156301
98672 3
151575 152562 153275
98673 2
151575 152562
98676 5
153274 156663 151082 150999 156568
98677 2
156568 151082
98679 2
156801 156568
98680 2
156972 157091
98681 3
152562 151575 153275
98682 5
156302 156284 155824 156301 155147
98683 4
155275 150980 151066 151914
98684 5
151914 152162 151874 156568 152199
98685 4
151914 152162 151874 156568
98686 4
155275 150980 151066 151914
98690 4
155275 150980 151066 151914
98691 4
155275 150980 151066 151914
98693 4
152199 156568 157091 156972
98696 4
156568 152199 157091 156972
98698 4
156568 152199 157091 156972
98699 4
152199 156568 156932 156284
98701 3
154715 154721 154730
98702 3
152199 154715 154721
98703 3
154715 154721 154730
98708 3
151874 151914 152162
98709 3
151874 151914 152162
98713 3
156972 157091 151914
98714 3
154715 154721 154730
98716 3
153079 154290 155436
98718 2
153079 154290
98721 2
156568 156801
98722 2
156568 156801
98723 3
150980 151066 155275
98724 4
155147 155146 156932 150999
98725 3
154715 154721 154730
98727 3
153079 154290 155436
98731 3
153079 154290 155436
98732 3
156972 157091 151914
98733 3
154715 154721 154730
98737 3
154715 154721 154730
98738 3
154715 154721 154730
98741 3
154715 154721 154730
98742 3
156972 157091 154290
98743 3
156972 157091 154290
98751 3
152199 156801 154721
98753 2
152199 154715
98754 2
152199 154715
98758 3
151874 151914 152162
98759 2
153079 154290
98760 3
156801 150999 151082
98762 2
152199 154715
98763 3
154715 154721 154730
98764 4
154721 154730 154715 154760
98765 5
154720 155147 155146 150999 151082
98766 5
154720 155147 155146 150999 151082
98767 4
151641 151874 151914 152162
98768 3
151641 151066 150980
98769 3
151641 151391 151465
98770 2
151391 151465
98772 2
155554 155698
98774 3
156568 156801 152199
98781 5
156302 156301 155824 156284 152199
98783 4
152199 156284 155824 156301
98784 3
151641 156801 152199
98785 2
151391 151465
98786 2
151391 151465
98787 6
156301 156302 155824 156284 154721 154764
98791 6
156301 156302 155824 156284 154721 154764
98793 6
156301 156302 155824 156284 154721 154764
98796 6
154760 154764 154715 154721 154730 155250
98797 6
154290 155436 153079 153275 152562 151575
98798 4
152834 152736 152791 153064
98799 4
156284 156301 155824 156302
98800 4
156284 156301 155824 156302
98805 4
156284 156301 155824 156302
98806 4
156284 156301 155824 156302
98807 4
156284 156301 155824 156302
98809 4
156284 156301 155824 156302
98810 4
156284 156301 155824 156302
98812 4
156284 156301 155824 156302
98814 5
156568 156932 152562 153275 151575
98815 4
156284 156301 155824 156302
98820 4
156284 156301 155824 156302
98826 4
156568 156932 150999 151082
98827 4
156568 156932 150999 151082
98829 4
156284 156301 155824 156302
98830 4
157091 156972 156301 155824
98834 3
155824 156284 156301
98835 5
156301 156302 155824 156284 155201
98837 2
155824 156284
98839 2
155824 156284
98840 2
155824 156284
98844 2
155824 156284
98847 2
155824 156284
98849 2
155824 156284
98853 2
155824 156284
98854 5
156302 155824 156284 156301 153249
98856 3
155824 156284 156301
98857 2
156801 155824
98858 2
155824 156284
98859 2
155275 150980
98863 2
151874 151914
98865 2
155824 156284
98866 3
155824 156284 156301
98869 2
155824 156284
98870 2
156801 155824
98872 2
155824 156284
98873 2
155824 156284
98874 3
155824 156284 156301
98876 3
156972 157091 156284
98877 2
155824 156284
98878 2
155824 156284
98879 3
155824 156284 156301
98881 3
156801 156284 155824
98882 3
156801 156284 155824
98886 4
155275 151066 150980 154715
98887 4
155275 151066 150980 154715
98890 4
150980 151066 155275 154715
98891 2
156801 155824
98892 2
156801 155824
98894 3
156801 156284 155824
98895 5
154760 154730 154721 154715 154764
98898 5
152199 154730 154715 154721 154760
98900 4
152199 154721 154715 154730
98901 4
152199 154721 154715 154730
98903 5
152199 156301 155824 156284 156302
98904 4
154730 154721 154715 154760
98905 4
154730 154721 154715 154760
98907 4
154730 154721 154715 154760
98910 3
154715 154721 154730
98911 3
154715 154721 154730
98912 3
154715 154721 154730
98913 3
154715 154721 154730
98916 3
155824 156284 156301
98918 4
156801 154715 154721 154730
98922 2
155824 156284
98923 4
156568 154737 152014 153249
98925 2
151082 150999
98927 2
151082 150999
98928 2
151082 150999
98930 4
153274 150999 151082 156663
98931 2
151082 150999
98932 2
151082 150999
98935 2
156568 151082
98936 2
156568 151082
98938 2
156568 151082
98939 2
156568 151082
98941 2
156568 151082
98942 2
152014 153249
98943 2
156568 151082
98945 2
151082 150999
98948 2
151082 150999
98949 2
151082 150999
98951 2
151082 150999
98954 2
151082 150999
98955 2
151082 150999
98956 2
151082 150999
98958 2
151082 150999
98960 2
151082 150999
98964 2
151082 150999
98965 3
154720 154290 153079
98966 3
154720 152791 152736
98967 2
151082 150999
98968 2
151082 150999
98969 3
156568 151391 151465
98970 3
156568 151391 151465
98971 3
151465 151391 155140
98973 3
156568 151391 151465
98974 3
156568 151391 151465
98977 3
156801 151641 155824
98978 3
156801 151641 155824
98981 3
151641 156801 155824
98985 4
156932 156301 155824 156284
98990 4
156932 156301 155824 156284
98991 4
156801 156932 156301 155824
98997 3
156801 156932 156284
98998 3
156801 156932 156284
99000 3
155554 155698 155759
99003 3
151465 151391 155140
99004 2
155275 151066
99005 2
151391 151465
99007 2
151391 151465
99008 2
151391 151465
99009 2
151391 151465
99010 2
155554 155698
99011 12
153274 156663 151082 150999 152736 153064 153806 152834 153790 153407 152791 153800
99012 12
156663 153274 150999 151082 153806 153407 153790 152736 152834 152791 153064 153800
99014 6
156404 156316 155140 151391 151465 152199
99016 6
156404 156316 155140 151391 151465 156801
99017 6
156801 154730 154760 154764 155250 154721
99019 6
156801 154715 154721 154730 154760 154764
99021 6
153407 152834 152736 153064 152791 153790
99022 6
153407 152834 152736 153064 152791 153790
99023 6
153064 153407 152791 152736 152834 153790
99024 6
154737 156053 152014 153249 151493 151252
99025 5
154737 156053 152014 153249 154721
99027 7
150999 151082 156663 153274 156932 154737 156053
99030 4
154730 154721 154715 154760
99031 2
152199 154715
99032 2
157128 152199
99033 2
157128 152199
99038 2
157128 152199
99039 3
152199 154715 154721
99040 2
152199 154715
99042 2
152199 154715
99047 2
152199 154715
99048 2
152199 154715
99049 3
155275 150980 151066
99055 3
151465 151391 155140
99056 3
156801 151391 151465
99057 4
156801 151391 151465 155140
99058 3
156801 152199 154715
99059 5
156972 157091 152199 154730 154760
99060 3
156801 151391 151465
99062 5
156801 152199 154730 154760 154721
99064 5
152199 154715 154721 154730 154760
99065 5
153605 152979 152128 153497 155459
99066 5
153605 152979 152128 153497 155459
99067 6
151066 150980 155275 155554 155698 155759
99069 6
151066 150980 155275 155554 155698 155759
99070 6
155891 155939 155554 155759 155698 156037
99072 6
155891 155939 155554 155759 155698 156037
99074 6
155891 155939 155554 155759 155698 156037
99078 5
155891 155554 155698 155759 155939
99081 5
155891 155554 155698 155759 155939
99082 5
155891 155554 155698 155759 155939
99083 5
155275 150980 151066 151215 151465
99084 5
155891 155554 155698 155759 155939
99087 5
155275 150980 151066 151215 151465
99088 6
151641 156316 151465 151391 155140 156404
99089 3
152199 156801 152014
99091 13
152736 152791 152834 153064 153407 153790 153800 153806 153824 153984 151609 152108 156772
99093 13
152736 152791 152834 153064 153407 153790 153800 153806 153824 153984 151609 152108 156772
99094 17
152736 152791 152834 153064 153407 153790 153800 153806 153824 153984 151609 152108 156772 151082 153274 156663 150999
99096 15
156972 157091 152834 153064 153407 153790 153800 153806 153824 153984 152736 152791 156772 151609 152108
99097 3
154715 154721 154730
99098 27
152736 152791 152834 153064 153407 153790 153800 153806 153824 153984 151609 152108 156772 151082 153274 156663 150999 154737 156053 153249 152014 154760 154764 155250 154721 154730 154715
99099 27
152736 152791 152834 153064 153407 153790 153800 153806 153824 153984 151609 152108 156772 151082 153274 156663 150999 154737 156053 153249 152014 154760 154764 155250 154721 154730 154715
99100 27
152736 152791 152834 153064 153407 153790 153800 153806 153824 153984 151609 152108 156772 151082 153274 156663 150999 154737 156053 153249 152014 154760 154764 155250 154721 154730 154715
99101 27
152736 152791 152834 153064 153407 153790 153800 153806 153824 153984 151609 152108 156772 151082 153274 156663 150999 154737 156053 153249 152014 154760 154764 155250 154721 154730 154715
99102 27
152736 152791 152834 153064 153407 153790 153800 153806 153824 153984 151609 152108 156772 151082 153274 156663 150999 154737 156053 153249 152014 154760 154764 155250 154721 154730 154715
99103 21
152736 152791 152834 153064 153407 153790 153800 153806 153824 153984 151609 152108 156772 151082 153274 156663 150999 154737 156053 153249 152014
99104 2
153079 154290
99105 3
155554 155698 155759
99107 3
155554 155698 155759
99108 2
151465 151391
99111 3
155275 150980 151066
99112 3
155554 155698 155759
99114 3
152199 156801 157128
99115 2
151465 151391
99118 2
151465 151391
99120 2
151465 151391
99121 2
151465 151391
99122 2
151465 151391
99123 5
152162 151874 151914 151066 150980
99125 5
152162 151874 151914 155275 151066
99126 5
152162 151874 151914 155275 151066
99127 5
152162 151874 151914 151066 150980
99129 5
152162 151874 151914 151066 150980
99130 4
151914 152162 151874 156972
99132 4
151066 150980 155275 154715
99133 4
151066 150980 155275 154715
99139 4
151066 150980 155275 154715
99140 4
151066 150980 155275 154715
99141 4
151066 150980 155275 154715
99142 4
155275 150980 151066 154715
99144 4
155275 150980 151066 154715
99145 4
151066 150980 155275 154715
99149 4
154730 154715 154721 154760
99150 3
154721 154715 154730
99152 3
156801 150980 151066
99153 3
156801 150980 151066
99154 3
156801 150980 151066
99155 3
156801 150980 151066
99157 3
151066 150980 155275
99159 2
156801 151641
99160 2
156801 151641
99163 2
151641 156801
99164 2
151641 156801
99165 3
151066 150980 155275
99167 4
156568 154715 154721 154730
99169 3
156568 154290 153079
99173 3
156568 153079 154290
99174 3
156568 153079 154290
99176 3
156568 157091 156972
99177 3
156568 157091 156972
99178 3
156568 157091 156972
99179 3
156568 157091 156972
99180 3
151215 151641 151066
99181 3
151215 151641 155275
99182 4
154730 154715 154721 154760
99183 2
152199 156932
99184 2
152199 156932
99186 3
152199 156932 153079
99188 2
152199 156932
99191 2
152199 156932
99193 2
152199 156932
99194 3
152199 156932 153079
99197 2
152199 156932
99198 2
155824 156284
99199 2
156801 152199
99200 3
152199 153079 154290
99201 3
152199 153079 154290
99204 4
151215 151914 151874 152162
99206 4
151215 151914 151874 152162
99208 3
152199 151215 151465
99211 3
152199 156801 151391
99212 2
151465 151391
99213 2
151465 151391
99215 3
156801 151391 151465
99216 3
151465 151391 155140
99217 3
151641 150980 151066
99218 3
151641 150980 151066
99220 4
151914 152162 151874 150980
99222 4
151914 152162 151874 150980
99224 2
151641 156801
99225 2
151641 156801
99226 2
151465 151391
99227 2
151465 151391
99229 2
151066 150980
99230 2
151066 150980
99232 2
152199 151215
99234 2
151215 152199
99236 2
151215 151066
99237 2
152199 151465
99239 1
157128
99242 1
157128
99244 4
151914 152162 151874 157128
99245 2
157128 151641
99248 2
151465 151391
99249 2
152199 151066
99250 3
157128 156801 151641
99251 3
157128 156801 151641
99253 5
151641 156801 157128 154730 154760
99255 3
157128 156801 151641
99257 6
151215 151391 155140 156316 151465 156404
99260 2
151215 157128
99261 2
151066 150980
99262 4
157128 157091 156972 154730
99264 3
157128 154715 154721
99266 3
156801 151641 153249
99267 3
156801 151641 153249
99268 2
156801 151465
99271 2
151215 152199
99272 2
152199 151465
99273 2
151215 152199
99274 2
151066 150980
99275 2
155275 151066
99276 3
154290 153079 155436
99277 3
154290 153079 155436
99279 4
157091 156972 154715 154721
99288 6
155459 153497 152979 153605 152128 156069
99290 6
155459 153497 152979 153605 152128 156069
99292 5
153605 152979 152128 153497 155459
99293 5
153605 152979 152128 153497 155459
99294 5
153605 152979 152128 153497 155459
99297 5
153605 152979 152128 153497 155459
99298 5
153605 152979 152128 153497 155459
99302 5
153605 152979 152128 153497 155459
99303 6
156404 156316 155140 151391 151465 157128
99306 6
156404 151391 151465 155140 156316 157128
99307 6
156404 156316 151465 151391 155140 155275
99308 6
156404 156316 155140 151465 151391 151215
99309 3
155332 151920 156288
99312 3
151215 151465 151391
99315 3
155554 155698 155759
99316 3
155554 155698 155759
99317 3
155554 155698 155759
99318 3
155554 155698 155759
99320 3
155554 155698 155759
99321 7
152199 153407 152834 152736 152791 153064 153790
99322 3
154715 154721 154730
99323 3
154715 154721 154730
99325 3
154715 154721 154730
99326 3
154715 154721 154730
99328 3
154715 154721 154730
99329 3
154715 154721 154730
99333 3
154715 154721 154730
99335 3
154715 154721 154730
99336 4
156568 152199 152014 153249
99339 3
154715 154721 154730
99343 3
155554 155698 155759
99344 3
157128 151215 151641
99345 3
155554 155698 155759
99346 4
151215 151641 156972 157091
99348 2
151066 150980
99349 2
151066 150980
99350 2
151066 150980
99351 2
151066 150980
99352 2
151066 150980
99353 2
151215 151391
99354 2
151215 151391
99356 2
151391 151465
99357 2
151066 150980
99361 2
155275 151066
99363 2
155554 155698
99364 3
151066 150980 155275
99365 4
151215 155698 155554 155759
99366 3
155554 155698 155759
99367 3
155554 155698 155759
99368 3
151391 151465 155140
99369 3
151066 150980 155275
99370 2
155554 155698
99373 3
151391 151465 155140
99374 3
151391 151465 155140
99375 2
155554 155698
99376 2
155554 155698
99377 2
155554 155698
99382 2
155554 155698
99383 3
151391 151465 155140
99384 2
155554 155698
99385 2
155554 155698
99386 2
151641 156801
99388 2
151066 150980
99390 2
151066 150980
99393 2
157128 155554
99394 2
157128 155554
99395 2
155554 155698
99396 2
152128 152979
99398 2
155554 155698
99400 3
151391 151465 155140
99402 2
152128 152979
99403 2
155554 155698
99404 2
151066 150980
99406 2
155275 151066
99407 2
152128 152979
99408 2
152128 152979
99409 2
152128 152979
99410 3
152128 152979 153497
99411 2
151922 152883
99413 6
151066 150980 155275 155554 155698 155759
99415 6
155891 155939 155698 155759 155554 156037
99418 6
155891 155939 155698 155759 155554 156037
99421 6
152162 151874 151914 151391 151465 155140
99422 6
151641 151215 157128 156972 157091 151391
99423 7
151465 156316 155140 156404 151391 151641 151215
99425 6
156568 151914 152162 151874 151215 151641
99426 6
155891 155939 155698 155759 155554 156037
99427 5
152162 151914 151874 151465 151391
99428 5
155891 155554 155698 155759 155939
99429 5
155891 155759 155554 155698 155939
99430 5
155891 155759 155554 155698 155939
99432 3
151066 150980 155275
99433 3
151066 150980 155275
