99434 2
155554 155698
99437 7
155891 156037 155554 155759 155698 155939 156801
99440 7
155891 156037 155554 155759 155698 155939 156801
99441 7
155891 156037 155554 155759 155698 155939 156801
99443 7
155891 156037 155554 155759 155698 155939 156801
99444 5
156801 155554 155698 155759 155891
99446 2
152128 152979
99447 2
152128 152979
99448 2
152128 152979
99449 2
152128 152979
99451 2
152128 152979
99452 2
152128 152979
99454 4
155698 155759 155554 155891
99456 4
155698 155759 155554 155891
99457 4
155698 155759 155554 155891
99458 4
151465 155140 151391 156316
99459 4
154737 152014 153249 156053
99461 3
155554 155698 155759
99464 3
151066 150980 155275
99473 3
155275 150980 151066
99474 3
151066 150980 155275
99476 3
151066 150980 155275
99478 2
151066 150980
99479 2
151066 150980
99480 2
151066 150980
99481 2
155275 151066
99483 2
155554 155698
99484 2
155554 155698
99487 2
155554 155698
99489 2
155554 155698
99490 2
151391 151465
99493 2
155554 155698
99500 10
154764 154730 154760 155250 154715 154721 155436 154290 153079 153275
99502 4
156801 152014 153249 154737
99503 4
156801 152199 153249 152014
99505 4
156801 152199 153249 152014
99507 4
156801 152199 153249 152014
99508 4
156801 152199 153249 152014
99511 4
156801 152199 153249 152014
99512 5
154737 156053 153249 152014 156801
99514 5
154737 156053 153249 152014 156801
99516 4
156801 152199 155436 154290
99518 4
156801 152199 155436 154290
99520 4
156801 152199 155436 154290
99521 4
156801 152199 155436 154290
99522 4
155275 150980 151066 156801
99523 4
155275 150980 151066 156801
99525 4
155275 150980 151066 152014
99526 5
152199 156801 156301 155824 156284
99531 5
156053 153249 152014 154737 153079
99532 5
156801 153249 152014 154737 156053
99533 5
156053 154737 152014 153249 152199
99534 5
156053 154737 152014 153249 152199
99538 4
154737 153249 152014 156053
99539 4
154737 153249 152014 156053
99540 5
156053 154737 152014 153249 152199
99543 4
152199 157091 156972 151370
99544 4
156801 153249 152014 154737
99550 4
152199 153249 152014 154737
99554 6
157091 156972 154730 154760 154721 154715
99556 4
156801 153249 152014 154737
99559 4
156801 153249 152014 154737
99561 4
156801 154730 154715 154721
99562 4
156801 153249 152014 154737
99564 4
152199 156801 153249 152014
99569 4
155275 150980 151066 156801
99571 4
155275 150980 151066 156801
99572 4
151066 150980 155275 152199
99573 4
151066 150980 155275 152199
99577 4
155275 150980 151066 152199
99578 4
155275 150980 151066 152199
99579 5
155275 150980 151066 156801 152199
99580 5
155275 150980 151066 156801 152199
99581 5
155275 150980 151066 156801 152199
99583 5
157091 156972 154721 154730 154715
99584 5
151292 151370 151493 151252 151917
99585 5
156053 153249 152014 154737 151066
99586 5
155275 151066 150980 153249 152014
99587 4
152199 152014 153249 154737
99588 4
152199 152014 153249 154737
99590 4
152199 152014 153249 154737
99592 4
152199 152014 153249 154737
99594 2
151066 150980
99598 2
151066 150980
99600 2
155275 151066
99601 2
155275 151066
99603 3
151066 150980 155275
99604 2
155554 155698
99605 2
155554 155698
99607 2
151391 151465
99608 2
151641 151066
99610 2
151641 151066
99615 3
151920 155332 156288
99616 3
151920 155332 156288
99617 3
157128 155140 151465
99618 4
156288 155332 151920 151215
99623 3
151215 157128 151641
99624 3
151215 157128 151641
99625 3
151215 157128 151641
99627 5
152199 157091 156972 154730 154715
99629 3
156801 156284 155824
99630 3
156801 156284 155824
99631 2
156801 154715
99632 2
156801 154715
99633 2
155275 151066
99634 2
151066 150980
99635 2
151066 150980
99637 2
151066 150980
99638 2
151066 150980
99640 2
154715 154721
99641 2
156801 154715
99644 2
151066 150980
99646 2
151066 150980
99647 2
151066 150980
99649 2
151066 150980
99650 2
151066 150980
99654 2
151066 150980
99656 3
151066 150980 155275
99659 2
155275 151066
99661 3
151874 151914 152162
99665 2
155824 156284
99667 4
151465 155140 151391 156316
99668 4
151465 155140 151391 156316
99669 3
151641 153249 152014
99671 2
151215 155554
99672 2
151391 151465
99673 2
151215 155554
99678 2
155554 155698
99679 2
155554 155698
99682 2
155554 155698
99684 2
155554 155698
99685 2
155554 155698
99686 2
151215 155554
99687 2
151215 155554
99688 2
151215 155554
99691 2
151215 155554
99692 2
155554 155698
99693 2
155554 155698
99694 2
155554 155698
99698 2
155554 155698
99701 2
157128 151391
99703 2
157128 151391
99705 3
157128 151641 151066
99707 2
155554 155698
99708 2
155554 155698
99711 2
155554 155698
99713 2
151215 157128
99715 2
151215 155554
99717 2
155554 155698
99719 2
155554 155698
99722 2
155554 155698
99725 2
155554 155698
99728 2
155554 155698
99729 4
151641 154737 153249 152014
99730 3
151465 151391 155140
99731 2
151465 151391
99732 2
151465 151391
99733 2
151465 151391
99734 2
151215 155554
99735 3
151066 150980 155275
99736 4
156568 156301 155824 156284
99739 3
155554 155698 155759
99740 2
151391 151465
99741 2
151391 151465
99742 2
151391 151465
99744 6
151420 151834 153242 151922 152883 154676
99746 6
151066 150980 155275 157128 156932 155554
99747 6
151874 152162 151914 151391 151465 155140
99748 6
156404 155140 156316 151391 151465 157128
99749 6
157128 151066 155275 150980 155698 155554
99751 6
155891 155939 155554 155759 155698 156037
99753 8
155891 156037 155939 155554 155698 155759 156801 151641
99758 8
151215 155939 155891 155554 155698 155759 156037 156801
99759 8
151215 155939 155891 155554 155698 155759 156037 156801
99762 8
151215 155939 155891 155554 155698 155759 156037 156801
99764 8
151215 155939 155891 155554 155698 155759 156037 156801
99765 8
151215 155939 155891 155554 155698 155759 156037 156801
99766 8
151215 155939 155891 155554 155698 155759 156037 156801
99767 9
155554 155759 155939 155698 155891 156037 151641 156568 151391
99769 8
156801 156037 155759 155554 155698 155939 155891 151641
99770 6
151215 157128 155891 155554 155698 155759
99771 7
151215 157128 152128 153497 153605 152979 155459
99772 6
151215 157128 152128 153497 152979 153605
99773 6
157128 151215 152128 153497 152979 153605
99774 6
157128 151215 152128 153497 152979 153605
99775 6
157128 151215 152128 153497 152979 153605
99778 6
157128 151215 152128 153497 152979 153605
99779 6
151215 152128 152979 153497 153605 155459
99780 6
157128 151215 152128 153497 152979 153605
99781 6
157128 151215 152128 153497 152979 153605
99782 7
151215 157128 151391 156316 156404 155140 151465
99783 7
151215 157128 151641 156801 151391 156316 155140
99784 7
156037 155891 155759 155939 155554 155698 151215
99788 7
151215 157128 151391 156316 156404 155140 151465
99789 7
151215 157128 151391 156316 156404 155140 151465
99792 7
151641 157128 151215 156316 151391 151465 155140
99793 6
151641 156801 151066 150980 155275 151215
99794 7
156801 151066 150980 155275 151465 151391 155140
99795 6
151641 155275 151066 150980 156801 151215
99796 6
151641 155275 151066 150980 156801 151215
99797 6
151641 150980 151066 155275 156801 151215
99799 7
151066 150980 155275 151391 151465 155140 156316
99800 7
151066 150980 155275 151391 151465 155140 156316
99801 7
151215 156801 156404 151391 151465 155140 156316
99802 6
151641 155275 151066 150980 156801 151465
99804 6
151641 156801 156316 151465 151391 155140
99807 6
151641 156801 156316 151465 151391 155140
99808 6
156316 156404 155140 151465 151391 156801
99809 6
156801 155939 155698 155759 155554 155891
99810 6
156801 155939 155698 155759 155554 155891
99811 6
151641 156801 156316 151465 151391 155140
99812 6
151215 156316 151465 151391 155140 156404
99815 6
151215 156316 151465 151391 155140 156404
99816 6
151215 156316 151465 151391 155140 156404
99817 4
154737 152014 153249 156053
99821 4
154737 152014 153249 156053
99822 4
155698 155759 155554 155891
99823 4
151066 150980 155275 151215
99826 4
151465 155140 151391 156316
99827 4
155698 155759 155554 155891
99828 4
155698 155759 155554 155891
99829 4
151465 155140 151391 156316
99831 4
151465 155140 151391 156316
99833 4
151465 155140 151391 156316
99835 4
151465 155140 151391 156316
99836 12
155939 155759 155554 156037 155891 155698 151641 150980 151066 155275 157128 151215
99838 12
155939 155759 155554 156037 155891 155698 151641 150980 151066 155275 157128 151215
99839 9
152014 153249 154737 156053 151215 156801 155275 151066 150980
99841 10
152014 153249 154737 156053 156801 151215 155275 150980 151066 151641
99850 10
152014 153249 154737 156053 156801 151215 155275 150980 151066 151641
99851 6
152014 153249 154737 156053 156801 151215
99852 5
155759 155891 155554 155698 155939
99853 5
151641 155759 155554 155698 155891
99854 5
155275 150980 151066 155698 155554
99856 6
157128 156404 155140 151391 151465 156316
99858 6
157128 156404 155140 151391 151465 156316
99859 5
157128 155759 155554 155698 155891
99860 5
157128 155759 155554 155698 155891
99861 5
155891 155759 155554 155698 155939
99863 5
157128 155759 155554 155698 155891
99867 5
155140 156316 151465 151391 156404
99868 5
153605 152979 152128 153497 155459
99869 5
153605 152979 152128 153497 155459
99873 5
153605 152979 152128 153497 155459
99874 5
155140 156316 151465 151391 156404
99875 5
155140 156316 151465 151391 156404
99877 4
153242 151922 152883 154676
99879 4
152883 153242 151922 154676
99881 4
152979 153497 152128 153605
99882 4
152979 153497 152128 153605
99883 4
152979 153497 152128 153605
99884 4
152979 153497 152128 153605
99885 4
152979 153497 152128 153605
99887 4
152979 153497 152128 153605
99888 4
153497 152128 152979 153605
99893 4
153497 152128 152979 153605
99894 5
156316 155140 151391 151465 156404
99896 5
156316 155140 151391 151465 156404
99897 3
154715 154721 154730
99898 3
153249 154737 152014
99900 3
154721 154730 154715
99901 4
153249 154737 152014 156053
99902 3
155554 155698 155759
99904 3
157128 155698 155554
99905 5
151215 155759 155554 155698 155891
99908 3
156568 150980 151066
99909 2
156801 156568
99910 2
151641 156568
99913 2
155554 155698
99917 2
152128 152979
99918 4
151465 155140 151391 156316
99919 4
151465 155140 151391 156316
99920 3
151215 155554 155698
99928 2
151215 155554
99929 2
151215 151391
99930 2
155554 155698
99932 2
155275 151066
99935 2
151215 151066
99939 2
151215 155275
99940 2
151215 155275
99942 2
151215 155275
99947 2
151215 155275
99948 2
151215 151066
99951 2
151066 150980
99952 2
155275 151066
99954 2
152128 152979
99955 2
155554 155698
99956 2
151391 151465
99959 2
155554 155698
99963 3
151641 151066 150980
99965 3
151641 155275 151066
99966 2
151920 155332
99967 2
151920 155332
99971 2
151920 155332
99972 3
151215 155554 155698
99973 6
151066 150980 155275 155698 155554 155759
99975 6
155275 151066 150980 155554 155759 155698
99976 6
150980 151066 155275 157128 155698 155554
99977 2
152014 153249
99978 3
151641 150980 151066
99979 3
151066 150980 155275
99981 3
151066 150980 155275
99983 4
156568 154737 156053 153249
99985 4
156568 154737 156053 153249
99986 4
156568 154737 156053 153249
99988 5
156568 153249 152014 154737 156053
99989 5
156568 153249 152014 154737 156053
99992 5
156568 156053 153249 152014 154737
99994 5
156568 156053 153249 152014 154737
99996 5
156568 153249 152014 154737 156053
99997 5
154737 156053 153249 152014 154290
99998 5
156568 153249 152014 154737 156053
99999 5
156568 153249 152014 154737 156053
100000 5
154737 156053 153249 152014 152199
100003 3
154715 154721 154730
100004 3
154715 154721 154730
100007 3
154715 154721 154730
100008 2
156801 156568
100009 2
156568 156972
100010 2
156801 156568
100012 2
156801 156568
100016 5
151920 156288 155332 155698 155554
100017 4
155332 156288 151920 155698
100019 4
156288 151920 155332 155554
100020 4
155332 156288 151920 157128
100021 4
155332 156288 151920 157128
100023 4
156288 151920 155332 155698
100025 4
155332 156288 151920 155698
100026 4
156288 151920 155332 155698
100028 4
156288 151920 155332 155698
100030 4
156288 155332 151920 155698
100032 4
156288 155332 151920 155698
100034 4
156288 155332 151920 155554
100037 9
151641 152456 151215 150980 151066 155275 157128 156346 151181
100038 9
152456 151215 157128 151066 150980 155275 151181 156346 155140
100042 9
151215 151066 150980 155275 151181 156346 157128 155140 156316
100043 9
151215 155275 151066 150980 157128 151181 156346 155140 156316
100045 9
150980 155275 151066 157128 151391 151465 156316 155140 156404
100046 9
150980 151066 155275 157128 151391 151465 156316 155140 156404
100047 9
151215 151181 156346 151066 150980 155275 151391 155140 151465
100050 8
152014 153249 156053 154737 151215 156346 151181 156932
100051 8
152014 153249 156053 154737 151215 156346 151181 156932
100053 8
153249 152014 156053 154737 156346 151181 151215 156932
100054 8
151215 156346 151181 154737 153249 152014 156053 156932
100056 8
151215 156346 151181 154737 153249 152014 156053 156932
100058 8
154737 153249 156053 152014 156346 151181 151215 156932
100059 8
156346 151181 153249 152014 156053 154737 151215 156932
100060 8
151215 156346 151181 154737 153249 152014 156053 156932
100062 4
157128 151641 156346 151181
100063 4
157128 151641 156346 151181
100064 4
157128 151641 156346 151181
100065 4
157128 151641 156346 151181
100066 4
157128 151641 156346 151181
100067 4
156346 151181 151465 151391
100069 2
151181 156346
100072 3
151391 151465 155140
100073 2
151641 157128
100074 3
152979 152128 153497
100075 2
151066 150980
100077 2
151066 150980
100078 3
151215 156932 151641
100079 3
151215 156932 151641
100080 3
156346 151181 152128
100081 2
156932 152128
100082 2
152128 152979
100086 3
152456 152128 152979
100087 2
152456 152128
100090 2
152456 151181
100091 2
152456 151181
100092 2
152456 151181
100094 2
151181 156346
100095 2
151181 156346
100096 2
151181 156346
100100 2
152456 151181
100104 2
152456 151181
100107 2
151181 156346
100112 2
152128 152979
100113 2
152128 152979
100114 3
152979 152128 153497
100115 2
152128 152979
100116 2
152128 152979
100118 2
152128 152979
100119 6
151920 156288 155332 155824 156284 156301
100123 6
151920 156288 155332 156284 155824 156301
100124 6
156301 156302 156284 155824 156801 155554
100126 6
155939 155891 155554 155698 155759 156037
100130 5
157091 156972 155698 155759 155554
100132 5
152199 156932 156301 155824 156284
100134 5
156801 155698 155554 155759 155891
100139 3
156288 155332 151920
100142 3
151920 155332 156288
100143 3
151920 155332 156288
100145 3
151920 155332 156288
100147 4
151920 156288 155332 152199
100149 4
151215 155698 155554 155759
100150 3
151920 155554 155332
100152 4
151215 157091 156972 155698
100155 2
151874 151914
100156 2
156972 157091
100159 2
156972 157091
100160 3
154290 153079 155436
100164 2
153079 154290
100167 2
151920 155332
100169 3
155698 155554 155759
100170 2
156972 157091
100172 5
155891 155759 155698 155554 155939
100176 5
155891 155759 155698 155554 155939
100178 2
155554 155698
100180 2
152128 152979
100181 2
152128 152979
100184 2
157128 155554
100185 3
155554 155698 155759
100190 2
151641 157128
100191 2
151215 151641
100192 2
151215 151641
100193 2
151920 155332
100195 2
155554 155698
100196 2
155554 155698
100197 3
155332 151920 156288
100198 3
157128 150980 151066
100201 3
157128 150980 151066
100203 2
157128 151215
100205 2
152128 152979
100206 2
152128 152979
100209 2
152128 152979
100210 2
152128 152979
100212 3
152883 151922 153242
100213 3
152883 151922 153242
100216 2
151922 152883
100218 3
157128 151641 155698
100222 3
155554 155698 155759
100224 2
157128 151641
100225 2
157128 155554
100227 2
151641 155554
100232 4
157128 155332 151920 156288
100233 3
151920 155332 156288
100237 2
152128 152979
100238 2
152128 152979
100239 2
152128 152979
100240 2
152128 152979
100241 2
152128 152979
100244 2
152128 152979
100245 4
157128 155332 151920 156288
100249 2
157206 151181
100252 2
157206 151181
100255 2
157206 151181
100259 2
157206 151922
100260 2
151181 156346
100265 2
151181 156346
100266 2
151181 156346
100268 2
151922 152883
100269 2
152128 152979
100271 3
151922 152883 153242
100272 2
151922 152883
100273 2
151922 152883
100275 2
151181 156346
100277 2
151922 152883
100278 2
151922 152883
100280 2
151922 152883
100282 4
151641 155698 155554 155759
100284 2
151920 155332
100287 2
151920 155332
100288 4
155275 150980 151066 151641
100289 3
151066 150980 155275
100290 3
155698 155554 155759
100291 5
155891 155698 155554 155759 155939
100293 3
155554 155698 155759
100296 8
156801 155459 153497 156069 152979 152128 153605 156197
100300 8
155891 156801 155759 155554 155939 156037 155698 152128
100302 8
156801 155459 153497 156069 152979 152128 153605 156197
100304 8
156801 155459 153497 156069 152979 152128 153605 156197
100305 8
156197 155459 153605 156069 152979 152128 153497 155698
100308 3
151215 152128 152979
100309 3
152014 153249 154737
100311 5
155275 150980 151066 156801 153249
100314 3
152014 153249 154737
100315 3
151066 150980 155275
100316 4
151914 152162 151874 155275
100317 3
152979 152128 153497
100318 3
152014 153249 154737
100319 3
152979 152128 153497
100321 3
152979 152128 153497
100323 3
156801 152128 152979
100324 6
151066 150980 155275 152128 152979 153497
100325 2
151922 152883
100326 2
156972 157091
100330 2
157128 151066
100331 2
151834 151920
100332 2
151181 156346
100333 3
151914 151874 152162
100334 3
151914 151874 152162
100335 3
151914 151874 152162
100337 2
151066 150980
100338 2
151066 150980
100339 2
151066 150980
100340 2
151874 151914
100343 2
151874 151914
100344 2
151834 151922
100345 2
151834 151922
100347 7
156346 151181 151420 153242 151922 152883 154676
