100348 7
156346 151181 151420 153242 151922 152883 154676
100349 7
156288 151920 155332 155044 153145 151438 156811
100350 7
152456 155332 151920 156288 151438 155044 153145
100352 7
155332 156288 151920 154059 153672 157128 151641
100353 7
155332 156288 151920 154059 153672 157128 154721
100354 7
153672 154059 153145 156811 155044 151438 154715
100355 7
152456 151438 155044 156811 153145 155332 151920
100356 7
151438 155044 156811 153145 153672 154059 151920
100357 7
151438 155044 156811 153145 156288 151920 155332
100358 7
151438 155044 156811 153145 156288 151920 155332
100359 7
152456 151438 153145 156811 155044 155332 151920
100365 7
151438 155044 153145 156811 155332 153672 151920
100366 7
152456 151438 153145 156811 155044 155332 151920
100369 7
151438 153145 155044 156811 151920 156288 155332
100371 6
152456 155891 155554 155698 155759 155939
100372 6
152456 155891 155554 155698 155759 155939
100374 6
152456 155698 155759 155891 155554 155939
100376 6
152456 155891 155554 155698 155759 155939
100377 6
152456 155891 155554 155759 155698 155939
100378 6
152456 155891 155554 155759 155698 155939
100379 6
152456 155891 155554 155698 155759 155939
100381 6
152456 155891 155554 155698 155759 155939
100382 6
151874 151914 152162 156346 151181 152883
100387 6
151874 151914 152162 156346 151181 152883
100389 6
153605 155459 152128 152979 153497 156069
100390 6
153605 155459 152128 152979 153497 156069
100394 6
153605 155459 152128 152979 153497 156069
100395 6
155459 152128 152979 153497 153605 156069
100396 6
155459 152128 152979 153497 153605 156069
100397 6
155459 152128 152979 153497 153605 156069
100399 6
151181 156346 153079 155436 154290 152128
100400 6
151181 156346 151874 151914 152162 152979
100401 6
151181 156346 151874 151914 152162 152979
100406 6
155459 153497 152979 153605 152128 156069
100407 6
155459 153497 152979 153605 152128 156069
100414 5
151215 156288 151920 155332 152979
100416 3
152979 152128 153497
100417 3
151920 155332 156288
100418 3
151920 155332 156288
100419 4
155140 151391 151465 156316
100420 4
155140 151391 151465 156316
100421 4
155140 151391 151465 156316
100422 4
154059 153672 151391 151465
100427 4
152883 153242 151922 154676
100428 10
156197 152979 155459 156069 153605 152128 153497 152883 151922 154676
100430 10
152979 152128 156069 155459 153605 156197 153497 151420 153242 152883
100431 4
155698 155759 155554 155891
100432 5
155436 154290 153079 153242 151922
100433 5
154676 152883 153242 151922 154693
100437 5
154676 152883 153242 151922 154693
100438 4
151914 152162 151874 151181
100439 4
151914 152162 151874 151181
100441 4
151914 152162 151874 151181
100444 4
152162 151874 151914 151181
100445 3
156346 151181 151874
100449 4
152979 153497 152128 153605
100455 4
151914 152162 151874 156346
100457 6
155459 153497 152979 153605 152128 156069
100458 6
155459 153497 152979 153605 152128 156069
100461 3
152456 157091 156972
100462 3
156346 151181 151874
100466 4
152883 153242 151922 154676
100467 4
156346 151181 151215 152128
100468 4
156346 151181 151874 151914
100469 3
156346 151181 151874
100473 3
156346 151181 151874
100474 3
157206 152456 156346
100476 3
157206 152456 156346
100478 4
153242 152883 151922 154676
100479 4
153242 152883 151922 154676
100481 3
151922 152883 153242
100484 3
156972 157091 151181
100486 3
151438 153145 155044
100488 3
156972 157091 151181
100489 3
156972 157091 153145
100490 4
152883 153242 151922 154676
100493 4
153242 152883 151922 154676
100495 4
155044 153145 151438 156811
100496 4
153242 152883 151922 154676
100497 4
153242 152883 151922 154676
100498 4
153242 152883 151922 154676
100503 4
153242 152883 151922 154676
100505 4
157091 156972 152883 151922
100506 3
156972 157091 153145
100508 3
156972 157091 151181
100511 3
156972 157091 151438
100512 3
151874 151914 152162
100513 5
154676 152883 151922 153242 154693
100516 5
154676 153242 152883 151922 154693
100518 5
153242 154676 152883 151922 154693
100519 4
153079 153145 151438 154290
100523 3
151914 151874 152162
100524 3
151914 151874 152162
100525 4
156346 151181 151914 151874
100528 5
153605 152128 152979 153497 155459
100534 5
153605 152128 152979 153497 155459
100535 3
156346 151181 151874
100539 3
157206 151914 151874
100540 3
156346 151181 151874
100541 3
152456 156346 151181
100543 3
157206 151181 156346
100544 3
156346 151181 151874
100545 3
157206 151181 156346
100546 3
157206 151181 156346
100547 3
151874 151914 152162
100548 3
151874 151914 152162
100549 3
157206 151181 156346
100550 3
153079 154290 155436
100551 3
157206 151874 151914
100552 3
151914 151874 152162
100556 3
151914 151874 152162
100559 3
151914 151874 152162
100561 3
151914 151874 152162
100562 3
151914 151874 152162
100565 3
151420 157206 151874
100567 3
156346 151181 151438
100568 4
153145 155044 151438 156811
100570 3
153079 151438 153145
100573 3
156346 151181 152128
100575 3
151922 152883 153242
100576 3
151914 151874 152162
100578 3
151914 151874 152162
100579 3
151914 151874 152162
100580 4
151420 151834 151874 151914
100582 4
157206 151914 151874 152162
100583 4
157206 151874 151914 152162
100584 3
151914 151874 152162
100585 3
151420 157206 151874
100586 3
151834 151874 151914
100587 3
157206 151834 151874
100590 3
151834 157206 151874
100592 4
152162 151874 151914 151438
100594 3
151834 157206 151874
100596 4
153145 155044 151438 156811
100597 4
153145 155044 151438 156811
100599 4
153145 155044 151438 156811
100602 4
153145 155044 151438 156811
100603 2
157206 151834
100605 2
151181 156346
100607 2
151181 156346
100608 3
152883 151922 153242
100609 3
152883 151922 153242
100612 3
152883 151922 153242
100617 3
151922 152883 153242
100620 3
157206 151922 152883
100621 3
157206 151438 153145
100622 5
155698 155759 155554 152456 155891
100623 3
156346 151181 151922
100626 7
151181 156346 155939 155759 155554 155698 155891
100628 7
151181 156346 155939 155759 155554 155698 155891
100629 6
156346 151181 156801 155891 155698 155554
100630 6
156346 151181 156801 155891 155698 155554
100636 6
155759 155939 155554 155698 155891 156037
100638 6
155759 155939 155554 155698 155891 156037
100639 6
155759 155939 155554 155698 155891 156037
100642 6
157206 151181 156346 156801 155891 155698
100644 6
155891 155939 155698 155759 155554 156037
100654 7
151181 156346 155939 155759 155554 155698 155891
100656 4
157206 151420 156346 151181
100659 6
156404 156316 155140 151465 151391 151215
100661 6
156404 156316 155140 151465 151391 151215
100662 6
156404 156316 155140 151465 151391 151215
100664 4
156346 151181 151215 151874
100665 6
157128 151391 151465 155140 156316 156404
100666 9
151066 150980 155275 153064 153407 153790 152791 152736 152834
100669 3
151215 151641 157128
100671 3
151215 151641 157128
100673 3
151215 151641 157128
100674 4
155275 150980 151066 157128
100677 2
153672 154059
100678 2
157128 156801
100679 2
157128 156801
100682 2
157128 156801
100683 2
155554 155698
100685 5
154721 154730 154760 154764 154715
100687 2
155554 155698
100690 2
155554 155698
100693 2
155554 155698
100694 4
153274 150999 151082 156663
100696 4
153274 150999 151082 156663
100702 4
153274 150999 151082 156663
100705 4
153274 150999 151082 156663
100706 4
153274 150999 151082 156663
100708 3
156801 150980 151066
100709 3
156801 150999 151082
100711 3
156801 150999 151082
100713 3
152199 151066 150980
100714 2
154715 154721
100715 2
154715 154721
100716 2
154715 154721
100717 2
154715 154721
100718 2
154715 154721
100719 2
152199 154715
100721 2
155332 156288
100723 2
155554 155698
100724 2
154715 154721
100725 4
151215 151641 152456 151920
100727 2
157128 151641
100731 5
155044 156811 153145 151438 151922
100736 5
155044 156811 153145 151438 151922
100737 4
152883 153242 151922 154676
100738 2
151215 152456
100739 4
152199 153672 154059 157128
100741 4
152199 153672 154059 157128
100742 2
151922 152883
100743 3
151922 152883 153242
100744 2
151922 152883
100745 2
151641 151215
100746 2
151641 151215
100747 2
151215 151641
100748 3
155554 155698 155759
100749 2
151922 152883
100751 3
151922 152883 153242
100753 3
152456 152199 155554
100754 3
153145 151438 155044
100755 3
153145 151438 155044
100760 3
153145 151438 155044
100763 3
153145 151438 155044
100764 2
151438 153145
100765 4
151641 157128 151215 151465
100766 4
151215 151641 157128 151465
100768 4
151641 157128 151391 151465
100769 4
151641 157128 151391 151465
100770 4
151215 151641 157128 151465
100771 4
151215 157128 151641 153672
100772 4
151215 151641 157128 153672
100773 3
156346 151181 156969
100774 3
153145 151438 155044
100775 3
153145 151438 155044
100777 3
153145 151438 155044
100782 3
151922 152883 153242
100784 3
151215 155554 155698
100786 3
151215 155698 155554
100787 3
151215 151641 152199
100788 2
151922 152883
100789 2
151922 152883
100790 2
151922 152883
100791 2
157128 151215
100792 3
157128 151215 152199
100794 4
152128 152979 153497 153605
100795 4
153242 151922 152883 154676
100799 3
155554 155698 155759
100800 3
155554 155698 155759
100801 3
155554 155698 155759
100803 4
155275 150980 151066 152199
100805 3
152199 155698 155554
100806 3
152199 155698 155554
100807 3
151920 155332 156288
100811 3
151920 155332 156288
100812 3
151641 153079 154290
100816 5
154760 154730 154715 154721 154764
100817 2
155554 155698
100823 3
152979 152128 153497
100824 3
152979 152128 153497
100825 3
152979 152128 153497
100831 3
152883 151922 153242
100832 3
152883 151922 153242
100834 3
152979 152128 153497
100836 3
152883 151922 153242
100837 4
152883 153242 151922 154676
100838 4
152456 151215 152199 155554
100839 3
152199 151215 152456
100840 3
152456 155554 155698
100842 3
152456 155554 155698
100843 3
153145 151438 155044
100844 3
152456 155554 155698
100848 2
151922 152883
100849 2
151922 152883
100851 2
152456 155554
100854 6
151641 156288 155332 151920 151465 155140
100857 5
151641 155140 151465 151391 156316
100858 2
152456 151215
100860 2
152199 152456
100861 2
152199 152456
100862 2
152199 152456
100863 2
152199 152456
100865 2
151215 157128
100866 2
151215 157128
100867 2
152456 152199
100869 2
152456 152199
100870 4
151641 151391 151465 155140
100872 3
157128 151215 151465
100873 4
155698 155759 155554 155891
100876 4
155698 155759 155554 155891
100878 4
157128 152199 153672 154059
100881 4
157128 151215 152199 155554
100885 3
157128 151215 152199
100886 3
157128 151215 152199
100888 2
152128 152979
100889 2
152128 152979
100890 2
152128 152979
100891 2
151922 152883
100892 2
151922 152883
100896 3
157128 152199 155698
100897 3
157128 152199 155698
100900 3
157128 152199 155554
100902 3
157128 152199 155554
100904 2
157128 152199
100905 2
152199 157128
100906 2
151215 157128
100908 2
157128 155554
100910 2
157128 155554
100911 2
151215 155554
100913 2
151215 157128
100914 6
155891 155939 155698 155759 155554 156037
100916 6
155891 155939 155698 155759 155554 156037
100925 6
155891 155939 155698 155759 155554 156037
100927 2
151391 151465
100930 2
152199 151641
100933 3
151215 152199 157128
100935 2
156801 151922
100937 2
156801 151922
100938 2
156801 151922
100942 2
156801 151922
100944 2
156801 151922
100945 2
156801 155554
100947 3
156972 157091 154059
100951 2
152128 152979
100952 2
151834 156969
100953 2
156969 151181
100954 2
151922 152883
100955 2
151181 156346
100956 2
151181 156346
100958 2
151181 156346
100960 2
151181 156346
100961 2
151181 156346
100962 4
155332 156288 151920 151922
100963 3
155332 151920 156288
100964 6
151066 150980 155275 155554 155698 155759
100966 5
155275 150980 151066 155698 155554
100968 5
155275 150980 151066 155698 155554
100970 2
152128 152979
100973 2
151215 151922
100975 2
151215 151922
100977 3
151215 151922 152883
100979 2
151834 151438
100981 2
151834 151438
100982 2
152128 152979
100984 4
151834 151438 153145 155044
100985 5
151834 155044 151438 153145 156811
100987 6
156316 156404 155140 151391 151465 154721
100989 4
151641 151391 151465 155140
100990 4
155759 155554 155698 155891
100991 4
155698 155554 152456 155759
100993 3
155698 155554 155759
100994 4
155698 155759 155554 155891
100995 4
152883 153242 151922 154676
100996 4
152883 153242 151922 154676
100997 4
151215 152456 155554 155698
101000 3
152883 151922 153242
101001 3
152883 151922 153242
101002 2
152128 152979
101005 2
152128 152979
101010 2
151438 153145
101011 3
151922 152883 153242
101012 2
156801 151920
101013 2
156801 151920
101014 2
156801 151438
101015 2
151922 152883
101016 2
151438 153145
101018 2
151438 153145
101019 3
153079 151438 153145
101020 2
151920 155332
101021 2
151922 152883
101023 2
151438 153145
101026 2
151438 153145
101029 2
156801 151215
101031 2
152456 152128
101032 2
152456 152128
101036 2
151438 153145
101037 2
151438 153145
101039 2
152128 152979
101040 2
151438 153145
101041 3
153145 151438 155044
101042 2
151438 153145
101043 4
155698 155554 152456 155759
101044 13
155939 155554 155759 156037 155891 155698 154693 154676 151922 155123 155183 155227 154818
101046 13
155939 155554 155759 156037 155891 155698 154693 154676 151922 155123 155183 155227 154818
101048 2
152199 151641
101049 2
152199 151641
101052 12
155939 155554 155759 156037 155891 155698 154693 154676 151922 155123 155183 154818
101053 12
155939 155554 155759 156037 155891 155698 154693 154676 151922 155123 155183 154818
101054 12
155939 155554 155759 156037 155891 155698 154693 154676 151922 155123 155183 154818
101055 12
155939 155554 155759 156037 155891 155698 154693 154676 151922 155123 155183 154818
101056 12
155939 155554 155759 156037 155891 155698 154693 154676 151922 155123 155183 154818
101057 12
155939 155554 155759 156037 155891 155698 154693 154676 151922 155123 155183 154818
101059 3
156568 152199 151641
101060 13
155227 151922 152883 153242 154676 154693 154698 154750 154818 155123 155183 151641 152199
101062 12
155227 151922 152883 153242 154676 154693 154698 154750 154818 155123 155183 155554
101063 12
155227 151922 152883 153242 154676 154693 154698 154750 154818 155123 155183 155554
101064 7
156568 152199 153249 154737 156053 152014 151641
101067 2
156568 151641
101069 2
156568 151641
101071 2
156568 151641
101073 2
156568 151641
101076 2
156568 151641
101077 2
156568 151641
101079 6
151391 151465 155140 156316 156404 156568
101082 4
155146 155147 151641 156932
101085 12
154715 154721 154730 154760 154764 155250 156568 155140 151465 156316 156404 151391
101086 6
151391 151465 155140 156316 156404 156568
101089 12
155939 155554 155759 156037 155891 155698 154693 154676 151922 155123 155183 154818
101090 3
156932 151641 152199
101093 19
155146 155147 152791 153806 153984 152834 153824 153407 153790 153800 152736 153064 155664 155653 156792 156663 150999 153274 151082
101095 13
152014 153249 156053 154737 156568 156316 155140 156404 151465 151391 153800 153790 152834
101101 12
156053 154737 153249 152014 156568 153407 153064 152736 153806 152834 153800 153790
101102 10
156568 151465 155140 156316 156404 151391 156053 153249 154737 152014
101103 10
156568 151465 155140 156316 156404 151391 156053 153249 154737 152014
101104 10
156568 151465 155140 156316 156404 151391 156053 153249 154737 152014
101108 10
156568 151465 155140 156316 156404 151391 156053 153249 154737 152014
101110 10
156568 151465 155140 156316 156404 151391 156053 153249 154737 152014
101111 10
151391 151465 155140 156316 156404 156568 156053 153249 154737 152014
101112 10
151391 151465 155140 156316 156404 156568 156053 153249 154737 152014
101115 12
156932 156568 156404 151391 151465 156316 155140 152736 153064 153824 153800 152834
101116 11
156568 156316 156404 151465 151391 155140 152736 153064 153806 152834 153790
101118 11
156568 156316 156404 151465 151391 155140 152736 153064 153806 152834 153790
101119 11
156568 156316 156404 151465 151391 155140 152736 153064 153806 152834 153790
101121 7
156932 155698 155759 155891 155939 156037 155554
101122 7
156932 155698 155759 155891 155939 156037 155554
101123 10
151391 151465 155140 156316 156404 156932 156053 153249 154737 152014
101125 10
151391 151465 155140 156316 156404 156932 156053 153249 154737 152014
101127 10
151391 151465 155140 156316 156404 156932 156053 153249 154737 152014
101129 6
156568 151465 155140 156316 156404 151391
101130 6
156568 151465 155140 156316 156404 151391
101131 10
151391 151465 155140 156316 156404 156932 156053 153249 154737 152014
101132 11
156568 151465 155140 156316 156404 151391 156053 153249 154737 152014 156932
101133 10
151391 151465 155140 156316 156404 152014 156053 153249 154737 156932
101134 12
154737 152014 156053 153249 155147 155146 155140 156404 151465 151391 156316 156301
101137 12
154737 152014 156053 153249 155147 155146 155140 156404 151465 151391 156316 156301
101138 10
151391 151465 155140 156316 156404 152014 156053 153249 154737 156932
101139 10
151391 151465 155140 156316 156404 152014 156053 153249 154737 156932
101142 12
156932 153249 152014 154737 156053 151391 156316 151465 155140 156404 155250 154730
101144 12
156932 153249 152014 156053 154737 155140 156316 151391 151465 156404 154764 154760
101148 12
156932 153249 152014 154737 156053 151391 156316 151465 155140 156404 155250 154730
101149 12
156932 153249 152014 154737 156053 151391 156316 151465 155140 156404 155250 154730
101150 12
156932 153249 152014 154737 156053 151391 156316 151465 155140 156404 155250 154730
101151 12
156932 153249 152014 154737 156053 151391 156316 151465 155140 156404 155250 154730
101152 12
156932 153249 152014 154737 156053 151391 156316 151465 155140 156404 155250 154730
101154 12
156932 153249 152014 156053 154737 155140 156316 151391 151465 156404 156568 154764
101155 12
156932 153249 152014 156053 154737 155140 156316 151391 151465 156404 156568 154764
101156 12
156932 153249 152014 156053 154737 155140 156316 151391 151465 156404 156568 154764
101157 11
156932 156053 154737 152014 153249 151391 151465 156316 155140 156404 154730
101159 12
156932 156316 151391 155140 156404 151465 154760 154715 154730 155250 154764 154721
101160 12
156932 156316 151391 155140 156404 151465 154760 154715 154730 155250 154764 154721
101163 12
156316 155140 156404 151391 151465 156568 152736 153064 153824 153800 152834 153790
101164 11
156932 156053 154737 152014 153249 151391 151465 156316 155140 156404 156568
101166 13
150999 156663 153274 151082 153407 152736 152791 153806 153064 153800 153790 152834 153824
101167 13
150999 156663 153274 151082 153407 152736 152791 153806 153064 153800 153790 152834 153824
101168 13
150999 156663 153274 151082 153407 152736 152791 153806 153064 153800 153790 152834 153824
101170 13
153274 156663 150999 151082 153249 154737 156053 152014 153800 153790 152834 153407 153806
101172 13
150999 156663 153274 151082 153407 152736 152791 153806 153064 153800 153790 152834 153824
101173 13
153274 156663 150999 151082 153249 154737 156053 152014 153800 153790 152834 153407 153806
101176 13
152791 153984 152834 153064 152736 153407 153790 153800 153806 153824 154737 153249 152014
101177 13
153800 153984 153824 153806 152834 153064 152736 152791 153407 153790 156568 152014 153249
101178 11
155147 155146 156663 150999 151082 153274 152014 156053 153249 154737 156568
101180 11
155147 155146 156663 150999 151082 153274 152014 156053 153249 154737 156568
101182 11
156932 153806 152736 153824 152834 153064 153800 152791 153407 153790 153984
101183 11
156932 153806 152736 153824 152834 153064 153800 152791 153407 153790 153984
101185 11
156932 152791 153790 153064 152736 153407 152834 153800 153806 153824 153984
101186 11
156932 153806 152736 153824 152834 153064 153800 152791 153407 153790 153984
101187 11
156932 153806 152736 153824 152834 153064 153800 152791 153407 153790 153984
101191 11
156932 152791 153790 153064 152736 153407 152834 153800 153806 153824 153984
101192 11
156932 152791 153790 153064 152736 153407 152834 153800 153806 153824 153984
101193 13
156568 154730 154760 154764 155250 154721 154715 152834 153790 153824 153407 153800 152791
101195 11
156568 154721 154715 155250 154764 154760 154730 153800 153064 153984 153407
101197 11
156568 154721 154715 155250 154764 154760 154730 153800 153064 153984 153407
101200 11
156568 154721 154715 155250 154764 154760 154730 153800 153064 153984 153407
101201 11
156568 154721 154715 155250 154764 154760 154730 153800 153064 153984 153407
101204 11
156568 153800 152791 153824 153407 153790 153806 152736 152834 153064 153984
101206 11
156316 156404 151391 151465 155140 156568 155250 154760 154721 154715 154730
101207 11
156316 156404 151391 151465 155140 156568 155250 154760 154721 154715 154730
101208 12
156568 154730 154760 154764 155250 154715 154721 152834 153790 153806 153407 152791
101209 5
151391 151465 155140 156316 156404
101211 12
154715 154721 154730 154760 154764 155250 156568 155140 151465 156316 156404 151391
101212 6
156568 151465 155140 156316 156404 151391
101214 6
156568 151465 155140 156316 156404 151391
101215 12
156568 151465 155140 156316 156404 151391 154764 154715 155250 154721 154730 154760
101216 12
156568 151465 155140 156316 156404 151391 154764 154715 155250 154721 154730 154760
101217 13
155250 154715 154760 154764 154730 154721 155140 151391 151465 156404 156316 150999 153274
101219 13
151391 156404 155140 151465 156316 154760 154730 154721 155250 154764 154715 156568 153274
101223 14
156316 151391 155140 156404 151465 156053 152014 154737 153249 156568 154760 154730 154721 154764
101224 12
154721 154715 154760 155250 154730 154764 155140 156404 156316 151391 151465 156568
101226 2
155146 155147
101228 10
152014 153249 154737 156053 155698 155759 155891 155939 156037 155554
101231 11
151391 155140 156316 156404 151465 156568 155250 154730 154764 154760 154721
101233 11
151391 155140 156316 156404 151465 156568 155250 154730 154764 154760 154721
101237 11
151391 155140 156316 156404 151465 156568 155250 154730 154764 154760 154721
101238 12
151391 156316 155140 151465 156404 154760 154730 154721 155250 154764 154715 156568
101242 12
156316 155140 151391 156404 151465 156568 155250 154730 154764 154760 154721 154715
101243 12
156316 155140 151391 156404 151465 156568 155250 154730 154764 154760 154721 154715
101245 5
151391 151465 155140 156316 156404
101253 9
151391 151465 155140 156316 156404 152014 156053 153249 154737
101254 9
151391 151465 155140 156316 156404 152014 156053 153249 154737
101256 12
153249 154737 156053 152014 154764 154760 154721 154730 154715 155250 153274 151082
101257 12
153249 154737 156053 152014 154764 154760 154721 154730 154715 155250 153274 151082
101259 12
154721 154715 155250 154764 154730 154760 153249 154737 156053 152014 153274 151082
101260 11
154721 154715 154764 155250 154730 154760 154737 156053 152014 153249 153274
101262 13
151922 152883 153242 154676 154693 154698 154750 154818 155123 155183 155227 156568 151641
101263 13
156568 152883 154750 154676 154693 154698 153242 154818 155123 155183 155227 151922 151641
101271 1
156568
