103178 5
155140 156316 151391 151465 156404
103179 6
152162 151914 151874 154290 153079 155436
103180 6
153079 155436 154290 155275 150980 151066
103182 6
153079 155436 154290 155275 150980 151066
103183 6
152162 151914 151874 154290 153079 155436
103185 5
152162 151914 151874 150980 151066
103186 5
152162 151914 151874 153079 154290
103187 5
155275 150980 151066 151914 151874
103188 5
155275 150980 151066 151641 151575
103190 6
155891 155939 155554 155759 155698 156037
103191 6
155891 155939 155554 155759 155698 156037
103193 6
151215 151641 153275 155201 152562 151575
103195 6
151215 151641 153275 155201 152562 151575
103196 6
151215 151641 151575 155201 155244 155318
103198 6
151215 151641 151575 155201 155244 155318
103199 6
151215 151641 151575 155201 155244 155318
103204 5
151215 151641 152562 151575 153275
103205 5
151215 151641 152562 151575 153275
103207 5
151641 153275 155201 152562 151575
103211 5
151215 151641 153275 152562 151575
103216 5
151215 151641 151575 155201 155244
103217 5
151215 151641 151575 155201 155244
103218 5
151215 151641 151575 155201 155244
103219 5
151215 151641 151575 155201 155244
103220 5
151215 151641 151575 155201 155244
103223 5
151641 153275 155201 152562 151575
103224 5
151641 152562 153275 151575 155201
103226 5
151641 152562 153275 151575 155201
103230 4
151641 151575 155201 155244
103235 4
151641 152562 151575 153275
103236 4
155140 151465 151391 156316
103239 4
155140 151465 151391 156316
103240 4
155140 151465 151391 156316
103244 4
155140 151465 151391 156316
103246 4
157091 156972 151465 151391
103250 4
157091 156972 151465 151391
103251 6
155244 151575 152562 153275 155201 155318
103252 5
151641 153275 155201 152562 151575
103253 5
155201 152562 153275 151575 155244
103256 7
152199 155244 155201 155318 151575 155367 155381
103257 4
157128 152883 151922 153242
103258 4
152883 153242 151922 154676
103259 5
155201 151575 152562 153275 155244
103261 5
155140 156316 151391 151465 156404
103262 5
155201 151575 152562 153275 155244
103264 5
155201 151575 152562 153275 155244
103266 4
156568 157128 151575 152562
103267 4
156568 157128 151575 152562
103268 4
153275 151575 152562 155201
103269 4
151215 152562 151575 153275
103270 6
157128 156568 156316 151465 151391 155140
103274 5
153672 154059 156568 151465 151391
103276 4
154059 153672 156568 151465
103278 4
154059 153672 156568 151465
103279 4
154059 153672 156568 151465
103282 4
157128 151465 151391 155140
103283 4
157128 151465 151391 155140
103284 4
156568 151465 151391 155140
103285 4
156568 151465 151391 155140
103286 4
156568 151465 151391 155140
103287 5
157128 156568 156316 151465 151391
103288 5
157128 156568 156316 151465 151391
103290 4
156568 157128 151465 151391
103292 5
157128 156316 151391 151465 155140
103293 4
156568 157128 151465 151391
103296 4
157128 156568 151465 151391
103298 4
156568 157128 151465 151391
103299 4
152883 153242 151922 154676
103303 4
152883 153242 151922 154676
103305 4
152883 153242 151922 154676
103306 4
155275 150980 151066 151922
103308 4
155275 150980 151066 151922
103311 4
155275 150980 151066 151922
103314 4
155275 150980 151066 151922
103318 5
156568 153672 154059 151922 152883
103319 5
156568 153672 154059 151922 152883
103320 5
156568 153672 154059 151922 152883
103321 5
156568 153672 154059 151922 152883
103325 4
155698 155759 155554 155891
103327 4
157128 151391 155140 151465
103331 4
155698 155759 155554 155891
103334 3
151215 151575 152562
103338 3
155275 150980 151066
103339 2
152199 152562
103340 2
151066 150980
103341 2
152199 151215
103342 2
151215 151066
103343 2
151215 151066
103344 2
151215 151066
103345 2
151215 151066
103354 1
156972
103356 1
156568
103361 1
156568
103362 10
154715 154721 154730 154760 154764 155250 150999 151082 153274 156663
103363 10
154715 154721 154730 154760 154764 155250 150999 151082 153274 156663
103408 1
151215
103410 1
151215
103411 1
151215
103415 3
151922 152883 153242
103418 2
151066 150980
103420 2
151066 150980
103441 1
150980
103457 3
151066 150980 155275
103458 3
153113 153632 153636
103462 2
153113 153632
103463 2
156972 157091
103468 2
156972 157091
103471 2
156972 157091
103472 2
153113 153632
103475 2
153113 153632
103477 2
153113 153632
103478 1
153113
103479 2
151641 151922
103480 2
151922 152883
103483 2
156972 157091
103485 1
150980
103486 1
156972
103487 1
156972
103488 1
156972
103490 1
150980
103491 1
150980
103492 1
150980
103493 1
155275
103541 4
152979 153497 152128 153605
103574 1
156972
103575 1
156972
103583 1
151920
103586 2
155275 150980
103592 2
152456 153208
103593 3
152456 153208 151834
103594 3
152456 151834 153208
103595 1
153208
103597 4
153632 153636 153113 155554
103598 4
153636 153632 153113 155554
103619 2
153208 151420
103620 2
153208 151420
103621 1
157128
103626 1
153208
103628 3
153672 154059 152883
103629 3
153672 154059 152883
103631 2
157128 151391
103635 2
157128 151391
103636 2
157128 151391
103638 2
157128 151391
103642 2
151874 151914
103647 1
153208
103680 3
152128 152979 153497
103681 3
156943 152097 157128
103682 3
151922 152883 153242
103683 3
156943 152097 151922
103684 3
156943 152097 151922
103686 3
156943 152097 151922
103687 3
152097 151922 152883
103689 3
151922 152883 153242
103690 3
151914 151874 152162
103691 3
151874 151914 152162
103692 3
151391 151465 155140
103694 3
151066 150980 155275
103697 3
151066 150980 155275
103698 3
151641 152097 151922
103699 3
157128 150980 151066
103700 5
156969 157128 151641 156801 151465
103703 5
156969 151641 156801 151420 151391
103706 3
156943 152097 151922
103709 3
156943 152097 151922
103710 3
156943 152097 151922
103712 3
156943 152097 151922
103719 3
155554 155698 155759
103720 3
156943 152097 155698
103721 3
156943 152097 155698
103722 3
155698 155554 155759
103725 3
151465 151391 155140
103726 2
153113 153632
103727 2
153113 153632
103729 2
153113 153632
103730 2
153113 153632
103731 2
151641 151391
103733 2
151066 150980
103734 2
151391 151465
103736 2
155275 151066
103737 2
155275 151066
103739 2
151391 151465
103741 2
151391 151465
103744 2
156801 151066
103745 2
156801 151066
103746 2
156801 151391
103748 2
156801 151391
103749 2
151391 151465
103751 2
156801 151391
103752 2
156801 151391
103753 2
151391 151465
103760 2
151391 151465
103761 2
151391 151465
103762 2
151066 150980
103765 2
151391 151465
103768 2
151874 151914
103770 2
155554 155698
103772 2
155554 155698
103773 2
155554 155698
103774 2
155554 155698
103777 2
155554 155698
103779 2
155554 155698
103782 3
151914 151874 152162
103783 3
152979 152128 153497
103784 2
153079 154290
103788 2
151920 155332
103789 2
153079 154290
103790 2
151920 155332
103791 2
153079 154290
103792 3
155332 151920 156288
103794 2
157128 151920
103795 2
151920 155332
103798 2
151920 155332
103799 8
155891 156037 155939 155698 155759 155554 155275 150980
103801 8
155891 156037 155939 155698 155759 155554 155275 150980
103802 8
155140 151465 156316 156404 151391 156302 156284 155824
103805 8
155140 151465 156316 156404 151391 156302 156284 155824
103807 5
151641 153242 151922 152883 154676
103813 5
151641 153242 151922 152883 154676
103815 5
151641 153242 151922 152883 154676
103816 4
152883 153242 151922 154676
103817 4
151641 152883 151922 153242
103818 4
151641 152883 151922 153242
103819 4
151641 152883 151922 153242
103820 4
151641 152883 151922 153242
103821 4
151641 152883 151922 153242
103822 1
151215
103823 6
153079 155436 154290 151914 151874 152162
103824 6
151420 151215 157091 156972 152199 152562
103825 5
151641 151215 157091 156972 152199
103826 5
155436 153079 154290 151914 151874
103827 4
152162 151914 151874 151641
103829 4
152162 151914 151874 151641
103831 6
153079 155436 154290 154737 153249 152014
103832 3
151465 151391 155140
103836 3
151391 151465 155140
103839 2
151391 151465
103840 2
151391 151465
103842 1
152128
103843 1
152128
103844 1
152128
103845 1
152128
103847 1
152128
103848 2
151391 151465
103852 2
151391 151465
103855 3
152199 151066 150980
103856 3
151066 150980 155275
103857 3
152199 151066 150980
103865 3
152199 151066 150980
103868 3
152199 151066 150980
103870 3
152199 152791 152736
103872 3
155275 150980 151066
103874 3
153672 154059 152199
103875 1
151391
103876 1
151391
103878 1
153672
103879 1
151391
103880 1
153672
103881 2
151066 150980
103888 1
154715
103922 8
156037 155698 155759 155939 155891 155554 156969 155140
103923 8
156037 155698 155759 155939 155891 155554 156969 155140
103924 7
156943 152097 151215 151465 155140 151391 156316
103925 6
155939 155891 155698 155554 155759 156037
103928 2
151922 152883
103929 1
150980
103930 2
151922 152883
103932 1
151922
103950 2
152456 151834
103953 2
152456 151834
103957 2
152456 151834
103958 1
152456
103962 1
151834
103968 1
151834
103969 1
151834
103995 2
156801 155332
103996 2
157206 156801
104032 4
153242 152883 151922 154676
104033 4
151465 155140 151391 156316
104034 2
153208 155554
104035 2
153208 155554
104039 2
155554 155698
104041 2
155554 155698
104042 3
155554 155698 155759
104047 1
155554
104048 1
155554
104055 1
151420
104077 1
153079
104078 1
153079
