104989 1
153079
104992 1
153079
104994 1
153079
104999 1
153079
105000 1
153079
105019 3
151420 155332 156288
105020 3
151420 151920 155332
105032 1
153079
105076 4
151914 152162 151874 151391
105077 3
151391 151465 155140
105079 2
151391 151465
105081 2
151391 151465
105082 2
151391 151465
105108 3
151465 151391 155140
105109 3
151465 151391 155140
105116 5
152199 153275 151575 152562 155201
105117 4
154721 154730 154715 154760
105118 4
154730 154721 154715 154760
105119 3
152199 152562 151575
105123 3
152199 151575 155201
105124 4
152791 152834 152736 153064
105126 3
152199 152562 151575
105127 3
154715 154721 154730
105128 3
152199 152562 153275
105129 3
152199 152562 153275
105130 3
155201 151575 155244
105136 1
151922
105137 1
151922
105155 1
152128
105172 1
156972
105180 1
151215
105181 1
151391
105190 29
156858 152652 156926 152824 152897 156953 156855 156483 151990 151292 151252 151370 154984 152976 153210 151493 153362 151917 155409 152022 152103 152251 156484 154217 154475 154799 153800 153790 152834
105191 28
152652 156858 156926 153407 152834 152791 153800 153984 153824 153806 153064 152736 153790 151292 153210 151252 152976 152897 151990 151370 152824 152251 151917 152103 154217 153362 152022 151493
105192 18
156858 152652 156926 152834 152791 152736 153984 153790 153806 153824 153064 153407 153800 152022 153210 152976 151990 151370
105194 18
156858 152652 156926 152834 152791 152736 153984 153790 153806 153824 153064 153407 153800 152022 153210 152976 151990 151370
105195 16
156858 152652 156926 152103 155409 151252 154475 153210 154799 152251 152976 152897 152022 153362 151493 152824
105196 16
156926 152652 156858 153824 153984 152736 153790 153407 153064 153800 153806 152834 152791 152103 154475 151252
105197 16
156926 152652 156858 153824 153984 152736 153790 153407 153064 153800 153806 152834 152791 152103 154475 151252
105198 16
156858 152652 156926 152103 155409 151252 154475 153210 154799 152251 152976 152897 152022 153362 151493 152824
105230 25
151252 155409 153210 154475 152103 154799 152251 152897 152022 152824 151493 152976 153362 154217 151990 156855 156484 151370 156483 154984 151292 151917 156953 152732 152669
105256 16
156663 150999 151082 153274 155250 154721 154764 154760 154730 154715 155244 155201 151575 152562 153275 155318
105258 16
156663 150999 151082 153274 155250 154721 154764 154760 154730 154715 155244 155201 151575 152562 153275 155318
105259 15
151082 150999 156663 153274 154721 154764 154760 154730 155250 154715 155244 155201 155367 155318 151575
105303 3
153079 154290 155436
105355 1
153079
105356 1
153079
105370 1
155275
105371 1
150980
105373 2
150980 151066
105374 2
150980 151066
105376 2
157128 151082
105377 2
157128 151082
105379 2
157128 151082
105381 2
157128 151082
105385 2
157128 151082
105387 2
157128 151082
105389 2
157128 151082
105390 4
151370 151252 151292 151493
105391 1
152736
105399 1
154715
105401 2
150980 151066
105404 2
154715 154721
105459 1
151391
105460 1
156972
105470 3
154290 153079 155436
105471 3
154290 153079 155436
105503 1
152736
105504 1
156972
105505 1
150999
105507 1
150999
105508 4
153275 151575 152562 155201
105510 4
155201 155244 151575 155318
105512 1
154715
105513 1
154715
105514 1
154715
105517 1
154715
105520 1
154715
105558 2
155824 156284
105606 1
154715
105609 1
154715
105612 1
154715
105622 2
151641 154715
105624 2
151641 154715
105662 1
154715
105693 4
153274 150999 151082 156663
105695 4
153274 150999 151082 156663
105696 2
154715 154721
105727 1
152456
105728 1
152456
105752 1
151641
105753 1
152456
105754 2
152456 151641
105756 1
152456
105758 1
152456
105760 1
152456
105779 1
155146
105780 1
155146
105826 1
152456
105829 3
152456 155554 155698
105831 3
156288 155332 151920
105832 3
156288 155332 151920
105836 3
154290 153079 155436
105837 3
157091 156972 151641
105838 3
151641 151215 151066
105841 3
157091 156972 151641
105842 3
156972 157091 153672
105843 3
151641 157128 151215
105853 1
151641
105856 1
151641
105860 1
151641
105862 1
151641
105864 1
151641
105865 1
151641
105871 1
157128
105873 3
157128 154290 153079
