109710 14
151228 151524 151927 152708 152733 154170 154171 155343 156743 156284 156301 156302 155824 156932
109712 14
151228 151524 151927 152708 152733 154170 154171 155343 156743 156284 156301 156302 155824 156932
109714 13
151228 151524 151927 152708 152733 154170 154171 155343 156743 156284 156301 156302 155824
109715 13
151228 151524 151927 152708 152733 154170 154171 155343 156743 156284 156301 156302 155824
109716 14
151228 151524 151927 152708 152733 154170 154171 155343 156743 156284 156301 156302 155824 156932
109717 13
151228 151524 151927 152708 152733 154170 154171 155343 156743 156284 156301 156302 155824
109718 13
151228 151524 151927 152708 152733 154170 154171 155343 156743 156284 156301 156302 155824
109719 14
151228 151524 151927 152708 152733 154170 154171 155343 156743 156284 156301 156302 155824 156932
109720 21
152032 152864 157004 157176 151524 154170 154171 151927 151228 155343 156743 152733 152708 156772 152108 151609 156932 156284 156301 156302 155824
109721 17
151228 151524 151927 152708 152733 154170 154171 155343 156743 151609 152108 156772 156932 156302 155824 156284 156301
109723 17
151228 151524 151927 152708 152733 154170 154171 155343 156743 151609 152108 156772 156932 156302 155824 156284 156301
109724 17
151228 151524 151927 152708 152733 154170 154171 155343 156743 151609 152108 156772 156932 156302 155824 156284 156301
109726 17
151228 151524 151927 154170 154171 152708 152733 155343 156743 151609 152108 156772 156932 156302 155824 156284 156301
109727 17
151228 151524 151927 154170 154171 152708 152733 155343 156743 151609 152108 156772 156932 156302 155824 156284 156301
109730 17
151228 151524 151927 154170 154171 152708 152733 155343 156743 151609 152108 156772 156932 156302 155824 156284 156301
109731 17
151228 151524 151927 154170 154171 152708 152733 155343 156743 151609 152108 156772 156932 156302 155824 156284 156301
109809 12
151228 151524 151927 152708 152733 154170 154171 155343 156743 155664 155653 156792
109812 18
151026 151171 154105 154495 155108 155192 152733 151228 154170 154171 151524 151927 152708 155343 156743 156792 155653 155664
109815 12
151228 151524 151927 152708 152733 154170 154171 155343 156743 155664 155653 156792
109817 12
151228 151524 151927 152708 152733 154170 154171 155343 156743 155664 155653 156792
109838 12
155653 155664 156792 156511 156932 156302 155824 156284 156301 156772 152108 151609
109867 7
155653 155664 156792 156284 156301 156302 155824
109868 7
155653 155664 156792 156284 156301 156302 155824
109889 7
155653 155664 156792 156284 156301 156302 155824
109897 6
155824 156284 156301 156302 155146 155147
109900 6
155824 156284 156301 156302 155146 155147
109901 6
155824 156284 156301 156302 155146 155147
109902 7
155824 156284 156301 156302 155653 155664 156792
109906 6
155824 156284 156301 156302 155146 155147
109927 16
151292 151370 151493 151917 151990 152022 152103 152251 152824 152897 152976 153210 153362 154217 154475 151252
109928 15
151292 151370 151493 151917 151990 152022 152103 152251 152824 152897 152976 153210 153362 154217 151252
109931 15
151292 151370 151493 151917 151990 152022 152103 152251 152824 152897 152976 153210 153362 154217 151252
109932 15
151292 151370 151493 151917 151990 152022 152103 152251 152824 152897 152976 153210 153362 154217 151252
109934 19
151292 151370 151493 151917 151990 152022 152103 152251 152824 152897 152976 153210 153362 154217 154475 154799 154984 155409 151252
109935 15
151292 151370 151493 151917 151990 152022 152103 152251 152824 152897 152976 153210 153362 154217 151252
110015 2
151575 152562
110017 2
151575 152562
110018 1
156568
110024 1
156568
110029 1
156568
110032 1
156568
110055 2
152562 153275
110056 1
152014
110057 1
152014
110058 1
152014
110061 1
151575
110063 2
152736 152791
110070 2
152736 152791
110072 2
152736 152791
110074 1
151575
110076 1
151575
110077 1
151575
110078 1
156568
110079 1
152014
110080 1
152014
110082 1
156568
110087 2
152791 152736
110088 2
152791 152736
110089 2
152736 152791
110091 2
152791 152736
110094 2
152736 152791
110095 2
152736 152791
110096 2
152736 152791
110098 2
152736 152791
110099 2
152791 152736
110100 1
152736
110101 1
152736
110104 1
152736
110107 1
151575
110108 1
151575
110109 1
152014
110112 1
152736
110113 1
152014
110114 1
152014
110115 1
152736
110119 37
151252 151292 151370 151493 151917 151990 152022 152103 152251 152824 152897 152976 153210 153362 154217 154475 154799 154984 155409 156483 156484 156855 156953 153249 152014 154737 156053 152834 152791 152736 153407 153790 153800 153806 153824 153984 153064
110125 37
151252 151292 151370 151493 151917 151990 152022 152103 152251 152824 152897 152976 153210 153362 154217 154475 154799 154984 155409 156483 156484 156855 156953 153249 152014 154737 156053 152834 152791 152736 153407 153790 153800 153806 153824 153984 153064
110144 3
153079 154290 155436
110145 2
153079 154290
110147 1
153079
110150 1
153079
110151 12
156972 157091 152834 153064 153407 153790 153800 153806 153824 153984 152736 152791
110157 1
156972
110160 1
156972
110161 1
156972
110165 1
156972
110166 1
156972
110167 1
156972
110245 1
153079
110246 4
156568 151066 155275 150980
110250 7
156568 155318 155201 151575 152562 153275 155244
110251 7
153249 154737 156053 152014 153275 155201 152562
110252 7
156568 153275 155201 155244 155318 155367 152562
110253 9
152014 153249 156053 154737 155318 151575 155244 155201 155367
110254 9
152014 153249 154737 156053 151575 155244 155367 155318 155201
110256 9
152014 153249 154737 156053 151575 155244 155367 155318 155201
110257 9
152014 153249 154737 156053 153275 152562 155244 155201 151575
110259 6
156053 154737 153249 152014 153275 152562
110260 7
153249 154737 156053 152014 153275 155201 152562
110261 7
153249 154737 156053 152014 153275 155201 152562
110263 7
156568 153249 156053 152014 154737 153275 155201
110264 6
156568 154737 153249 152014 156053 153275
110265 6
156568 154737 153249 152014 156053 153275
110266 6
156053 154737 153249 152014 153275 152562
110268 6
156053 154737 153249 152014 153275 152562
110269 5
154730 154760 154715 154721 154764
110270 1
156568
110271 1
156568
110272 1
156568
110273 1
156568
110274 1
156568
110275 1
156568
110277 4
156568 150999 151082 153274
110278 4
153274 150999 151082 156663
110280 4
153249 154737 152014 156053
110283 4
156972 157091 156568 150999
110284 4
156568 154737 156053 153249
110286 4
151082 153274 150999 156663
110287 5
156568 153275 155201 155244 152562
110288 5
156568 153275 155201 155244 152562
110289 4
151082 153274 150999 156663
110290 4
151082 153274 150999 156663
110292 1
156568
110293 1
156568
110294 4
151082 153274 150999 156663
110295 4
156568 153275 155201 152562
110296 4
151082 153274 150999 156663
110298 4
151082 153274 150999 156663
110299 4
155275 151066 150980 154715
110303 4
155275 151066 150980 154715
110304 4
155275 151066 150980 154715
110305 4
155275 151066 150980 151082
110310 4
155275 151066 150980 151082
110312 4
155275 151066 150980 151082
110316 4
155275 150980 151066 156568
110317 4
151066 155275 150980 156568
110318 4
153274 150999 151082 156663
110319 4
153274 150999 151082 156663
110320 4
153274 150999 151082 156663
110323 4
153274 150999 151082 156663
110328 4
153275 157243 152562 155201
110329 3
151575 152562 153275
110332 3
155201 151575 155244
110333 3
151575 152562 153275
110337 4
155201 155244 151575 155318
110339 4
155201 155244 151575 155318
110340 36
152014 153249 154737 156053 151252 154475 152103 154799 155409 153210 152824 152897 152976 151493 151917 153362 154217 151990 151292 152022 154984 151370 152251 156483 156484 156855 156953 151927 155343 154170 154171 151524 151228 156743 152708 152733
110342 39
152014 153249 154737 156053 152733 155343 152708 156743 154171 151524 151927 151228 154170 152824 152897 152976 151370 153362 151990 151493 154217 152022 154984 152251 151292 156483 156484 151917 156855 156953 154475 153210 154799 151252 152103 155409 156792 155664 155653
110346 39
152014 153249 154737 156053 152733 155343 152708 156743 154171 151524 151927 151228 154170 152824 152897 152976 151370 153362 151990 151493 154217 152022 154984 152251 151292 156483 156484 151917 156855 156953 154475 153210 154799 151252 152103 155409 156792 155664 155653
110347 39
152014 153249 154737 156053 152733 155343 152708 156743 154171 151524 151927 151228 154170 152824 152897 152976 151370 153362 151990 151493 154217 152022 154984 152251 151292 156483 156484 151917 156855 156953 154475 153210 154799 151252 152103 155409 156792 155664 155653
110348 39
152014 153249 154737 156053 152733 155343 152708 156743 154171 151524 151927 151228 154170 152824 152897 152976 151370 153362 151990 151493 154217 152022 154984 152251 151292 156483 156484 151917 156855 156953 154475 153210 154799 151252 152103 155409 156792 155664 155653
110349 39
152014 153249 154737 156053 152733 155343 152708 156743 154171 151524 151927 151228 154170 152824 152897 152976 151370 153362 151990 151493 154217 152022 154984 152251 151292 156483 156484 151917 156855 156953 154475 153210 154799 151252 152103 155409 156792 155664 155653
110351 39
152014 153249 154737 156053 152708 152733 151524 154170 154171 151927 155343 151228 156743 151493 151252 152824 152897 152976 153210 151917 153362 151292 151990 154217 154475 151370 154799 154984 152022 155409 152103 156483 156484 152251 156855 156953 156792 155653 155664
110352 39
152014 153249 154737 156053 152708 152733 151524 154170 154171 151927 155343 151228 156743 151493 151252 152824 152897 152976 153210 151917 153362 151292 151990 154217 154475 151370 154799 154984 152022 155409 152103 156483 156484 152251 156855 156953 156792 155653 155664
110353 39
152014 153249 154737 156053 152733 155343 152708 156743 154171 151524 151927 151228 154170 151493 151252 152824 152897 152976 153210 151917 153362 151292 151990 154217 154475 151370 154799 154984 152022 155409 152103 156483 156484 152251 156855 156953 156792 155653 155664
110356 39
151228 151524 151927 152708 152733 154170 154171 155343 156743 154737 152014 156053 153249 151493 151252 152824 152897 152976 153210 151917 153362 151292 151990 154217 154475 151370 154799 154984 152022 155409 152103 156483 156484 152251 156855 156953 156792 155653 155664
110357 30
152014 153249 154737 156053 151917 151990 151252 152022 152103 152251 152824 152897 152976 153210 151292 153362 154217 154475 151370 154799 154984 155409 151493 156483 156484 156855 156953 156792 155664 155653
110358 30
152014 153249 154737 156053 151917 151990 151252 152022 152103 152251 152824 152897 152976 153210 151292 153362 154217 154475 151370 154799 154984 155409 151493 156483 156484 156855 156953 156792 155664 155653
110359 39
152014 153249 154737 156053 152708 152733 151524 154170 154171 151927 155343 151228 156743 152824 152897 152976 151370 153362 151990 151493 154217 152022 154984 152251 151292 156483 156484 151917 156855 156953 154475 153210 154799 151252 152103 155409 156792 155653 155664
110361 30
152014 153249 154737 156053 151917 151990 151252 152022 152103 152251 152824 152897 152976 153210 151292 153362 154217 154475 151370 154799 154984 155409 151493 156483 156484 156855 156953 156792 155664 155653
110362 27
152014 153249 154737 156053 151917 151990 151252 152022 152103 152251 152824 152897 152976 153210 151292 153362 154217 154475 151370 154799 154984 155409 151493 156483 156484 156855 156953
110364 27
152014 153249 154737 156053 151990 151292 152022 152251 152824 152897 152976 151370 153362 154217 151493 154984 151917 156483 156484 156855 156953 155409 153210 154475 151252 154799 152103
110365 27
152014 153249 154737 156053 151990 151292 152022 152251 152824 152897 152976 151370 153362 154217 151493 154984 151917 156483 156484 156855 156953 155409 153210 154475 151252 154799 152103
110366 27
152014 153249 154737 156053 151990 151292 152022 152251 152824 152897 152976 151370 153362 154217 151493 154984 151917 156483 156484 156855 156953 155409 153210 154475 151252 154799 152103
110368 36
152014 153249 154737 156053 152708 152733 151524 154170 154171 151927 155343 151228 156743 151493 151252 152824 152897 152976 153210 151917 153362 151292 151990 154217 154475 151370 154799 154984 152022 155409 152103 156483 156484 152251 156855 156953
110369 27
152014 153249 154737 156053 151917 151990 151252 152022 152103 152251 152824 152897 152976 153210 151292 153362 154217 154475 151370 154799 154984 155409 151493 156483 156484 156855 156953
110370 36
152014 153249 154737 156053 152708 152733 151524 154170 154171 151927 155343 151228 156743 152824 152897 152976 151370 153362 151990 151493 154217 152022 154984 152251 151292 156483 156484 151917 156855 156953 154475 153210 154799 151252 152103 155409
110372 36
152014 153249 154737 156053 152733 155343 152708 156743 154171 151524 151927 151228 154170 152824 152897 152976 151370 153362 151990 151493 154217 152022 154984 152251 151292 156483 156484 151917 156855 156953 154475 153210 154799 151252 152103 155409
110374 36
152014 153249 154737 156053 152708 152733 151524 154170 154171 151927 155343 151228 156743 151493 151252 152824 152897 152976 153210 151917 153362 151292 151990 154217 154475 151370 154799 154984 152022 155409 152103 156483 156484 152251 156855 156953
110375 36
152014 153249 154737 156053 152708 152733 151524 154170 154171 151927 155343 151228 156743 151493 151252 152824 152897 152976 153210 151917 153362 151292 151990 154217 154475 151370 154799 154984 152022 155409 152103 156483 156484 152251 156855 156953
110377 36
151228 151524 151927 152708 152733 154170 154171 155343 156743 154737 152014 156053 153249 151493 151252 152824 152897 152976 153210 151917 153362 151292 151990 154217 154475 151370 154799 154984 152022 155409 152103 156483 156484 152251 156855 156953
110380 36
151228 151524 151927 152708 152733 154170 154171 155343 156743 154737 152014 156053 153249 152824 152897 152976 151370 153362 151990 151493 154217 152022 154984 152251 151292 156483 156484 151917 156855 156953 154475 153210 154799 151252 152103 155409
110381 36
152014 153249 154737 156053 152708 152733 151524 154170 154171 151927 155343 151228 156743 151493 151252 152824 152897 152976 153210 151917 153362 151292 151990 154217 154475 151370 154799 154984 152022 155409 152103 156483 156484 152251 156855 156953
110382 37
154720 151524 151927 152708 152733 154170 154171 151228 155343 156743 152103 152251 151370 151493 152824 152897 152976 153210 153362 151252 151917 154217 154475 151292 154799 154984 151990 155409 156483 156484 152022 156855 156953 154737 152014 156053 153249
110384 3
155653 155664 156792
110386 27
151252 151292 151370 151493 151917 151990 152022 152103 152251 152824 152897 152976 153210 153362 154217 154475 154799 154984 155409 156483 156484 156855 156953 153249 152014 154737 156053
110387 27
151252 151292 151370 151493 151917 151990 152022 152103 152251 152824 152897 152976 153210 153362 154217 154475 154799 154984 155409 156483 156484 156855 156953 153249 152014 154737 156053
110388 27
151252 151292 151370 151493 151917 151990 152022 152103 152251 152824 152897 152976 153210 153362 154217 154475 154799 154984 155409 156483 156484 156855 156953 153249 152014 154737 156053
110389 23
151292 151370 151493 151917 151990 152022 152251 152824 152897 152976 153362 154217 154984 156483 156484 156855 156953 153210 155409 151252 152103 154475 154799
110390 4
153249 154737 156053 152014
110391 4
153249 154737 156053 152014
110392 5
153275 155201 151575 152562 155244
110393 3
153249 152014 154737
110394 3
151575 152562 153275
110395 3
153249 152014 154737
110396 2
151575 152562
110397 2
151575 152562
110398 2
151575 155201
110400 3
156972 157091 156568
110402 3
156972 157091 156568
110403 3
156972 157091 156568
110404 1
156568
110405 1
156568
110407 3
151066 155275 150980
110408 1
156568
110410 2
156568 152562
110412 10
153806 153824 152791 152834 153064 152736 153407 153790 153800 153984
110413 10
153806 153824 152791 152834 153064 152736 153407 153790 153800 153984
110415 10
153806 153824 152791 152834 153064 152736 153407 153790 153800 153984
110416 10
153806 153824 152791 152834 153064 152736 153407 153790 153800 153984
110417 10
153806 153824 152791 152834 153064 152736 153407 153790 153800 153984
110420 6
153407 152736 152791 152834 153064 153790
110421 6
153407 152736 152791 152834 153064 153790
110423 6
153407 152736 152791 152834 153064 153790
110425 6
153407 152736 152791 152834 153064 153790
110426 5
153064 152736 152791 152834 153407
110428 5
153064 152736 152791 152834 153407
110429 5
153064 152736 152791 152834 153407
110430 5
153064 152736 152791 152834 153407
110433 5
153064 152736 152791 152834 153407
110434 5
153064 152736 152791 152834 153407
110436 5
155147 155146 152736 152834 152791
110437 5
153064 152736 152791 152834 153407
110438 5
153064 152736 152791 152834 153407
110439 5
152791 152834 153064 153407 152736
110440 5
156568 152736 152791 152834 153064
110441 5
156568 152834 153064 153407 152791
110442 5
153064 152736 152791 152834 153407
110443 5
156568 152736 152791 152834 153064
110444 4
155147 155146 156568 156284
110445 3
155146 155147 156568
110446 3
155146 155147 156568
110447 3
155146 155147 156568
110448 3
155146 155147 156568
110449 3
152736 152791 152834
110452 7
156037 155891 155698 155939 155554 155759 155332
110453 7
156037 155891 155698 155939 155554 155759 155332
110454 8
156404 151465 155140 156316 151391 152128 153605 153497
110456 7
155891 156037 155698 155759 155554 155939 151465
110457 8
156069 156197 153605 153497 152979 155459 152128 155554
110458 7
155891 156037 155698 155554 155759 155939 151465
110461 7
155891 156037 155698 155554 155759 155939 151465
110462 12
153632 153113 153636 151641 155244 155201 155911 151575 155318 155367 155381 155927
110464 12
153113 153632 153636 151641 152562 153275 157243 155318 151575 155244 155201 155367
110465 7
156037 155939 155698 155554 155759 155891 152456
110467 7
155459 156069 152979 153497 153605 152128 156197
110469 6
153605 155459 152979 153497 152128 156069
110470 10
156568 152199 151641 157128 155367 155318 153275 155244 155381 155201
110471 9
151641 156568 156972 157091 155201 151575 155367 155381 155244
110472 9
151641 156568 156972 157091 155201 152562 155367 153275 155244
110474 9
151641 156568 156972 157091 155201 152562 155367 153275 155244
110475 9
156568 157091 156972 154059 153672 153275 152562 157243 155244
110477 9
156568 157091 156972 154059 153672 155367 155318 153275 155244
110479 8
153672 154059 156972 157091 157128 156568 151641 152199
110480 6
156972 157091 157128 151641 156568 152199
110481 7
152199 156801 151641 152162 151914 151874 157128
110482 7
156801 152199 151641 152162 151914 151874 157128
110483 9
153672 154059 155436 154290 153079 156568 151082 153274 150999
110484 9
153672 154059 155436 154290 153079 156568 151082 153274 150999
110486 9
153672 154059 155436 154290 153079 156568 151082 153274 150999
110487 7
153672 154059 156568 153079 155436 154290 153274
110489 6
152162 151914 151874 153672 154059 156568
110490 6
152162 151914 151874 153672 154059 156568
110492 6
152162 151914 151874 153672 154059 156568
110493 7
151641 151914 152162 151874 156568 154059 153672
110494 6
156568 153672 154059 151575 155244 155201
110495 7
151066 150980 155275 156801 152199 151914 152162
110498 7
157128 156801 151874 151914 152162 150980 151066
110499 6
156568 154764 154715 154730 154721 154760
110503 6
156969 156568 154764 154730 154721 154715
110506 6
156969 156568 154764 154730 154721 154715
110507 5
153605 153497 152979 152128 155459
110508 6
152199 155436 153079 154290 150980 151066
110509 6
152199 155436 153079 154290 150980 151066
110511 5
155140 156316 151465 151391 156404
110512 6
152199 155275 150980 156801 151066 151641
110516 5
152199 155275 151066 150980 156801
110517 6
156969 156801 152199 157128 151641 156568
110519 6
156969 156801 152199 157128 151641 156568
110521 6
156969 156801 152199 157128 151641 156568
110522 5
150980 155275 151066 152199 156969
110523 9
151641 152199 154059 153672 157128 153275 155244 155201 152562
110524 3
152199 151641 156568
110525 5
153672 154059 152199 151641 156568
110526 9
157128 156568 152199 151917 151990 151370 151252 152022 151292
110527 9
157128 156568 152199 151917 151990 151370 151252 152022 151292
110528 9
157128 156568 152199 151917 151990 151370 151252 152022 151292
110531 9
157128 156568 152199 151917 151990 151370 151252 152022 151292
110532 3
154290 153079 155436
110533 3
152199 151641 156568
110541 3
152199 151641 156568
110543 3
152199 151641 156568
110544 3
154290 153079 155436
110545 3
153632 153113 153636
110546 4
156969 153632 153113 153636
110547 4
156969 153632 153113 153636
110549 4
156969 153632 153113 153636
110550 3
151215 153079 154290
110551 3
151215 153079 154290
110552 3
151215 153079 154290
110553 3
154290 153079 155436
110554 3
153079 154290 155436
110556 3
154290 153079 155436
110558 4
156969 152199 151641 156568
110564 3
154290 153079 155436
110565 3
154290 153079 155436
110566 4
151215 156969 153079 154290
110568 4
155436 154290 153079 151641
110570 4
156969 151641 157128 156568
110572 4
156969 151641 156568 157128
110574 4
156969 156568 157128 152199
110576 3
151641 152199 156568
110578 3
151641 152199 156568
110582 3
153079 154290 155436
110583 3
153079 154290 155436
110584 3
153079 154290 155436
110588 3
154290 153079 155436
110589 3
154290 153079 155436
110590 3
153632 153113 153636
110591 3
151641 156568 152199
110593 2
151641 152199
110596 2
153113 153632
110598 2
153079 154290
110599 2
153079 154290
110603 10
155318 155911 155201 155244 155367 155381 151575 152562 153275 155927
110605 1
151874
110606 1
151874
