110622 2
151391 151465
110623 2
151215 152199
110625 2
151215 152199
110626 2
151215 152199
110630 2
151215 152199
110634 2
152128 152979
110665 6
150980 151066 155275 156932 155244 151575
110667 6
155275 151066 150980 156932 155244 151575
110669 6
155275 151066 150980 156932 155244 151575
110670 2
156972 157091
110688 1
157128
110698 3
151066 150980 155275
110701 3
151066 150980 155275
110752 1
153079
110753 1
153079
110762 1
151391
110763 1
151391
110765 1
151391
110766 1
150980
110776 1
151391
110779 1
156972
110781 1
156972
110784 7
155824 156284 156301 156302 151609 152108 156772
110786 4
155824 156284 156301 156302
110790 6
151609 152108 156772 156792 155653 155664
110791 6
151609 152108 156772 156792 155653 155664
110792 6
151609 152108 156772 156792 155653 155664
110797 3
156792 155664 155653
110798 3
155653 155664 156792
110800 3
156792 155664 155653
110801 4
156792 155664 155653 152738
110802 31
156792 155664 155653 152738 151917 151990 152022 152103 152251 151252 152824 152897 152976 153210 153362 154217 154475 154799 154984 155409 151292 151370 156483 156484 151493 156855 156953 153249 152014 156053 154737
110803 31
156792 155664 155653 152738 151917 151990 152022 152103 152251 151252 152824 152897 152976 153210 153362 154217 154475 154799 154984 155409 151292 151370 156483 156484 151493 156855 156953 153249 152014 156053 154737
110806 31
156792 155664 155653 152738 151917 151990 152022 152103 152251 151252 152824 152897 152976 153210 153362 154217 154475 154799 154984 155409 151292 151370 156483 156484 151493 156855 156953 153249 152014 156053 154737
110836 1
152736
110889 1
151575
110890 1
151575
110899 1
152736
110900 1
152736
110918 1
151215
110919 1
154715
110929 23
151252 151292 151370 151493 151917 151990 152022 152103 152251 152824 152897 152976 153210 153362 154217 154475 154799 154984 155409 156483 156484 156855 156953
110930 23
151252 151292 151370 151493 151917 151990 152022 152103 152251 152824 152897 152976 153210 153362 154217 154475 154799 154984 155409 156483 156484 156855 156953
110931 25
156972 157091 151370 151493 151917 151990 152022 152103 152251 152824 152897 152976 153210 153362 154217 154475 154799 154984 155409 156483 156484 156855 156953 151252 151292
110933 1
156972
110934 4
156972 157091 151215 154059
110938 2
152562 153275
110942 3
156972 157091 151641
110944 2
156972 157091
110946 2
156972 157091
110948 2
156972 157091
110949 2
156972 157091
110951 2
156972 157091
110955 1
150999
110956 1
150999
110968 1
153672
110970 1
151920
110971 1
151920
110972 1
151920
110975 1
151920
110983 3
156932 152791 152736
110990 1
156568
111007 4
153274 150999 151082 156663
111008 4
153274 150999 151082 156663
111009 4
154721 154730 154715 154760
111011 2
151575 152562
111017 1
152562
111018 1
151575
111020 1
151575
111022 1
151575
111024 1
152562
111025 1
151575
111028 1
151575
111030 1
151575
111031 1
151575
111047 1
151575
111050 2
151082 150999
111052 2
151082 150999
111053 2
151641 156972
111054 2
151641 156972
111056 2
151641 156972
111057 2
156568 156972
111061 2
151575 152562
111062 2
151575 152562
111063 2
151575 152562
111076 2
151575 152562
111077 1
151575
111078 1
151575
111079 1
152199
111080 1
151575
111083 1
151575
111084 1
151575
111092 1
150980
111099 1
152128
111105 4
154721 154730 154715 154760
111108 2
151215 156972
111111 2
151215 156972
111112 2
151215 152562
111113 2
152199 151215
111114 1
152014
111115 2
152199 152562
111133 2
152562 153275
111134 2
152562 153275
111135 2
152199 151641
111137 2
152199 151641
111144 2
152199 151641
111146 2
152199 151641
111147 2
152199 151641
111148 3
152199 151641 152014
111150 2
152199 151641
111153 2
151575 152562
111155 2
151575 152562
111156 2
151575 152562
111157 2
151575 152562
111158 1
153672
111159 2
151641 153672
111160 2
154715 154721
111161 2
154715 154721
111169 2
152562 153275
111170 1
151575
111171 1
151575
111174 1
151575
111177 1
151575
111178 2
151292 151252
111180 1
157128
111181 1
157128
111183 1
151215
111188 1
151215
111191 1
151215
111192 1
151215
111194 1
150980
111196 1
150980
111198 1
150980
111200 1
150980
111202 1
150980
111204 1
150980
111205 1
150980
111206 1
150980
111207 1
150980
111208 1
157128
111210 1
157128
111214 1
156972
111215 1
151920
111216 1
151920
111217 1
151920
111218 1
156972
111220 1
150980
111221 1
151215
111222 1
151215
111225 1
157128
111226 1
157128
111227 1
157128
111228 2
151066 150980
111229 1
152199
111230 1
151215
111233 1
150980
111234 1
150980
111235 3
152562 151575 153275
111237 3
152562 151575 153275
111240 3
152562 151575 153275
111241 4
152791 152834 152736 153064
111242 4
152791 152834 152736 153064
111244 3
156972 157091 150999
111253 3
156972 157091 150999
111257 3
151082 150999 153274
111258 3
151082 150999 153274
111259 1
150999
111290 3
151082 150999 153274
111292 3
151082 150999 153274
111294 2
151082 150999
111295 2
151082 150999
111296 2
151082 150999
111297 2
151082 150999
111316 3
152199 154715 154721
111334 3
152199 154721 154715
111335 3
152199 154721 154715
111337 3
152562 151575 153275
111351 2
151641 152014
111354 1
153079
111375 1
150980
111376 1
153079
111385 2
151082 150999
111389 2
151082 150999
111407 1
156972
111410 2
153672 154059
111413 1
151641
111414 1
151641
111433 1
151215
111434 1
153079
111436 1
153079
111448 1
151641
111450 1
151641
111457 1
156972
111461 1
156972
111463 1
156972
111465 1
156972
111466 1
151920
111470 1
150980
111479 1
151181
111481 1
151181
111483 1
151181
111485 1
151181
111488 1
156801
111491 1
151181
