112620 3
151914 151874 152162
112621 3
151914 151874 152162
112624 2
151082 150999
112625 2
151082 150999
112627 2
151082 150999
112628 1
151575
112644 1
151641
112648 1
151641
112654 6
156053 153249 154737 152014 155201 151575
112655 6
156053 153249 154737 152014 155201 151575
112659 6
156053 153249 154737 152014 153275 151575
112660 6
156053 153249 154737 152014 153275 151575
112661 6
156053 153249 154737 152014 153275 151575
112662 6
156053 153249 154737 152014 153275 151575
112663 6
156053 153249 154737 152014 153275 151575
112664 6
156053 153249 154737 152014 153275 151575
112665 6
156053 153249 154737 152014 153275 151575
112668 6
156053 153249 154737 152014 153275 151575
112670 4
154737 152014 153249 156053
112671 4
154737 152014 153249 156053
112672 3
151465 151391 155140
112676 3
151465 151391 155140
112677 3
151465 151391 155140
112678 3
151465 151391 155140
112679 3
153208 156932 156284
112680 3
153208 156932 156284
112682 3
153208 156932 156284
112683 3
153208 156932 156284
112684 3
153208 156932 156284
112685 3
153208 156932 156284
112686 1
151391
112690 2
153208 152014
112692 1
153208
112753 2
152736 152791
112754 2
152736 152791
112800 1
155824
112801 1
155824
112805 1
153208
112806 1
153208
112827 2
155824 156284
112829 2
152562 153275
112830 2
155824 156284
112832 2
155824 156284
112833 2
155824 156284
112837 1
155824
112850 1
155824
112851 1
155824
112854 1
155824
112858 1
155824
112861 1
155824
112863 1
155824
112866 1
156972
112869 1
155824
112870 1
155824
112876 1
151391
112911 2
153208 156972
112913 2
152014 153249
112915 2
153208 156972
112918 1
151391
112981 1
152199
112982 1
152199
112983 1
150980
112984 1
152199
112985 1
152199
112988 1
151641
113012 1
151641
113013 1
153079
113014 1
153079
113015 1
153079
113017 1
153079
113018 1
153079
113019 1
153079
113020 1
153079
113021 1
153079
113022 1
153079
113024 1
153079
113039 2
156801 155275
113040 2
156801 155275
113041 1
151215
113042 1
151215
113044 1
151215
113046 1
151215
113049 1
151215
113051 1
152199
113054 1
152199
113056 7
151641 156404 155140 151391 151465 156316 152014
113058 7
151641 156404 155140 151391 151465 156316 152014
113060 7
151641 156404 155140 151391 151465 156316 152014
113063 7
151641 156404 155140 151391 151465 156316 152014
113064 7
151641 156404 155140 151391 151465 156316 156568
113065 21
152736 152791 152834 153064 153407 153790 153800 153806 153824 153984 156801 151082 153274 156663 150999 154730 154760 154764 155250 154715 154721
113067 21
152736 152791 152834 153064 153407 153790 153800 153806 153824 153984 156801 151082 153274 156663 150999 154730 154760 154764 155250 154715 154721
113068 21
152736 152791 152834 153064 153407 153790 153800 153806 153824 153984 156801 151082 153274 156663 150999 154730 154760 154764 155250 154715 154721
113069 25
151609 152108 156772 156972 157091 153064 153407 153790 153800 153806 153824 153984 152736 152791 152834 156663 150999 151082 153274 154764 155250 154715 154721 154730 154760
113070 3
153208 154721 154715
113088 3
151575 152562 153275
113089 3
151575 152562 153275
113090 3
151575 152562 153275
113103 1
151575
113104 1
151575
113105 1
151575
113106 1
151575
113107 1
151575
113115 2
152562 151575
113117 2
152562 151575
113118 2
152562 151575
113120 2
152562 151575
113124 1
152014
113144 1
151575
113145 1
150999
113146 1
150999
113147 1
150999
113148 1
150999
113151 1
150999
113155 9
155367 155381 155201 155318 155244 151575 153275 152562 155911
113156 1
151834
113157 1
155554
113159 1
155554
113161 1
151834
113162 1
151834
113163 1
156943
113165 3
153249 154737 152014
113167 3
153249 154737 152014
113195 2
155275 151066
113196 2
151066 150980
113198 4
151465 151391 155140 156316
113199 3
151215 151066 150980
113203 1
151922
113206 1
152128
113208 1
152128
113209 2
151641 151215
113210 2
151641 151066
113211 2
151641 151066
113212 2
151465 151391
113214 2
151465 151391
113216 2
156801 151465
113217 2
156801 151465
113218 2
151215 151066
113219 2
151215 151066
113221 2
155275 151066
113222 2
155275 151066
113224 2
156801 151215
113225 2
151215 151066
113226 2
151215 151391
113230 2
151215 151391
113232 2
151215 151391
113233 2
151215 151066
113235 2
151215 151066
113240 2
151066 150980
113242 2
156801 151215
113243 2
151215 151066
113244 2
151066 150980
113245 2
155275 151066
113247 1
155275
113248 44
155146 155147 156511 153064 153407 153790 153800 153806 153824 153984 152736 152791 152834 156284 156301 156302 155824 152014 153249 154737 156053 152022 152103 152251 151292 151370 154217 154475 152824 154799 154984 151493 152897 155409 152976 151917 153210 151990 153362 156483 156484 151252 156855 156953
113249 44
155146 155147 156511 153064 153407 153790 153800 153806 153824 153984 152736 152791 152834 156284 156301 156302 155824 152014 153249 154737 156053 152022 152103 152251 151292 151370 154217 154475 152824 154799 154984 151493 152897 155409 152976 151917 153210 151990 153362 156483 156484 151252 156855 156953
113250 44
155146 155147 156511 156284 156301 156302 155824 153806 153824 153984 152736 152791 152834 153064 153407 153790 153800 152014 153249 154737 156053 152022 152103 152251 151292 151370 154217 154475 152824 154799 154984 151493 152897 155409 152976 151917 153210 151990 153362 156483 156484 151252 156855 156953
113251 17
151609 152108 156772 156511 152834 153064 153407 153790 153800 153806 153824 153984 152736 152791 156792 155664 155653
113255 8
156568 152108 151609 156772 156511 155664 155653 156792
113257 17
151609 152108 156772 156511 155653 155664 156792 153790 153800 153806 153824 153984 152736 152791 152834 153064 153407
113267 6
152562 157243 153275 155201 154715 151575
113268 6
154730 154764 154715 154721 154760 155250
113269 2
156972 157091
113271 1
153208
113284 2
151575 155201
113296 1
152014
113372 1
151641
113373 1
151641
113374 1
156801
113388 1
153208
113396 34
156568 151292 151370 151493 151917 151990 152022 152103 152251 152824 152897 152976 153210 153362 154217 154475 154799 154984 155409 156483 156484 151252 156855 156953 152736 153064 152834 152791 153407 153790 153800 153806 153824 153984
113399 34
156568 151370 151493 151917 151990 152022 152251 152824 152897 152976 153362 154217 154984 156483 156484 151292 156855 156953 155409 151252 152103 154475 154799 153210 152736 153064 152834 152791 153407 153790 153800 153806 153824 153984
113401 34
156568 151292 151370 151493 151917 151990 152022 152103 152251 152824 152897 152976 153210 153362 154217 154475 154799 154984 155409 156483 156484 151252 156855 156953 152736 153064 152834 152791 153407 153790 153800 153806 153824 153984
113402 34
156568 151292 151370 151493 151917 151990 152022 152103 152251 152824 152897 152976 153210 153362 154217 154475 154799 154984 155409 156483 156484 151252 156855 156953 152736 153064 152834 152791 153407 153790 153800 153806 153824 153984
113427 8
156125 152108 151609 156772 154737 156053 152014 153249
113432 13
152785 153939 154153 155055 155056 155460 155695 155730 156125 152014 153249 156053 154737
113433 4
151621 153880 155216 156125
113434 4
151621 153880 155216 156125
113435 9
152372 152669 152732 155146 155147 156125 151609 152108 156772
113437 17
152372 152669 152732 151874 151914 152162 156125 152652 156858 156926 156772 151609 152108 152014 153249 154737 156053
113438 21
156125 152652 156858 156926 156772 151609 152108 152014 153249 154737 156053 153800 153806 153824 153984 152791 152834 153064 152736 153407 153790
113439 24
151874 151914 152162 156125 152652 156858 156926 156772 152108 151609 152014 153249 154737 156053 153800 153806 153824 153984 152791 152834 153064 152736 153407 153790
113441 11
156125 152652 156858 156926 156772 151609 152108 152014 153249 154737 156053
113458 10
155146 155147 154720 152108 151609 156772 153249 152014 156053 154737
113459 10
155146 155147 154720 152108 151609 156772 153249 152014 156053 154737
113461 11
156125 155147 155146 154720 151609 152108 156772 152014 156053 154737 153249
113470 8
156932 155911 151575 155244 155367 155318 155201 155381
113473 8
156932 155911 151575 155244 155367 155318 155201 155381
113479 8
152791 152834 153064 153407 153790 153800 153806 152736
113481 8
152791 152834 153064 153407 153790 153800 153806 152736
