118852 1
152456
118854 1
152456
118882 1
154715
118886 1
155146
118888 1
155146
118889 2
155147 155146
118890 1
155146
118891 1
155146
118894 1
155146
118925 1
152199
118960 1
151420
118993 6
152456 153275 151575 152562 155201 155244
118995 5
152456 151575 153275 152562 155201
118996 5
152456 151575 153275 152562 155201
118998 5
152456 155244 151575 155201 155318
119000 5
152456 151575 153275 152562 155201
119002 5
152456 151575 153275 152562 155201
119023 2
153079 154290
119026 2
151465 151391
119097 2
155146 155147
119098 1
156943
119124 1
151420
119149 2
151465 151391
119182 1
151420
119211 1
151420
119212 1
151420
119213 2
152456 154715
119216 2
152456 154715
119218 2
152456 154715
119219 2
152456 154715
119220 1
154715
119254 2
155554 155698
119279 5
156568 152791 152834 153064 152736
119280 41
151252 151292 151370 151493 151917 151990 152022 152103 152251 152824 152897 152976 153210 153362 154217 154475 154799 154984 155409 156483 156484 156855 156953 156858 156926 152652 153064 152834 152791 153407 153790 153800 153806 153824 153984 152736 154737 156053 153249 152014 156568
119282 41
151252 151292 151370 151493 151917 151990 152022 152103 152251 152824 152897 152976 153210 153362 154217 154475 154799 154984 155409 156483 156484 156855 156953 156858 156926 152652 153064 152834 152791 153407 153790 153800 153806 153824 153984 152736 154737 156053 153249 152014 156568
119285 41
151252 151292 151370 151493 151917 151990 152022 152103 152251 152824 152897 152976 153210 153362 154217 154475 154799 154984 155409 156483 156484 156855 156953 156858 156926 152652 154737 156053 153249 152014 152736 153407 153790 153800 153806 153824 153984 153064 152834 152791 156568
119286 2
151082 150999
119288 2
151082 150999
119290 2
151082 150999
119291 1
152736
119292 1
152736
119315 1
151391
119322 1
156568
119352 3
151465 151391 155140
119358 2
151641 153079
119359 2
151641 153079
119378 1
152562
119440 2
152199 153079
119451 2
153079 154290
119452 2
153079 154290
119453 1
157128
119454 20
152736 152791 152834 153064 153407 153790 153800 153806 153824 153984 154715 154721 154730 154760 154764 155250 150999 151082 153274 156663
119455 3
154715 154721 154730
119456 2
154721 154715
119459 2
154715 154721
119462 2
154721 154715
119463 10
150999 151082 153274 156663 154721 154730 154760 154764 155250 154715
119468 2
154715 154721
119470 2
154715 154721
119472 2
154715 154721
119473 3
155201 151575 155244
119475 4
150999 151082 153274 156663
119476 4
150999 151082 153274 156663
119478 4
150999 151082 153274 156663
119479 2
156568 154715
119542 1
153113
119546 1
153113
119566 2
155554 155698
119587 1
155146
119588 1
155146
119589 1
155146
119590 1
155146
119596 3
156801 151438 153145
119597 3
156801 151438 153145
119598 3
156801 151438 153145
119600 1
156801
119601 1
156801
119669 1
152097
119670 1
152097
119671 1
152097
119672 2
151874 151914
