124076 41
156511 156568 151927 152708 152733 154170 154171 155343 151228 151524 156743 153880 155216 151621 156053 154737 153249 152014 152976 153210 151917 153362 151370 151990 151493 154217 154475 152022 154799 154984 152103 152251 155409 151252 156483 156484 151292 152824 152897 156855 156953
124077 41
156511 151524 151927 152708 152733 154170 154171 155343 151228 156743 156568 153880 155216 151621 156053 154737 153249 152014 152976 153210 151917 153362 151370 151990 151493 154217 154475 152022 154799 154984 152103 152251 155409 151252 156483 156484 151292 152824 152897 156855 156953
124082 41
156511 151524 151927 152708 152733 154170 154171 155343 151228 156743 156568 153880 155216 151621 156053 154737 153249 152014 152976 153210 151917 153362 151370 151990 151493 154217 154475 152022 154799 154984 152103 152251 155409 151252 156483 156484 151292 152824 152897 156855 156953
124084 41
151228 151524 151927 152708 152733 154170 154171 155343 156743 156568 156511 153880 155216 151621 156053 154737 153249 152014 152976 153210 151917 153362 151370 151990 151493 154217 154475 152022 154799 154984 152103 152251 155409 151252 156483 156484 151292 152824 152897 156855 156953
124087 41
151228 151524 151927 152708 152733 154170 154171 155343 156743 156568 156511 153880 155216 151621 156053 154737 153249 152014 151252 155409 154475 152103 154799 153210 152251 154217 151917 151493 152824 154984 152897 152976 151990 151292 156483 156484 153362 152022 151370 156855 156953
124114 1
152562
124121 3
152372 152669 152732
124124 3
152372 152669 152732
124128 3
152372 152669 152732
124131 3
152372 152669 152732
124132 3
152372 152669 152732
124133 3
152372 152669 152732
124136 3
152372 152669 152732
124139 3
152372 152669 152732
124141 3
152372 152669 152732
124143 3
152372 152669 152732
124144 3
152372 152669 152732
124145 3
152372 152669 152732
124146 3
152014 153249 154737
124147 2
152014 153249
124148 1
152562
124155 3
151082 150999 153274
124159 1
150999
124160 1
150999
124162 1
150999
124176 2
152652 156858
124180 2
153208 157128
124184 1
153208
124191 2
154715 154721
124212 1
152736
124213 1
152736
124214 1
152736
124217 1
152736
124218 1
152736
124222 2
154715 154721
124223 2
154715 154721
124224 2
154715 154721
124225 2
154715 154721
124226 1
154715
124230 1
154715
124233 1
154715
124234 3
152736 152791 152834
124235 3
152736 152791 152834
124239 3
152736 152791 152834
124240 3
151292 151370 151252
124248 20
151609 152108 156772 155147 155146 152372 152669 152732 156972 157091 153790 153800 153806 153824 153984 152736 152791 152834 153064 153407
124249 20
151609 152108 156772 155147 155146 156972 157091 152732 152372 152669 153790 153800 153806 153824 153984 152736 152791 152834 153064 153407
124251 20
151609 152108 156772 155147 155146 152372 152669 152732 156972 157091 153790 153800 153806 153824 153984 152736 152791 152834 153064 153407
124252 26
151609 152108 156772 155147 155146 152372 152669 152732 154760 154764 154715 154721 155250 154730 156972 157091 152791 152834 153064 153407 153790 153800 153806 153824 153984 152736
124253 12
150999 151082 153274 156663 151609 152108 156772 155146 155147 152732 152372 152669
124254 12
150999 151082 153274 156663 151609 152108 156772 155146 155147 152732 152372 152669
124255 12
150999 151082 153274 156663 151609 152108 156772 155146 155147 152732 152372 152669
124256 12
150999 151082 153274 156663 151609 152108 156772 155146 155147 152732 152372 152669
124280 1
151641
124288 30
150999 151082 153274 156663 152732 152372 152669 151990 152022 152103 152251 151252 151292 151370 152824 152897 152976 153210 151493 153362 154217 154475 154799 154984 155409 156483 156484 151917 156855 156953
124289 34
150999 151082 153274 156663 152732 152372 152669 151990 152022 152103 152251 151252 151292 151370 152824 152897 152976 153210 151493 153362 154217 154475 154799 154984 155409 156483 156484 151917 156855 156953 153249 154737 156053 152014
124293 34
150999 151082 153274 156663 152732 152372 152669 151990 152022 152103 152251 151252 151292 151370 152824 152897 152976 153210 151493 153362 154217 154475 154799 154984 155409 156483 156484 151917 156855 156953 153249 154737 156053 152014
124297 34
150999 151082 153274 156663 152732 152372 152669 151990 152022 152103 152251 151252 151292 151370 152824 152897 152976 153210 151493 153362 154217 154475 154799 154984 155409 156483 156484 151917 156855 156953 153249 154737 156053 152014
124298 34
150999 151082 153274 156663 152732 152372 152669 152022 152251 151292 151370 151493 152824 152897 152976 151917 153362 154217 154984 156483 156484 151990 156855 156953 155409 151252 153210 154475 154799 152103 153249 154737 156053 152014
124299 3
152014 153249 154737
124300 2
152652 156858
124318 1
154715
124319 1
154715
124320 2
155554 155698
124321 2
155554 155698
124322 3
151874 151914 152162
124324 3
151874 151914 152162
124325 3
151874 151914 152162
124327 2
156801 151922
124328 2
156801 151922
124329 2
156801 151922
124360 3
152669 152732 152372
124361 3
152669 152732 152372
124362 3
152669 152732 152372
124419 1
152372
124421 1
152372
124539 1
151641
124540 1
152199
124541 1
152199
124542 1
152199
124543 1
152199
124544 1
157128
124546 1
151391
124547 1
152199
124548 1
157128
124549 2
151465 151391
124551 1
151391
124559 1
151391
124582 2
154715 154721
124585 3
152562 151575 153275
124586 3
152562 151575 153275
124593 2
151575 152562
124594 2
152562 153275
124597 2
152199 151465
124599 2
151575 152562
124655 3
154290 153079 155436
124658 3
154290 153079 155436
124663 1
152736
124700 1
151391
124705 1
156972
124706 1
152736
124710 1
152736
124711 1
152736
124736 4
151082 153274 150999 156663
124737 4
151082 153274 150999 156663
124738 4
151082 153274 150999 156663
124745 1
156972
124751 5
155146 155147 156568 157091 156972
124752 5
156568 155147 155146 157091 156972
124754 5
155146 155147 156568 157091 156972
124755 5
155146 155147 156568 157091 156972
124756 5
156568 155147 155146 157091 156972
124759 5
155146 155147 156568 157091 156972
124760 6
153064 153407 152736 152791 152834 153790
124761 4
156858 156926 152652 150999
124762 4
151082 150999 153274 156663
124763 4
151082 150999 153274 156663
124765 4
151082 150999 153274 156663
124766 4
151082 150999 153274 156663
124767 4
151082 150999 153274 156663
124769 4
153274 150999 151082 156663
124801 1
151391
124802 1
151391
124803 1
151391
124805 1
151391
124806 1
151391
124826 1
151922
124828 1
151922
124829 1
151391
124830 1
151874
124832 1
151922
124834 1
151922
124835 1
151922
124837 1
151922
124838 1
151922
124882 1
151575
124893 1
154715
124894 1
154715
124895 1
154715
124897 1
154715
124898 1
156568
