125771 5
154760 154730 154715 154721 154764
125772 5
154760 154730 154715 154721 154764
125773 4
153275 152562 151575 155201
125774 1
152199
125777 1
154720
125797 1
151575
125842 1
152199
125843 1
152199
125889 3
152883 151922 153242
125890 3
152883 151922 153242
125891 3
151641 156972 157091
125892 5
152199 151575 152562 153275 155201
125894 5
152199 155244 151575 155201 155318
125896 5
152199 151575 152562 153275 155201
125897 5
152199 155244 151575 155201 155318
125898 5
152199 151575 152562 153275 155201
125899 5
152199 155244 151575 155201 155318
125900 5
152199 155244 151575 155201 155318
125901 5
152199 155244 151575 155201 155318
125903 5
152199 155244 151575 155201 155318
125904 1
156972
125929 1
154715
125932 1
154715
125933 1
154715
125934 1
154715
125935 1
154715
125939 2
154715 154721
125941 2
154715 154721
125943 2
154715 154721
125947 2
154715 154721
125952 1
154715
125955 1
154715
125956 1
154715
125958 1
154715
125998 1
151420
126052 1
151391
126054 1
151641
126055 1
154715
126057 1
154715
126059 1
154715
126065 1
154715
126069 2
152652 156858
126087 24
152736 152791 152834 153064 153407 153790 153800 153806 153824 153984 154715 154721 154730 154760 154764 155250 155653 155664 156792 152669 152732 152372 156511 152199
126089 24
152736 152791 152834 153064 153407 153790 153800 153806 153824 153984 154715 154721 154730 154760 154764 155250 155653 155664 156792 152669 152732 152372 156511 152199
126090 24
152736 152791 152834 153064 153407 153790 153800 153806 153824 153984 154715 154721 154730 154760 154764 155250 155653 155664 156792 152669 152732 152372 156511 152199
126094 23
152736 152791 152834 153064 153407 153790 153800 153806 153824 153984 154715 154721 154730 154760 154764 155250 156792 155664 155653 152669 152732 152372 156511
126095 24
154720 152791 152834 153064 153407 153790 153800 153806 153824 153984 152736 154715 154721 154730 154760 154764 155250 155653 155664 156792 152732 152372 152669 156511
126096 24
154720 152791 152834 153064 153407 153790 153800 153806 153824 153984 152736 154715 154721 154730 154760 154764 155250 155653 155664 156792 152732 152372 152669 156511
126097 24
154720 152791 152834 153064 153407 153790 153800 153806 153824 153984 152736 154715 154721 154730 154760 154764 155250 155653 155664 156792 152732 152372 152669 156511
126098 24
154720 152791 152834 153064 153407 153790 153800 153806 153824 153984 152736 154715 154721 154730 154760 154764 155250 155653 155664 156792 152732 152372 152669 156511
126099 1
157128
126101 1
157128
126103 1
157128
126109 1
157128
126110 1
157128
126111 1
157128
126112 1
157128
126116 1
157128
126119 1
157128
126120 1
157128
126121 1
157128
126123 1
157128
126124 1
152652
126126 1
152652
126127 1
152652
126129 1
157128
126130 2
157128 154715
126132 2
157128 154715
126135 1
152097
126139 1
152097
126140 1
151922
126141 1
151922
126145 1
151922
126149 2
154720 151575
126151 2
154720 152562
126152 2
154720 152562
126154 2
154720 152562
126167 1
151575
126183 4
152834 152736 152791 153064
126184 4
152834 152736 152791 153064
126185 1
151575
126187 1
152097
126188 1
152199
126189 1
152199
126190 1
152199
126192 1
152199
126249 3
152199 156568 152562
126251 4
152199 156568 151575 152562
126252 3
152199 156568 152562
126254 3
152199 156568 152562
126256 3
152199 156568 152562
126257 3
152199 156568 152562
126262 3
152199 156568 152562
126264 3
152199 156568 152562
126266 3
152199 156568 152562
126267 3
152199 152562 151575
126268 3
152199 152562 151575
126269 3
152199 156568 151575
126270 3
152199 156568 151575
126271 3
152199 156568 152562
126272 3
152199 156568 152562
126273 3
152199 152562 151575
126274 3
152199 152562 151575
126275 5
156568 154760 154715 154721 154730
126276 5
156568 154760 154715 154721 154730
126279 4
152199 152652 156858 156926
126281 4
152199 152652 156858 156926
126282 4
152199 152652 156858 156926
126283 4
152199 152652 156858 156926
126285 6
152014 154737 153249 156053 154715 152652
126286 3
152669 152732 152372
126287 3
152669 152732 152372
126289 3
151292 151370 151252
126290 1
151575
126291 1
151575
126292 1
151575
126293 1
151575
126326 1
152199
126328 1
152199
126330 1
152199
126331 1
152199
126334 1
152199
126336 1
157128
126337 1
157128
126339 1
157128
126341 1
155146
126374 4
152199 151575 155201 155244
126375 4
152199 151575 155201 155244
126377 4
152199 151575 155201 155244
126378 4
152199 151575 155201 155244
126380 4
152199 151575 155201 155244
126382 4
152199 151575 155201 155244
126393 3
152199 157128 154715
126406 2
152199 152562
126411 1
151575
126413 1
151575
126414 1
151575
126416 1
151575
126417 1
152562
126451 2
151465 151391
126455 2
152652 156858
126460 6
153407 153064 152791 152834 152736 153790
126461 6
153407 153064 152791 152834 152736 153790
126462 5
155146 155147 152199 156969 156568
126463 5
152199 156969 152834 152736 152791
126464 5
152199 156969 152834 152736 152791
126466 5
152199 156969 152834 152736 152791
126467 5
152199 156969 152834 152736 152791
126468 5
155146 155147 152199 156969 152736
126470 5
155146 155147 152199 156969 152736
126473 5
155146 155147 152199 156969 152736
126474 5
155146 155147 152199 156969 152736
126475 5
155146 155147 152199 156969 152736
126476 5
152199 155147 155146 156969 156568
126477 5
155147 155146 152199 156969 152562
126478 5
152199 156969 152791 152736 152834
126479 5
152199 156969 152834 152736 152791
126480 5
156969 152791 152736 152834 153064
126481 5
155146 155147 156969 153064 152791
126483 5
155146 155147 156969 153064 152791
126484 5
155146 155147 156969 153064 152791
126485 5
155146 155147 156969 153064 152791
126486 5
155147 155146 156969 151575 152562
126487 5
155146 155147 156969 153064 152791
126488 5
155147 155146 156969 151575 152562
126490 6
155367 155244 155201 155318 151575 155381
126491 5
156926 156858 152652 156969 152736
126492 5
156969 156926 156858 152652 151575
126494 6
153407 153064 152791 152834 152736 153790
126495 6
153407 153064 152791 152834 152736 153790
126497 5
152199 156969 152736 152791 152834
126498 1
151922
126499 1
151922
126500 1
151922
126502 1
151391
126567 1
155554
126570 1
156943
126571 1
157128
126572 1
155554
126574 1
156943
126576 1
154715
126577 1
156943
126579 1
155554
126589 1
153113
126593 1
156969
126604 1
157128
126605 1
157128
126606 2
156568 152736
126607 2
156568 152736
126612 2
156568 152736
126620 5
155759 155891 155554 155698 155939
126621 5
151420 155759 155554 155698 155891
126622 5
151420 155759 155554 155698 155891
126623 5
151420 155759 155554 155698 155891
126624 1
152652
