129178 1
154720
129204 4
153275 152562 151575 155201
129205 4
153275 152562 151575 155201
129206 2
152736 152791
129209 2
152736 152791
129210 2
152736 152791
129211 2
152736 152791
129212 2
152736 152791
129213 2
151082 150999
129215 2
151082 150999
129216 2
151082 150999
129217 2
151082 150999
129218 2
151082 150999
129222 1
150999
129223 1
150999
129224 1
150999
129226 1
150999
129227 1
153208
129229 1
151420
129230 1
153208
129231 1
152199
129232 1
152199
129234 1
152199
129235 1
152199
129236 1
151391
129239 1
152199
129241 1
152199
129243 1
152199
129244 1
152199
129245 1
152199
129247 1
152199
129248 1
152199
129249 1
152199
129251 1
152652
129252 1
152652
129261 2
151438 153145
129262 2
151420 157128
129264 2
151420 157128
129267 3
154721 154715 154730
129268 3
154721 154715 154730
129294 3
152097 156943 155147
129296 3
152097 156943 155147
129297 3
152097 156943 155147
129303 1
151874
129305 1
151874
129307 1
151874
129366 1
155554
129388 2
155146 155147
129401 2
152456 151641
129404 2
152456 151641
129405 2
152456 151641
129431 2
152456 153079
129432 2
152456 153079
129433 2
152456 153079
129434 2
152456 153079
129435 2
152456 153079
129439 2
152456 153079
129440 2
152456 153079
129442 1
152456
129443 1
152456
129446 1
156972
129447 1
152456
129448 1
153079
129453 1
153079
129454 1
153079
129455 1
153079
129456 1
153079
129457 1
156568
129462 1
156568
129464 1
152456
129465 3
155146 155147 153275
129472 2
156969 151874
129473 2
156969 151874
129474 2
156969 151874
129475 2
156969 151874
129476 2
156969 151874
129477 2
156969 151874
129478 2
155554 155698
129486 1
151641
129507 2
151874 151914
129703 5
151641 153079 154290 155436 156972
129729 2
151465 151391
129730 2
151465 151391
129731 2
151465 151391
129733 2
151465 151391
129734 2
151465 151391
129735 2
151465 151391
129736 1
157128
129739 1
157128
129741 1
157128
129742 1
157128
129743 1
157128
129744 1
157128
129745 1
157128
129746 1
151391
129747 1
153079
129759 1
155824
129768 2
152456 157128
129786 2
151834 156969
129789 1
151834
129795 2
151641 152456
129797 2
151641 152456
129799 2
151641 152456
129800 2
151641 152456
129801 2
151641 152456
129803 4
153242 151922 152883 154676
129808 1
151438
129809 4
152199 152652 156858 156926
129810 4
152199 157128 152652 156858
129814 4
152199 152652 156858 156926
129815 4
152199 152883 151922 153242
129816 4
153242 152883 151922 154676
129822 4
153242 152883 151922 154676
129823 4
152199 152883 151922 153242
129825 4
152199 152883 151922 153242
129826 4
152199 152883 151922 153242
129827 4
153242 152883 151922 154676
129828 4
153242 152883 151922 154676
129829 4
152199 152652 156858 156926
129832 4
152199 152652 156858 156926
129834 5
152199 156568 157128 156858 152652
129835 5
154676 152883 153242 151922 154693
129839 5
154676 152883 153242 151922 154693
129841 5
154676 153242 152883 151922 154693
129842 5
154676 153242 152883 151922 154693
129843 5
152199 156858 152652 156926 156568
129844 4
152883 153242 151922 154676
129845 4
152199 156858 152652 156926
129846 4
155436 154290 153079 151641
129847 4
157128 154290 153079 155436
129848 4
156858 156926 152652 157128
129852 5
155436 154290 153079 151391 151465
129858 5
155436 154290 153079 151391 151465
129859 4
154721 154730 154715 154760
129860 4
154290 155436 153079 154721
129862 4
154290 155436 153079 156972
129863 4
154730 154715 154721 154760
129865 4
154730 154715 154721 154760
129866 4
155140 151391 151465 156316
129867 4
155140 151391 151465 156316
129868 4
155140 151391 151465 156316
129870 4
155140 151391 151465 156316
129871 5
155147 155146 153275 152562 151575
129872 4
155140 151391 151465 156316
129874 4
151641 151391 151465 155140
129875 6
156568 155244 151575 152562 153275 155201
129877 1
155146
129887 1
152128
129889 1
152128
129890 1
152128
129895 4
154290 155436 153079 155147
129900 4
154290 155436 153079 155147
129901 4
154290 155436 153079 155147
129909 3
155554 155698 155759
129911 1
153113
129914 1
153113
129915 1
153113
129917 1
153113
129918 1
153113
129919 1
153113
129920 1
153113
129963 1
151874
129976 1
153208
129980 1
153208
130009 1
153208
