130012 1
153208
130013 1
153208
130016 1
153208
130050 7
154764 155250 154721 154715 154730 154760 152562
130051 7
155201 155318 153275 152562 155244 151575 155367
130052 7
154764 155250 154715 154760 154721 154730 151575
130053 7
154764 155250 154715 154760 154721 154730 151575
130056 7
155201 155318 153275 152562 155244 151575 155367
130057 41
151837 152854 155146 155147 154737 152014 153249 156053 154720 154290 155436 153079 156972 157091 152976 151493 153210 151252 153362 154217 151917 154475 151990 151292 154799 154984 152022 152103 155409 152251 152824 156483 156484 156855 156953 151370 152897 152732 152372 152669 156568
130058 41
151837 152854 155146 155147 154737 152014 153249 156053 154720 154290 155436 153079 156972 157091 154475 155409 153210 151252 154799 152103 152022 151493 152251 152824 151292 154984 152897 152976 151917 151990 151370 156483 156484 156855 156953 153362 154217 156568 152372 152669 152732
130059 41
151837 152854 152014 153249 154737 156053 155147 155146 154720 154290 155436 153079 156972 157091 152976 151493 153210 151252 153362 154217 151917 154475 151990 151292 154799 154984 152022 152103 155409 152251 152824 156483 156484 156855 156953 151370 152897 152732 152372 152669 156568
130060 41
151837 152854 155146 155147 154737 152014 153249 156053 154720 154290 155436 153079 156972 157091 152976 151493 153210 151252 153362 154217 151917 154475 151990 151292 154799 154984 152022 152103 155409 152251 152824 156483 156484 156855 156953 151370 152897 156568 152372 152669 152732
130062 41
151837 152854 155146 155147 154737 152014 153249 156053 154720 154290 155436 153079 156972 157091 152976 151493 153210 151252 153362 154217 151917 154475 151990 151292 154799 154984 152022 152103 155409 152251 152824 156483 156484 156855 156953 151370 152897 156568 152372 152669 152732
130064 43
154720 153249 152014 154737 156053 155147 155146 156972 157091 153079 154290 155436 152732 152372 152669 152976 151917 153210 151990 153362 154217 151252 154475 152022 152103 154799 154984 152251 151292 155409 151370 151493 156483 156484 156855 156953 152824 152897 156568 150999 153274 151082 156663
130065 43
154720 153249 152014 154737 156053 155147 155146 156972 157091 153079 154290 155436 152732 152372 152669 152976 151917 153210 151990 153362 154217 151252 154475 152022 152103 154799 154984 152251 151292 155409 151370 151493 156483 156484 156855 156953 152824 152897 156568 150999 153274 151082 156663
130066 43
154720 153249 152014 154737 156053 155147 155146 156972 157091 153079 154290 155436 152732 152372 152669 152976 151917 153210 151990 153362 154217 151252 154475 152022 152103 154799 154984 152251 151292 155409 151370 151493 156483 156484 156855 156953 152824 152897 156568 150999 153274 151082 156663
130067 43
154720 153249 152014 154737 156053 155147 155146 156972 157091 153079 154290 155436 152732 152372 152669 152976 151917 153210 151990 153362 154217 151252 154475 152022 152103 154799 154984 152251 151292 155409 151370 151493 156483 156484 156855 156953 152824 152897 156568 150999 153274 151082 156663
130070 33
151837 152854 152652 156858 156926 154737 156053 152014 153249 156568 152251 151370 152824 151493 152897 152976 153210 151252 153362 154217 154475 151917 154799 154984 155409 151990 156483 156484 151292 156855 152022 152103 156953
130071 33
151837 152854 152652 156858 156926 154737 156053 152014 153249 156568 152251 151370 152824 151493 152897 152976 153210 151252 153362 154217 154475 151917 154799 154984 155409 151990 156483 156484 151292 156855 152022 152103 156953
130073 7
155201 155318 152562 153275 155244 151575 155367
130074 7
153790 152834 153064 153407 152736 152791 153800
130076 55
156972 157091 154737 156053 152014 153249 155147 155146 156926 152652 156858 155436 154290 153079 150999 151082 153274 156663 151493 151917 153362 154217 151990 154475 151252 154799 154984 152022 152103 155409 152251 151292 156483 156484 152824 156855 152897 152976 156953 151370 153210 152669 152732 152372 156568 152736 153064 152834 153407 153790 153800 153806 153824 153984 152791
130077 37
151837 152854 152014 153249 154737 156053 153274 150999 151082 156663 152372 152669 152732 151370 151493 151252 152824 151917 152897 152976 153210 151990 151292 153362 154217 154475 152022 154799 154984 155409 152103 156483 156484 152251 156855 156953 156568
130080 37
151837 152854 152014 153249 154737 156053 153274 150999 151082 156663 152372 152669 152732 151370 151493 151252 152824 151917 152897 152976 153210 151990 151292 153362 154217 154475 152022 154799 154984 155409 152103 156483 156484 152251 156855 156953 156568
130081 7
156568 151990 151292 151370 151493 151252 151917
130082 21
151837 152854 156972 157091 155146 155147 153249 156053 154737 152014 150999 156663 151082 153274 153079 155436 154290 152669 152732 152372 156568
130083 21
156972 157091 151837 152854 155146 155147 153249 156053 154737 152014 150999 156663 151082 153274 153079 155436 154290 152669 152732 152372 156568
130085 2
152199 157128
130090 2
152199 157128
130091 3
154715 154721 154730
130092 2
154715 154721
130101 1
154715
130102 1
154715
130103 1
154715
130104 1
154715
130105 1
154715
130123 1
157128
130125 1
157128
130126 1
157128
130127 1
157128
130128 1
157128
130130 1
157128
130155 1
151575
130156 1
151575
130157 1
152562
130159 1
151575
130177 1
153079
130180 1
154715
130182 1
154715
130188 4
154721 154730 154715 154760
130191 2
152562 153275
130192 2
151575 152562
130193 2
152562 153275
130202 2
151082 150999
130205 1
152736
130230 1
154715
130233 1
152736
130234 1
152736
130235 1
152736
130237 1
153079
130243 1
151575
130244 1
151575
130258 1
151575
130263 1
151575
130265 1
151575
130267 1
151575
130307 2
152736 152791
130311 2
151575 155201
130319 1
152562
130320 1
151575
130326 1
151575
130341 4
156926 156858 152652 154720
130354 1
154715
130356 1
154715
130360 3
154715 154721 154730
130361 2
154715 154721
130363 2
154715 154721
130412 4
152791 152834 152736 153064
130414 2
156568 152652
130415 2
156568 152652
130416 2
156969 153079
130418 1
156969
130419 1
151575
130420 1
156568
130423 1
156568
130425 1
154720
130438 1
151575
130439 1
151575
130455 2
152372 152669
130460 2
152372 152669
130461 1
156969
130462 1
150999
130463 1
150999
130464 2
151082 150999
130465 1
151575
130467 1
151575
130468 5
151292 151370 151493 151917 151252
130470 5
151292 151370 151493 151917 151252
130471 5
151292 151370 151493 151917 151252
130472 5
151292 151370 151493 151917 151252
130473 5
151292 151370 151493 151917 151252
130474 5
151621 153880 155216 156568 154720
130475 3
151292 151370 151252
130476 2
154715 154721
130477 3
152372 152669 152732
130478 3
152372 152669 152732
130479 2
152372 152669
130484 1
153079
130485 1
153079
130666 1
154715
130667 2
153079 154290
130668 2
153079 154290
130669 2
153079 154290
130672 2
153079 154290
130673 1
153079
130675 1
153079
130676 1
153079
130678 1
153079
130679 1
153079
130681 1
153079
130682 1
153079
130722 2
156969 153079
130723 2
156969 153079
130725 1
156969
130727 1
156969
130733 1
153079
130734 2
157128 153079
130736 2
157128 153079
130738 2
157128 153079
130767 26
155653 155664 156792 151493 151917 151990 152022 152103 152251 152824 152897 152976 153210 153362 154217 154475 154799 154984 155409 151252 151292 156483 156484 151370 156855 156953
130768 26
155653 155664 156792 151493 151917 151990 152022 152103 152251 152824 152897 152976 153210 153362 154217 154475 154799 154984 155409 151252 151292 156483 156484 151370 156855 156953
130769 26
155653 155664 156792 151493 151917 151990 152022 152103 152251 152824 152897 152976 153210 153362 154217 154475 154799 154984 155409 151252 151292 156483 156484 151370 156855 156953
130770 29
152652 156858 156926 156792 155653 155664 152022 152103 152251 151252 152824 152897 152976 153210 153362 154217 154475 154799 154984 155409 151292 151370 156483 156484 151493 156855 151917 151990 156953
130774 29
152652 156858 156926 156792 155653 155664 152251 151292 152824 152897 152976 153362 154217 154984 151370 151493 156483 156484 151917 156855 151990 152022 156953 154799 153210 155409 152103 151252 154475
130777 29
152652 156858 156926 156792 155653 155664 152022 152103 152251 151252 152824 152897 152976 153210 153362 154217 154475 154799 154984 155409 151292 151370 156483 156484 151493 156855 151917 151990 156953
130778 29
152652 156858 156926 156792 155653 155664 152251 151292 152824 152897 152976 153362 154217 154984 151370 151493 156483 156484 151917 156855 151990 152022 156953 154799 153210 155409 152103 151252 154475
130781 29
152652 156858 156926 156792 155653 155664 152022 152103 152251 151252 152824 152897 152976 153210 153362 154217 154475 154799 154984 155409 151292 151370 156483 156484 151493 156855 151917 151990 156953
130782 11
151837 152854 152669 152732 152372 152652 156858 156926 156792 155653 155664
130786 9
152652 156858 156926 152732 152372 152669 156792 155653 155664
130787 9
152372 152669 152732 152652 156858 156926 156792 155653 155664
130788 9
152372 152669 152732 152652 156858 156926 156792 155664 155653
130789 12
151228 151524 151927 152708 152733 154170 154171 155343 156743 152732 152669 152372
130791 11
151837 152854 152669 152732 152372 155653 155664 156792 152652 156858 156926
130793 11
151837 152854 152669 152732 152372 155653 155664 156792 152652 156858 156926
130794 16
152854 151837 154720 153249 152014 154737 156053 152108 151609 156772 152372 152669 152732 156792 155664 155653
130795 12
152854 151837 154720 151609 152108 156772 152372 152669 152732 156792 155653 155664
130796 7
152372 152669 152732 154720 156792 155664 155653
130797 7
152372 152669 152732 154720 156792 155664 155653
130798 7
152372 152669 152732 154720 155653 155664 156792
130799 3
152372 152669 152732
130802 3
152372 152669 152732
130803 7
152372 152669 152732 152014 153249 154737 156053
130805 7
152372 152669 152732 152014 153249 154737 156053
130806 7
152372 152669 152732 152014 153249 154737 156053
130811 7
152372 152669 152732 155653 155664 156792 154720
130812 7
152372 152669 152732 155653 155664 156792 154720
130814 7
152372 152669 152732 155653 155664 156792 154720
130817 7
152372 152669 152732 155653 155664 156792 154720
130819 7
152372 152669 152732 155653 155664 156792 154720
130820 7
152372 152669 152732 155653 155664 156792 154720
130821 7
152372 152669 152732 155653 155664 156792 154720
130823 7
155653 155664 156792 152372 152669 152732 154720
130826 7
156792 155664 155653 152372 152669 152732 154720
130828 7
156792 155664 155653 152372 152669 152732 154720
130829 7
156792 155664 155653 152372 152669 152732 154720
130834 7
156792 155664 155653 152372 152669 152732 154720
130837 10
151609 152108 156772 152669 152732 152372 155664 155653 156792 154720
130840 7
152372 152669 152732 156792 155664 155653 154720
130841 11
152014 153249 154737 156053 152372 152669 152732 155664 155653 156792 154720
130843 11
152014 153249 154737 156053 152372 152669 152732 155664 155653 156792 154720
130844 11
152014 153249 154737 156053 152372 152669 152732 155664 155653 156792 154720
130847 11
152014 153249 154737 156053 152372 152669 152732 155664 155653 156792 154720
130851 6
156792 155664 155653 152372 152669 152732
130852 27
154720 152669 152732 152372 151917 151990 152022 152103 152251 151252 151292 151370 152824 152897 152976 153210 153362 154217 154475 151493 154799 154984 155409 156483 156484 156855 156953
130854 6
155653 155664 156792 152372 152669 152732
