136983 1
155146
137000 1
153113
137002 1
153113
137003 1
153113
137005 1
153113
137008 1
151420
137010 1
151420
137048 2
151834 153079
137051 2
151834 153079
137053 2
151834 153079
137054 2
153079 154290
137055 2
151834 153079
137058 2
153079 154290
137059 2
153079 154290
137061 2
153079 154290
137062 2
153113 153632
137063 2
152128 152979
137065 2
152097 156943
137066 2
152097 156943
137067 2
156943 152097
137070 2
152097 156943
137071 2
152097 156943
137072 2
152097 156943
137077 3
156943 152097 152652
137078 2
152652 156858
137079 1
153079
137080 1
153079
137083 1
153079
137111 4
156926 156858 152652 151641
137112 4
156926 156858 152652 151641
137113 4
156926 156858 152652 151641
137114 4
156926 156858 152652 151641
137115 2
156969 152199
137116 2
156969 152199
137118 2
156969 152199
137120 2
156969 151641
137122 2
156969 151641
137142 2
153079 154290
137143 2
153079 154290
137145 2
151922 152883
137154 6
153064 153407 152834 152736 152791 153790
137155 4
152562 153275 151575 155201
137156 4
153274 150999 151082 156663
137162 4
153274 150999 151082 156663
137171 1
153208
137174 1
153208
137176 1
151874
137177 1
151874
137179 1
155146
137200 3
155554 155698 155759
137201 1
152199
137205 1
151438
137206 1
151438
137211 1
152199
137213 2
152199 156972
137214 1
152199
137215 1
152199
137252 1
155146
137256 2
152456 153079
137257 2
152456 153079
137267 1
151834
137268 1
152128
137269 4
153249 154737 152014 156053
137270 4
153249 154737 152014 156053
137272 3
151575 152562 153275
137274 3
154720 154715 154721
137276 3
154720 154715 154721
137277 3
154720 154715 154721
137278 2
154720 154715
137279 1
151922
137280 1
151922
137283 1
151391
137285 1
151922
137291 1
151874
137292 1
151641
137306 2
155554 155698
137319 2
153113 153632
137320 2
153113 153632
137330 2
151465 151391
137331 2
151465 151391
137332 2
155554 155698
137333 2
154715 154721
137350 2
155554 155698
137351 2
151641 152456
137355 2
151641 152456
137357 2
151641 152456
137358 2
152456 157128
137360 2
151641 155554
137362 2
151641 155554
137363 2
151641 155554
137367 1
154715
137371 1
154715
137400 2
156972 157091
137402 2
156972 157091
137403 2
156972 157091
137404 2
156972 157091
137405 2
156972 157091
137408 1
151874
137409 1
151874
137445 4
155436 154290 153079 152456
137446 4
155436 154290 153079 152456
137448 6
151641 157128 156972 157091 152199 155759
137451 4
152883 153242 151922 154676
137452 3
151641 155554 155698
137453 3
151641 152199 155554
137454 4
156858 156926 152652 152883
137455 3
157128 151922 152883
137456 1
151922
137458 1
151922
137459 3
155147 155146 156972
137460 3
156858 152652 156926
137463 3
156858 152652 156926
137465 3
156858 152652 156926
137467 1
152097
137471 1
152097
137473 1
156972
137476 2
151420 156969
137477 2
151420 156969
137478 2
151420 156969
137479 2
151420 151181
137480 2
153113 153632
137483 2
153113 153632
137484 2
153113 153632
137485 2
153113 153632
137486 2
151420 153113
137488 2
151420 151181
137489 3
152456 156943 152097
137490 2
152456 151922
137491 2
152456 151922
137497 1
151874
137500 1
151874
137501 1
151874
137502 1
152456
137503 1
156943
137504 2
153113 153632
137506 2
153113 153632
137507 1
152128
137509 1
151420
137515 3
151922 152883 153242
137516 2
153113 153632
137517 2
153113 153632
137519 2
153113 153632
137521 2
153113 153632
137529 1
152128
137530 1
152128
137531 1
155146
137536 1
151420
137537 2
151438 153145
137539 2
151438 153145
137540 2
151438 153145
137542 2
151438 153145
137544 2
151438 153145
137545 2
151438 153145
137546 2
151438 153145
137547 2
151438 153145
137549 2
151438 153145
137568 2
151641 153208
137571 1
151641
137573 2
151874 151914
137574 1
152128
137575 1
152128
137576 1
152128
137586 1
151438
137587 2
151438 153079
137588 1
151438
137590 1
151438
137625 2
151922 152883
137626 2
151922 152883
137628 2
151922 152883
137629 2
151922 152883
137634 2
151922 152883
137635 2
151922 152883
137638 2
151922 152883
137640 2
151922 152883
137641 2
151922 152883
137642 2
151922 152883
137661 1
151641
137662 1
151641
137665 4
152199 152456 155653 155664
137666 4
152199 152456 155653 155664
137668 3
151465 151391 155140
137669 3
151465 151391 155140
137670 1
151438
137671 1
151438
137674 1
151438
137676 3
152883 151922 153242
137677 3
152883 151922 153242
137686 3
151922 152883 153242
137687 6
154290 153079 155436 157091 156972 154715
137689 6
154290 153079 155436 157091 156972 154715
137692 5
152199 154290 153079 155436 155146
137697 5
152199 154290 153079 155436 155146
137698 5
152199 154290 153079 155436 155146
137700 5
152199 154290 153079 155436 155146
137701 5
152199 154290 153079 155436 155146
137703 3
155554 155698 155759
137712 3
155554 155698 155759
137713 3
155554 155698 155759
137717 3
155554 155698 155759
137726 1
151420
137804 3
154290 153079 155436
137805 2
153079 154290
137806 2
153079 154290
137831 2
152097 156943
137845 2
151641 151465
137846 1
151641
137858 1
155554
137859 1
155554
137860 1
155554
137861 1
155554
137863 1
155554
137865 1
155554
