147259 9
155665 155667 156008 156030 156105 156156 156157 156585 157197
147261 6
156972 157091 152162 151874 151914 156801
147263 13
151609 152108 156772 156972 157091 151914 151874 152162 156801 152014 153249 154737 156053
147264 16
153249 152014 156053 154737 155318 155930 151575 155381 155911 155201 155244 155367 155927 152562 153275 157243
147265 5
154720 151914 152162 151874 156801
147268 22
153275 152562 155244 155927 155318 151575 155367 155201 155381 155911 155930 157243 156053 152014 153249 154737 156932 152976 152897 151917 152824 152251
147270 19
153079 154290 155436 151990 152022 151370 151917 152251 152824 152897 152976 153210 153362 154217 151252 154475 152103 151493 151292
147271 19
153079 154290 155436 151990 152022 151370 151917 152251 152824 152897 152976 153210 153362 154217 151252 154475 152103 151493 151292
147272 21
156932 155436 154290 153079 152103 151252 154799 153210 154475 155409 154984 152251 151292 154217 152022 151493 153362 152976 151990 152897 152824
147273 23
156932 156855 153210 151252 151292 151917 151990 152022 152103 151370 152251 152824 152897 152976 156483 153362 154217 154475 151493 154799 154984 155409 156484
147275 15
154737 153249 156053 152014 156932 151917 151292 153210 151370 152103 152251 152824 152897 151252 152022
147276 15
154737 153249 156053 152014 156932 151917 151292 153210 151370 152103 152251 152824 152897 151252 152022
147277 15
154737 153249 156053 152014 156932 151917 151292 153210 151370 152103 152251 152824 152897 151252 152022
147278 6
156972 157091 152162 151874 151914 156801
147279 34
153079 154290 155436 156972 157091 156772 152108 151609 151621 155216 153880 151837 152854 156030 156105 156156 156157 156585 155665 155667 156008 157197 152372 152669 152732 151524 152733 155343 151228 156743 151927 152708 154170 154171
147280 5
151621 153880 155216 151837 152854
147281 5
151621 153880 155216 151837 152854
147283 9
151621 153880 155216 151837 152854 156511 152669 152732 152372
147285 30
151837 152854 156511 151171 154105 154495 155108 155192 151026 155667 156008 156030 156105 156156 156157 155665 156585 157197 152372 152669 152732 154170 154171 152708 151927 152733 155343 151524 156743 151228
147286 27
151026 151171 154105 154495 155108 155192 155665 155667 156008 156030 156105 156156 156157 156585 157197 152669 152732 152372 151228 154170 154171 151524 152708 151927 155343 156743 152733
147287 18
151228 151524 154171 154170 151927 152708 156743 155343 152733 152669 152372 152732 155665 156105 156156 156008 155667 156030
147288 18
151228 151524 154171 154170 151927 152708 156743 155343 152733 152669 152372 152732 155665 156105 156156 156008 155667 156030
147290 18
151228 151524 154171 154170 151927 152708 156743 155343 152733 152669 152372 152732 155665 156105 156156 156008 155667 156030
147293 19
156511 152669 152732 152372 151524 152708 151927 152733 154170 154171 155343 151228 156743 154495 155108 155192 154105 151026 151171
147295 16
154170 151228 154171 156743 152708 151524 155343 151927 152733 152669 152372 152732 156008 156030 155667 155665
147296 16
154170 151228 154171 156743 152708 151524 155343 151927 152733 152669 152372 152732 156008 156030 155667 155665
147301 26
152372 152669 152732 151493 151917 151990 152022 152103 152251 151252 151292 151370 152824 152897 152976 153210 153362 154217 154475 154799 154984 155409 156483 156484 156855 156953
147302 26
152372 152669 152732 151917 151990 152022 152251 151292 151370 151493 152824 152897 152976 153362 154217 154984 156483 156484 156855 156953 153210 155409 152103 151252 154475 154799
147303 26
152372 152669 152732 152103 151252 153210 154475 154799 155409 151370 151493 151917 152824 152897 152976 151990 153362 154217 152022 151292 154984 152251 156483 156484 156855 156953
147304 26
152372 152669 152732 152103 151252 153210 154475 154799 155409 151370 151493 151917 152824 152897 152976 151990 153362 154217 152022 151292 154984 152251 156483 156484 156855 156953
147305 32
151621 153880 155216 156972 157091 156008 156030 156105 156156 156157 156585 155665 155667 157197 152669 152732 152372 151524 154170 154171 151228 155343 156743 152708 151927 152733 151171 154495 155108 155192 154105 151026
147306 32
151621 153880 155216 156972 157091 156008 156030 156105 156156 156157 156585 155665 155667 157197 152669 152732 152372 151524 154170 154171 151228 155343 156743 152708 151927 152733 151171 154495 155108 155192 154105 151026
147307 23
155436 154290 153079 151575 155911 155244 155381 155367 155930 155927 155318 155201 152562 153275 157243 154217 153362 152022 153210 152976 151990 151370 152897
147312 21
151292 151370 151493 151917 151990 152022 152103 152251 152824 152897 152976 153210 153362 154217 154475 154799 154984 155409 156483 156484 151252
147316 18
152372 152669 152732 155665 155667 156008 156030 156105 156156 156157 156585 157197 154495 155108 155192 151171 151026 154105
147317 15
155665 155667 156008 156030 156105 156156 156157 156585 157197 154495 155108 155192 151026 151171 154105
147321 22
154105 155108 154495 151171 151026 155192 155665 156157 157197 156105 156156 156008 156030 155667 156585 151927 155343 151524 152708 151228 154171 154170
147322 22
155108 151171 154105 154495 155192 151026 156008 155665 156157 156585 156105 155667 156156 156030 157197 151927 152708 155343 154171 151524 154170 152733
147324 15
154105 155192 154495 151026 151171 155108 156157 156156 156585 156008 156030 155667 155665 156105 157197
147325 15
154495 151171 155192 155108 151026 154105 154171 154170 151927 152733 151228 155343 152708 151524 156743
147326 30
154984 152103 152251 151990 156953 155409 156483 156855 156484 152022 151252 151292 151370 152824 152897 152976 153210 153362 151493 154217 154475 151917 154799 152732 152669 152372 155147 155146 155192 154105
147327 19
154799 154984 154217 154475 151493 151917 151990 152022 152103 152251 151252 151292 151370 152824 152897 152976 153210 153362 155409
147329 16
154105 155192 154495 151026 151171 155108 156105 156030 156156 155667 156585 156008 155665 156157 157197 152732
147346 23
156855 151370 151493 151917 151990 152022 152103 152251 152824 152897 152976 153210 153362 154217 154475 154799 154984 151252 151292 155409 156483 156484 156953
147347 23
154475 155409 151252 154799 153210 152103 152251 152022 151493 153362 154217 154984 151292 151370 152976 151990 152897 156484 156483 152824 151917 156855 156953
147348 23
154475 155409 151252 154799 153210 152103 152251 152022 151493 153362 154217 154984 151292 151370 152976 151990 152897 156484 156483 152824 151917 156855 156953
147350 23
156855 151370 151493 151917 151990 152022 152103 152251 152824 152897 152976 153210 153362 154217 154475 154799 154984 151252 151292 155409 156483 156484 156953
147351 23
156855 151370 151493 151917 151990 152022 152103 152251 152824 152897 152976 153210 153362 154217 154475 154799 154984 151252 151292 155409 156483 156484 156953
147353 23
156855 151370 151493 151917 151990 152022 152103 152251 152824 152897 152976 153210 153362 154217 154475 154799 154984 151252 151292 155409 156483 156484 156953
147356 15
151026 151171 154105 154495 155108 155192 155665 155667 156008 156030 156105 156156 156157 156585 157197
147361 15
155667 156030 157197 156008 156156 155665 156105 156585 156157 154495 154105 151026 151171 155192 155108
147366 15
151292 151370 151493 151917 151990 152022 152103 152251 152824 152897 152976 153210 153362 154217 151252
147368 12
151228 151524 151927 152708 152733 154170 154171 155343 156743 151609 152108 156772
147373 12
152708 152733 155343 156743 151524 154170 154171 151927 151228 151609 152108 156772
147374 12
151228 151524 151927 152708 152733 154170 154171 155343 156743 151609 152108 156772
147376 12
151228 151524 151927 152708 152733 154170 154171 155343 156743 151609 152108 156772
147377 12
151228 151524 151927 152708 152733 154170 154171 155343 156743 151609 152108 156772
147378 12
151228 151524 151927 152708 152733 154170 154171 155343 156743 151609 152108 156772
147379 12
151228 151524 151927 152708 152733 154170 154171 155343 156743 151609 152108 156772
147399 15
154737 152014 153249 156053 156284 156301 156302 155824 152022 152976 153210 151990 151370 152897 152824
147400 15
154737 152014 153249 156053 156284 156301 156302 155824 152022 152976 153210 151990 151370 152897 152824
147402 15
154737 152014 153249 156053 156284 156301 156302 155824 152022 152976 153210 151990 151370 152897 152824
147403 15
154737 152014 153249 156053 156284 156301 156302 155824 152022 152976 153210 151990 151370 152897 152824
147405 19
154737 156053 152014 153249 155824 154720 156302 156301 156284 152022 153210 153362 154217 152976 151990 151370 152897 152824 151917
147412 4
154720 154290 153079 155436
147413 8
152014 153249 154737 156053 154720 154290 155436 153079
147415 8
151874 151914 152162 156801 153249 154737 156053 152014
147416 4
151874 151914 152162 156801
147417 8
151874 151914 152162 156801 153249 154737 156053 152014
147418 8
151874 151914 152162 156801 153249 154737 156053 152014
147419 8
151874 151914 152162 156801 153249 154737 156053 152014
147421 8
151874 151914 152162 156801 153249 154737 156053 152014
147424 8
151874 151914 152162 156801 153249 154737 156053 152014
147427 8
151874 151914 152162 156801 153249 154737 156053 152014
147428 26
153079 154290 155436 151493 151917 151990 152022 152103 152251 152824 152897 152976 151252 153210 153362 154217 151292 154475 154799 154984 155409 151370 156483 156484 156855 156953
147429 8
151874 151914 152162 156801 153249 154737 156053 152014
147430 8
151874 151914 152162 156801 153249 154737 156053 152014
147433 8
151874 151914 152162 156801 153249 154737 156053 152014
147434 8
151874 151914 152162 156801 153249 154737 156053 152014
147435 28
151874 151914 152162 156801 151252 151292 151917 151990 152022 152103 151370 152251 152824 152897 152976 153210 153362 154217 154475 154799 154984 155409 156483 156484 151493 156855 156953 156932
147437 41
151609 152108 156772 156801 152162 151914 151874 152834 153064 153407 153790 153800 153806 153824 153984 152736 152791 152976 152022 153362 151292 151370 152251 151493 151917 152824 154217 154984 156483 156484 151990 152897 156855 156953 151252 152103 154475 154799 153210 155409 156932
147438 44
151609 152108 156772 156801 152162 151914 151874 151990 152022 151292 151370 152251 152824 152897 152976 153362 154217 154984 156483 156484 151493 151917 156855 156953 151252 152103 154475 154799 153210 155409 153064 152834 152791 153407 153790 153800 153806 153824 153984 152736 156301 156302 155824 156284
147439 12
154720 151914 152162 151874 156801 152014 154737 156053 153249 151609 156772 152108
147440 22
151874 151914 152162 152108 151609 156772 156801 154737 156053 152014 153249 156932 153790 153800 153806 153824 153984 152791 152834 153064 152736 153407
147442 41
151609 152108 156772 151874 152162 151914 151370 151917 151990 152022 152103 151493 151252 152251 152824 152897 152976 153210 153362 154217 154475 154799 154984 155409 156483 156484 151292 156855 156953 156932 156801 152834 152791 153407 153790 153800 153806 153824 153984 152736 153064
147443 27
151609 152108 156772 151493 151252 151917 151990 152022 152103 151292 152251 152824 152897 152976 153210 153362 154217 154475 154799 154984 155409 156483 156484 151370 156855 156953 156932
147444 8
151609 152108 156772 151874 152162 151914 156801 156932
147445 44
151609 152108 156772 153249 154737 156053 152014 151292 152022 152103 151370 152251 152824 152897 152976 153210 151493 153362 154217 154475 151252 154799 154984 155409 151917 156483 156484 151990 156855 156953 156932 152736 153407 153790 153800 153806 153824 153984 153064 152834 152791 153079 155436 154290
147450 44
151609 152108 156772 153249 154737 156053 152014 151292 152022 152103 151370 152251 152824 152897 152976 153210 151493 153362 154217 154475 151252 154799 154984 155409 151917 156483 156484 151990 156855 156953 156932 152736 153407 153790 153800 153806 153824 153984 153064 152834 152791 153079 155436 154290
147451 54
155911 155930 152562 157243 155927 155201 155381 155318 155244 155367 153275 151575 156972 157091 154290 155436 153079 156932 152736 152791 152834 153407 153064 153984 153824 153806 153800 153790 151292 153210 151252 156953 156855 152976 156484 156483 152897 151990 151493 155409 152824 154984 154799 152251 151917 151370 154475 152103 154217 153362 152022 154737 156053 153249
147453 36
156932 153806 152791 153824 153064 153984 153790 152736 153800 152834 153407 156801 151874 152162 151914 156053 154737 152014 153249 154217 153362 152022 153210 152976 151990 151370 152897 152824 151917 155409 154984 152251 154799 154475 152103 151493
147454 36
156932 156801 153806 153824 153984 153064 152736 152791 153800 152834 153790 153407 153249 156053 152014 154737 151914 151874 152162 154217 153362 152022 153210 152976 151990 151370 152897 152824 151917 155409 154984 152251 154799 154475 152103 151493
147455 36
156932 156801 153806 153824 153984 153064 152736 152791 153800 152834 153790 153407 153249 156053 152014 154737 151914 151874 152162 154217 153362 152022 153210 152976 151990 151370 152897 152824 151917 155409 154984 152251 154799 154475 152103 151493
147456 36
152834 153064 153824 153800 152736 153407 152791 153984 153806 153790 156932 156801 152251 151292 151252 152103 156484 156953 154217 152022 153362 154475 151917 154799 154984 151370 151493 153210 152976 151990 152897 152824 155409 156483 156855 153249
147458 44
151609 152108 156772 153249 154737 156053 152014 151914 152162 151874 156801 151493 152251 152824 152897 152976 151917 153362 154217 151990 154984 151292 156483 156484 152022 151370 156855 156953 154475 151252 154799 152103 155409 153210 152736 153407 153790 153800 153806 153824 153984 153064 152834 152791
147459 44
151609 152108 156772 153249 154737 156053 152014 151914 152162 151874 156801 153407 153790 153800 153806 153824 153984 152791 152834 153064 152736 153362 151493 152251 151917 151990 152824 151292 154217 152897 154984 152976 156483 156484 152022 151370 156855 156953 154475 151252 154799 152103 155409 153210
147461 39
155436 153079 154290 153806 152791 153984 153064 153824 153407 152834 153800 153790 152736 156932 152014 154737 153249 156053 154217 153362 152022 153210 152976 151990 151370 156855 152897 156484 156483 152824 151917 155409 154984 152251 154799 154475 152103 151493 151292
147462 37
153275 157243 152562 155930 155381 155367 155318 155927 155244 155201 155911 151575 156932 153407 152834 152736 153984 153824 153806 152791 153800 153790 153064 152014 153249 156053 154737 154217 153362 152022 153210 152976 151990 151370 152897 152824 151917
147463 42
152014 153249 154737 156053 151917 151990 151252 152022 152103 152251 152824 152897 152976 153210 151292 153362 154217 154475 151370 154799 154984 155409 151493 156483 156484 156855 156953 151914 151874 152162 152834 152791 152736 153407 153790 153800 153806 153824 153984 153064 156801 156932
147464 42
152014 153249 154737 156053 151917 151990 151252 152022 152103 152251 152824 152897 152976 153210 151292 153362 154217 154475 151370 154799 154984 155409 151493 156483 156484 156855 156953 151914 151874 152162 152834 152791 152736 153407 153790 153800 153806 153824 153984 153064 156801 156932
147465 44
151609 152108 156772 151874 152162 151914 153249 154737 156053 152014 152022 152103 151252 151292 152251 152824 152897 152976 153210 151370 153362 154217 154475 151917 154799 154984 155409 151990 156483 156484 151493 156855 156953 156801 152736 153407 153790 153800 153806 153824 153984 153064 152834 152791
147467 32
156301 156284 156302 155824 154737 156053 153249 152014 152108 156772 151609 155146 155147 154105 151171 154495 151026 155192 155108 152785 155460 155056 155055 154153 155730 155695 153939 156511 156157 156156 156008 156105
147470 25
156125 151171 154105 154495 155108 155192 151026 155055 155056 152785 154153 155460 155695 155730 153939 152834 153064 153407 153790 153800 153806 153824 152736 153984 152791
147474 23
151757 155665 155667 156008 156030 156105 156156 156157 156585 157197 152854 151837 152864 157004 157176 152032 155602 155604 153062 156392 152652 156858 156926
147476 36
155665 155667 156008 156030 156105 156156 156157 156585 157197 156858 156926 152652 152854 151837 156125 151228 154170 154171 155343 151927 156743 151524 152708 152733 152014 153249 156053 154737 153939 154153 155695 155730 155055 155056 152785 155460
147477 36
155665 155667 156008 156030 156105 156156 156157 156585 157197 156858 156926 152652 152854 151837 156125 151228 154170 154171 155343 151927 156743 151524 152708 152733 152014 153249 156053 154737 153939 154153 155695 155730 155055 155056 152785 155460
147478 28
152652 156858 156926 156008 156030 156105 156156 156157 156585 155665 155667 157197 152854 151837 155602 155604 153062 156392 154171 155343 151524 152708 152733 156743 151228 151927 154170 156125
147479 28
155665 155667 156008 156030 156105 156156 156157 156585 157197 156858 156926 152652 155602 156392 155604 153062 152854 151837 154171 155343 151524 152708 152733 156743 151228 151927 154170 156125
147480 28
152652 156858 156926 156008 156030 156105 156156 156157 156585 155665 155667 157197 155602 155604 153062 156392 152854 151837 156125 155343 151524 152708 152733 151228 156743 151927 154170 154171
147481 28
152652 156858 156926 156008 156030 156105 156156 156157 156585 155665 155667 157197 155602 155604 153062 156392 152854 151837 156125 155343 151524 152708 152733 151228 156743 151927 154170 154171
147483 41
155665 155667 156008 156030 156105 156156 156157 156585 157197 151837 152854 156858 156926 152652 156125 152669 152732 152372 151228 154170 154171 155343 151927 156743 152708 151524 152733 155460 152785 153939 155695 155730 155055 155056 154153 155192 154105 154495 151171 151026 155108
147486 23
155146 155147 151609 152108 156772 152708 151228 154171 156743 154170 151927 155343 151524 152733 151026 154495 151171 154105 155192 155108 154737 156053 153249
147488 19
155146 155147 156772 152108 151609 152708 154171 155343 154170 151927 151524 151228 156743 152733 151026 154495 154105 155108 151171
147489 16
155147 155146 151609 152108 156772 154105 151026 154495 151171 155192 155108 151228 151927 151524 154171 154170
147491 44
152785 153939 154153 155055 155056 155460 155695 155730 152854 151837 154737 152014 153249 156053 155667 156008 156030 155665 156105 156156 156157 156585 157197 151927 151524 155343 152708 152733 154170 154171 156743 151228 155664 156792 155653 154495 151171 151026 154105 155108 155192 156772 151609 152108
147492 44
152785 153939 154153 155055 155056 155460 155695 155730 152854 151837 154737 152014 153249 156053 155667 156008 156030 155665 156105 156156 156157 156585 157197 151927 151524 155343 152708 152733 154170 154171 156743 151228 155664 156792 155653 154495 151171 151026 154105 155108 155192 156772 151609 152108
147494 44
152785 153939 154153 155055 155056 155460 155695 155730 151837 152854 154737 152014 153249 156053 155667 156008 156030 155665 156105 156156 156157 156585 157197 151927 151524 155343 152708 152733 154170 154171 156743 151228 155664 156792 155653 154495 151171 151026 154105 155108 155192 156772 151609 152108
147501 30
152854 151837 156125 151171 154105 154495 155108 155192 151026 151228 154170 154171 151927 152708 152733 155343 151524 156743 153939 152785 154153 155460 155695 155730 155055 155056 153249 156053 154737 152014
147503 22
151171 155108 151026 154105 155192 154495 151524 152733 154171 154170 152708 151228 155343 151927 156743 155055 152785 155695 154153 155056 153939 155460
147511 18
154737 156053 153249 152014 155147 155146 152785 156125 153939 155695 155056 155730 155055 154153 155460 152733 151927 152708
147514 15
151609 152108 156772 153249 156053 154737 152014 154495 151026 155108 154105 151171 155192 154153 155056
147515 15
151609 152108 156772 153249 156053 154737 152014 154495 151026 155108 154105 151171 155192 154153 155056
147516 22
153249 154737 156053 152014 154105 151171 155192 151026 155108 154495 155056 155055 155695 153939 152785 154153 155460 155730 154170 151927 151524 154171
147517 22
152014 153249 156053 154737 154105 154495 155192 151026 151171 155108 155056 155055 153939 152785 155695 154153 155460 155730 156008 155665 156030 155667
147518 18
155056 152785 153939 155460 155055 154153 155730 155695 156156 155665 156008 156585 156105 155667 156157 156030 157197 156125
147526 42
155824 156284 156301 156302 154720 153790 153800 153806 153824 153984 152736 152791 152834 153064 153407 151493 153210 153362 151917 151990 152022 152103 152251 151252 154217 154475 151292 154799 154984 155409 152824 151370 152897 152976 156483 156484 156855 156953 156053 153249 154737 152014
147527 42
155824 156284 156301 156302 154720 153790 153800 153806 153824 153984 152736 152791 152834 153064 153407 151493 153210 153362 151917 151990 152022 152103 152251 151252 154217 154475 151292 154799 154984 155409 152824 151370 152897 152976 156483 156484 156855 156953 156053 153249 154737 152014
147528 40
151609 152108 156772 156284 156301 156302 155824 153790 153800 153806 153824 153984 152736 152791 152834 153064 153407 155409 152103 151252 153210 154475 154799 151917 152824 151990 154217 152897 152976 154984 152022 151370 153362 151493 152251 156483 156484 151292 156855 156953
147529 32
156932 153064 153790 153800 153824 153984 152736 152791 153806 152834 153407 152014 153249 156053 154737 153210 152976 151917 152897 152824 151493 154984 152251 151292 152103 151370 154475 154217 152022 151252 153362 151990
147531 32
156932 152834 152791 153800 153064 152736 153824 153984 153790 153407 153806 152976 152897 151917 152824 152251 154984 156484 151493 152103 154475 154217 152022 155409 151370 153362 151252 151292 153210 151990 154799 156483
147534 16
155436 153079 154290 155911 155930 155927 155367 155201 155244 155318 155381 151575 156932 152562 153275 157243
147539 29
155367 155244 157243 155381 155318 151575 155930 153275 152562 155911 155201 155927 152014 153249 156053 154737 151252 152103 154799 154475 155409 153210 153362 151917 152976 152897 151493 152824 151370
147548 28
154720 152108 151609 156772 151252 151917 151990 152022 152103 151292 152251 152824 152897 152976 153210 153362 154217 154475 151370 154799 154984 155409 156483 156484 151493 156855 156953 156932
147549 9
152785 153939 154153 155055 155056 155460 155695 155730 154720
147550 9
152785 153939 155695 155055 155056 155460 154153 155730 154720
147559 40
151609 152108 156772 153249 154737 156053 152014 151292 152022 152103 151370 152251 152824 152897 152976 153210 151493 153362 154217 154475 151252 154799 154984 155409 151917 156483 156484 151990 156855 156953 152791 152736 153407 153790 153800 153806 153824 153984 153064 152834
147563 15
156792 155664 155653 154720 155055 155056 155460 153939 154153 155695 155730 152785 151609 156772 152108
147564 15
156792 155664 155653 154720 155055 155056 155460 153939 154153 155695 155730 152785 151609 156772 152108
147565 15
156792 155664 155653 154720 155055 155056 155460 153939 154153 155695 155730 152785 151609 156772 152108
147566 26
151228 151524 151927 152708 152733 154170 154171 155343 156743 155056 154153 155460 155730 155055 155695 153939 152785 155192 154105 154495 151171 151026 155108 151609 152108 156772
147569 26
151228 151524 151927 154170 154171 152708 152733 155343 156743 152785 155695 153939 154153 155460 155055 155730 155056 155192 154105 154495 151171 151026 155108 151609 152108 156772
147570 18
154720 153939 154153 152785 155055 155056 155460 155695 155730 151026 155108 155192 154495 151171 154105 152108 151609 156772
147571 17
152785 153939 154153 155055 155056 155460 155695 155730 154105 155108 155192 151026 154495 151171 151609 152108 156772
147572 10
151026 151171 154105 154495 155108 155192 154720 152108 151609 156772
147574 30
155665 155667 156008 156030 156105 156156 156157 156585 157197 155730 154153 155055 155056 155460 152785 153939 155695 155664 156792 155653 154105 155108 155192 151026 154495 151171 154720 156772 152108 151609
147575 1
156932
147576 47
156801 151292 151370 151493 151917 151990 152022 152103 152251 152824 152897 152976 153210 153362 154217 154475 154799 154984 155409 156483 156484 151252 156855 156953 152736 153064 152834 152791 153407 153790 153800 153806 153824 153984 153275 152562 157243 155911 155927 155930 155201 155244 155318 155367 155381 151575 156932
147577 50
151874 151914 152162 156801 151252 151292 151917 151990 152022 152103 151370 152251 152824 152897 152976 153210 153362 154217 154475 154799 154984 155409 156483 156484 151493 156855 156953 152736 153064 152834 152791 153407 153790 153800 153806 153824 153984 153275 152562 157243 155911 155927 155930 155201 155244 155318 155367 155381 151575 156932
147578 50
151874 151914 152162 156801 151252 151292 151917 151990 152022 152103 151370 152251 152824 152897 152976 153210 153362 154217 154475 154799 154984 155409 156483 156484 151493 156855 156953 152736 153064 152834 152791 153407 153790 153800 153806 153824 153984 156932 155381 153275 155911 155927 155930 151575 152562 155201 155244 155318 155367 157243
147579 47
155930 155318 155201 155367 155244 155381 155911 155927 151575 152562 153275 157243 153079 155436 154290 156932 153790 153800 153407 153064 152736 153984 152791 153824 153806 152834 154217 153362 152022 153210 152976 151990 151370 156855 152897 156484 156483 152824 151917 155409 154984 152251 154799 154475 152103 151493 151292
147581 23
156932 155318 155367 152562 155911 155244 155930 155927 151575 153275 155201 157243 155381 152976 152897 152022 151370 152824 154984 151292 151990 151252 154475
147582 53
154720 155824 156284 156301 156302 155367 155381 151575 155911 155927 155930 155201 155244 155318 153275 152562 157243 154217 154475 151493 154799 154984 151252 151917 151990 152022 152103 155409 152251 151292 152824 152897 152976 153210 151370 156483 156484 156855 156953 153362 152736 153407 153790 153800 153806 153824 153984 153064 152834 152791 153079 154290 155436
147585 57
152014 153249 154737 156053 154720 155824 156284 156301 156302 153275 152562 157243 151575 155911 155927 155930 155201 155244 155318 155367 155381 151917 151990 154799 154984 151292 152022 152103 152251 151370 155409 152824 152897 152976 153210 151493 151252 153362 154217 156483 156484 156855 156953 154475 153079 155436 154290 153806 153824 153984 152791 152736 153064 152834 153407 153790 153800
147586 50
152834 153407 153806 152736 152791 153984 153824 153064 153790 153800 154737 152014 156053 153249 151575 155911 155930 155381 155367 155927 157243 155318 155244 155201 152562 153275 156932 154217 153362 152022 153210 152976 151990 151370 156953 156855 152897 156484 156483 152824 151917 155409 154984 152251 154799 154475 152103 151493 151292 151252
147587 50
152834 153407 153806 152736 152791 153984 153824 153064 153790 153800 154737 152014 156053 153249 151575 155911 155930 155381 155367 155927 157243 155318 155244 155201 152562 153275 156932 154217 153362 152022 153210 152976 151990 151370 156953 156855 152897 156484 156483 152824 151917 155409 154984 152251 154799 154475 152103 151493 151292 151252
147588 49
152834 153790 153064 153407 153806 153800 152791 153824 153984 152736 154737 156053 153249 152014 155930 155927 155911 151575 155381 155201 155367 155318 155244 152562 153275 157243 156932 154799 154475 152103 151252 155409 153210 156484 156483 152251 154984 154217 152022 151493 153362 152976 151990 152897 156953 156855 152824 151917 151370
147589 37
152736 153806 153064 152834 153800 153984 153824 152791 153790 153407 154720 152014 154737 153249 156053 157243 155927 152562 155911 155930 153275 151575 155381 155367 155244 155201 155318 156301 156284 156302 155824 155147 155146 154217 153362 152022 153210
147591 37
152736 153806 153064 152834 153800 153984 153824 152791 153790 153407 154720 152014 154737 153249 156053 157243 155927 152562 155911 155930 153275 151575 155381 155367 155244 155201 155318 156301 156284 156302 155824 155147 155146 154217 153362 152022 153210
147592 4
155824 156284 156301 156302
147593 42
155146 155147 155824 156284 156301 156302 154720 152103 152251 152824 152897 152976 153210 153362 154217 154475 151252 154799 154984 151292 151370 155409 151493 151917 151990 152022 156483 156484 156855 156953 151575 155911 155927 155930 152562 155201 155244 155318 155367 155381 153275 157243
147594 42
155146 155147 155824 156284 156301 156302 154720 152103 152251 152824 152897 152976 153210 153362 154217 154475 151252 154799 154984 151292 151370 155409 151493 151917 151990 152022 156483 156484 156855 156953 151575 155911 155927 155930 152562 155201 155244 155318 155367 155381 153275 157243
147595 42
155146 155147 155824 156284 156301 156302 154720 152103 152251 152824 152897 152976 153210 153362 154217 154475 151252 154799 154984 151292 151370 155409 151493 151917 151990 152022 156483 156484 156855 156953 151575 155911 155927 155930 152562 155201 155244 155318 155367 155381 153275 157243
147596 40
155824 156284 156301 156302 154720 155244 155318 155367 155381 152562 155911 155927 155930 153275 151575 155201 157243 154217 154475 151493 154799 154984 151252 151917 151990 152022 152103 155409 152251 151292 152824 152897 152976 153210 151370 156483 156484 156855 156953 153362
147597 43
153790 153984 153806 153407 152791 153064 153824 153800 152834 152736 154737 156053 153249 152014 155927 155911 151575 155381 155367 155318 155244 155201 152562 157243 155930 153275 156302 155824 156301 156284 152103 151252 155409 153210 154799 154475 152251 154984 154217 152022 151493 153362 152976
147598 46
152791 153064 153824 153800 153407 153790 153806 152736 152834 153984 153249 154737 156053 152014 155911 152562 151575 155367 155318 155244 155201 153275 157243 155930 155927 155381 154720 155824 156301 156284 156302 154217 153362 152022 153210 152976 151990 151370 152897 152824 151917 155409 154984 152251 154799 154475
147600 44
152736 152791 153064 153984 153824 153407 153800 152834 153790 153806 153249 152014 156053 154737 154720 155927 155911 151575 155381 155367 155318 155244 155201 152562 157243 153275 155930 155824 156302 156301 156284 154217 153362 152022 153210 152976 151990 151370 152897 152824 151917 155409 154984 152251
147601 44
152736 152791 153064 153984 153824 153407 153800 152834 153790 153806 153249 152014 156053 154737 154720 155927 155911 151575 155381 155367 155318 155244 155201 152562 157243 153275 155930 155824 156302 156301 156284 154217 153362 152022 153210 152976 151990 151370 152897 152824 151917 155409 154984 152251
147602 40
151252 151292 151370 151493 151917 151990 152022 152103 152251 152824 152897 152976 153210 153362 154217 154475 154799 154984 155409 156483 156484 156855 156953 155824 156284 156301 156302 154720 155927 155930 155244 155318 155367 155381 151575 155201 155911 153275 152562 157243
147603 40
151252 151292 151370 151493 151917 151990 152022 152103 152251 152824 152897 152976 153210 153362 154217 154475 154799 154984 155409 156483 156484 156855 156953 155824 156284 156301 156302 154720 155927 155930 155244 155318 155367 155381 151575 155201 155911 153275 152562 157243
147604 5
155824 156284 156301 156302 154720
147605 21
152834 152791 153064 153824 153790 153984 152736 153407 153800 153806 156932 157243 152562 153275 155367 155318 155911 155201 155244 155381 155927
147606 21
156932 155927 155367 155318 157243 153275 152562 151575 155201 155244 155381 155930 155911 155436 153079 154290 151252 155409 154475 153210 152103
147607 31
152014 153249 154737 156053 151917 151990 151252 152022 152103 152251 152824 152897 152976 153210 151292 153362 154217 154475 151370 154799 154984 155409 151493 156483 156484 156855 156953 155436 154290 153079 156932
147608 10
154720 151171 154105 154495 151026 155108 155192 152108 151609 156772
147609 10
154720 151171 154105 154495 151026 155108 155192 152108 151609 156772
147610 10
154720 151171 154105 154495 151026 155108 155192 152108 151609 156772
147612 5
154720 155824 156284 156301 156302
147621 3
151609 152108 156772
147627 7
155824 156284 156301 156302 154290 155436 153079
147628 7
155824 156284 156301 156302 154290 155436 153079
147629 7
155824 156284 156301 156302 154290 155436 153079
147630 18
151292 151370 151493 151917 151990 152022 152103 152251 152824 152897 152976 153210 153362 154217 154475 154799 154984 151252
147632 5
155824 156284 156301 156302 154720
147635 5
155824 156284 156301 156302 154720
147636 5
155824 156284 156301 156302 154720
147637 5
155824 156284 156301 156302 154720
147638 4
155824 156284 156301 156302
147639 36
152562 153275 157243 151575 155911 155927 155244 155930 155367 155318 155381 155201 153079 154290 155436 156932 152791 153064 152736 153984 153824 153806 153800 153790 153407 152834 154217 153362 152022 153210 152976 151990 151370 152897 152824 151917
147640 33
153064 152834 153800 153824 153984 152791 152736 153790 153806 153407 153079 155436 154290 156932 152103 151252 155409 153210 154799 154475 156483 152251 154984 154217 152022 151493 153362 152976 151990 152897 152824 151917 151370
147641 33
155201 155367 155930 155927 155381 155244 155318 153275 151575 157243 152562 155911 153079 154290 155436 152791 153064 152736 153984 153824 153806 153800 153790 153407 152834 156932 154217 153362 152022 153210 152976 151990 151370
147642 40
153275 152562 157243 155927 151575 155201 155318 155381 155244 155911 155930 155367 153079 154290 155436 152791 153407 153064 152736 153984 153824 153806 153800 152834 153790 156932 154217 153362 152022 153210 152976 151990 151370 152897 152824 151917 155409 154984 152251 154799
147643 32
155201 155244 157243 155927 155367 153275 155318 155930 155911 151575 152562 155381 153079 154290 155436 153064 152736 153984 152834 153824 153806 153800 153790 153407 152791 156932 154217 153362 152022 153210 152976 151990
147644 43
152562 155381 157243 155201 155927 155911 153275 151575 155244 155930 155318 155367 153079 154290 155436 156932 152791 153407 153064 152736 153984 153824 153806 153800 153790 152834 154217 153362 152022 153210 152976 151990 151370 152897 152824 151917 155409 154984 152251 154799 154475 152103 151493
147646 10
152736 152791 152834 153064 153407 153790 153800 153806 153824 153984
147647 10
152736 152791 152834 153064 153407 153790 153800 153806 153824 153984
147649 10
152736 152791 152834 153064 153407 153790 153800 153806 153824 153984
147651 10
152736 152791 152834 153064 153407 153790 153800 153806 153824 153984
147653 10
152736 152791 152834 153064 153407 153790 153800 153806 153824 153984
147654 10
152736 152791 152834 153064 153407 153790 153800 153806 153824 153984
147655 10
152736 152791 152834 153064 153407 153790 153800 153806 153824 153984
147656 10
152736 152791 152834 153064 153407 153790 153800 153806 153824 153984
147658 10
152736 152791 152834 153064 153407 153790 153800 153806 153824 153984
147659 32
157243 152562 153275 155927 151575 155244 155381 155318 155201 155930 155367 155911 154720 152791 153064 153984 153824 152834 153790 153407 153800 153806 152736 155824 155436 153079 154290 156302 156301 156284 154217 153362
147660 32
157243 152562 153275 155927 151575 155244 155381 155318 155201 155930 155367 155911 154720 152791 153064 153984 153824 152834 153790 153407 153800 153806 152736 155824 155436 153079 154290 156302 156301 156284 154217 153362
147664 15
152736 153984 153824 153806 152791 152834 153064 153407 153790 153800 154720 154290 155436 153079 152022
147665 15
155911 151575 155244 155381 157243 152562 155201 153275 155318 155367 155927 155930 153824 152834 152736
147666 15
155911 151575 155244 155381 157243 152562 155201 153275 155318 155367 155927 155930 153824 152834 152736
147667 15
151292 151370 151493 151917 151990 152022 152103 152251 152824 152897 152976 153210 153362 154217 151252
147669 19
151292 151370 151493 151917 151990 152022 152103 152251 152824 152897 152976 153210 153362 154217 154475 154799 154984 155409 151252
147671 19
152103 155409 154799 151252 154475 153210 152251 152022 151493 153362 154217 154984 152976 151990 152897 152824 151917 151370 151292
147710 15
156053 152014 154737 153249 157091 156972 155436 154290 153079 156932 151575 155381 152562 155318 155367
147712 15
154737 152014 153249 156053 155436 154290 153079 156932 155381 155318 152562 151575 155367 155201 153275
147725 18
153249 154737 156053 152014 154290 155436 153079 156932 153984 153824 153806 153407 153790 152834 153800 152736 152791 153064
147726 18
153249 154737 156053 152014 154290 155436 153079 156932 153984 153824 153806 153407 153790 152834 153800 152736 152791 153064
147733 50
155824 156284 156301 156302 153407 153790 153800 153806 153824 153984 152736 152791 152834 153064 154720 155244 155318 155367 155381 152562 155911 155927 155930 153275 151575 155201 157243 154475 151252 154799 155409 153210 152103 153362 151493 151292 151917 152824 151990 152897 154217 152976 152022 151370 154984 156483 156484 156855 156953 152251
147735 33
153275 152562 157243 155381 151575 155911 155201 155927 155930 155318 155244 155367 152834 152791 153064 153984 153407 152736 153806 153800 153790 153824 154720 154217 153362 152022 153210 152976 151990 151370 152897 152824 151917
147736 15
156972 157091 156932 154290 155436 153079 154737 153249 152014 156053 153800 153790 152834 153984 153407
147737 28
154737 156053 153249 152014 153790 153800 153806 152791 153064 152834 152736 153824 153984 153407 153210 155409 154799 154475 151252 152103 153362 152022 151493 152976 151990 154217 152897 152824
147739 29
152014 153249 156053 154737 153984 153407 152791 153824 153800 153806 152834 152736 153064 153790 153210 152976 151990 152897 152824 151917 154475 151292 152251 151252 152103 153362 151370 152022 151493
147740 29
152014 153249 156053 154737 153984 153407 152791 153824 153800 153806 152834 152736 153064 153790 153210 152976 151990 152897 152824 151917 154475 151292 152251 151252 152103 153362 151370 152022 151493
147741 29
151575 155201 155244 155318 155367 155381 155911 155927 155930 152562 153275 157243 153984 152791 152834 153064 152736 153407 153790 153800 153806 153824 156284 156301 156302 155824 155436 154290 153079
147742 29
151575 152562 153275 155201 155244 155318 155367 155381 155911 155927 155930 157243 156284 156301 156302 155824 152736 153407 153790 153800 153806 153824 153984 152791 152834 153064 155436 154290 153079
147743 29
151575 155201 155244 155318 155367 155381 155911 155927 155930 152562 153275 157243 153984 152791 152834 153064 152736 153407 153790 153800 153806 153824 156284 156301 156302 155824 155436 154290 153079
147746 25
156302 156284 156301 155824 152791 153984 153824 153800 153407 153806 152736 153064 153790 152834 155367 155318 153275 155930 155927 155244 155911 155381 155201 152562 151575
147747 19
156301 155824 156284 156302 152791 153824 153407 153800 153790 153806 152736 153984 153064 152834 155367 155318 153275 155244 155381
147749 19
151575 152562 153275 155201 155244 155318 155367 155381 155911 155927 155930 157243 156284 156301 156302 155824 155436 154290 153079
147750 16
155824 156284 156301 156302 155244 155318 155367 155381 151575 155911 155927 155930 152562 153275 155201 157243
147751 15
155201 153275 157243 155244 155318 155367 155381 151575 155911 155927 155930 152562 156301 156302 156284
147752 19
151575 155201 155244 155318 155367 155381 155824 155911 155927 155930 156284 156301 156302 152562 153275 157243 155436 154290 153079
147754 15
154290 155436 153079 155318 155367 151575 155244 155824 155911 155927 155930 155381 155201 156284 156301
147755 15
155201 153275 157243 155244 155318 155367 155381 151575 155911 155927 155930 152562 156301 156302 156284
147762 15
155201 153275 157243 155244 155318 155367 155381 151575 155911 155927 155930 152562 156301 156302 156284
147764 15
155201 153275 157243 155244 155318 155367 155381 151575 155911 155927 155930 152562 156301 156302 156284
147778 10
152014 153249 154737 156053 153079 155436 154290 156932 156972 157091
147780 18
152736 152791 152834 153064 153407 153790 153800 153806 153824 153984 152014 153249 154737 156053 153079 155436 154290 156932
147781 33
151609 152108 156772 152562 153275 155201 155244 155318 155367 155381 155911 155927 155930 151575 157243 152014 156053 154737 153249 156301 156302 155824 156284 153800 153806 153824 153984 152834 153064 152736 152791 153407 153790
147782 19
154475 154984 153362 154217 154799 151990 152022 152103 152251 151292 151370 151493 152824 151252 152897 152976 151917 153210 155409
147790 15
156932 155436 154290 153079 156053 153249 154737 152014 151990 151370 151493 152824 151917 151292 152251
147796 10
152014 153249 154737 156053 153079 155436 154290 156932 156972 157091
147797 22
156972 157091 156932 154290 155436 153079 152791 153806 153800 153790 153407 152736 153824 153984 153064 152834 155201 152562 155367 153275 155318 155244
147801 10
152014 153249 154737 156053 153079 155436 154290 156932 156972 157091
147803 10
152014 153249 154737 156053 153079 155436 154290 156932 156972 157091
147804 39
151252 151292 151370 151493 151917 151990 152022 152103 152251 152824 152897 152976 153210 153362 154217 154475 154799 154984 155409 156483 156484 156855 156953 153984 152736 153064 152834 152791 153407 153790 153800 153806 153824 154720 156932 153249 154737 156053 152014
147806 39
151252 151292 151370 151493 151917 151990 152022 152103 152251 152824 152897 152976 153210 153362 154217 154475 154799 154984 155409 156483 156484 156855 156953 153984 152736 153064 152834 152791 153407 153790 153800 153806 153824 154720 156932 153249 154737 156053 152014
147807 39
151252 151292 151370 151493 151917 151990 152022 152103 152251 152824 152897 152976 153210 153362 154217 154475 154799 154984 155409 156483 156484 156855 156953 153984 152736 153064 152834 152791 153407 153790 153800 153806 153824 154720 156932 153249 154737 156053 152014
147810 46
154737 152014 153249 156053 156932 154720 152834 153064 153806 152791 153984 153407 153824 152736 153790 153800 153210 152103 152976 152897 151990 151917 152824 151252 152022 155409 151493 152251 151292 156483 154984 154799 156953 154475 154217 156855 153362 151370 156484 155367 155318 151575 155930 155927 155244 155911
147812 39
151252 151292 151370 151493 151917 151990 152022 152103 152251 152824 152897 152976 153210 153362 154217 154475 154799 154984 155409 156483 156484 156855 156953 153984 152736 153064 152834 152791 153407 153790 153800 153806 153824 154720 156932 153249 154737 156053 152014
147816 36
151252 151292 151370 151493 151917 151990 152022 152103 152251 152824 152897 152976 153210 153362 154217 154475 154799 154984 155409 156483 156484 156855 156953 155318 155367 155381 153275 155911 155927 155930 151575 152562 155201 155244 157243 156932
147817 36
151252 151292 151370 151493 151917 151990 152022 152103 152251 152824 152897 152976 153210 153362 154217 154475 154799 154984 155409 156483 156484 156855 156953 155318 155367 155381 153275 155911 155927 155930 151575 152562 155201 155244 157243 156932
147819 36
151252 152103 153210 154475 154799 155409 152022 151292 152251 152824 152897 152976 151370 153362 154217 151493 151917 154984 151990 156483 156484 156855 156953 155318 155367 155381 153275 155911 155927 155930 151575 152562 155201 155244 157243 156932
147820 24
151252 151292 151370 151493 151917 151990 152022 152103 152251 152824 152897 152976 153210 153362 154217 154475 154799 154984 155409 156483 156484 156855 156953 156932
147821 16
153984 152791 153790 153824 152736 152834 153064 153407 153800 153806 151990 152897 152824 151917 151370 151292
147823 28
155436 153079 154290 156301 156302 155824 156284 152022 151370 152976 152897 152824 153362 154217 156953 151990 154984 152251 156483 156484 151917 151493 151292 156855 155409 153210 154799 154475
147825 23
153079 154290 155436 156301 155824 156284 156302 152022 151990 152976 153210 153362 154217 151370 152897 152824 151917 155409 154984 152251 154799 154475 152103
147833 21
154799 156483 154217 154475 154984 155409 152022 152103 152251 151292 151370 151493 152824 151252 152897 152976 151917 153210 151990 153362 156484
147837 21
154799 156483 154217 154475 154984 155409 152022 152103 152251 151292 151370 151493 152824 151252 152897 152976 151917 153210 151990 153362 156484
147838 36
155436 153079 154290 156484 154475 154217 152897 156953 151990 152022 152251 156855 154984 154799 152976 152824 151917 153210 155409 153362 156483 152103 151252 151292 151370 151493 152834 152791 152736 153984 153824 153806 153800 153790 153064 153407
147840 23
156932 154290 153079 155436 155409 151370 154984 152251 154475 151292 152103 151493 152824 151252 152976 152897 151917 153210 151990 153362 152022 154217 154799
147841 26
156932 155436 153079 154290 156484 156483 156855 154799 155409 154984 151370 151493 152824 151252 151917 152976 152897 153210 151990 153362 152022 152103 152251 151292 154217 154475
147842 25
156932 153079 155436 154290 156483 151370 156484 154799 154984 151292 152251 151493 152824 151252 151917 152976 152897 153210 151990 153362 152022 152103 154217 154475 155409
147843 23
156932 154290 153079 155436 155409 151370 154984 152251 154475 151292 152103 151493 152824 151252 152976 152897 151917 153210 151990 153362 152022 154217 154799
147845 23
156932 154290 153079 155436 155409 151370 154984 152251 154475 151292 152103 151493 152824 151252 152976 152897 151917 153210 151990 153362 152022 154217 154799
147846 5
155146 155147 151609 152108 156772
147847 5
155146 155147 151609 152108 156772
147849 8
155653 155664 156792 152108 156772 151609 155146 155147
147851 8
155653 155664 156792 152108 156772 151609 155146 155147
147852 15
155665 155667 156008 156030 156105 156156 156157 156585 157197 152108 156772 151609 155653 156792 155664
147853 16
151228 151524 151927 152708 152733 154170 154171 155343 156743 155664 155653 156792 154720 151609 156772 152108
147856 16
151228 151524 151927 152708 152733 154170 154171 155343 156743 155664 155653 156792 154720 151609 156772 152108
147858 15
153984 152834 153790 153824 152791 152736 153064 153407 153800 153806 156932 151990 152824 151917 151370
147861 23
156855 156484 155409 156483 151917 151990 152022 152103 152251 151292 152824 152897 152976 153210 151370 153362 154217 154475 151493 154799 154984 151252 156953
147863 16
153362 154217 151493 151252 151917 151990 152022 152103 152251 151292 152824 152897 152976 153210 151370 154475
147865 16
154720 154217 151370 151252 151917 151990 152022 152103 152251 151292 152824 152897 152976 153210 151493 153362
147874 1
154720
147877 4
151609 152108 156772 156511
147878 1
154720
147879 1
154720
147882 1
154720
147888 1
154720
147889 1
154720
147890 15
151609 152108 156772 152562 153275 155201 155244 155318 155367 155381 155911 155927 155930 151575 157243
147893 15
151609 152108 156772 155201 155244 155318 155367 155381 155911 155927 155930 151575 153275 152562 157243
147894 13
154720 153275 152562 157243 155201 155244 155318 155367 155381 155911 155927 155930 151575
147896 12
152562 153275 157243 155201 155244 155318 155367 155381 155911 155927 155930 151575
147897 16
151609 152108 156772 154720 152562 153275 157243 155244 155318 155367 155381 155911 155927 155930 151575 155201
147898 16
151609 152108 156772 154720 152562 153275 157243 155244 155318 155367 155381 155911 155927 155930 151575 155201
147899 12
151575 155201 155244 155318 155367 155381 155911 155927 155930 152562 153275 157243
147903 13
151228 151524 151927 152708 152733 154170 154171 155343 156743 154720 155664 155653 156792
147909 1
154720
147923 10
151026 151171 154105 154495 155108 155192 155824 156284 156301 156302
147925 29
156302 155824 156301 156284 155367 153275 152562 155318 155201 155244 155911 151575 155930 155381 157243 155927 151292 153210 151252 152976 152897 151990 152824 154984 154799 152251 151917 151370 154475
147926 19
156301 155824 156302 156284 154799 153210 151252 152103 154475 155409 151292 151917 151370 152976 152897 151990 152824 151493 152251
147929 15
153275 157243 152562 155930 156284 156301 155381 155244 155318 155367 155911 155927 151575 155201 155824
147931 15
156284 156301 155930 155318 155927 155911 155367 153275 155201 155244 155381 155824 152562 151575 156302
147936 19
155927 155318 155244 155930 155367 155201 155381 151575 155911 152562 153275 157243 151917 151493 151292 152976 152897 151990 152824
147944 29
156284 156301 156302 155824 151252 152897 151990 152251 151917 152824 156483 152976 153210 151292 154475 152103 154217 151370 154799 154984 155409 151493 153362 156484 152022 156855 156953 154737 156053
147946 16
154720 152562 153275 157243 155911 155381 151575 155201 155318 155244 155367 155927 155930 153079 155824 155436
147947 16
154720 152562 153275 157243 155911 155381 151575 155201 155318 155244 155367 155927 155930 153079 155824 155436
147948 16
154720 152562 153275 157243 155911 155381 151575 155201 155318 155244 155367 155927 155930 153079 155824 155436
147949 5
155824 156284 156301 156302 154720
147950 4
151609 152108 156772 154720
147952 4
155824 156284 156301 156302
147953 4
155824 156284 156301 156302
