147955 1
154720
147958 1
154720
147960 1
154720
147963 18
155665 155667 156008 156030 156105 156156 156157 156585 157197 152108 156772 151609 155108 155192 151026 151171 154105 154495
147964 11
155146 155147 154105 154495 155108 151026 151171 155192 151609 152108 156772
147967 19
155911 155318 155927 155367 155930 151575 155201 155381 155244 157243 153275 152562 154720 155436 153079 154290 156284 155824 156302
147968 19
155911 155318 155927 155367 155930 151575 155201 155381 155244 157243 153275 152562 154720 155436 153079 154290 156284 155824 156302
147969 5
152014 153249 154737 156053 154720
147970 25
156972 157091 154290 153079 155436 154984 154799 156484 152103 153210 152251 151292 151370 151493 151917 152976 152897 154475 151252 152824 151990 153362 152022 154217 155409
147971 29
153790 153800 152834 153064 153984 153824 153806 153407 152736 152791 152897 152976 151990 152824 151370 154217 154984 152251 153362 152103 154475 151917 151252 152022 153210 151493 151292 154799 155409
147974 24
154720 155824 156284 156301 156302 155367 155381 151575 155911 155927 155930 155201 155244 155318 153275 152562 157243 155436 153079 154290 152014 154737 153249 156053
147975 22
153984 153790 152791 153064 153800 153806 153824 152736 153407 152834 152897 152976 151990 152824 151370 151917 152251 152103 151252 152022 153210 151493
147976 22
153984 153790 152791 153064 153800 153806 153824 152736 153407 152834 152897 152976 151990 152824 151370 151917 152251 152103 151252 152022 153210 151493
147977 22
153984 153790 152791 153064 153800 153806 153824 152736 153407 152834 152897 152976 151990 152824 151370 151917 152251 152103 151252 152022 153210 151493
147978 23
153824 153407 152834 153064 153800 153806 153984 152791 153790 152736 152897 152976 151990 152824 151370 152251 152103 151917 151252 152022 153210 151493 151292
147979 21
152736 153407 153984 153064 153790 153800 153806 153824 152791 152834 152897 152976 151990 152824 151370 151917 152251 152103 151252 152022 153210
147998 12
151609 152108 156772 151874 152162 151914 156284 156301 156302 155824 156801 154720
148002 10
154720 153249 152014 154737 156053 154290 155436 153079 156972 157091
148003 10
154720 153249 152014 154737 156053 154290 155436 153079 156972 157091
148008 15
152736 152791 152834 153064 153407 153790 153800 153806 153824 153984 152014 153249 154737 156053 154720
148009 19
156972 157091 154290 153079 155436 152014 156053 154737 153249 154720 152897 152976 152022 151370 152824 151990 154217 151292 151252
148012 18
156972 157091 153079 155436 154290 156053 154737 152014 153249 154720 152897 152976 152022 151370 152824 151990 153362 151292
148013 36
153800 153984 153806 152736 152791 153824 152834 153407 153790 153064 151575 153275 152562 155201 157243 155930 155911 155381 155927 155318 155244 155367 154290 153079 155436 154720 151292 153210 151252 152976 152897 151990 152824 154799 152251 151917
148014 33
152014 154737 156053 153249 153064 153806 153800 152736 153790 153984 153407 153824 152834 152791 157243 155911 151575 155381 155927 153275 152562 155318 155244 155201 155367 155930 154720 154217 153362 152022 153210 152976 151990
148016 23
153064 153800 152791 152834 153407 153790 153806 152736 153824 153984 155911 155927 155930 155367 155318 155381 157243 155201 152562 153275 151575 155244 151292
148017 40
152736 153407 153806 152834 153064 153800 153790 153824 152791 153984 152103 153210 152976 152897 151990 151917 152824 151493 154984 154799 156953 151252 154475 154217 152022 155409 156484 152251 151292 153362 151370 156483 156855 155367 155318 153275 155927 155911 155244 151575
148018 37
154475 151292 154984 152824 154217 151370 156953 151252 156855 154799 153210 152976 151917 151493 155409 156484 156483 152897 151990 153362 152022 152103 152251 152834 152791 153984 153824 153806 153800 153790 153407 152736 153064 155318 155244 153275 155201
148046 18
153064 152736 153984 153824 152834 152791 153790 153407 153800 153806 151575 155318 155244 155201 155367 155911 155381 155927
148056 15
151026 151171 154105 154495 155108 155192 155147 155146 151609 152108 156772 156284 156301 156302 155824
148057 17
152785 153939 154153 155055 155056 155460 155695 155730 154105 155108 155192 151026 154495 151171 151609 152108 156772
148059 9
155146 155147 151609 152108 156772 156284 156301 156302 155824
148061 11
155653 155664 156792 152108 156772 151609 156301 156302 155824 156284 154720
148063 9
155653 155664 156792 152108 156772 151609 152669 152732 152372
148065 10
155653 155664 156792 152108 156772 151609 156301 156302 155824 156284
148066 11
155653 155664 156792 152108 156772 151609 156301 156302 155824 156284 154720
148067 12
155653 155664 156792 155147 155146 152108 156772 151609 156301 156302 155824 156284
148069 18
153275 157243 152562 155930 155927 155911 155367 155381 155244 155318 151575 155201 151252 153210 152103 155409 154799 154475
148070 15
153824 153984 153407 153806 152791 152736 152834 153064 153790 153800 151990 152824 151370 151917 152897
148071 16
153984 152834 153790 153824 152791 152736 153064 153407 153800 153806 151990 152824 151370 151917 152976 152251
148080 19
152014 154737 153249 156053 152022 151990 151370 152824 151917 152897 152976 153210 153362 154217 152251 154475 152103 151493 151292
148081 21
156483 151370 151493 151917 151990 152022 152103 152251 152824 152897 152976 153210 153362 154217 154475 154799 154984 151252 151292 155409 156484
148082 25
156953 151370 151493 151917 151990 152022 152103 152251 152824 152897 152976 153210 153362 154217 154475 154799 154984 151252 151292 155409 156483 156484 156855 155147 155146
148083 18
151292 151370 151493 151917 151990 152022 152103 152251 152824 152897 152976 153210 153362 154217 154475 154799 154984 151252
148084 18
151292 151370 151493 151917 151990 152022 152103 152251 152824 152897 152976 153210 153362 154217 154475 154799 154984 151252
148085 19
152014 154737 153249 156053 152022 151990 151370 152824 151917 152897 152976 153210 153362 154217 152251 154475 152103 151493 151292
148086 42
153806 153790 153984 152834 153824 153064 153407 152791 153800 152736 154737 153249 156053 152014 154290 153079 155436 155244 155201 152562 155381 151575 153275 155930 155927 155318 155367 155911 157243 152976 152897 152022 152824 151370 151990 151292 154984 154799 151252 151917 154475 154217
148087 42
151252 151292 151370 151493 151917 151990 152022 152103 152251 152824 152897 152976 153210 153362 154217 154475 154799 154984 155409 156483 156484 156855 156953 152732 152372 152669 155318 155367 155381 153275 155911 155927 155930 151575 152562 155201 155244 157243 152014 153249 156053 154737
148102 18
152562 157243 153275 155318 155930 155381 155911 151575 155201 155244 155927 155367 156053 154737 153249 152014 155436 154290
148104 18
155367 153275 152562 155381 155318 155911 157243 155930 151575 155927 155201 155244 155146 155147 156053 154737 153249 152014
148105 31
151252 151292 151370 151493 151917 151990 152022 152103 152251 152824 152897 152976 153210 153362 154217 154475 154799 154984 155409 156483 156484 156855 156953 155824 156284 156301 156302 156053 152014 154737 153249
148106 35
151874 151914 152162 152014 153249 154737 156053 156801 151370 152022 152103 151493 152251 152824 152897 152976 153210 151252 153362 154217 154475 151292 154799 154984 155409 151917 156483 156484 151990 156855 156953 156284 156301 156302 155824
148108 35
151874 151914 152162 156801 153249 154737 156053 152014 151370 152022 152103 151493 152251 152824 152897 152976 153210 151252 153362 154217 154475 151292 154799 154984 155409 151917 156483 156484 151990 156855 156953 156284 156301 156302 155824
148109 31
152014 153249 154737 156053 151917 151990 151252 152022 152103 152251 152824 152897 152976 153210 151292 153362 154217 154475 151370 154799 154984 155409 151493 156483 156484 156855 156953 155824 156284 156301 156302
148110 35
151874 151914 152162 156801 153249 154737 156053 152014 156284 156301 156302 155824 153210 152103 154475 151252 154799 155409 153362 154217 151493 152022 151292 154984 151370 152251 152824 152897 152976 151917 156483 156484 151990 156855 156953
148111 35
151874 151914 152162 156801 153249 154737 156053 152014 156284 156301 156302 155824 152251 152824 152897 152976 153210 151252 153362 154217 154475 151292 154799 154984 155409 151917 151990 151370 152022 152103 156483 156484 151493 156855 156953
148113 43
155911 155244 155201 155381 155367 155930 155318 155927 151575 157243 152562 153275 153249 156053 152014 154737 155409 154475 154799 151252 153210 152103 154217 153362 152976 152897 156855 156484 152824 156483 151990 152251 151917 151370 151493 151292 154984 152022 156953 156302 156301 156284 155824
148114 39
155381 155318 151575 155244 155930 155927 155201 155911 155367 152562 153275 157243 154737 153249 156053 152014 152976 152897 151917 152824 151252 152251 151292 156953 151493 155409 151370 154984 154799 152103 156484 154475 154217 152022 153362 153210 151990 156483 156855
148115 27
152014 153249 154737 156053 151917 151990 151252 152022 152103 152251 152824 152897 152976 153210 151292 153362 154217 154475 151370 154799 154984 155409 151493 156483 156484 156855 156953
148117 31
152014 153249 154737 156053 155824 156284 156301 156302 152103 152251 152824 152897 152976 153210 151292 153362 154217 154475 151370 154799 154984 155409 151493 151917 151990 151252 152022 156483 156484 156855 156953
148118 31
152014 153249 154737 156053 151917 151990 151252 152022 152103 152251 152824 152897 152976 153210 151292 153362 154217 154475 151370 154799 154984 155409 151493 156483 156484 156855 156953 155824 156284 156301 156302
148119 31
152014 153249 154737 156053 155824 156284 156301 156302 152103 152251 152824 152897 152976 153210 151292 153362 154217 154475 151370 154799 154984 155409 151493 151917 151990 151252 152022 156483 156484 156855 156953
148121 31
151874 151914 152162 156801 156284 156301 156302 155824 152022 152103 151370 152251 152824 152897 152976 153210 153362 154217 154475 154799 154984 155409 151493 151252 151292 151917 156483 156484 151990 156855 156953
148126 4
155824 156284 156301 156302
148127 4
155824 156284 156301 156302
148130 4
155824 156284 156301 156302
148131 4
155824 156284 156301 156302
148133 13
155665 155667 156008 156030 156105 156156 156157 156585 157197 156301 156302 155824 156284
148135 8
155824 156284 156301 156302 156053 153249 154737 152014
148137 2
155146 155147
148139 4
155824 156284 156301 156302
148140 4
155824 156284 156301 156302
148142 7
151609 152108 156772 156284 156301 156302 155824
148143 7
155653 155664 156792 156284 156301 156302 155824
148144 11
156511 155664 155653 156792 151609 156772 152108 156302 155824 156284 156301
148145 5
156511 156284 156301 156302 155824
148146 8
151609 152108 156772 156511 156301 156302 155824 156284
148147 7
151609 152108 156772 156284 156301 156302 155824
148149 12
155653 155664 156792 155147 155146 152108 156772 151609 156301 156302 155824 156284
148150 4
155824 156284 156301 156302
148151 4
155824 156284 156301 156302
148153 13
151228 151524 151927 152708 152733 154170 154171 155343 156743 156511 152108 151609 156772
148154 27
151228 151524 151927 152708 152733 154170 154171 155343 156743 151609 152108 156772 154495 155108 155192 154105 151171 151026 156008 156030 156105 156156 156157 156585 155665 155667 157197
148155 27
151609 152108 156772 151927 151524 152708 152733 154170 154171 155343 156743 151228 154495 155108 155192 154105 151171 151026 156008 156030 156105 156156 156157 156585 155665 155667 157197
148157 18
151609 152108 156772 151171 154105 154495 155108 155192 151026 155667 156008 156030 156105 156156 156157 156585 155665 157197
148159 9
155665 155667 156008 156030 156105 156156 156157 156585 157197
148172 26
157243 152562 153275 155244 155927 155381 155911 155318 151575 155201 155930 155367 153079 154290 155436 154217 153362 152022 153210 152976 151990 151370 152897 152824 151917 154984
148173 26
157243 152562 153275 155244 155927 155381 155911 155318 151575 155201 155930 155367 153079 154290 155436 154217 153362 152022 153210 152976 151990 151370 152897 152824 151917 154984
148176 26
157243 152562 153275 155318 155244 155930 155381 155927 155367 155911 155201 151575 153079 155436 154290 152103 151252 153210 154799 154475 155409 152251 154984 154217 152022 151493
148189 4
155824 156284 156301 156302
148190 4
155824 156284 156301 156302
148191 4
155824 156284 156301 156302
148193 19
157243 153275 151575 155381 155930 152562 155244 155201 155318 155367 155911 155927 153079 154290 155436 154217 153362 152022 153210
148200 31
152014 153249 154737 156053 151917 151990 151252 152022 152103 152251 152824 152897 152976 153210 151292 153362 154217 154475 151370 154799 154984 155409 151493 156483 156484 156855 156953 155824 156284 156301 156302
148203 31
152014 153249 154737 156053 151917 151990 151252 152022 152103 152251 152824 152897 152976 153210 151292 153362 154217 154475 151370 154799 154984 155409 151493 156483 156484 156855 156953 155824 156284 156301 156302
148206 31
152014 153249 154737 156053 151917 151990 151252 152022 152103 152251 152824 152897 152976 153210 151292 153362 154217 154475 151370 154799 154984 155409 151493 156483 156484 156855 156953 155824 156284 156301 156302
148207 39
156302 156301 156284 155824 154737 152014 156053 153249 153362 151990 153210 156484 154217 151917 152976 152897 151252 152824 155409 151292 151370 151493 154984 152251 152022 156483 154799 152103 156855 156953 154475 156157 156156 156008 156105 156585 156030 155667 155665
148209 40
155665 155667 156008 156030 156105 156156 156157 156585 157197 156301 156302 155824 156284 153362 154217 154475 154799 154984 155409 151252 151292 151370 151493 151917 151990 152022 152103 152251 152824 152897 156483 156484 152976 156855 156953 153210 154737 153249 152014 156053
148210 13
155665 155667 156008 156030 156105 156156 156157 156585 157197 156301 156302 155824 156284
148211 31
155824 156284 156301 156302 151917 151990 152022 152103 152251 152824 152897 152976 153210 153362 154217 154475 154799 154984 155409 151252 151292 151370 151493 156483 156484 156855 156953 156053 152014 154737 153249
148213 13
155665 155667 156008 156030 156105 156156 156157 156585 157197 156301 156302 155824 156284
148214 40
155665 155667 156008 156030 156105 156156 156157 156585 157197 154737 152014 156053 153249 153210 151292 153362 154217 154475 151370 154799 154984 155409 151493 151917 151990 151252 152022 152103 152251 152824 156483 156484 152897 156855 156953 152976 156301 156302 155824 156284
148215 40
155665 155667 156008 156030 156105 156156 156157 156585 157197 154737 152014 156053 153249 154217 151493 154984 151917 151990 151292 152022 152251 152824 152897 152976 156483 156484 151370 156855 156953 153362 151252 154799 152103 155409 153210 154475 156301 156302 155824 156284
148216 36
156302 156301 155824 156284 152824 156953 152251 156484 151292 156855 155409 151252 152103 152897 154475 154217 152976 151370 154799 154984 151493 151917 153362 151990 156483 152022 153210 153249 152014 154737 156053 155146 155147 156105 156030 155665
148219 35
156284 156302 156301 155824 155409 154799 152103 153210 151252 154475 154217 153362 151493 156483 152976 151370 152824 152251 152022 156855 151292 152897 151990 156953 151917 154984 156484 152014 154737 153249 156053 156157 156156 156008 156105
148220 35
155824 156301 156302 156284 153210 151917 152897 156855 152824 156483 151990 152976 152103 151292 154475 156953 154217 151370 154799 154984 155409 151493 153362 156484 151252 152022 152251 152014 154737 153249 156053 156157 156156 156008 156105
148221 19
151026 151171 154105 154495 155108 155192 155665 155667 156008 156030 156105 156156 156157 156585 157197 153249 154737 156053 152014
148227 28
152022 151990 156855 156483 156953 151252 156484 152103 152251 152824 152897 152976 153210 151292 153362 154217 154475 151370 154799 154984 155409 151493 151917 156301 156284 155824 156302 154737
148228 23
155409 152103 151252 153210 154475 154799 152022 151292 156855 152976 151370 153362 154217 151493 152897 151990 152824 151917 154984 152251 156483 156484 156953
148229 27
152014 153249 154737 156053 151917 151990 151252 152022 152103 152251 152824 152897 152976 153210 151292 153362 154217 154475 151370 154799 154984 155409 151493 156483 156484 156855 156953
148231 23
156484 156855 156483 151917 151990 152022 152103 152251 152824 152897 152976 153210 153362 154217 154475 154799 154984 155409 151252 151292 151370 151493 156953
148234 25
156953 151990 156484 156855 156483 151252 152022 152103 152251 152824 152897 152976 153210 151292 153362 154217 154475 151370 154799 154984 155409 151493 151917 156284 155824
148235 25
156953 151990 156484 156855 156483 151252 152022 152103 152251 152824 152897 152976 153210 151292 153362 154217 154475 151370 154799 154984 155409 151493 151917 156284 155824
148237 23
156484 156855 156483 151917 151990 151252 152022 152103 152251 152824 152897 152976 153210 151292 153362 154217 154475 151370 154799 154984 155409 151493 156953
148241 16
155436 154290 153079 156301 156302 156284 155824 151252 151990 152897 152976 153210 151292 151370 152824 152251
148242 16
155436 154290 153079 156301 156302 156284 155824 151252 151990 152897 152976 153210 151292 151370 152824 152251
148243 16
155436 154290 153079 156301 156302 156284 155824 151252 151990 152897 152976 153210 151292 151370 152824 152251
148247 26
156855 156484 156953 151917 151990 152022 152103 152251 152824 152897 152976 153210 153362 154217 154475 154799 154984 155409 151252 151292 151370 151493 156483 156301 156302 156284
148248 26
156855 156484 156953 151917 151990 152022 152103 152251 152824 152897 152976 153210 153362 154217 154475 154799 154984 155409 151252 151292 151370 151493 156483 156301 156302 156284
148250 4
155824 156284 156301 156302
148251 4
155824 156284 156301 156302
148252 27
155824 156284 156301 156302 151917 151990 152022 152103 152251 152824 152897 152976 153210 153362 154217 154475 154799 154984 155409 151252 151292 151370 151493 156483 156484 156855 156953
148265 22
156483 156484 151493 151917 151990 152022 152103 152251 152824 152897 152976 151252 153210 153362 154217 151292 154475 154799 154984 155409 151370 156855
148266 22
156483 156484 151493 151917 151990 152022 152103 152251 152824 152897 152976 151252 153210 153362 154217 151292 154475 154799 154984 155409 151370 156855
148267 23
156484 156855 156483 151917 151990 152022 152103 152251 152824 152897 152976 151252 153210 153362 154217 151292 154475 154799 154984 155409 151370 151493 156953
148269 19
155244 152562 155381 155930 155201 157243 155318 155367 155927 155911 153275 151575 156302 156301 156284 155824 152897 152824 151917
148272 15
157243 151575 155244 155381 155930 152562 153275 155201 155318 155367 155911 155927 156301 156284 155824
148276 18
154799 154217 153362 154475 151292 151917 151990 151370 152022 152103 151493 152251 152824 152897 152976 153210 151252 154984
148286 2
155146 155147
148287 2
155146 155147
148289 8
152014 153249 154737 156053 155824 156284 156301 156302
148295 8
152014 153249 154737 156053 155824 156284 156301 156302
148299 8
152014 153249 154737 156053 155824 156284 156301 156302
148302 8
152014 153249 154737 156053 155824 156284 156301 156302
148305 8
152014 153249 154737 156053 155824 156284 156301 156302
148306 8
152014 153249 154737 156053 155824 156284 156301 156302
148310 4
152014 153249 154737 156053
148312 8
152014 153249 154737 156053 155824 156284 156301 156302
148313 23
156302 155824 156284 156301 151252 152897 151990 152251 151917 152824 152103 152976 153210 151292 154217 153362 154475 151370 154799 154984 155409 152022 151493
148315 15
153362 151370 151493 151252 151917 151990 152022 152103 151292 152251 152824 152897 152976 153210 154217
148325 40
155665 155667 156008 156030 156105 156156 156157 156585 157197 154737 152014 156053 153249 156301 156302 155824 156284 154475 151370 154799 154984 155409 151493 151917 151990 151252 152022 152103 152251 152824 152897 152976 153210 151292 156483 156484 153362 156855 156953 154217
148326 40
155665 155667 156008 156030 156105 156156 156157 156585 157197 154737 152014 156053 153249 156301 156302 155824 156284 154475 151370 154799 154984 155409 151493 151917 151990 151252 152022 152103 152251 152824 152897 152976 153210 151292 156483 156484 153362 156855 156953 154217
148328 40
155665 155667 156008 156030 156105 156156 156157 156585 157197 154737 152014 156053 153249 156301 156302 155824 156284 154475 151370 154799 154984 155409 151493 151917 151990 151252 152022 152103 152251 152824 152897 152976 153210 151292 156483 156484 153362 156855 156953 154217
148329 40
155665 155667 156008 156030 156105 156156 156157 156585 157197 154737 152014 156053 153249 154217 151493 154984 151917 151990 151292 152022 152251 152824 152897 152976 156483 156484 151370 156855 156953 153362 151252 154799 152103 155409 153210 154475 156301 156302 155824 156284
148330 40
155665 155667 156008 156030 156105 156156 156157 156585 157197 154737 152014 156053 153249 156301 156302 155824 156284 154475 151370 154799 154984 155409 151493 151917 151990 151252 152022 152103 152251 152824 152897 152976 153210 151292 156483 156484 153362 156855 156953 154217
148331 40
155665 155667 156008 156030 156105 156156 156157 156585 157197 154737 152014 156053 153249 156301 156302 155824 156284 154475 151370 154799 154984 155409 151493 151917 151990 151252 152022 152103 152251 152824 152897 152976 153210 151292 156483 156484 153362 156855 156953 154217
148332 40
155665 155667 156008 156030 156105 156156 156157 156585 157197 154737 152014 156053 153249 156301 156302 155824 156284 154475 151370 154799 154984 155409 151493 151917 151990 151252 152022 152103 152251 152824 152897 152976 153210 151292 156483 156484 153362 156855 156953 154217
148333 40
155665 155667 156008 156030 156105 156156 156157 156585 157197 154737 152014 156053 153249 156301 156302 155824 156284 154475 151370 154799 154984 155409 151493 151917 151990 151252 152022 152103 152251 152824 152897 152976 153210 151292 156483 156484 153362 156855 156953 154217
148334 15
157243 152562 155244 155381 155930 151575 153275 155201 155318 155367 155911 155927 156301 156284 155824
148336 15
157243 152562 155244 155381 155930 151575 153275 155201 155318 155367 155911 155927 156301 156284 155824
148337 15
157243 152562 155244 155381 155930 151575 153275 155201 155318 155367 155911 155927 156301 156284 155824
148346 15
151575 152562 155927 157243 155930 155381 153275 155244 155201 155911 155318 155367 152014 154737 153249
148355 25
151292 151370 151493 151917 151990 152022 152251 152824 152897 152976 153362 154217 154984 156483 156484 156855 156953 153210 155409 151252 152103 154475 154799 155147 155146
148356 25
151292 151370 151493 151917 151990 152022 152251 152824 152897 152976 153362 154217 154984 156483 156484 156855 156953 153210 155409 151252 152103 154475 154799 155147 155146
148357 23
151252 151292 151370 151493 151917 151990 152022 152103 152251 152824 152897 152976 153210 153362 154217 154475 154799 154984 155409 156483 156484 156855 156953
148363 28
151228 151524 151927 152708 152733 154170 154171 155343 156743 155667 156008 156030 156105 156156 156157 156585 155665 157197 156302 155824 156284 156301 154495 155108 155192 154105 151171 151026
148364 28
151228 151524 151927 152708 152733 154170 154171 155343 156743 155667 156008 156030 156105 156156 156157 156585 155665 157197 156302 155824 156284 156301 154495 155108 155192 154105 151171 151026
148365 28
151228 151524 151927 152708 152733 154170 154171 155343 156743 155667 156008 156030 156105 156156 156157 156585 155665 157197 156302 155824 156284 156301 154495 155108 155192 154105 151171 151026
148366 30
151837 152854 151228 151927 152708 152733 151524 154170 154171 155343 156743 155667 156008 156030 156105 156156 156157 156585 155665 157197 156302 155824 156284 156301 154495 155108 155192 154105 151171 151026
148367 31
151837 152854 156511 151927 152708 152733 151524 154170 154171 155343 151228 156743 156008 156030 156105 156156 156157 155665 156585 155667 157197 155824 156284 156301 156302 155108 155192 154105 151171 151026 154495
148369 13
155665 155667 156008 156030 156105 156156 156157 156585 157197 154737 152014 156053 153249
148374 4
152014 153249 154737 156053
148375 12
151228 151524 151927 152708 152733 154170 154171 155343 156743 151609 152108 156772
148376 12
151228 151524 151927 152708 152733 154170 154171 155343 156743 151609 152108 156772
148377 12
151228 151524 151927 152708 152733 154170 154171 155343 156743 151609 152108 156772
148378 4
155824 156284 156301 156302
148386 28
154737 153249 152014 156053 154720 153407 153984 153790 153064 152736 152791 153800 152834 153824 153806 153079 154290 155436 153210 152976 151990 152897 152824 151917 151292 152251 151252 152103
148389 28
156053 154737 152014 153249 154720 155436 154290 153079 153790 153984 153806 153800 153407 152736 152791 152834 153064 153824 153210 152976 151990 152897 152824 151917 151292 152251 151252 152103
148390 28
156053 154737 152014 153249 154720 155436 154290 153079 153790 153984 153806 153800 153407 152736 152791 152834 153064 153824 153210 152976 151990 152897 152824 151917 151292 152251 151252 152103
148392 28
154720 154290 153079 155436 152834 153824 153800 152791 153407 153790 153806 153984 152736 153064 151292 152976 151990 152897 152824 151493 152251 151370 153362 151917 152022 154217 154984 156483
148394 28
154720 154290 153079 155436 152834 153824 153800 152791 153407 153790 153806 153984 152736 153064 151292 152976 151990 152897 152824 151493 152251 151370 153362 151917 152022 154217 154984 156483
148395 30
156053 153249 154737 152014 154720 152736 153800 153790 153984 152791 153824 153806 153407 153064 152834 154290 153079 155436 153210 152976 151990 152897 152824 151917 151292 152251 151252 152103 153362 151370
148396 30
156053 153249 154737 152014 154720 152736 153800 153790 153984 152791 153824 153806 153407 153064 152834 154290 153079 155436 153210 152976 151990 152897 152824 151917 151292 152251 151252 152103 153362 151370
148397 9
151026 151171 154105 154495 155108 155192 151609 152108 156772
148398 9
151026 151171 154105 154495 155108 155192 151609 152108 156772
148400 18
155665 155667 156008 156030 156105 156156 156157 156585 157197 154495 155108 155192 151026 151171 154105 152108 156772 151609
148401 13
151609 152108 156772 151171 154105 154495 155108 155192 151026 156284 156301 156302 155824
148403 13
151026 151171 154105 154495 155108 155192 151609 152108 156772 156284 156301 156302 155824
148404 9
151609 152108 156772 151171 154105 154495 155108 155192 151026
148405 7
151609 152108 156772 156284 156301 156302 155824
148406 4
155824 156284 156301 156302
148407 4
155824 156284 156301 156302
148408 4
155824 156284 156301 156302
148409 12
151609 152108 156772 151874 152162 151914 156801 156301 156302 155824 156284 154720
148410 7
151874 151914 152162 152108 151609 156772 156801
148411 3
151609 152108 156772
148413 7
151609 152108 156772 156284 156301 156302 155824
148414 8
151609 152108 156772 156511 156301 156302 155824 156284
148415 8
151609 152108 156772 156511 156301 156302 155824 156284
148417 8
151609 152108 156772 156511 156301 156302 155824 156284
148420 3
151609 152108 156772
148421 3
151609 152108 156772
148422 4
156511 152108 151609 156772
148423 4
156511 152108 151609 156772
148424 11
151609 152108 156772 151874 152162 151914 156801 156301 156302 155824 156284
148426 11
151609 152108 156772 151874 152162 151914 156801 156301 156302 155824 156284
148427 7
151609 152108 156772 156284 156301 156302 155824
148428 8
151609 152108 156772 156284 156301 156302 155824 154720
148429 19
156511 155667 156008 156030 156105 156156 156157 155665 156585 157197 155108 155192 151026 151171 154105 154495 151609 156772 152108
148430 19
156511 155667 156008 156030 156105 156156 156157 155665 156585 157197 155108 155192 151026 151171 154105 154495 151609 156772 152108
148431 3
151609 152108 156772
148437 5
156511 156284 156301 156302 155824
148438 14
151026 151171 154105 154495 155108 155192 151609 152108 156772 156511 156301 156302 155824 156284
148439 12
151609 152108 156772 151874 152162 151914 156511 156301 156302 155824 156284 156801
148440 12
151609 152108 156772 156511 152162 151914 151874 156301 156302 155824 156284 156801
148441 12
151609 152108 156772 151874 152162 151914 156511 156301 156302 155824 156284 156801
148443 12
151609 152108 156772 151874 152162 151914 156511 156301 156302 155824 156284 156801
148444 12
151609 152108 156772 151874 152162 151914 156511 156301 156302 155824 156284 156801
148445 12
151609 152108 156772 151874 152162 151914 156511 156301 156302 155824 156284 156801
148453 14
151026 151171 154105 154495 155108 155192 151609 152108 156772 156511 156301 156302 155824 156284
148455 14
151026 151171 154105 154495 155108 155192 151609 152108 156772 156511 156301 156302 155824 156284
148456 13
151026 151171 154105 154495 155108 155192 151914 152162 151874 156511 151609 152108 156772
148458 21
152785 153939 155695 155055 155056 155460 154153 155730 154105 155108 155192 151026 154495 151171 151874 151914 152162 156511 151609 152108 156772
148459 13
151026 151171 154105 154495 155108 155192 151914 152162 151874 156511 151609 152108 156772
148462 7
151026 151171 154105 154495 155108 155192 156511
148466 14
151609 152108 156772 151171 154105 154495 155108 155192 151026 156511 156301 156302 155824 156284
148489 30
154290 153079 155436 153984 153064 153824 152834 153407 152791 153800 152736 153806 153790 155930 155927 157243 155381 155367 152562 155244 151575 153275 155201 155318 155911 154217 153362 152022 153210 152976
148491 29
154290 153079 155436 151575 152562 155201 155318 155930 155367 155381 155244 155927 157243 155911 153275 152736 153984 153806 153800 153790 153407 153824 152791 152834 153064 154217 153362 152022 153210
148493 9
151609 152108 156772 156511 156301 156302 155824 156284 154720
148495 9
151609 152108 156772 156511 156301 156302 155824 156284 154720
148497 9
151609 152108 156772 156511 156301 156302 155824 156284 154720
148499 9
151609 152108 156772 156511 156301 156302 155824 156284 154720
148500 6
151609 152108 156772 155147 155146 156511
148502 6
151609 152108 156772 156511 155146 155147
148503 6
151609 152108 156772 155147 155146 156511
148504 6
151609 152108 156772 155147 155146 156511
148505 26
155930 155911 153275 155201 157243 155381 155927 155367 155318 155244 152562 151575 154720 154217 153362 152022 153210 152976 151990 151370 152897 152824 151917 154984 152251 154799
148506 26
155930 155911 153275 155201 157243 155381 155927 155367 155318 155244 152562 151575 154720 154217 153362 152022 153210 152976 151990 151370 152897 152824 151917 154984 152251 154799
148507 23
154290 153079 155436 154720 152562 157243 153275 151575 155927 155911 155367 155318 155381 155930 155201 155244 154217 153362 152022 153210 152976 151990 151370
148508 5
156511 156284 156301 156302 155824
148511 5
156511 156284 156301 156302 155824
148513 5
156511 156284 156301 156302 155824
148515 5
156511 156284 156301 156302 155824
148516 17
155824 156284 156301 156302 154720 153275 152562 157243 155381 151575 155911 155927 155930 155201 155244 155318 155367
148517 16
151292 151370 151493 151917 151990 152022 152103 152251 152824 152897 152976 153210 153362 154217 154475 151252
148519 16
151292 151370 151493 151917 151990 152022 152103 152251 152824 152897 152976 153210 153362 154217 154475 151252
148527 23
156484 156855 156483 151252 151917 151990 152022 152103 151292 152251 152824 152897 152976 153210 153362 154217 154475 154799 154984 155409 151370 151493 156953
148528 23
156484 156855 156483 151252 151917 151990 152022 152103 151292 152251 152824 152897 152976 153210 153362 154217 154475 154799 154984 155409 151370 151493 156953
148541 18
155927 151575 155318 155911 152562 153275 155201 155244 155367 155381 155930 157243 152976 152897 151917 152824 152251 151292
148542 16
155367 157243 155927 152562 155381 155930 155201 153275 155911 151575 155244 155318 155436 154290 153079 151252
148543 16
155367 157243 155927 152562 155381 155930 155201 153275 155911 151575 155244 155318 155436 154290 153079 151252
148544 16
153362 154217 151493 151252 151292 151917 151990 152022 152103 151370 152251 152824 152897 152976 153210 154475
148545 16
155930 152562 155927 155318 157243 151575 153275 155367 155201 155244 155381 155911 152103 155409 151252 153210
148547 15
153362 151370 151493 151252 151917 151990 152022 152103 151292 152251 152824 152897 152976 153210 154217
148551 26
155244 155318 157243 152562 155911 155201 155381 155930 151575 153275 155367 155927 152824 152251 151370 151252 151493 151292 154799 152103 154475 154984 154217 152022 153362 153210
148552 26
155244 155318 157243 152562 155911 155201 155381 155930 151575 153275 155367 155927 152824 152251 151370 151252 151493 151292 154799 152103 154475 154984 154217 152022 153362 153210
148553 25
156953 151292 156484 156855 156483 151370 151917 151990 152022 152103 151493 151252 152251 152824 152897 152976 153210 153362 154217 154475 154799 154984 155409 155824 156301
148555 22
154720 153407 153064 153984 152736 153800 152834 153790 153806 153824 152791 153079 154290 155436 152562 155318 155367 155244 155201 155381 151575 153275
148556 22
154720 153407 153064 153984 152736 153800 152834 153790 153806 153824 152791 153079 154290 155436 152562 155318 155367 155244 155201 155381 151575 153275
148557 22
154720 153407 153064 153984 152736 153800 152834 153790 153806 153824 152791 153079 154290 155436 152562 155318 155367 155244 155201 155381 151575 153275
148558 22
154720 153064 153790 153984 152834 152791 153407 153800 153806 153824 152736 157243 155436 153079 154290 152562 153275 151575 155318 155367 155244 155201
148560 22
154720 153407 153064 153984 152736 153800 152834 153790 153806 153824 152791 153079 154290 155436 152562 155318 155367 155244 155201 155381 151575 153275
148561 22
154720 154290 153079 155436 152736 152834 153984 153790 153806 153824 153407 153064 153800 152791 157243 152562 153275 155367 151575 155244 155201 155318
148562 22
154720 153407 153064 153984 152736 153800 152834 153790 153806 153824 152791 153079 154290 155436 152562 155318 155367 155244 155201 155381 151575 153275
148563 23
154720 152736 153790 153800 152791 153806 153064 153407 153824 153984 152834 155436 154290 153079 152562 155367 155381 155244 155201 155318 151575 153275 155911
148564 35
152791 153824 152834 153790 153064 153984 152736 153407 153800 153806 153079 154290 155436 157243 151575 155930 155911 153275 155367 152562 155201 155244 155318 155381 155927 154217 153362 152022 153210 152976 151990 151370 152897 152824 151917
148565 23
153064 153407 152791 152834 152736 153800 153806 153790 153824 153984 155436 154290 153079 152562 153275 157243 151575 155381 155318 155244 155367 155911 155201
148566 21
153407 153806 153064 152791 152834 153790 152736 153800 153824 153984 154290 153079 155436 152562 151575 155367 155318 155244 155381 153275 155201
148567 21
153407 153806 153064 152791 152834 153790 152736 153800 153824 153984 154290 153079 155436 152562 151575 155367 155318 155244 155381 153275 155201
148568 21
152736 153800 152791 153984 152834 153407 153064 153790 153806 153824 153079 154290 155436 152562 151575 155367 155244 155201 155318 155381 153275
148569 21
152736 153800 152791 153984 152834 153407 153064 153790 153806 153824 153079 154290 155436 152562 151575 155367 155244 155201 155318 155381 153275
148570 21
152736 153800 152791 153984 152834 153407 153064 153790 153806 153824 153079 154290 155436 152562 151575 155367 155244 155201 155318 155381 153275
148571 21
152736 153800 152791 153984 152834 153407 153064 153790 153806 153824 153079 154290 155436 152562 151575 155367 155244 155201 155318 155381 153275
148572 21
154720 153407 152736 153984 152791 153800 153064 153790 153806 153824 152834 155436 153079 154290 155367 155318 155381 155244 155201 151575 155911
148573 21
154720 153407 152736 153984 152791 153800 153064 153790 153806 153824 152834 155436 153079 154290 155367 155318 155381 155244 155201 151575 155911
148574 21
154720 155436 154290 153079 152562 157243 153275 155930 155927 155381 155367 155244 151575 155318 155911 155201 154217 153362 152022 153210 152976
148575 21
152834 153407 153064 153984 152791 153800 152736 153790 153806 153824 154720 155436 153079 154290 155367 155318 155381 155244 155201 151575 155911
148578 21
153064 153407 152791 153984 152834 153800 152736 153790 153806 153824 154720 154290 155436 153079 155367 155318 155381 155244 151575 155201 155911
148579 22
154720 153407 153064 153984 152736 153800 152834 153790 153806 153824 152791 153079 154290 155436 152562 155318 155367 155244 155201 155381 151575 153275
148580 22
154720 153407 153064 153984 152736 153800 152834 153790 153806 153824 152791 153079 154290 155436 152562 155318 155367 155244 155201 155381 151575 153275
148581 21
154720 153407 153064 153984 152736 153800 152834 153790 153806 153824 152791 153079 154290 155436 152562 151575 155318 155244 155201 155367 153275
148583 15
156284 156301 155930 153275 155201 155244 155318 155367 155381 151575 152562 155824 155911 155927 156302
148609 18
156284 156302 155824 156301 153275 155367 157243 155244 155201 155318 151575 155381 155911 155927 155930 152562 156053 152014
148610 18
156284 156302 155824 156301 153275 155367 157243 155244 155201 155318 151575 155381 155911 155927 155930 152562 156053 152014
148612 7
151609 152108 156772 151874 152162 151914 156801
148614 11
151609 152108 156772 151874 152162 151914 156801 154737 156053 152014 153249
148617 7
151609 152108 156772 153249 154737 156053 152014
148618 7
151609 152108 156772 153249 154737 156053 152014
148622 33
152785 153939 155695 155055 155056 155460 154153 155730 156792 155664 155653 152733 155343 151228 151524 151927 154170 154171 156743 152708 156511 151609 156772 152108 156105 156156 156157 155665 156585 155667 156008 156030 157197
148625 13
156511 152108 151609 156772 156008 156030 156105 156156 156157 155665 156585 155667 157197
148626 13
156511 155667 156008 156030 156105 156156 156157 155665 156585 157197 151609 156772 152108
148628 22
151228 151524 151927 152708 152733 154170 154171 155343 156743 156511 156008 156030 156105 156156 156157 155665 156585 155667 157197 151609 156772 152108
148629 13
156511 155667 156008 156030 156105 156156 156157 155665 156585 157197 151609 156772 152108
148630 13
156511 155667 156008 156030 156105 156156 156157 155665 156585 157197 151609 156772 152108
148633 24
151228 151524 151927 152708 152733 154170 154171 155343 156743 155146 155147 156511 156008 156030 156105 156156 156157 155665 156585 155667 157197 151609 156772 152108
148634 12
155665 155667 156008 156030 156105 156156 156157 156585 157197 152108 156772 151609
148637 13
155665 155667 156008 156030 156105 156156 156157 156585 157197 152108 156772 151609 156511
148638 12
151609 152108 156772 156511 155146 155147 155108 151026 151171 155192 154105 154495
148640 12
151609 152108 156772 156511 155146 155147 155108 151026 151171 155192 154105 154495
148641 12
151609 152108 156772 156511 155146 155147 155108 151026 151171 155192 154105 154495
148643 12
151609 152108 156772 156511 155146 155147 155108 151026 151171 155192 154105 154495
148644 12
151609 152108 156772 156511 155146 155147 155108 151026 151171 155192 154105 154495
148645 12
151609 152108 156772 156511 155146 155147 155108 151026 151171 155192 154105 154495
148648 15
152108 151609 156772 154495 155108 155192 154105 151171 151026 156511 155147 155146 154153 155056 155055
148649 12
151609 152108 156772 151171 154105 154495 155108 155192 151026 156511 155147 155146
148652 12
155146 155147 151609 152108 156772 154495 155108 151026 151171 155192 154105 156511
148653 12
155146 155147 154105 154495 155108 151026 151171 155192 151609 152108 156772 156511
148658 20
155665 155667 156008 156030 156105 156156 156157 156585 157197 155147 155146 152108 156772 151609 151171 155192 154105 154495 155108 151026
148660 11
155146 155147 151609 152108 156772 154495 155108 151026 151171 155192 154105
148661 20
155665 155667 156008 156030 156105 156156 156157 156585 157197 155147 155146 152108 156772 151609 151171 155192 154105 154495 155108 151026
148662 20
155665 155667 156008 156030 156105 156156 156157 156585 157197 155147 155146 152108 156772 151609 151171 155192 154105 154495 155108 151026
