150829 18
154475 154799 154217 153210 152976 153362 152897 151990 152022 152103 151493 152251 151252 151292 151370 152824 151917 154984
150830 18
152562 153275 157243 155367 155201 151575 155927 155381 155244 155930 155318 155911 153064 153984 153824 152834 153806 153800
150831 18
157243 153275 155381 155930 151575 152562 155244 155318 155911 155927 155367 155201 152736 153064 153984 153824 152834 153806
150838 24
151026 151171 154105 154495 155108 155192 155824 156284 156301 156302 154720 151874 151914 152162 153984 152736 152791 152834 153064 153407 153790 153800 153806 153824
150839 10
151026 151171 154105 154495 155108 155192 155824 156284 156301 156302
150843 15
153806 153800 153984 153824 152736 152791 152834 153064 153407 153790 151874 152162 151914 151171 151026
150849 16
151026 151171 154105 154495 155108 155192 153407 153790 153800 153806 153824 153984 152736 152791 152834 153064
150850 16
151026 151171 154105 154495 155108 155192 153407 153790 153800 153806 153824 153984 152736 152791 152834 153064
150851 16
151026 151171 154105 154495 155108 155192 153407 153790 153800 153806 153824 153984 152736 152791 152834 153064
150852 6
151026 151171 154105 154495 155108 155192
150865 16
151026 151171 154105 154495 155108 155192 153407 153790 153800 153806 153824 153984 152736 152791 152834 153064
150866 16
151026 151171 154105 154495 155108 155192 153407 153790 153800 153806 153824 153984 152736 152791 152834 153064
150868 16
151026 151171 154105 154495 155108 155192 153407 153790 153800 153806 153824 153984 152736 152791 152834 153064
150872 22
155146 155147 155244 157243 155911 155201 155927 153275 155367 155381 155930 155318 151575 152562 153064 153984 153824 152834 153806 153800 152791 153790
150873 24
152736 152791 152834 153064 153407 153790 153800 153806 153824 153984 155146 155147 153275 151575 152562 155201 155244 155318 155367 155381 155911 155927 155930 157243
150875 24
152736 152791 152834 153064 153407 153790 153800 153806 153824 153984 155146 155147 153275 151575 152562 155201 155244 155318 155367 155381 155911 155927 155930 157243
150876 18
155318 151575 155911 157243 155201 152562 155367 155381 155927 155930 155244 153275 153800 152791 153790 152834 152736 153984
150878 15
155927 151575 155318 155911 157243 152562 155201 155244 155367 155381 155930 153275 153800 152791 153790
150880 10
151026 151171 154105 154495 155108 155192 152669 152732 152372 156511
150881 5
152372 152669 152732 155146 155147
150882 5
152372 152669 152732 155146 155147
150883 5
152372 152669 152732 155146 155147
150885 5
152372 152669 152732 155146 155147
150892 5
152372 152669 152732 155146 155147
150895 5
152372 152669 152732 155146 155147
150897 5
152372 152669 152732 155146 155147
150908 15
153984 153824 152834 152791 153064 152736 153407 153790 153800 153806 153275 155244 155201 152562 151575
150909 15
153984 153824 152834 152791 153064 152736 153407 153790 153800 153806 153275 155244 155201 152562 151575
150912 10
152736 152791 152834 153064 153407 153790 153800 153806 153824 153984
150913 2
155146 155147
150914 2
155146 155147
150915 2
155146 155147
150916 2
155146 155147
150919 8
151026 151171 154105 154495 155108 155192 155147 155146
150921 8
151026 151171 154105 154495 155108 155192 155147 155146
150923 6
151026 151171 154105 154495 155108 155192
150924 8
151026 151171 154105 154495 155108 155192 155147 155146
150925 8
151026 151171 154105 154495 155108 155192 155147 155146
150936 16
154984 156484 152976 153362 154217 156483 152022 151370 152251 151493 151292 151917 152824 151990 152897 156855
150954 40
155824 156284 156301 156302 155367 155381 151575 155911 155927 155930 155201 155244 155318 152562 153275 157243 154720 154217 154475 151493 154799 154984 151252 151917 151990 152022 152103 155409 152251 151292 152824 152897 152976 153210 151370 156483 156484 156855 156953 153362
150957 40
155824 156284 156301 156302 155244 155318 155367 155381 151575 155911 155927 155930 152562 153275 155201 157243 154720 154217 154475 151493 154799 154984 151252 151917 151990 152022 152103 155409 152251 151292 152824 152897 152976 153210 151370 156483 156484 156855 156953 153362
150959 17
155824 156284 156301 156302 154720 155244 155318 155367 155381 152562 155911 155927 155930 153275 151575 155201 157243
150960 24
152736 152791 152834 153064 153407 153790 153800 153806 153824 153984 151575 152562 153275 155201 155244 155318 155367 155381 155911 155927 155930 157243 157091 156972
150961 22
152736 152791 152834 153064 153407 153790 153800 153806 153824 153984 151575 152562 153275 155201 155244 155318 155367 155381 155911 155927 155930 157243
150962 22
152736 152791 152834 153064 153407 153790 153800 153806 153824 153984 151575 152562 153275 155201 155244 155318 155367 155381 155911 155927 155930 157243
150966 25
156972 157091 155436 153079 154290 156483 152824 156484 151292 154799 151252 151370 152897 152976 154984 151917 153362 153210 151990 152022 152103 152251 151493 154217 154475
150967 25
156972 157091 155436 153079 154290 156483 152824 156484 151292 154799 151252 151370 152897 152976 154984 151917 153362 153210 151990 152022 152103 152251 151493 154217 154475
150968 21
155436 153079 154290 157091 156972 152022 154799 154984 151292 151990 152824 151370 152897 152976 151252 151917 153362 152251 153210 151493 152103
150970 15
153362 151370 151493 151252 151917 151990 152022 152103 152251 151292 152824 152897 152976 153210 154217
150972 19
154290 155436 153079 156972 157091 151990 151370 154475 151292 152251 153362 151493 152824 151252 151917 152103 152976 152897 152022
150974 45
151575 152562 153275 155201 155244 155318 155367 155381 155911 155927 155930 157243 153984 152791 152834 153064 152736 153407 153790 153800 153806 153824 152103 152251 151292 151370 151493 154217 154475 154799 154984 152824 151252 152897 152976 151917 155409 153210 151990 153362 156483 156484 156855 156953 152022
150975 42
154475 151292 152824 154799 154217 151370 153210 151252 154984 153362 155409 152976 151917 151493 156855 156484 156953 152897 156483 151990 152022 152103 152251 152834 152791 153984 153824 153806 153800 153790 153407 152736 153064 155367 155318 153275 155930 155927 155244 155911 155381 155201
150976 39
154475 151292 152824 154799 154217 151370 153210 151252 151990 154984 155409 152976 151917 151493 156483 156855 156484 152897 156953 153362 152022 152103 152251 152834 152791 153984 153824 153806 153800 153790 153407 152736 153064 155367 155318 153275 155927 155244 155911
150977 37
156855 152251 152976 152022 152824 151990 156953 151370 151917 154984 154217 151493 151292 152897 156483 156484 153362 155409 154475 152103 153210 154799 151252 152834 152791 153984 153824 153806 153800 153407 153790 152736 153064 155367 155318 153275 155244
150978 16
156932 156801 154217 153210 152976 151917 152022 151292 152103 151370 152251 151493 151252 152824 151990 152897
150979 25
156568 156932 156801 151874 152162 151914 152022 151990 151370 152897 152976 153210 153362 154217 152824 151917 155409 154984 156483 156484 152251 154799 154475 152103 151493
150980 22
156932 156801 156484 154475 154984 156483 152022 152897 152103 151370 152251 151493 151252 152824 151292 154217 152976 151917 153210 153362 151990 154799
150981 21
156932 156801 156483 154475 154799 155409 152022 152897 152103 151370 152251 151493 151252 152824 151292 151990 152976 151917 153210 153362 154217
150982 21
156932 156801 156483 154475 154799 155409 152022 152897 152103 151370 152251 151493 151252 152824 151292 151990 152976 151917 153210 153362 154217
150983 21
156932 156801 156483 154475 154799 155409 152022 152897 152103 151370 152251 151493 151252 152824 151292 151990 152976 151917 153210 153362 154217
150985 22
156932 156801 156484 154475 154984 156483 152022 152897 152103 151370 152251 151493 151252 152824 151292 154217 152976 151917 153210 153362 151990 154799
150986 21
156932 156801 156483 154475 154799 155409 152022 152897 152103 151370 152251 151493 151252 152824 151292 151990 152976 151917 153210 153362 154217
150987 40
156801 151292 156483 152251 154475 151370 156855 151917 155409 152824 156953 151990 151252 154217 154799 156484 152976 152897 151493 154984 153210 152022 153362 152103 151914 151874 152162 152834 152791 153984 153824 153806 153800 153407 153790 152736 153064 155367 155318 153275
150990 18
156932 156801 154799 154217 153362 151917 152022 152897 152103 151370 152251 151493 151252 152824 151292 151990 152976 153210
150991 19
156932 156801 154984 153210 154475 154799 151990 152824 152022 152103 151493 152251 151252 151292 151370 152976 151917 152897 153362
150992 23
155665 155667 156008 156030 156105 156156 156157 156585 157197 154495 155108 155192 151026 151171 154105 151914 152162 151874 156801 154737 156053 152014 153249
150993 23
155665 155667 156008 156030 156105 156156 156157 156585 157197 154495 155108 155192 151026 151171 154105 151914 152162 151874 156801 154737 156053 152014 153249
150994 19
155665 155667 156008 156030 156105 156156 156157 156585 157197 154495 155108 155192 151026 151171 154105 151914 152162 151874 156801
150997 9
154720 151914 152162 151874 156801 152014 154737 156053 153249
150998 9
154720 151914 152162 151874 156801 152014 154737 156053 153249
150999 9
154720 151914 152162 151874 156801 152014 154737 156053 153249
151000 9
154720 151914 152162 151874 156801 152014 154737 156053 153249
151002 9
154720 153249 152014 154737 156053 151874 152162 151914 156801
151005 9
154720 151914 152162 151874 153249 152014 154737 156053 156801
151006 9
154720 151914 152162 151874 153249 152014 154737 156053 156801
151007 9
154720 151914 152162 151874 153249 152014 154737 156053 156801
151008 9
154720 151914 152162 151874 153249 152014 154737 156053 156801
151010 9
154720 151914 152162 151874 153249 152014 154737 156053 156801
151011 9
154720 151914 152162 151874 153249 152014 154737 156053 156801
151013 9
151026 151171 154105 154495 155108 155192 151609 152108 156772
151014 18
151228 151524 151927 152708 152733 154170 154171 155343 156743 151026 154495 155108 155192 154105 151171 151609 152108 156772
151016 9
151026 151171 154105 154495 155108 155192 151609 152108 156772
151017 8
151609 152108 156772 154720 156801 151914 151874 152162
151018 8
151609 152108 156772 154720 156801 151914 151874 152162
151022 8
151609 152108 156772 154720 156801 151914 151874 152162
151024 12
151228 151524 151927 152708 152733 154170 154171 155343 156743 151609 152108 156772
151025 17
151228 151524 151927 152708 152733 154170 154171 155343 156743 151609 152108 156772 154720 156801 151874 151914 152162
151026 17
151228 151524 151927 152708 152733 154170 154171 155343 156743 151609 152108 156772 154720 156801 151874 151914 152162
151027 13
151228 151524 151927 152708 152733 154170 154171 155343 156743 151609 152108 156772 154720
151029 9
154720 153249 152014 154737 156053 151874 152162 151914 156801
151030 9
154720 153249 152014 154737 156053 156801 152162 151914 151874
151031 9
154720 153249 152014 154737 156053 156801 152162 151914 151874
151032 5
154720 153249 152014 154737 156053
151033 5
154720 153249 152014 154737 156053
151034 8
151874 151914 152162 156801 153249 154737 156053 152014
151035 17
151228 151524 151927 152708 152733 154170 154171 155343 156743 151914 151874 152162 156801 152014 156053 153249 154737
151037 9
151228 151524 151927 152708 152733 154170 154171 155343 156743
151038 9
151228 151524 151927 152708 152733 154170 154171 155343 156743
151042 9
151228 151524 151927 152708 152733 154170 154171 155343 156743
151044 9
152708 152733 155343 156743 151524 154170 154171 151927 151228
151045 17
151228 151524 151927 152708 152733 154170 154171 155343 156743 151914 151874 152162 154737 152014 156053 153249 156801
151048 12
151228 151524 151927 152708 152733 154170 154171 155343 156743 151914 151874 152162
151049 12
151228 151524 151927 152708 152733 154170 154171 155343 156743 151914 151874 152162
151050 17
151228 151524 151927 152708 152733 154170 154171 155343 156743 151914 151874 152162 154737 152014 156053 153249 156801
151051 18
155146 155147 151927 152708 152733 154170 154171 151228 151524 155343 156743 152372 152732 152669 153249 154737 156053 152014
151054 21
155146 155147 151927 152708 152733 154170 154171 151228 151524 155343 156743 152372 152732 152669 153249 154737 156053 152014 151609 152108 156772
151055 9
151228 151524 151927 154170 154171 152708 152733 155343 156743
151056 9
151228 151524 151927 154170 154171 152708 152733 155343 156743
151058 9
151026 151171 154105 154495 155108 155192 151914 152162 151874
151059 7
152014 153249 154737 156053 152652 156858 156926
151061 7
152014 152652 153249 154737 156053 156858 156926
151062 11
151621 153880 155216 152162 151874 151914 152014 154737 153249 156053 156801
151064 20
151228 151524 151927 152708 152733 154170 154171 155343 156743 155216 151621 153880 152162 151914 151874 153249 152014 156053 154737 156801
151065 11
151621 153880 155216 152014 154737 153249 156053 156801 151914 151874 152162
151068 11
151621 153880 155216 152014 154737 153249 156053 152162 151914 151874 156801
151069 11
151621 153880 155216 152014 154737 153249 156053 152162 151914 151874 156801
151071 11
151621 153880 155216 152014 154737 153249 156053 152162 151914 151874 156801
151072 11
151621 153880 155216 152014 154737 153249 156053 152162 151914 151874 156801
151073 11
151621 153880 155216 152014 154737 153249 156053 152162 151914 151874 156801
151074 15
151621 153880 155216 151927 152708 152733 151524 154170 154171 151228 155343 156743 152162 151914 151874
151075 15
151621 153880 155216 151927 152708 152733 151524 154170 154171 151228 155343 156743 152162 151914 151874
151077 15
151621 153880 155216 151927 152708 152733 151524 154170 154171 151228 155343 156743 152162 151914 151874
151079 17
156972 157091 155216 151621 153880 152733 151524 154170 154171 151228 155343 156743 151927 152708 151874 152162 151914
151080 17
152652 156858 156926 155216 151621 153880 152733 151228 154170 154171 151927 155343 156743 151524 152708 155147 155146
151081 15
152652 156858 156926 155216 151621 153880 152733 151228 154170 154171 151927 155343 156743 151524 152708
151082 31
155665 155667 156008 156030 156105 156156 156157 156585 157197 156858 156926 152652 157091 156972 154170 154171 155343 156743 151524 151927 151228 152708 152733 153249 156053 154737 152014 151621 155216 153880 156801
151083 31
155665 155667 156008 156030 156105 156156 156157 156585 157197 156858 156926 152652 157091 156972 154170 154171 155343 156743 151524 151927 151228 152708 152733 153249 156053 154737 152014 151621 155216 153880 156801
151084 31
151026 151171 154105 154495 155108 155192 156972 157091 156926 152652 156858 151927 151228 152708 155343 156743 152733 151524 154170 154171 153249 154737 156053 152014 156801 155216 153880 151621 151874 151914 152162
151086 34
155665 155667 156008 156030 156105 156156 156157 156585 157197 154495 155108 155192 151026 151171 154105 157091 156972 152652 156858 156926 151228 152708 155343 156743 152733 151524 154170 154171 151927 152014 156053 153249 154737 156801
151087 33
155665 155667 156008 156030 156105 156156 156157 156585 157197 154495 155108 155192 151026 151171 154105 151228 154170 154171 151524 151927 152708 155343 156743 152733 155146 155147 155216 151621 153880 153249 156053 152014 154737
151090 21
156972 157091 151927 152708 152733 154170 154171 155343 156743 151228 151524 153880 155216 151621 156053 154737 153249 152014 151914 152162 151874
151091 21
156972 157091 151927 152708 152733 154170 154171 155343 156743 151228 151524 153880 155216 151621 156053 154737 153249 152014 151914 152162 151874
151092 21
156972 157091 151927 152708 152733 154170 154171 155343 156743 151228 151524 153880 155216 151621 156053 154737 153249 152014 151914 152162 151874
151094 21
156972 157091 151927 152708 152733 154170 154171 155343 156743 151228 151524 153880 155216 151621 156053 154737 153249 152014 151914 152162 151874
151095 21
156972 157091 151927 152708 152733 154170 154171 155343 156743 151228 151524 153880 155216 151621 156053 154737 153249 152014 151914 152162 151874
151096 14
151228 151524 151927 152708 152733 154170 154171 155343 156743 155216 151621 153880 155147 155146
151098 12
151228 151524 151927 152708 152733 154170 154171 155343 156743 155216 151621 153880
151100 12
151228 151524 151927 152708 152733 154170 154171 155343 156743 155216 151621 153880
151102 12
151228 151524 151927 152708 152733 154170 154171 155343 156743 155216 151621 153880
151103 12
151228 151524 151927 152708 152733 154170 154171 155343 156743 155216 151621 153880
151104 14
151228 151524 151927 152708 152733 154170 154171 155343 156743 155216 151621 153880 155147 155146
151105 20
151228 151524 151927 152708 152733 154170 154171 155343 156743 155216 151621 153880 152162 151914 151874 153249 152014 156053 154737 156801
151107 16
151228 151524 151927 152708 152733 154170 154171 155343 156743 155216 151621 153880 152162 151914 151874 156801
151108 18
156972 157091 151927 152708 152733 154170 154171 155343 156743 151228 151524 153880 155216 151621 151874 152162 151914 156801
151109 16
151228 151524 151927 152708 152733 154170 154171 155343 156743 155216 151621 153880 152162 151914 151874 156801
151111 16
151228 151524 151927 152708 152733 154170 154171 155343 156743 155216 151621 153880 152162 151914 151874 156801
151112 16
151228 151524 151927 152708 152733 154170 154171 155343 156743 155216 151621 153880 152162 151914 151874 156801
151113 16
151228 151524 151927 152708 152733 154170 154171 155343 156743 155216 151621 153880 152162 151914 151874 156801
151114 25
155665 155667 156008 156030 156105 156156 156157 156585 157197 151524 151927 152708 152733 154170 154171 155343 156743 151228 153249 156053 154737 152014 153880 151621 155216
151115 16
151228 151524 151927 152708 152733 154170 154171 155343 156743 154737 152014 156053 153249 153880 151621 155216
151116 16
151228 151524 151927 152708 152733 154170 154171 155343 156743 154737 152014 156053 153249 153880 151621 155216
151117 18
152652 156858 156926 156972 157091 152733 154170 154171 155343 156743 151524 151927 151228 152708 154737 152014 156053 153249
151118 18
152652 156858 156926 156972 157091 152733 154170 154171 155343 156743 151524 151927 151228 152708 154737 152014 156053 153249
151119 18
152652 156858 156926 156972 157091 152733 154170 154171 155343 156743 151524 151927 151228 152708 154737 152014 156053 153249
151122 31
151026 151171 154105 154495 155108 155192 155665 155667 156008 156030 156105 156156 156157 156585 157197 151228 154170 154171 151524 151927 152708 155343 156743 152733 155216 151621 153880 152014 156053 154737 153249
151123 34
151026 151171 154105 154495 155108 155192 155665 155667 156008 156030 156105 156156 156157 156585 157197 151228 154170 154171 151524 151927 152708 155343 156743 152733 156858 156926 152652 153880 155216 151621 154737 153249 152014 156053
151126 34
151026 151171 154105 154495 155108 155192 155665 155667 156008 156030 156105 156156 156157 156585 157197 151228 154170 154171 151524 151927 152708 155343 156743 152733 156858 156926 152652 153880 155216 151621 154737 153249 152014 156053
151127 18
156972 157091 151927 152708 152733 154170 154171 155343 156743 151228 151524 153880 155216 151621 156053 154737 153249 152014
151128 18
156972 157091 151927 152708 152733 154170 154171 155343 156743 151228 151524 153880 155216 151621 156053 154737 153249 152014
151130 18
156972 157091 151927 152708 152733 154170 154171 155343 156743 151228 151524 153880 155216 151621 156053 154737 153249 152014
151131 18
151228 151524 151927 152708 152733 154170 154171 155343 156743 155216 151621 153880 153249 152014 156053 154737 155146 155147
151132 12
151228 151524 151927 152708 152733 154170 154171 155343 156743 155216 151621 153880
151133 16
151228 151524 151927 152708 152733 154170 154171 155343 156743 155216 151621 153880 152162 151914 151874 156801
151134 18
156972 157091 151927 152708 152733 154170 154171 155343 156743 151228 151524 153880 155216 151621 151874 152162 151914 156801
151135 14
151228 151524 151927 152708 152733 154170 154171 155343 156743 155216 151621 153880 155147 155146
151136 14
151228 151524 151927 152708 152733 154170 154171 155343 156743 155216 151621 153880 155147 155146
151137 11
151621 153880 155216 152014 154737 153249 156053 152162 151914 151874 156801
151139 11
151621 153880 155216 152014 154737 153249 156053 152162 151914 151874 156801
151140 11
151621 153880 155216 152014 154737 153249 156053 152162 151914 151874 156801
151141 11
151621 153880 155216 152014 154737 153249 156053 152162 151914 151874 156801
151144 11
151621 153880 155216 152014 154737 153249 156053 152162 151914 151874 156801
151145 8
152014 153249 154737 156053 151914 151874 152162 156801
151147 8
152014 153249 154737 156053 151914 151874 152162 156801
151148 8
152014 153249 154737 156053 151914 151874 152162 156801
151150 8
152014 153249 154737 156053 151914 151874 152162 156801
151151 3
152372 152669 152732
151152 15
151026 151171 154105 154495 155108 155192 152733 151228 154170 154171 151524 151927 152708 155343 156743
151153 15
151026 151171 154105 154495 155108 155192 152733 151228 154170 154171 151524 151927 152708 155343 156743
151154 4
152014 153249 154737 156053
151155 4
152014 153249 154737 156053
151156 4
152014 153249 154737 156053
151158 4
152014 153249 154737 156053
151159 4
152014 153249 154737 156053
151161 10
151026 151171 154105 154495 155108 155192 154737 152014 153249 156053
151163 20
155146 155147 155653 155664 156792 154170 154171 151228 151524 155343 151927 152708 156743 152733 155192 151026 154495 155108 154105 151171
151165 18
156792 155664 155653 152708 152733 154170 154171 155343 151228 151524 156743 151927 155192 154105 151171 151026 154495 155108
151167 15
151026 151171 154105 154495 155108 155192 152733 151228 154170 154171 151524 151927 152708 155343 156743
151168 15
151026 151171 154105 154495 155108 155192 152733 151228 154170 154171 151524 151927 152708 155343 156743
151170 15
151026 151171 154105 154495 155108 155192 152733 151228 154170 154171 151524 151927 152708 155343 156743
151175 17
151228 151524 151927 152708 152733 154170 154171 155343 156743 151914 151874 152162 154737 152014 156053 153249 156801
151176 17
151228 151524 151927 152708 152733 154170 154171 155343 156743 154737 152014 156053 153249 151874 151914 152162 156801
151177 8
152014 153249 154737 156053 151914 151874 152162 156801
151178 13
151228 151524 151927 152708 152733 154170 154171 155343 156743 154737 152014 156053 153249
151179 19
151026 151171 154105 154495 155108 155192 152733 151228 154170 154171 151524 151927 152708 155343 156743 153249 154737 156053 152014
151180 19
151026 151171 154105 154495 155108 155192 152733 151228 154170 154171 151524 151927 152708 155343 156743 153249 154737 156053 152014
151181 19
151026 151171 154105 154495 155108 155192 152733 151228 154170 154171 151524 151927 152708 155343 156743 153249 154737 156053 152014
151182 19
151026 151171 154105 154495 155108 155192 152733 151228 154170 154171 151524 151927 152708 155343 156743 153249 154737 156053 152014
151183 13
151228 151524 151927 152708 152733 154170 154171 155343 156743 154737 152014 156053 153249
151185 16
151228 151524 151927 152708 152733 154170 154171 155343 156743 152732 152669 152372 154737 152014 156053 153249
151186 18
155146 155147 151927 152708 152733 154170 154171 151228 151524 155343 156743 153249 154737 156053 152014 152372 152732 152669
151187 9
151228 151524 151927 152708 152733 154170 154171 155343 156743
151188 9
151228 151524 151927 152708 152733 154170 154171 155343 156743
151189 9
151228 151524 151927 152708 152733 154170 154171 155343 156743
151190 13
151228 151524 151927 152708 152733 154170 154171 155343 156743 154737 152014 156053 153249
151191 13
151228 151524 151927 152708 152733 154170 154171 155343 156743 154737 152014 156053 153249
151192 13
151228 151524 151927 152708 152733 154170 154171 155343 156743 154737 152014 156053 153249
151193 13
151228 151524 151927 152708 152733 154170 154171 155343 156743 154737 152014 156053 153249
151194 13
151228 151524 151927 152708 152733 154170 154171 155343 156743 154737 152014 156053 153249
151195 13
151228 151524 151927 152708 152733 154170 154171 155343 156743 154737 152014 156053 153249
151196 13
151228 151524 151927 152708 152733 154170 154171 155343 156743 154737 152014 156053 153249
151198 13
151228 151524 151927 152708 152733 154170 154171 155343 156743 154737 152014 156053 153249
151199 13
151228 151524 151927 152708 152733 154170 154171 155343 156743 154737 152014 156053 153249
151200 13
151228 151524 151927 152708 152733 154170 154171 155343 156743 154737 152014 156053 153249
151201 13
151228 151524 151927 152708 152733 154170 154171 155343 156743 154737 152014 156053 153249
151204 13
151228 151524 151927 152708 152733 154170 154171 155343 156743 154737 152014 156053 153249
151206 13
151228 151524 151927 152708 152733 154170 154171 155343 156743 154737 152014 156053 153249
151207 16
151228 151524 151927 152708 152733 154170 154171 155343 156743 151914 151874 152162 154737 152014 156053 153249
151208 16
151228 151524 151927 152708 152733 154170 154171 155343 156743 151914 151874 152162 154737 152014 156053 153249
151209 12
151228 151524 151927 152708 152733 154170 154171 155343 156743 151914 151874 152162
151210 12
151228 151524 151927 152708 152733 154170 154171 155343 156743 151914 151874 152162
151211 16
151228 151524 151927 152708 152733 154170 154171 155343 156743 151914 151874 152162 154737 152014 156053 153249
151213 16
151228 151524 151927 152708 152733 154170 154171 155343 156743 151914 151874 152162 154737 152014 156053 153249
151215 16
151228 151524 151927 152708 152733 154170 154171 155343 156743 151914 151874 152162 154737 152014 156053 153249
151216 16
151228 151524 151927 152708 152733 154170 154171 155343 156743 151914 151874 152162 154737 152014 156053 153249
151217 16
152708 152733 155343 156743 151524 154170 154171 151927 151228 151914 151874 152162 154737 152014 156053 153249
151218 16
151228 151524 151927 152708 152733 154170 154171 155343 156743 151914 151874 152162 154737 152014 156053 153249
151219 15
156972 157091 151927 152708 152733 154170 154171 155343 156743 151228 151524 156053 153249 154737 152014
151222 4
152014 153249 154737 156053
151223 13
151228 151524 151927 154170 154171 152708 152733 155343 156743 154737 152014 156053 153249
151226 4
152014 153249 154737 156053
151227 18
151228 151524 151927 152708 152733 154170 154171 155343 156743 155146 155147 155664 155653 156792 153249 156053 154737 152014
151228 18
151228 151524 151927 152708 152733 154170 154171 155343 156743 155146 155147 155664 155653 156792 153249 156053 154737 152014
151229 13
151228 151524 151927 152708 152733 154170 154171 155343 156743 154737 152014 156053 153249
151230 13
151228 151524 151927 152708 152733 154170 154171 155343 156743 154737 152014 156053 153249
151231 15
151228 151524 151927 152708 152733 154170 154171 155343 156743 152732 152669 152372 155664 155653 156792
151232 15
151228 151524 151927 152708 152733 154170 154171 155343 156743 152732 152669 152372 155664 155653 156792
151233 15
151228 151524 151927 152708 152733 154170 154171 155343 156743 152732 152669 152372 155664 155653 156792
151234 15
151228 151524 151927 152708 152733 154170 154171 155343 156743 152732 152669 152372 155664 155653 156792
151235 15
151228 151524 151927 152708 152733 154170 154171 155343 156743 152732 152669 152372 155664 155653 156792
151239 9
151228 151524 151927 152708 152733 154170 154171 155343 156743
151241 9
151228 151524 151927 152708 152733 154170 154171 155343 156743
151242 9
151228 151524 151927 152708 152733 154170 154171 155343 156743
151243 14
152708 152733 155343 156743 151524 154170 154171 151927 151228 155146 155147 155664 155653 156792
151245 14
151228 151524 151927 152708 152733 154170 154171 155343 156743 155146 155147 155664 155653 156792
151248 20
152372 152669 152732 151228 151524 151927 154170 154171 152708 152733 155343 156743 151914 151874 152162 154737 152014 156053 153249 156801
151250 20
152372 152669 152732 151228 151524 152708 151927 152733 154170 154171 155343 156743 151914 151874 152162 154737 152014 156053 153249 156801
151251 20
152372 152669 152732 151228 151524 152708 151927 152733 154170 154171 155343 156743 151914 151874 152162 154737 152014 156053 153249 156801
151253 20
152372 152669 152732 151228 151524 152708 151927 152733 154170 154171 155343 156743 151914 151874 152162 154737 152014 156053 153249 156801
151254 20
152372 152669 152732 151228 151524 152708 151927 152733 154170 154171 155343 156743 154737 152014 156053 153249 151874 151914 152162 156801
151255 22
156972 157091 152732 152372 152669 152708 151927 152733 154170 154171 155343 156743 151228 151524 152014 154737 152162 156053 151914 153249 151874 156801
151256 12
152372 152669 152732 151228 151524 152708 151927 152733 154170 154171 155343 156743
151259 12
152372 152669 152732 151228 151524 151927 154170 154171 152708 152733 155343 156743
151260 12
152372 152669 152732 151228 151524 152708 151927 152733 154170 154171 155343 156743
151261 12
152372 152669 152732 151228 151524 152708 151927 152733 154170 154171 155343 156743
151262 12
152372 152669 152732 151228 151524 152708 151927 152733 154170 154171 155343 156743
151263 12
152372 152669 152732 151228 151524 152708 151927 152733 154170 154171 155343 156743
151264 8
151874 151914 152162 156801 153249 154737 156053 152014
151265 8
151874 151914 152162 156801 153249 154737 156053 152014
151267 8
151874 151914 152162 156801 153249 154737 156053 152014
151268 8
151874 151914 152162 156801 153249 154737 156053 152014
151272 8
151874 151914 152162 156801 153249 154737 156053 152014
151274 8
151874 151914 152162 156801 153249 154737 156053 152014
151276 4
152014 153249 154737 156053
151277 4
152014 153249 154737 156053
151278 4
152014 153249 154737 156053
151279 4
152014 153249 154737 156053
151283 8
151874 151914 152162 152014 153249 154737 156053 156801
151284 8
151874 151914 152162 152014 153249 154737 156053 156801
151285 8
151874 151914 152162 152014 153249 154737 156053 156801
151286 8
151874 151914 152162 156801 153249 154737 156053 152014
151287 8
151874 151914 152162 156801 153249 154737 156053 152014
151288 8
151874 151914 152162 156801 153249 154737 156053 152014
151289 8
151874 151914 152162 152014 153249 154737 156053 156801
151290 8
151874 151914 152162 156801 153249 154737 156053 152014
151293 8
151874 151914 152162 156801 153249 154737 156053 152014
151295 8
151874 151914 152162 156801 153249 154737 156053 152014
151296 8
156801 151914 152162 151874 153249 154737 156053 152014
151297 8
156801 151914 152162 151874 153249 154737 156053 152014
151298 8
151874 151914 152162 156801 153249 154737 156053 152014
151299 8
151874 151914 152162 156801 153249 154737 156053 152014
151300 8
151874 151914 152162 156801 153249 154737 156053 152014
151301 8
151874 151914 152162 156801 153249 154737 156053 152014
151302 4
151874 151914 152162 156801
151304 4
151874 151914 152162 156801
151306 4
151874 151914 152162 156801
151309 4
151874 151914 152162 156801
151310 4
151874 151914 152162 156801
151311 4
151874 151914 152162 156801
151312 4
151874 151914 152162 156801
151313 4
151874 151914 152162 156801
151315 8
152014 153249 154737 156053 156801 151874 152162 151914
151316 10
156972 157091 154737 156053 152014 153249 152162 151914 151874 156801
151317 10
156972 157091 154737 156053 152014 153249 152162 151914 151874 156801
151319 10
156972 157091 154737 156053 152014 153249 152162 151914 151874 156801
151321 10
156972 157091 154737 156053 152014 153249 152162 151914 151874 156801
151323 10
156972 157091 154737 156053 152014 153249 152162 151914 151874 156801
151324 8
152014 153249 154737 156053 156801 151874 152162 151914
151325 8
152014 153249 154737 156053 151914 151874 152162 156801
151326 8
152014 153249 154737 156053 156801 151874 152162 151914
151328 8
152014 153249 154737 156053 151914 151874 152162 156801
151329 8
152014 153249 154737 156053 151914 151874 152162 156801
151330 8
152014 153249 154737 156053 151914 151874 152162 156801
151332 8
152014 153249 154737 156053 151914 151874 152162 156801
151333 8
152014 153249 154737 156053 151914 151874 152162 156801
151334 8
152014 153249 154737 156053 151914 151874 152162 156801
151335 8
152014 153249 154737 156053 151914 151874 152162 156801
151336 8
152014 153249 154737 156053 151914 151874 152162 156801
151337 8
152014 153249 154737 156053 156801 151874 152162 151914
151339 8
152014 153249 154737 156053 151914 151874 152162 156801
151340 8
152014 153249 154737 156053 151914 151874 152162 156801
151342 8
152014 153249 154737 156053 151914 151874 152162 156801
151343 8
152014 153249 154737 156053 156801 151874 152162 151914
151344 8
152014 153249 154737 156053 151914 151874 152162 156801
151345 8
152014 153249 154737 156053 156801 151874 152162 151914
151347 8
152014 153249 154737 156053 151914 151874 152162 156801
151348 4
156801 151914 152162 151874
151349 4
156801 151914 152162 151874
151351 8
156801 153249 154737 156053 152014 151874 152162 151914
151353 8
156801 153249 154737 156053 152014 151874 152162 151914
151354 8
156801 153249 154737 156053 152014 151874 152162 151914
151355 11
151609 152108 156772 156801 154737 156053 152014 153249 152162 151874 151914
151356 4
152014 153249 154737 156053
151358 8
156801 151914 152162 151874 153249 154737 156053 152014
151359 8
156801 151914 152162 151874 153249 154737 156053 152014
151360 8
156801 151914 152162 151874 153249 154737 156053 152014
151361 8
156801 151914 152162 151874 153249 154737 156053 152014
151363 8
156801 153249 154737 156053 152014 151874 152162 151914
151365 8
156801 153249 154737 156053 152014 151874 152162 151914
151369 4
152014 153249 154737 156053
151371 4
152014 153249 154737 156053
151377 4
152014 153249 154737 156053
151378 4
152014 153249 154737 156053
151379 4
152014 153249 154737 156053
151380 4
152014 153249 154737 156053
151381 4
152014 153249 154737 156053
151383 4
152014 153249 154737 156053
151384 4
152014 153249 154737 156053
151385 4
152014 153249 154737 156053
151387 4
152014 153249 154737 156053
151388 4
152014 153249 154737 156053
151390 4
152014 153249 154737 156053
151391 12
152372 152669 152732 151228 151524 151927 154170 154171 152708 152733 155343 156743
151392 20
151228 151524 151927 152708 152733 154170 154171 155343 156743 152732 152669 152372 156801 152014 156053 153249 154737 151914 152162 151874
151393 20
151228 151524 151927 152708 152733 154170 154171 155343 156743 152732 152669 152372 156801 152014 156053 153249 154737 151914 152162 151874
151395 22
156972 157091 151927 152708 152733 154170 154171 155343 156743 151228 151524 152372 152732 152669 156801 153249 154737 152014 156053 151874 151914 152162
151396 20
151228 151524 151927 152708 152733 154170 154171 155343 156743 152732 152669 152372 156801 152014 156053 153249 154737 151914 152162 151874
151397 20
152708 152733 155343 156743 151524 154170 154171 151927 151228 152732 152669 152372 156801 152014 156053 153249 154737 151914 152162 151874
151398 20
152708 152733 155343 156743 151524 154170 154171 151927 151228 152732 152669 152372 156801 152014 156053 153249 154737 151914 152162 151874
151399 20
152708 152733 155343 156743 151524 154170 154171 151927 151228 152732 152669 152372 156801 152014 156053 153249 154737 151914 152162 151874
151400 22
156972 157091 155343 156743 152708 152733 154171 151927 151228 151524 154170 152372 152732 152669 156053 153249 154737 152014 156801 151874 151914 152162
151401 22
156972 157091 155343 156743 152708 152733 154171 151927 151228 151524 154170 152372 152732 152669 156053 153249 154737 152014 156801 151874 151914 152162
151402 22
156972 157091 155343 156743 152708 152733 154171 151927 151228 151524 154170 152372 152732 152669 156053 153249 154737 152014 156801 151874 151914 152162
151405 18
156972 157091 155343 156743 152708 152733 154171 151927 151228 151524 154170 152372 152732 152669 156801 151914 151874 152162
151408 20
151228 151524 151927 152708 152733 154170 154171 155343 156743 152732 152669 152372 156801 152014 156053 153249 154737 151914 152162 151874
151409 7
152372 152669 152732 156801 151914 152162 151874
151411 7
152372 152669 152732 156801 151914 152162 151874
151412 7
152372 152669 152732 156801 151914 152162 151874
151415 7
152372 152669 152732 156801 151914 152162 151874
151416 7
156801 151914 152162 151874 152669 152732 152372
151417 16
151228 151524 151927 152708 152733 154170 154171 155343 156743 152732 152669 152372 156801 151874 152162 151914
151421 7
152372 152669 152732 156801 151914 152162 151874
151422 4
152014 153249 154737 156053
151423 4
152014 153249 154737 156053
151424 4
152014 153249 154737 156053
151425 4
152014 153249 154737 156053
151426 4
152014 153249 154737 156053
151427 4
152014 153249 154737 156053
151430 4
151874 151914 152162 156801
151432 4
151874 151914 152162 156801
151435 8
152014 153249 154737 156053 151914 151874 152162 156801
151436 8
152014 153249 154737 156053 151914 151874 152162 156801
151438 8
152014 153249 154737 156053 151914 151874 152162 156801
151440 8
151874 151914 152162 156801 153249 154737 156053 152014
151443 8
151874 151914 152162 156801 153249 154737 156053 152014
151444 8
151874 151914 152162 156801 153249 154737 156053 152014
151446 8
151874 151914 152162 156801 153249 154737 156053 152014
151447 14
151026 151171 154105 154495 155108 155192 151914 152162 151874 156801 152014 153249 156053 154737
151448 4
151874 151914 152162 156801
151449 30
151228 151524 151927 154170 154171 152708 152733 155343 156743 151609 152108 156772 156008 156030 156105 156156 156157 156585 155665 155667 157197 154105 151171 151026 154495 155108 155192 152162 151874 151914
151450 9
151026 151171 154105 154495 155108 155192 151914 152162 151874
151451 9
151026 151171 154105 154495 155108 155192 151914 152162 151874
151452 9
151026 151171 154105 154495 155108 155192 151914 152162 151874
151453 24
151026 151171 154105 154495 155108 155192 155665 155667 156008 156030 156105 156156 156157 156585 157197 151228 154170 154171 151524 151927 152708 155343 156743 152733
151455 9
151228 151524 151927 152708 152733 154170 154171 155343 156743
151456 9
151228 151524 151927 152708 152733 154170 154171 155343 156743
151458 9
151228 151524 151927 152708 152733 154170 154171 155343 156743
151459 9
151228 151524 151927 152708 152733 154170 154171 155343 156743
151461 9
151228 151524 151927 152708 152733 154170 154171 155343 156743
151462 9
151228 151524 151927 152708 152733 154170 154171 155343 156743
151463 9
151228 151524 151927 152708 152733 154170 154171 155343 156743
151465 9
151228 151524 151927 152708 152733 154170 154171 155343 156743
151468 9
151228 151524 151927 152708 152733 154170 154171 155343 156743
151469 13
151228 151524 151927 152708 152733 154170 154171 155343 156743 154737 152014 156053 153249
151471 13
151228 151524 151927 152708 152733 154170 154171 155343 156743 154737 152014 156053 153249
151472 13
151228 151524 151927 152708 152733 154170 154171 155343 156743 154737 152014 156053 153249
151473 8
152014 153249 154737 156053 156801 151874 152162 151914
151475 11
151609 152108 156772 153249 154737 156053 152014 156801 152162 151874 151914
151476 22
151228 151524 151927 152708 152733 154170 154171 155343 156743 156972 157091 156772 151609 152108 153249 154737 152014 156053 156801 151874 152162 151914
151477 13
151228 151524 151927 152708 152733 154170 154171 155343 156743 154737 152014 156053 153249
151478 13
151228 151524 151927 152708 152733 154170 154171 155343 156743 154737 152014 156053 153249
151479 8
151874 151914 152162 156801 153249 154737 156053 152014
151480 11
151609 152108 156772 153249 154737 156053 152014 156801 152162 151874 151914
151481 11
151609 152108 156772 156801 152162 151914 151874 154737 156053 152014 153249
151482 11
151609 152108 156772 151874 152162 151914 156801 154737 156053 152014 153249
151483 11
151609 152108 156772 151874 152162 151914 156801 154737 156053 152014 153249
151484 11
151609 152108 156772 151874 152162 151914 156801 154737 156053 152014 153249
151485 11
151609 152108 156772 151874 152162 151914 156801 154737 156053 152014 153249
151486 11
151609 152108 156772 151874 152162 151914 156801 154737 156053 152014 153249
151488 11
151609 152108 156772 151874 152162 151914 156801 154737 156053 152014 153249
151489 11
151609 152108 156772 151874 152162 151914 156801 154737 156053 152014 153249
151490 11
151609 152108 156772 151874 152162 151914 156801 154737 156053 152014 153249
151491 27
155665 155667 156008 156030 156105 156156 156157 156585 157197 151524 151927 152708 152733 154170 154171 155343 156743 151228 157091 156972 154737 152014 153249 156053 152162 151874 151914
151492 27
155665 155667 156008 156030 156105 156156 156157 156585 157197 151524 151927 152708 152733 154170 154171 155343 156743 151228 157091 156972 154737 152014 153249 156053 152162 151874 151914
151493 27
155665 155667 156008 156030 156105 156156 156157 156585 157197 151524 151927 152708 152733 154170 154171 155343 156743 151228 157091 156972 154737 152014 153249 156053 152162 151874 151914
151495 27
155665 155667 156008 156030 156105 156156 156157 156585 157197 151524 151927 152708 152733 154170 154171 155343 156743 151228 157091 156972 154737 152014 153249 156053 152162 151874 151914
151497 22
155665 155667 156008 156030 156105 156156 156157 156585 157197 151524 151927 152708 152733 154170 154171 155343 156743 151228 153249 156053 154737 152014
151498 22
151228 151524 151927 152708 152733 154170 154171 155343 156743 156972 157091 156053 153249 154737 152014 156772 152108 151609 151914 151874 152162 156801
151499 22
151228 151524 151927 152708 152733 154170 154171 155343 156743 156972 157091 156772 151609 152108 153249 154737 152014 156053 151914 151874 152162 156801
151500 22
151228 151524 151927 152708 152733 154170 154171 155343 156743 156972 157091 156772 151609 152108 153249 154737 152014 156053 151914 151874 152162 156801
151501 31
155665 155667 156008 156030 156105 156156 156157 156585 157197 151524 151927 152708 152733 154170 154171 155343 156743 151228 157091 156972 154737 152014 153249 156053 152108 151609 156772 151914 151874 152162 156801
151502 22
151228 151524 151927 152708 152733 154170 154171 155343 156743 156972 157091 152162 151914 151874 156053 153249 154737 152014 156772 151609 152108 156801
151503 22
151228 151524 151927 152708 152733 154170 154171 155343 156743 156972 157091 156053 153249 154737 152014 152162 151874 151914 156772 151609 152108 156801
151504 2
156972 157091
151505 2
156972 157091
151506 11
151228 151524 151927 152708 152733 154170 154171 155343 156743 156972 157091
151507 11
151228 151524 151927 152708 152733 154170 154171 155343 156743 156972 157091
151508 11
151228 151524 151927 152708 152733 154170 154171 155343 156743 156972 157091
151511 11
151228 151524 151927 152708 152733 154170 154171 155343 156743 156972 157091
151514 11
151228 151524 151927 152708 152733 154170 154171 155343 156743 156972 157091
151515 17
151228 151524 151927 152708 152733 154170 154171 155343 156743 156972 157091 156772 151609 152108 152732 152669 152372
151516 17
151228 151524 151927 152708 152733 154170 154171 155343 156743 156972 157091 156772 151609 152108 152732 152669 152372
151517 17
151609 152108 156772 151927 151524 152708 152733 154170 154171 155343 156743 151228 156972 157091 152732 152669 152372
151518 17
151609 152108 156772 151927 151524 152708 152733 154170 154171 155343 156743 151228 156972 157091 152732 152669 152372
