153494 43
152736 153407 153064 153984 152834 153800 153806 152791 153824 153790 156932 155911 155927 153275 151575 155318 155930 155381 155244 157243 155201 152562 155367 156801 154217 153362 152022 153210 152976 151990 151370 152897 156484 156483 152824 151917 155409 154984 152251 154799 154475 152103 151493
153496 17
151874 151914 152162 156801 153275 152562 157243 155244 155318 155367 155381 155911 155927 155930 151575 155201 156932
153498 17
151874 151914 152162 156801 155201 155244 155318 155367 155381 155911 155927 155930 151575 153275 152562 157243 156932
153499 17
151874 151914 152162 156801 152562 153275 155201 155244 155318 155367 155381 155911 155927 155930 151575 157243 156932
153500 17
151874 151914 152162 156801 152562 153275 155201 155244 155318 155367 155381 155911 155927 155930 151575 157243 156932
153501 17
151874 151914 152162 156801 152562 153275 155201 155244 155318 155367 155381 155911 155927 155930 151575 157243 156932
153502 17
151874 151914 152162 156801 152562 153275 155201 155244 155318 155367 155381 155911 155927 155930 151575 157243 156932
153503 27
151874 151914 152162 156801 152562 153275 155201 155244 155318 155367 155381 155911 155927 155930 151575 157243 156932 152834 153064 152736 153407 153790 153800 153806 153824 153984 152791
153505 27
151874 151914 152162 156801 152562 153275 155201 155244 155318 155367 155381 155911 155927 155930 151575 157243 156932 152834 153064 152736 153407 153790 153800 153806 153824 153984 152791
153506 16
151575 152562 153275 155201 155244 155318 155367 155381 155911 155927 155930 157243 156932 155436 154290 153079
153507 20
151874 151914 152162 155824 156284 156301 156302 156801 155318 155367 155381 151575 155911 155927 155930 152562 153275 155201 155244 157243
153509 17
151874 151914 152162 156801 152562 153275 155201 155244 155318 155367 155381 155911 155927 155930 151575 157243 156932
153510 16
151575 152562 153275 155201 155244 155318 155367 155381 155911 155927 155930 157243 153079 155436 154290 156932
153512 16
151575 152562 153275 155201 155244 155318 155367 155381 155911 155927 155930 157243 156932 155436 154290 153079
153514 16
151575 152562 153275 155201 155244 155318 155367 155381 155911 155927 155930 157243 156932 155436 154290 153079
153515 25
156801 156932 153210 154475 154799 155409 151252 152103 152251 152824 152897 152976 151370 153362 154217 151493 151917 154984 151990 156483 156484 152022 156855 151292 156953
153517 36
151292 151990 156855 156483 152022 152103 156953 152897 152824 156484 152251 155409 152976 153210 151370 153362 154217 154475 154799 154984 151493 151252 151917 156932 156801 155367 155318 153275 155930 155927 155244 155911 155381 155201 152562 151575
153519 26
153984 153824 153806 153790 153800 153064 153407 152736 152791 152834 156932 155436 153079 154290 153210 155409 154799 151252 152103 154475 153362 152022 151493 152976 151990 152897
153520 32
156932 154290 153079 155436 153210 151252 154475 154799 152103 155409 153362 151493 154217 152976 152897 152022 156953 151990 151917 152251 151370 152824 156484 151292 154984 156483 156855 155367 155318 153275 155927 155244
153521 40
153984 152791 153806 153064 153800 153407 152736 152834 153790 153824 155436 154290 153079 151292 152897 152824 151493 156953 151370 154984 152022 152251 156855 151990 154217 152976 156484 153362 151917 156483 155409 154799 154475 152103 153210 151252 156932 155367 155318 153275
153522 33
156932 154290 155436 153079 151252 154799 153210 152103 154475 155409 153362 151493 154217 152897 152976 156953 152251 152022 151990 151917 151370 152824 156484 151292 154984 156483 156855 157243 153275 152562 155911 155381 155244
153523 37
156801 152562 153275 155201 155244 155318 155367 155381 155911 155927 155930 151575 157243 152976 153210 151370 153362 154217 154475 154799 154984 151493 151252 151917 151990 152022 155409 152103 152251 151292 156483 156484 152824 156855 156953 152897 156932
153524 37
156801 152562 153275 155201 155244 155318 155367 155381 155911 155927 155930 151575 157243 152976 153210 151370 153362 154217 154475 154799 154984 151493 151252 151917 151990 152022 155409 152103 152251 151292 156483 156484 152824 156855 156953 152897 156932
153526 26
156855 151990 156483 156484 152022 156953 155409 152103 152251 151292 152824 152897 152976 153210 151370 153362 154217 154475 154799 154984 151493 151252 151917 156932 155367 155318
153527 14
156801 156932 153275 155201 155244 155318 155367 155381 155911 155927 155930 151575 152562 157243
153528 21
151252 152103 154475 155409 153210 154799 152022 151990 156483 152897 152976 151493 153362 154217 152824 151917 151370 154984 152251 151292 156484
153530 21
151252 152103 154475 155409 153210 154799 152022 151990 156483 152897 152976 151493 153362 154217 152824 151917 151370 154984 152251 151292 156484
153531 28
152103 151990 156855 156953 155409 152022 156483 156484 152251 151292 152824 152897 152976 153210 151370 153362 154217 154475 154799 154984 151493 151252 151917 155367 155318 153275 155244 155911
153532 4
156932 154290 155436 153079
153533 15
153210 153362 151493 151252 151917 151990 152022 152103 152251 151292 152824 152897 152976 151370 154217
153534 16
155911 151575 155244 155381 157243 152562 153275 155201 155318 155367 155927 155930 153210 152022 151252 152976
153535 16
155911 151575 155244 155381 157243 152562 153275 155201 155318 155367 155927 155930 153210 152022 151252 152976
153536 14
156801 156932 153275 155201 155244 155318 155367 155381 155911 155927 155930 151575 152562 157243
153538 15
156932 151370 152022 151252 151917 151990 151493 152103 152251 151292 152824 152897 152976 153210 153362
153539 30
151990 152022 156855 152251 152103 155409 156483 156484 151292 156953 152824 152897 152976 153210 151370 153362 154217 154475 154799 154984 151493 151252 151917 156932 155367 155318 151575 155930 155927 155244
153541 16
156932 153079 154290 155436 151990 151917 151370 152251 151252 151292 152824 152897 152976 153210 152103 152022
153542 17
151874 151914 152162 156801 152562 153275 155201 155244 155318 155367 155381 155911 155927 155930 151575 157243 156932
153543 32
152103 151990 156484 152251 155409 152022 156855 156953 156483 151292 152824 152897 152976 153210 151370 153362 154217 154475 154799 154984 151493 151252 151917 155367 155318 151575 155930 155927 155244 155911 155381 155201
153544 32
152103 151990 156484 152251 155409 152022 156855 156953 156483 151292 152824 152897 152976 153210 151370 153362 154217 154475 154799 154984 151493 151252 151917 155367 155318 153275 155930 155927 155244 155911 155381 155201
153545 32
152103 151990 156484 152251 155409 152022 156855 156953 156483 151292 152824 152897 152976 153210 151370 153362 154217 154475 154799 154984 151493 151252 151917 155367 155318 151575 155930 155927 155244 155911 155381 155201
153546 35
154290 153079 155436 151292 152251 152103 154799 156953 154984 151493 152824 152897 152976 153210 153362 156484 154217 154475 151370 156855 156483 151252 151917 151990 152022 155409 155367 155318 153275 155930 155927 155244 155911 155381 155201
153547 35
151252 153210 154475 155409 154799 152103 151493 151292 152976 151370 152897 156483 156484 153362 152251 152022 151990 154984 156953 151917 154217 152824 156855 155436 153079 154290 155367 155318 153275 155930 155927 155244 155911 155381 155201
153548 28
152022 151990 155409 156484 156953 152103 156483 156855 152251 151292 152824 152897 152976 153210 151370 153362 154217 154475 154799 154984 151493 151252 151917 157243 153275 152562 155911 155381
153549 36
156932 152022 153362 156483 152897 154984 151493 152824 154217 151370 151917 152976 151292 152251 156484 156855 156953 151990 151252 155409 154799 154475 152103 153210 156801 155367 155318 153275 155930 155927 155244 155911 155381 155201 152562 151575
153550 29
151990 152022 156855 152251 152103 155409 156483 156484 156953 151292 152824 152897 152976 153210 151370 153362 154217 154475 154799 154984 151493 151252 151917 156932 155367 155318 153275 155927 155244
153551 29
151990 152022 156855 152251 152103 155409 156483 156484 156953 151292 152824 152897 152976 153210 151370 153362 154217 154475 154799 154984 151493 151252 151917 156932 155367 155318 153275 155927 155244
153553 25
156855 151990 155409 156483 156484 156953 152022 152103 152251 151292 152824 152897 152976 151370 153210 151493 153362 154217 151252 154475 154799 154984 151917 156932 154290
153554 25
156855 151990 155409 156483 156484 156953 152022 152103 152251 151292 152824 152897 152976 151370 153210 151493 153362 154217 151252 154475 154799 154984 151917 156932 154290
153555 18
154475 154799 151493 151252 151917 151990 152022 152103 152251 151292 152824 152897 152976 153210 151370 153362 154217 154984
153556 18
154475 154799 151493 151252 151917 151990 152022 152103 152251 151292 152824 152897 152976 153210 151370 153362 154217 154984
153557 26
157243 155927 155201 155244 153275 155911 155930 155381 155367 155318 152562 151575 156932 154217 153362 152022 153210 152976 151990 151370 152897 152824 151917 154984 152251 154799
153558 26
157243 155927 155201 155244 153275 155911 155930 155381 155367 155318 152562 151575 156932 154217 153362 152022 153210 152976 151990 151370 152897 152824 151917 154984 152251 154799
153559 16
153984 152791 153824 153806 152834 152736 153064 153407 153790 153800 156932 154475 152103 151252 154799 153210
153560 16
153984 152791 153824 153806 152834 152736 153064 153407 153790 153800 156932 154475 152103 151252 154799 153210
153561 16
153984 152791 153824 153806 152834 152736 153064 153407 153790 153800 156932 154475 152103 151252 154799 153210
153562 37
156801 156932 151370 151493 151917 151990 152022 152103 152251 152824 152897 152976 153210 153362 154217 154475 154799 154984 155409 156483 156484 151252 156855 151292 156953 155381 153275 155911 155927 155930 151575 152562 155201 155244 155318 155367 157243
153563 33
152251 151990 156855 152897 152103 152022 156483 156484 152976 156953 152824 155409 151292 151370 153210 151493 153362 154217 151252 154475 154799 154984 151917 155436 153079 154290 156932 155367 155318 151575 155930 155927 155244
153567 36
156932 155201 155244 155318 155367 155381 155911 155927 155930 151575 153275 152562 157243 155409 151252 153210 152103 154475 154799 152022 154984 151370 152251 151493 152824 152897 152976 151292 151917 153362 156483 156484 156855 154217 156953 151990
153568 36
156932 152562 153275 155201 155244 155318 155367 155381 155911 155927 155930 151575 157243 153362 154217 154984 151292 151917 151990 152022 152251 151370 152824 152897 156483 156484 156855 152976 156953 151493 154799 152103 155409 151252 153210 154475
153570 39
156932 154290 155436 153079 151917 151990 152022 152103 152251 152824 152897 152976 151252 153210 153362 154217 151292 154475 154799 154984 155409 151370 156483 156484 156855 151493 156953 155381 152562 151575 155911 155927 155930 153275 155201 155244 155318 155367 157243
153571 39
156932 154290 155436 153079 151917 151990 152022 152103 152251 152824 152897 152976 151252 153210 153362 154217 151292 154475 154799 154984 155409 151370 156483 156484 156855 151493 156953 155381 152562 151575 155911 155927 155930 153275 155201 155244 155318 155367 157243
153572 39
156932 151292 151370 151493 151917 151990 152022 152103 152251 152824 152897 152976 153210 153362 154217 154475 154799 154984 155409 156483 156484 156855 151252 156953 155436 153079 154290 153275 152562 157243 155911 155927 155930 155244 155318 155367 155381 151575 155201
153574 39
151252 151292 151370 151493 151917 151990 152022 152103 152251 152824 152897 152976 153210 153362 154217 154475 154799 154984 155409 156483 156484 156855 156953 156932 155436 153079 154290 155381 152562 151575 155911 155927 155930 153275 155201 155244 155318 155367 157243
153575 39
151252 151292 151370 151493 151917 151990 152022 152103 152251 152824 152897 152976 153210 153362 154217 154475 154799 154984 155409 156483 156484 156855 156953 156932 155436 153079 154290 155381 152562 151575 155911 155927 155930 153275 155201 155244 155318 155367 157243
153576 39
156932 151292 151370 151493 151917 151990 152022 152103 152251 152824 152897 152976 153210 153362 154217 154475 154799 154984 155409 156483 156484 156855 151252 156953 155367 155381 153275 155911 155927 155930 151575 152562 155201 155244 155318 157243 154290 153079 155436
153580 22
156568 152791 153806 153800 153064 152834 152736 153407 153984 153790 153824 156932 155367 155318 151575 155930 155927 155244 155911 155381 155201 153275
153582 21
156568 152736 153407 153984 152791 153064 152834 153790 153806 153824 153800 156801 157243 152562 153275 151575 155381 155911 155318 155244 155367
153584 40
155824 156284 156301 156302 156801 151990 152022 152103 152251 152824 152897 152976 153210 153362 154217 154475 154799 154984 155409 151252 151292 151370 151493 156483 156484 151917 156855 156953 155930 155244 155318 155367 155381 151575 155201 155911 155927 153275 152562 157243
153585 40
155930 155381 152562 155911 155318 157243 155367 155201 155927 153275 151575 155244 154217 153362 152022 153210 156483 152976 151990 151493 151370 152897 151292 156484 151917 156855 156953 151252 152824 155409 154984 152251 154799 154475 152103 156801 156301 156302 156284 155824
153588 40
155930 155381 152562 155911 155318 157243 155367 155201 155927 153275 151575 155244 154217 153362 152022 153210 156483 152976 151990 151493 151370 152897 151292 156484 151917 156855 156953 151252 152824 155409 154984 152251 154799 154475 152103 156801 156301 156302 156284 155824
153589 50
152791 153824 152736 153407 153064 153984 153790 152834 153806 153800 155911 155927 155930 151575 157243 153275 155381 155367 155244 155201 152562 155318 154217 153362 156953 152022 156855 151917 153210 156484 156483 152976 151990 151493 151370 152897 151292 151252 152824 155409 154984 152251 154799 154475 152103 156301 155824 156302 156284 156801
153590 40
156801 156284 156301 156302 155824 151990 152022 152103 152251 152824 152897 152976 153210 153362 154217 154475 154799 154984 155409 151252 151292 151370 151493 156483 156484 151917 156855 156953 153275 152562 157243 155244 155318 155367 155381 151575 155201 155911 155927 155930
153591 49
153824 153407 153790 153800 153064 153984 152736 152834 152791 153806 155911 155927 155930 151575 155381 155367 155244 153275 155201 152562 157243 155318 154217 153362 156953 152022 156855 151917 153210 156484 156483 152976 151990 151493 151370 152897 151292 151252 152824 155409 154984 152251 154799 154475 152103 156301 155824 156302 156284
153608 37
153790 153806 153407 152834 153800 153984 152791 152736 153824 153064 156932 153210 152976 152897 151917 152824 156953 151292 154984 154799 151493 151252 152251 151990 152022 155409 156855 154475 154217 152103 153362 151370 156483 156484 155367 155318 153275
153609 37
156932 152022 156484 156855 152103 155409 151370 152897 154799 152824 151292 152251 152976 153210 156953 153362 154217 154475 156483 154984 151493 151252 151917 151990 155367 157243 151575 155318 153275 155930 155927 155244 155911 155381 155201 152562 156801
153611 39
156932 151917 152897 151252 155409 151990 156953 156855 156484 156483 154984 151493 152103 152022 152824 152976 153210 151292 153362 154217 154475 154799 152251 151370 151575 155930 155201 155927 155911 153275 155381 155367 152562 155318 155244 157243 156801 152162 151914
153612 39
156932 151917 152897 151252 155409 151990 156953 156855 156484 156483 154984 151493 152103 152022 152824 152976 153210 151292 153362 154217 154475 154799 152251 151370 151575 155930 155201 155927 155911 153275 155381 155367 152562 155318 155244 157243 156801 152162 151914
153613 36
151990 152022 152824 152897 155409 152103 156484 156855 156483 152976 156953 151292 152251 151370 153210 151493 153362 154217 151252 154475 154799 154984 151917 156932 155930 155244 155927 155911 155201 151575 155381 152562 155367 155318 153275 157243
153614 39
151370 151917 151493 152251 155409 151990 156483 152824 156855 151252 156953 156484 152103 152022 152897 152976 153210 151292 153362 154217 154475 154799 154984 156932 151575 155930 155201 155927 155911 155381 155367 155318 155244 152562 153275 157243 156801 152162 151914
153615 23
156932 152103 154799 154475 151252 155409 153210 152022 151990 152976 151493 153362 154217 156483 152897 152824 156484 151917 151370 151292 154984 152251 156855
153618 22
156932 156484 151370 151252 151917 151990 152022 152103 152251 151292 152824 152897 152976 153210 155409 153362 154217 154475 154799 154984 151493 156483
153619 22
156932 156484 151370 151252 151917 151990 152022 152103 152251 151292 152824 152897 152976 153210 155409 153362 154217 154475 154799 154984 151493 156483
153620 29
156932 155409 153210 152103 152824 156953 156483 156855 156484 151292 151917 152897 152976 151370 152251 151493 153362 154217 151252 154475 154799 154984 152022 151990 153079 154290 155436 155367 155318
153622 25
156932 156953 152022 156483 156484 152976 155409 152103 152251 151292 152824 152897 156855 151370 153210 151493 153362 154217 151252 154475 154799 154984 151917 151990 154290
153623 28
153790 153800 153407 153824 152834 152791 152736 153806 153064 153984 156932 154799 155409 151252 152103 154475 153210 154217 153362 152022 151493 152976 151990 152897 152824 151917 151370 152251
153624 28
156932 152022 151370 152251 152103 155409 156483 156484 154799 151292 152824 152897 152976 153210 156855 153362 154217 154475 156953 154984 151493 151252 151917 151990 155367 155318 151575 155244
153626 15
153079 154290 155436 153275 152562 155201 155244 155318 155367 155381 151575 155911 155927 155930 157243
153627 15
153079 154290 155436 153275 152562 155201 155244 155318 155367 155381 151575 155911 155927 155930 157243
153628 15
153079 154290 155436 153275 152562 155201 155244 155318 155367 155381 151575 155911 155927 155930 157243
153631 18
151609 152108 156772 154290 155436 153079 152562 155201 155244 155318 155367 155381 151575 155911 155927 155930 153275 157243
153632 15
153079 154290 155436 153275 152562 155201 155244 155318 155367 155381 151575 155911 155927 155930 157243
153633 15
151575 152562 153275 155201 155244 155318 155367 155381 155911 155927 155930 157243 153079 155436 154290
153634 15
151575 155201 155244 155318 155367 155381 155911 155927 155930 152562 153275 157243 153079 155436 154290
153635 16
151874 151914 152162 156801 152562 153275 155201 155244 155318 155367 155381 155911 155927 155930 151575 157243
153636 13
156801 152562 153275 155201 155244 155318 155367 155381 155911 155927 155930 151575 157243
153638 16
153079 154290 155436 156932 152562 155201 155244 155318 155367 155381 151575 155911 155927 155930 153275 157243
153642 16
153984 152834 153790 153824 152791 152736 153064 153407 153800 153806 156932 151990 152897 152824 151917 151370
153643 16
153984 152834 153790 153824 152791 152736 153064 153407 153800 153806 156932 151990 152897 152824 151917 151370
153646 16
153984 152834 153790 153824 152791 152736 153064 153407 153800 153806 156932 151990 152897 152824 151917 151370
153647 16
153984 152834 153790 153824 152791 152736 153064 153407 153800 153806 156932 151990 152897 152824 151917 151370
153648 22
152736 153800 153824 152791 153407 152834 153064 153806 153984 153790 156932 153210 154799 154475 151252 152103 155409 153362 152022 151493 152976 151990
153649 19
156932 155409 152103 151252 153210 154475 154799 152022 151990 152976 151493 153362 154217 154984 152897 152824 151917 151370 152251
153650 19
156932 154984 151370 151252 151917 151990 152022 152103 152251 151292 152824 152897 152976 153210 151493 153362 154217 154475 154799
153651 21
156932 152103 155409 151252 153210 154475 154799 152022 151990 152976 151493 153362 154217 156483 152897 152824 151917 151370 154984 152251 151292
153652 22
153800 153064 152834 152791 153806 153790 153824 153984 153407 152736 156932 153210 152976 151990 152897 152824 151917 151292 152251 151252 152103 153362
153653 22
153800 153064 152834 152791 153806 153790 153824 153984 153407 152736 156932 153210 152976 151990 152897 152824 151917 151292 152251 151252 152103 153362
153654 16
153984 152834 153790 153824 152791 152736 153064 153407 153800 153806 156932 151990 152897 152824 151917 151370
153656 19
156932 154475 153210 151252 151917 151990 152022 152103 152251 151292 152824 152897 152976 151370 154799 151493 153362 154217 154984
153659 15
157091 156972 152791 153824 152834 152736 153407 153064 153800 153806 153790 153984 156932 151990 152824
153660 15
157091 156972 152791 153824 152834 152736 153407 153064 153800 153806 153790 153984 156932 151990 152824
153663 18
156932 154799 153210 151252 151917 151990 152022 152103 152251 151292 152824 152897 152976 151370 154217 151493 153362 154475
153664 21
156932 156483 153210 154984 151917 151990 152022 152103 152251 151292 152824 152897 152976 151370 154799 151493 153362 154217 151252 154475 155409
153665 37
156932 157243 153275 152562 155201 155381 155911 155367 155930 151575 155318 155244 155927 154217 153362 152022 153210 152976 151990 151370 156855 151252 156953 152897 156484 156483 152824 151917 155409 154984 152251 154799 154475 152103 151493 151292 156801
153667 35
156932 152022 151370 152103 152251 151292 156953 154217 156855 152824 156483 152897 152976 153210 156484 153362 155409 154475 154799 154984 151493 151252 151917 151990 152562 153275 157243 155911 155381 155244 151575 155367 155930 155927 155318
153669 32
156932 154799 155409 153210 154475 151252 152103 153362 152897 156483 151493 152976 151370 154217 152022 156953 151990 151917 156855 152251 151292 152824 154984 156484 156801 155367 155318 153275 155930 155927 155244 155911
153671 23
153806 153064 152834 152791 153824 153800 153984 153790 153407 152736 156932 153210 152976 151990 152897 152824 151917 151292 152251 151252 152103 153362 151370
153674 37
152562 153275 157243 155201 155244 155318 155367 155381 155911 155927 155930 151575 156801 152976 153210 151370 153362 154217 154475 154799 154984 151493 151252 151917 151990 152022 155409 152103 152251 151292 156483 156484 152824 156855 156953 152897 156932
153675 44
151292 151370 152824 154217 151917 151493 154984 152897 154799 151252 153210 155409 152022 151990 156484 152103 156855 152976 156953 152251 156483 154475 153362 156932 152834 153984 153824 153806 153800 153790 153407 152791 152736 153064 155436 153079 154290 155367 155318 153275 155930 155927 155244 155911
153677 44
151493 151292 154799 152824 151917 151370 152976 154984 154475 154217 153210 155409 152022 151990 156484 152103 156855 152897 156953 152251 156483 151252 153362 152834 153984 153824 153806 153800 153790 153407 152791 152736 153064 156932 155436 153079 154290 155367 155318 153275 155930 155927 155244 155911
153679 44
151493 151292 154799 152824 151917 151370 152976 154984 154475 154217 153210 155409 152022 151990 156484 152103 156855 152897 156953 152251 156483 151252 153362 152834 153984 153824 153806 153800 153790 153407 152791 152736 153064 156932 155436 153079 154290 155367 155318 153275 155930 155927 155244 155911
153680 36
151990 152022 152897 152976 152251 152103 156855 156953 156484 156483 152824 155409 151292 151370 153210 151493 153362 154217 151252 154475 154799 154984 151917 156932 155436 153079 154290 155367 155318 151575 155930 155927 155244 155911 155381 155201
153681 36
151990 152022 152897 152976 152251 152103 156855 156953 156484 156483 152824 155409 151292 151370 153210 151493 153362 154217 151252 154475 154799 154984 151917 156932 155436 153079 154290 155367 155318 151575 155930 155927 155244 155911 155381 155201
153682 37
152897 151990 156855 152976 152251 152022 156953 151370 156484 156483 152824 155409 151292 152103 153210 151493 153362 154217 151252 154475 154799 154984 151917 156932 155436 153079 154290 155367 155318 151575 155930 155927 155244 155911 155381 155201 153275
153683 36
152736 153064 152834 153824 153790 153800 153407 152791 153984 153806 156932 151370 152976 156855 152897 151917 152824 156484 154799 151292 154475 154984 151252 151990 152022 152251 154217 153362 152103 151493 153210 155409 156483 156953 154290 155436
153684 39
151575 152562 153275 155201 155244 155318 155367 155381 155911 155927 155930 157243 153079 155436 154290 156932 151493 153362 154217 151252 154475 154799 154984 151917 151990 152022 152103 152251 155409 151292 152824 152897 152976 156483 156484 156855 151370 156953 153210
153685 39
151575 152562 153275 155201 155244 155318 155367 155381 155911 155927 155930 157243 153079 155436 154290 156932 151493 153362 154217 151252 154475 154799 154984 151917 151990 152022 152103 152251 155409 151292 152824 152897 152976 156483 156484 156855 151370 156953 153210
153686 36
156932 152022 152897 152976 152251 152103 153210 156953 156484 156483 152824 155409 151292 151370 156855 151493 153362 154217 151252 154475 154799 154984 151917 151990 155436 153079 154290 155367 155318 151575 155930 155927 155244 155911 155381 155201
153687 36
156932 152022 152897 152976 152251 152103 153210 156953 156484 156483 152824 155409 151292 151370 156855 151493 153362 154217 151252 154475 154799 154984 151917 151990 155436 153079 154290 155367 155318 153275 155930 155927 155244 155911 155381 155201
153688 23
153806 153064 152834 152791 153824 153800 153984 153790 153407 152736 156932 153210 152976 151990 152897 152824 151917 151292 152251 151252 152103 153362 151370
153689 23
153806 153064 152834 152791 153824 153800 153984 153790 153407 152736 156932 153210 152976 151990 152897 152824 151917 151292 152251 151252 152103 153362 151370
153690 23
153806 153064 152834 152791 153824 153800 153984 153790 153407 152736 156932 153210 152976 151990 152897 152824 151917 151292 152251 151252 152103 153362 151370
153691 23
153806 153064 152834 152791 153824 153800 153984 153790 153407 152736 156932 153210 152976 151990 152897 152824 151917 151292 152251 151252 152103 153362 151370
153693 23
153806 153064 152834 152791 153824 153800 153984 153790 153407 152736 156932 153210 152976 151990 152897 152824 151917 151292 152251 151252 152103 153362 151370
153695 30
156932 155409 153210 152103 156953 151292 156483 156484 156855 152251 152824 152897 152976 151370 152022 151493 153362 154217 151252 154475 154799 154984 151917 151990 155436 153079 154290 155367 155318 151575
153697 25
153984 153064 152834 152791 153806 153824 153790 153800 153407 152736 156932 153210 152976 151990 152897 152824 151917 151292 152251 151252 152103 153362 151370 152022 151493
153698 37
151370 151917 152251 151252 155409 151990 156484 152824 156855 156483 156953 151493 152103 152022 152897 152976 153210 151292 153362 154217 154475 154799 154984 156932 156801 155930 155201 155927 155911 151575 155381 155367 155318 155244 153275 152562 157243
153699 35
156932 151990 152897 151252 155409 152022 156953 153210 156484 156483 156855 151493 152103 152824 152251 152976 151917 151292 153362 154217 154475 154799 154984 151370 156801 155930 155201 155927 155911 153275 155381 155367 152562 155318 155244
153700 29
156932 154475 151252 155409 153210 154799 152103 156953 151493 152976 152897 152022 151292 153362 156484 151990 154984 156855 151917 152251 151370 152824 154217 156483 153079 154290 155436 155367 155318
153701 29
156932 152022 151370 152103 156953 152251 156483 156484 156855 151292 152824 152897 152976 153210 155409 153362 154217 154475 154799 154984 151493 151252 151917 151990 157243 152562 153275 155911 155381
153702 32
156932 154475 152103 151252 153210 155409 154799 153362 152976 152897 151493 156484 151370 154217 152251 152022 151990 151917 151292 154984 156855 152824 156953 156483 155367 155318 153275 155930 155927 155244 155911 155381
153704 36
156932 152022 152897 152976 152251 152103 153210 156953 156484 156483 152824 155409 151292 151370 156855 151493 153362 154217 151252 154475 154799 154984 151917 151990 155436 153079 154290 155367 155318 151575 155930 155927 155244 155911 155381 155201
153705 19
152834 153064 153800 153984 152736 152791 153407 153790 153806 153824 156932 153210 152976 151990 152897 152824 151917 151370 151292
153706 21
153790 153064 153984 152834 153800 153407 153806 153824 152791 152736 156932 153210 152976 151990 152897 152824 151917 151292 152251 151252 152103
153707 21
153790 153064 153984 152834 153800 153407 153806 153824 152791 152736 156932 153210 152976 151990 152897 152824 151917 151292 152251 151252 152103
153708 19
152834 153064 153800 153984 152736 152791 153407 153790 153806 153824 156932 153210 152976 151990 152897 152824 151917 151370 151292
153709 19
152834 153064 153800 153984 152736 152791 153407 153790 153806 153824 156932 153210 152976 151990 152897 152824 151917 151370 151292
153710 19
152834 153064 153800 153984 152736 152791 153407 153790 153806 153824 156932 151370 152976 151990 152897 152824 151917 153362 151292
153712 25
153064 153984 153407 152834 153824 153806 153800 153790 152736 152791 152976 153210 151990 152897 152824 151917 151292 152251 151252 152103 153362 151370 152022 151493 154217
153713 21
152791 153790 153407 152834 153064 152736 153806 153800 153824 153984 153210 155409 154475 151252 152103 154799 153362 152022 151493 152976 151990
153715 21
153064 153790 153984 152834 153407 153800 153806 153824 152736 152791 152976 153210 151990 152897 152824 151917 151292 152251 151252 152103 153362
153718 23
157091 156972 153064 152791 153800 152834 153984 153824 153806 153790 152736 153407 156932 155436 154290 153079 153210 152976 151990 152897 152824 151917 151292
153719 23
153800 153790 153984 152736 152791 153806 153824 153064 153407 152834 156932 155436 154290 153079 153210 152976 151990 152897 152824 151917 151292 152251 151252
153722 26
153806 153824 152834 153984 153790 153407 152736 152791 153064 153800 156932 155930 155927 155367 155318 155381 155201 155244 151575 155911 157243 153275 152562 156801 153362 152022
153723 26
153806 153824 152834 153984 153790 153407 152736 152791 153064 153800 156932 155930 155927 155367 155318 155381 155201 155244 151575 155911 157243 153275 152562 156801 153362 152022
153725 32
153407 153824 152736 152834 152791 153984 153790 153800 153806 153064 156932 155201 155930 157243 155381 155911 155318 153275 151575 152562 155244 155367 155927 156801 154217 153362 152022 153210 152976 151990 151370 152897
153729 32
153407 153824 152736 152834 152791 153984 153790 153800 153806 153064 156932 155201 155930 157243 155381 155911 155318 153275 151575 152562 155244 155367 155927 156801 154217 153362 152022 153210 152976 151990 151370 152897
153730 33
153407 153824 152736 152834 152791 153984 153800 153790 153806 153064 156932 155201 151575 157243 155911 155927 155367 153275 155318 152562 155381 155244 155930 156801 154217 153362 152022 153210 152976 151990 151370 152897 152824
153731 29
152834 153824 153064 153790 153806 153984 153407 153800 152791 152736 156932 157243 152562 153275 155911 155381 155927 155318 151575 155201 155244 155367 155930 156801 154217 153362 152022 153210 152976
153734 39
152736 153064 152834 153824 153790 153984 153407 152791 153806 153800 156932 155911 155927 153275 155381 155367 155318 155201 152562 151575 157243 155244 155930 156801 154217 153362 152022 153210 152976 151990 151370 152897 152824 151917 155409 154984 152251 154799 154475
153735 36
156932 156801 155244 155911 155930 155367 155318 155201 155381 155927 151575 152562 153275 157243 154217 153362 152022 153210 152976 151990 151370 156953 156855 152897 156484 156483 152824 151917 155409 154984 152251 154799 154475 152103 151493 151292
153736 29
153806 153824 152834 153800 153984 153064 152736 153407 152791 153790 156932 156801 155930 155927 155911 155367 155318 155381 153275 152562 155201 151575 155244 157243 152103 151252 153210 154475 154799
153739 29
153824 152791 153790 153806 153800 152736 153407 153984 153064 152834 156932 156801 155409 151252 152103 154799 153210 154475 154217 153362 152022 151493 152976 151990 154984 152897 152824 151917 151370
153740 29
153806 153824 152834 153800 153984 153064 152736 153407 152791 153790 156932 156801 155930 155927 155911 155367 155318 155381 153275 152562 155201 151575 155244 157243 152103 151252 153210 154475 154799
153741 44
153824 153806 153064 153407 152834 152791 153790 152736 153984 153800 156932 153275 157243 152562 155930 155201 155927 155318 155381 155244 155911 155367 151575 156801 154217 153362 152022 153210 152976 151990 151370 156855 152897 156484 156483 152824 151917 155409 154984 152251 154799 154475 152103 151493
153743 30
152791 153824 153790 152834 153407 153984 152736 153806 153800 153064 156932 155927 155911 155930 155367 155244 155201 155381 151575 155318 157243 153275 152562 156801 154217 153362 152022 153210 152976 151990
153744 25
156568 153824 152736 153064 153800 153806 153407 153984 152791 152834 153790 156932 155927 155911 155930 155318 155244 155367 155201 151575 155381 156801 153275 152562 157243
153745 23
156568 153824 153790 152736 152834 153800 152791 153806 153984 153407 153064 156932 152562 155927 155930 155381 155367 155911 155244 155201 151575 153275 155318
153746 39
153407 153790 152791 153824 153806 152834 153800 152736 153984 153064 156932 153210 152103 152976 152897 151990 151917 152824 151493 151292 154984 151252 154799 156953 152022 155409 154475 152251 154217 156484 153362 151370 156483 156855 155367 155318 151575 155927 155244
153747 37
156801 151292 151370 151493 151917 151990 152022 152103 152251 152824 152897 152976 153210 153362 154217 154475 154799 154984 155409 156483 156484 151252 156855 156953 156932 152562 153275 157243 155927 155930 155201 155244 155318 155367 155381 151575 155911
153748 30
153984 153790 153407 152834 153824 153806 153800 153064 152791 152736 156932 155436 154290 153079 157243 155930 155927 155381 155367 152562 155244 151575 153275 155201 155318 155911 154217 153362 152022 153210
153749 30
153984 153790 153407 152834 153824 153806 153800 153064 152791 152736 156932 155436 154290 153079 157243 155930 155927 155381 155367 152562 155244 151575 153275 155201 155318 155911 154217 153362 152022 153210
153750 32
152736 153806 152791 153064 152834 153824 153790 153800 153407 153984 156932 155201 155930 157243 155381 155911 155318 153275 151575 152562 155244 155367 155927 154217 153362 152022 153210 152976 151990 151370 152897 152824
153751 39
151252 151292 151370 151493 151917 151990 152022 152103 152251 152824 152897 152976 153210 153362 154217 154475 154799 154984 155409 156483 156484 156855 156953 155318 155367 155381 153275 155911 155927 155930 151575 152562 155201 155244 157243 156932 154290 153079 155436
153752 37
156932 155244 155381 155930 155318 151575 155201 155367 155911 155927 157243 152562 153275 154217 153362 152022 153210 152976 151990 151370 156855 151252 156953 152897 156484 156483 152824 151917 155409 154984 152251 154799 154475 152103 151493 151292 156801
153753 33
156932 157243 153275 152562 155927 155201 155367 155244 155911 155381 155318 155930 151575 154217 153362 152022 153210 152976 151990 151370 151252 152897 156484 156483 152824 151917 155409 154984 152251 154799 154475 152103 151493
153754 33
156932 157243 153275 152562 155927 155201 155367 155244 155911 155381 155318 155930 151575 154217 153362 152022 153210 152976 151990 151370 151252 152897 156484 156483 152824 151917 155409 154984 152251 154799 154475 152103 151493
153755 27
151292 151370 151493 151917 151990 152022 152251 152824 152897 152976 153362 154217 154984 156483 156484 156855 156953 153210 155409 151252 152103 154475 154799 156932 155436 153079 154290
153756 27
151292 151370 151493 151917 151990 152022 152251 152824 152897 152976 153362 154217 154984 156483 156484 156855 156953 153210 155409 151252 152103 154475 154799 156932 155436 153079 154290
153757 27
151252 151292 151370 151493 151917 151990 152022 152103 152251 152824 152897 152976 153210 153362 154217 154475 154799 154984 155409 156483 156484 156855 156953 156932 155436 153079 154290
153759 27
151252 151292 151370 151493 151917 151990 152022 152103 152251 152824 152897 152976 153210 153362 154217 154475 154799 154984 155409 156483 156484 156855 156953 156932 155436 153079 154290
153760 24
156932 151292 151370 151493 151917 151990 152022 152103 152251 152824 152897 152976 153210 153362 154217 154475 154799 154984 155409 156483 156484 156855 151252 156953
153761 24
156932 151292 151370 151493 151917 151990 152022 152103 152251 152824 152897 152976 153210 153362 154217 154475 154799 154984 155409 156483 156484 156855 151252 156953
153762 24
156932 151292 151370 151493 151917 151990 152022 152103 152251 152824 152897 152976 153210 153362 154217 154475 154799 154984 155409 156483 156484 156855 151252 156953
153765 24
156932 151292 151370 151493 151917 151990 152022 152103 152251 152824 152897 152976 153210 153362 154217 154475 154799 154984 155409 156483 156484 156855 151252 156953
153766 24
156932 151370 151493 151917 151990 152022 152251 152824 152897 152976 153362 154217 154984 156483 156484 156855 151292 156953 155409 151252 152103 154475 154799 153210
153767 39
151252 151292 151370 151493 151917 151990 152022 152103 152251 152824 152897 152976 153210 153362 154217 154475 154799 154984 155409 156483 156484 156855 156953 156932 155436 153079 154290 155381 152562 151575 155911 155927 155930 153275 155201 155244 155318 155367 157243
153768 39
156932 151292 151370 151493 151917 151990 152022 152103 152251 152824 152897 152976 153210 153362 154217 154475 154799 154984 155409 156483 156484 156855 151252 156953 155436 153079 154290 155201 155911 155927 155930 155244 155318 155367 155381 151575 153275 152562 157243
153769 39
156932 151370 151493 151917 151990 152022 152251 152824 152897 152976 153362 154217 154984 156483 156484 156855 151292 156953 155409 151252 152103 154475 154799 153210 155436 153079 154290 155381 152562 151575 155911 155927 155930 153275 155201 155244 155318 155367 157243
153770 39
151252 151292 151370 151493 151917 151990 152022 152103 152251 152824 152897 152976 153210 153362 154217 154475 154799 154984 155409 156483 156484 156855 156953 156932 155436 153079 154290 155381 152562 151575 155911 155927 155930 153275 155201 155244 155318 155367 157243
153771 39
151252 151292 151370 151493 151917 151990 152022 152103 152251 152824 152897 152976 153210 153362 154217 154475 154799 154984 155409 156483 156484 156855 156953 156932 155436 153079 154290 155381 152562 151575 155911 155927 155930 153275 155201 155244 155318 155367 157243
153772 27
156932 154290 155436 153079 151917 151990 152022 152103 152251 152824 152897 152976 151252 153210 153362 154217 151292 154475 154799 154984 155409 151370 156483 156484 156855 151493 156953
153774 27
156932 154290 155436 153079 151917 151990 152022 152103 152251 152824 152897 152976 151252 153210 153362 154217 151292 154475 154799 154984 155409 151370 156483 156484 156855 151493 156953
153775 39
156932 151292 151370 151493 151917 151990 152022 152103 152251 152824 152897 152976 153210 153362 154217 154475 154799 154984 155409 156483 156484 156855 151252 156953 155436 153079 154290 155201 155911 155927 155930 155244 155318 155367 155381 151575 153275 152562 157243
153776 39
156932 151292 151370 151493 151917 151990 152022 152103 152251 152824 152897 152976 153210 153362 154217 154475 154799 154984 155409 156483 156484 156855 151252 156953 155436 153079 154290 155381 152562 151575 155911 155927 155930 153275 155201 155244 155318 155367 157243
153780 39
156932 151292 151370 151493 151917 151990 152022 152103 152251 152824 152897 152976 153210 153362 154217 154475 154799 154984 155409 156483 156484 156855 151252 156953 155436 153079 154290 155381 152562 151575 155911 155927 155930 153275 155201 155244 155318 155367 157243
153781 27
156932 154290 155436 153079 151990 152022 152251 152824 152897 152976 151292 153362 154217 151370 154984 151493 156483 156484 156855 151917 156953 151252 153210 154475 154799 152103 155409
153782 27
156932 154290 155436 153079 151990 152022 152251 152824 152897 152976 151292 153362 154217 151370 154984 151493 156483 156484 156855 151917 156953 151252 153210 154475 154799 152103 155409
153783 39
156932 151292 151370 151493 151917 151990 152022 152103 152251 152824 152897 152976 153210 153362 154217 154475 154799 154984 155409 156483 156484 156855 151252 156953 155436 153079 154290 155201 155911 155927 155930 155244 155318 155367 155381 151575 153275 152562 157243
153784 27
156932 151292 151370 151493 151917 151990 152022 152103 152251 152824 152897 152976 153210 153362 154217 154475 154799 154984 155409 156483 156484 156855 151252 156953 155436 153079 154290
153787 39
156932 151292 151370 151493 151917 151990 152022 152103 152251 152824 152897 152976 153210 153362 154217 154475 154799 154984 155409 156483 156484 156855 151252 156953 155436 153079 154290 155381 152562 151575 155911 155927 155930 153275 155201 155244 155318 155367 157243
153788 24
156932 151370 151493 151917 151990 152022 152251 152824 152897 152976 153362 154217 154984 156483 156484 156855 151292 156953 155409 151252 152103 154475 154799 153210
153790 14
151228 151524 151927 152708 152733 154170 154171 155343 156743 154737 152014 156053 153249 156932
153792 14
151228 151524 151927 152708 152733 154170 154171 155343 156743 154737 152014 156053 153249 156932
153793 10
151228 151524 151927 152708 152733 154170 154171 155343 156743 156932
153794 10
151228 151524 151927 152708 152733 154170 154171 155343 156743 156932
153795 13
156932 152562 153275 155201 155244 155318 155367 155381 155911 155927 155930 151575 157243
153796 1
156932
153797 10
151228 151524 151927 152708 152733 154170 154171 155343 156743 156932
153798 36
151252 151292 151370 151493 151917 151990 152022 152103 152251 152824 152897 152976 153210 153362 154217 154475 154799 154984 155409 156483 156484 156855 156953 156932 155367 155381 153275 155911 155927 155930 151575 152562 155201 155244 155318 157243
153799 36
151292 151370 151493 151917 151990 152022 152251 152824 152897 152976 153362 154217 154984 156483 156484 156855 156953 153210 155409 151252 152103 154475 154799 156932 155367 155381 153275 155911 155927 155930 151575 152562 155201 155244 155318 157243
153800 36
151252 151292 151370 151493 151917 151990 152022 152103 152251 152824 152897 152976 153210 153362 154217 154475 154799 154984 155409 156483 156484 156855 156953 156932 155367 155381 153275 155911 155927 155930 151575 152562 155201 155244 155318 157243
153801 36
151252 151292 151370 151493 151917 151990 152022 152103 152251 152824 152897 152976 153210 153362 154217 154475 154799 154984 155409 156483 156484 156855 156953 156932 155367 155381 153275 155911 155927 155930 151575 152562 155201 155244 155318 157243
153802 36
151252 151292 151370 151493 151917 151990 152022 152103 152251 152824 152897 152976 153210 153362 154217 154475 154799 154984 155409 156483 156484 156855 156953 156932 155367 155381 153275 155911 155927 155930 151575 152562 155201 155244 155318 157243
153803 36
151252 151292 151370 151493 151917 151990 152022 152103 152251 152824 152897 152976 153210 153362 154217 154475 154799 154984 155409 156483 156484 156855 156953 156932 155367 155381 153275 155911 155927 155930 151575 152562 155201 155244 155318 157243
153804 36
151252 151292 151370 151493 151917 151990 152022 152103 152251 152824 152897 152976 153210 153362 154217 154475 154799 154984 155409 156483 156484 156855 156953 156932 155367 155381 153275 155911 155927 155930 151575 152562 155201 155244 155318 157243
153806 39
151292 151370 151493 151917 151990 152022 152251 152824 152897 152976 153362 154217 154984 156483 156484 156855 156953 153210 155409 151252 152103 154475 154799 154290 155436 153079 156932 155201 155911 155927 155930 155244 155318 155367 155381 151575 153275 152562 157243
153807 39
151252 151292 151370 151493 151917 151990 152022 152103 152251 152824 152897 152976 153210 153362 154217 154475 154799 154984 155409 156483 156484 156855 156953 154290 155436 156932 153079 155201 155911 155927 155930 155244 155318 155367 155381 151575 153275 152562 157243
153808 39
151252 151292 151370 151493 151917 151990 152022 152103 152251 152824 152897 152976 153210 153362 154217 154475 154799 154984 155409 156483 156484 156855 156953 154290 155436 156932 153079 155201 155911 155927 155930 155244 155318 155367 155381 151575 153275 152562 157243
153809 39
151252 151292 151370 151493 151917 151990 152022 152103 152251 152824 152897 152976 153210 153362 154217 154475 154799 154984 155409 156483 156484 156855 156953 154290 155436 156932 153079 155201 155911 155927 155930 155244 155318 155367 155381 151575 153275 152562 157243
153813 5
151874 151914 152162 156801 156932
153814 4
151874 151914 152162 156801
153815 29
151917 151370 156484 151990 152022 152103 155409 156483 156855 156953 151493 152251 151252 152824 152897 152976 153210 151292 153362 154217 154475 154799 154984 157243 152562 153275 155318 155244 155911
153817 29
156932 155201 151575 155911 155930 155318 155381 155244 155367 155927 152562 153275 157243 154290 153079 155436 154217 153362 152022 153210 152976 151990 151370 152897 152824 151917 155409 154984 152251
153818 12
152736 152791 152834 153064 153407 153790 153800 153806 153824 153984 156568 156932
153820 12
152736 152791 152834 153064 153407 153790 153800 153806 153824 153984 156568 156932
153821 12
152736 152791 152834 153064 153407 153790 153800 153806 153824 153984 156568 156932
153824 39
151252 151292 151370 151493 151917 151990 152022 152103 152251 152824 152897 152976 153210 153362 154217 154475 154799 154984 155409 156483 156484 156855 156953 154290 155436 153079 155367 155381 152562 151575 155911 155927 155930 153275 155201 155244 155318 157243 156932
153825 37
156801 151292 151370 151493 151917 151990 152022 152103 152251 152824 152897 152976 153210 153362 154217 154475 154799 154984 155409 156483 156484 151252 156855 156953 155367 155381 153275 155911 155927 155930 151575 152562 155201 155244 155318 157243 156932
153826 37
156801 151292 151370 151493 151917 151990 152022 152103 152251 152824 152897 152976 153210 153362 154217 154475 154799 154984 155409 156483 156484 151252 156855 156953 155367 155381 153275 155911 155927 155930 151575 152562 155201 155244 155318 157243 156932
153827 37
156801 151292 151370 151493 151917 151990 152022 152103 152251 152824 152897 152976 153210 153362 154217 154475 154799 154984 155409 156483 156484 151252 156855 156953 155367 155381 153275 155911 155927 155930 151575 152562 155201 155244 155318 157243 156932
153828 37
156932 152562 155318 155381 155201 157243 151575 155244 155911 155367 155927 155930 153275 154217 153362 152022 153210 152976 151990 151370 156855 151252 156953 152897 156484 156483 152824 151917 155409 154984 152251 154799 154475 152103 151493 151292 156801
153829 37
156932 152562 155318 155381 155201 157243 151575 155244 155911 155367 155927 155930 153275 154217 153362 152022 153210 152976 151990 151370 156855 151252 156953 152897 156484 156483 152824 151917 155409 154984 152251 154799 154475 152103 151493 151292 156801
153831 37
156932 152562 155318 155381 155201 157243 151575 155244 155911 155367 155927 155930 153275 154217 153362 152022 153210 152976 151990 151370 156855 151252 156953 152897 156484 156483 152824 151917 155409 154984 152251 154799 154475 152103 151493 151292 156801
153832 37
156932 152562 155318 155381 155201 157243 151575 155244 155911 155367 155927 155930 153275 154217 153362 152022 153210 152976 151990 151370 156855 151252 156953 152897 156484 156483 152824 151917 155409 154984 152251 154799 154475 152103 151493 151292 156801
153833 37
156801 151292 151370 151493 151917 151990 152022 152103 152251 152824 152897 152976 153210 153362 154217 154475 154799 154984 155409 156483 156484 151252 156855 156953 155367 155381 153275 155911 155927 155930 151575 152562 155201 155244 155318 157243 156932
153834 37
156801 151292 151370 151493 151917 151990 152022 152103 152251 152824 152897 152976 153210 153362 154217 154475 154799 154984 155409 156483 156484 151252 156855 156953 151575 155911 155927 155930 155201 155244 155318 155367 155381 153275 152562 157243 156932
153835 39
156932 153064 153824 153800 152834 153984 153407 153790 152791 153806 152736 154290 153079 155436 153210 152976 156953 152897 151990 151917 152824 151252 151493 151292 152022 155409 154984 154799 152251 156484 154475 154217 152103 153362 151370 156483 156855 155367 155318
153838 39
156932 153790 153800 153824 153806 152791 152834 152736 153984 153064 153407 153210 152103 152976 152897 151990 151917 152824 151493 151292 154984 151252 154799 156953 152022 155409 154475 152251 154217 156484 153362 151370 156483 156855 155367 155318 151575 155927 155244
153839 36
156932 153407 153790 153984 153800 153806 152834 152791 153824 153064 152736 153210 152976 156953 152897 151990 151917 152824 151493 151292 154984 151252 154799 152251 152022 156484 154475 154217 152103 153362 151370 155409 156483 156855 155367 155318
153840 35
155318 155244 151575 155927 155381 155930 155201 155911 155367 153275 152562 157243 154290 153079 155436 154217 153362 152022 153210 152976 151990 151370 152897 156484 156483 152824 151917 155409 154984 152251 154799 154475 152103 151493 151292
153841 35
152562 155201 151575 155927 155381 155930 153275 155911 155367 157243 155244 155318 154290 153079 155436 154217 153362 152022 153210 152976 151990 151370 152897 156484 156483 152824 151917 155409 154984 152251 154799 154475 152103 151493 151292
153842 36
152562 157243 153275 155911 155927 155367 155201 155244 155930 155318 155381 151575 154290 155436 153079 154217 153362 152022 153210 152976 151990 151370 156855 152897 156484 156483 152824 151917 155409 154984 152251 154799 154475 152103 151493 151292
153843 36
156801 152562 153275 155201 155244 155318 155367 155381 155911 155927 155930 151575 157243 152976 153210 151370 153362 154217 154475 154799 154984 151493 151252 151917 151990 152022 155409 152103 152251 151292 156483 156484 152824 156855 156953 152897
153844 36
156801 152562 153275 155201 155244 155318 155367 155381 155911 155927 155930 151575 157243 152976 153210 151370 153362 154217 154475 154799 154984 151493 151252 151917 151990 152022 155409 152103 152251 151292 156483 156484 152824 156855 156953 152897
153846 36
155911 155318 155930 155381 155201 157243 155244 151575 153275 155367 155927 152562 154217 153362 152022 153210 152976 151990 151370 156855 151252 152897 156953 156484 156483 152824 151917 155409 154984 152251 154799 154475 152103 151493 151292 156801
153848 46
156801 155201 155244 155318 155367 155381 155911 155927 155930 151575 153275 152562 157243 152976 153210 151370 153362 154217 154475 154799 154984 151493 151252 151917 151990 152022 155409 152103 152251 151292 156483 156484 152824 156855 156953 152897 153984 153064 152834 152791 152736 153407 153790 153800 153806 153824
153851 32
152736 153407 152834 152791 153800 153806 153790 153984 153824 153064 157243 155930 155911 151575 155381 153275 155318 155367 155244 152562 155201 155927 152103 151252 155409 153210 154799 154475 152251 154984 154217 152022
153852 21
156568 156932 153064 152736 153790 153800 153824 153407 152791 153806 153984 152834 153210 152976 151990 152897 152824 151917 151292 152251 151252
153854 21
156568 156932 153064 152736 153790 153800 153824 153407 152791 153806 153984 152834 153210 152976 151990 152897 152824 151917 151292 152251 151252
153855 25
153984 153064 152834 152791 153806 153824 153790 153800 153407 152736 156932 153210 152976 151990 152897 152824 151917 151292 152251 151252 152103 153362 151370 152022 151493
153856 33
156932 157243 152562 153275 151575 155911 155244 155927 155381 155318 155930 155201 155367 153362 153210 152022 151252 152976 151990 156484 151370 152897 155409 154984 152824 151917 154799 154475 152251 151292 154217 152103 151493
153858 33
156932 155927 151575 155381 155201 155930 155244 155911 155318 155367 153275 152562 157243 153362 153210 152022 151252 152976 151990 156484 151370 152897 155409 154984 152824 151917 154799 154475 152251 151292 154217 152103 151493
153859 26
156568 156932 153064 153407 152791 153984 153806 153824 153800 153790 152736 152834 153210 152976 151990 152897 152824 151917 154217 151292 152251 151252 152103 153362 151370 152022
153860 26
156932 153064 153824 152736 152834 153984 153800 153806 153790 153407 152791 153210 152976 151990 152897 152824 151917 154217 151292 152251 151252 152103 153362 151370 152022 151493
153861 37
156801 151292 151370 151493 151917 151990 152022 152103 152251 152824 152897 152976 153210 153362 154217 154475 154799 154984 155409 156483 156484 151252 156855 156953 155367 155381 153275 155911 155927 155930 151575 152562 155201 155244 155318 157243 156932
153862 36
156801 151292 151370 151493 151917 151990 152022 152103 152251 152824 152897 152976 153210 153362 154217 154475 154799 154984 155409 156483 156484 151252 156855 156953 153275 152562 157243 155911 155927 155930 155201 155244 155318 155367 155381 151575
153863 36
156801 151292 151370 151493 151917 151990 152022 152103 152251 152824 152897 152976 153210 153362 154217 154475 154799 154984 155409 156483 156484 151252 156855 156953 153275 152562 157243 155911 155927 155930 155201 155244 155318 155367 155381 151575
153864 25
153800 153824 153790 153984 153806 153064 152736 153407 152791 152834 156932 153079 155436 154290 153210 154799 154475 155409 151252 152103 153362 152022 151493 152976 151990
153865 25
153800 153824 153790 153984 153806 153064 152736 153407 152791 152834 156932 153079 155436 154290 153210 154799 154475 155409 151252 152103 153362 152022 151493 152976 151990
153866 33
152834 152791 153984 153824 153790 153407 152736 153064 153800 153806 152976 153210 151990 152897 152824 151917 156483 151292 154984 154799 151493 151252 152251 156484 154475 154217 152103 153362 151370 152022 155409 156855 156953
153868 26
152103 153210 154475 154799 155409 151252 153362 152976 156953 152897 152824 151493 156484 154217 151917 151370 151292 151990 152022 152251 154984 156483 156855 155367 155318 153275
153869 26
152834 153064 152791 152736 153824 153984 153800 153806 153790 153407 156932 153210 152976 151990 152897 152824 151917 154217 151292 152251 151252 152103 153362 151370 152022 151493
153870 13
156801 155201 155244 155318 155367 155381 155911 155927 155930 151575 153275 152562 157243
153872 36
156801 152562 153275 155201 155244 155318 155367 155381 155911 155927 155930 151575 157243 152976 153210 151370 153362 154217 154475 154799 154984 151493 151252 151917 151990 152022 155409 152103 152251 151292 156483 156484 152824 156855 156953 152897
153873 33
155381 155201 155911 155318 151575 157243 152562 155927 155367 155244 153275 155930 154217 153362 152022 153210 152976 151990 151370 151252 152897 156484 156483 152824 151917 155409 154984 152251 154799 154475 152103 151493 151292
153874 29
152562 157243 155367 155201 155911 155930 155927 155381 155318 155244 151575 153275 154217 153362 152022 153210 152976 151990 151370 152897 152824 151917 155409 154984 152251 154799 154475 152103 151493
153875 26
152022 151990 156483 156953 156484 156855 155409 152103 152251 151292 152824 152897 152976 151370 153210 151493 153362 154217 151252 154475 154799 154984 151917 154290 155436 153079
153876 26
152022 151990 156483 156953 156484 156855 155409 152103 152251 151292 152824 152897 152976 151370 153210 151493 153362 154217 151252 154475 154799 154984 151917 154290 155436 153079
153877 19
154984 154475 154799 151252 151917 151990 152022 152103 152251 151292 152824 152897 152976 151370 153210 151493 153362 154217 155409
153878 45
151575 152562 153275 155201 155244 155318 155367 155381 155911 155927 155930 157243 152897 152976 153210 151370 153362 154217 154475 154799 154984 151493 151252 151917 151990 152022 155409 152103 152251 151292 156483 156484 156855 156953 152824 153824 153984 153064 152834 152791 152736 153407 153790 153800 153806
153879 45
151575 152562 153275 155201 155244 155318 155367 155381 155911 155927 155930 157243 152897 152976 153210 151370 153362 154217 154475 154799 154984 151493 151252 151917 151990 152022 155409 152103 152251 151292 156483 156484 156855 156953 152824 153824 153984 153064 152834 152791 152736 153407 153790 153800 153806
153880 11
152736 152791 152834 153064 153407 153790 153800 153806 153824 153984 156932
153881 21
152834 153064 152791 153984 153800 153407 152736 153790 153806 153824 156932 152562 155201 155911 155367 155244 155381 155927 151575 153275 155318
153882 21
156932 155244 155318 155927 155381 155201 155367 155911 151575 155930 152562 153275 157243 154217 153362 152022 153210 152976 151990 151370 152897
153883 25
156932 155911 155381 155318 155201 155927 155367 155244 157243 151575 155930 153275 152562 153079 154290 155436 154217 153362 152022 153210 152976 151990 151370 152897 152824
153884 23
156932 151575 155318 155201 157243 155381 155244 155367 155930 155927 155911 153275 152562 153079 155436 154290 154217 153362 152022 153210 152976 151990 151370
153885 25
153064 153806 153407 152834 153824 153800 153790 153984 152736 152791 156932 157243 152562 155927 155911 155930 155318 155244 155367 151575 153275 155201 155381 153362 152022
153886 25
153064 153806 153407 152834 153824 153800 153790 153984 152736 152791 156932 157243 152562 155927 155911 155930 155318 155244 155367 151575 153275 155201 155381 153362 152022
153887 16
157091 156972 152834 153800 153824 153984 153806 152791 153407 153790 153064 152736 156932 152562 151575 155244
153888 35
152824 151990 156484 152897 152103 152022 156855 156953 156483 152976 151292 152251 155409 151370 153210 151493 153362 154217 151252 154475 154799 154984 151917 155436 153079 154290 155367 155318 153275 155930 155927 155244 155911 155381 155201
153889 35
152824 151990 156484 152897 152103 152022 156855 156953 156483 152976 151292 152251 155409 151370 153210 151493 153362 154217 151252 154475 154799 154984 151917 155436 153079 154290 155367 155318 153275 155930 155927 155244 155911 155381 155201
153890 35
152824 151990 156484 152897 152103 152022 156855 156953 156483 152976 151292 152251 155409 151370 153210 151493 153362 154217 151252 154475 154799 154984 151917 155436 153079 154290 155367 155318 153275 155930 155927 155244 155911 155381 155201
153891 36
152824 151990 156484 152897 152103 152022 156953 156855 156483 152976 151292 152251 155409 151370 153210 151493 153362 154217 151252 154475 154799 154984 151917 155436 153079 154290 155367 155318 153275 155930 155927 155244 155911 155381 155201 152562
153892 26
153079 154290 155436 151917 151990 152022 152251 152824 152897 152976 151292 153362 154217 151370 154984 151493 156483 156484 156855 156953 155409 151252 153210 154475 154799 152103
153893 28
152251 151990 156484 156953 152103 152022 155409 156483 156855 151292 152824 152897 152976 151370 153210 151493 153362 154217 151252 154475 154799 154984 151917 155244 155201 151575 155381 152562
153894 15
153079 154290 155436 153275 152562 155201 155244 155318 155367 155381 151575 155911 155927 155930 157243
153899 21
156932 153064 153806 152791 153800 153407 153984 153824 152834 152736 153790 153210 152976 151990 152897 152824 151917 151292 152251 151252 152103
153900 22
153064 153800 153407 152834 153790 153806 153824 153984 152736 152791 152976 153210 151990 152897 152824 151917 151292 152251 151252 152103 153362 151370
153901 39
156932 153064 153407 153790 153824 153800 153806 153984 152736 152791 152834 153275 152562 157243 155927 155911 151575 155381 155318 155244 155201 155367 155930 154217 153362 152022 153210 152976 151990 151370 152897 152824 151917 155409 154984 152251 154799 154475 152103
153902 32
156932 153806 153790 153800 152834 153824 153984 153407 152791 153064 152736 153275 157243 152562 155201 155930 151575 155381 155911 155318 155244 155367 155927 154217 153362 152022 153210 152976 151990 151370 152897 152824
153903 36
156932 152022 151370 152103 152251 151292 156953 154217 156855 152824 156483 152897 152976 153210 156484 153362 155409 154475 154799 154984 151493 151252 151917 151990 152562 153275 157243 155911 155381 155244 151575 155367 155930 155927 155318 155201
153905 18
153064 152736 153984 153824 152791 152834 153790 153407 153800 153806 156932 151575 155318 155244 155201 155367 155911 155381
153906 4
151874 151914 152162 156801
153907 4
151874 151914 152162 156801
153908 4
151874 151914 152162 156801
153909 4
151874 151914 152162 156801
153911 16
151874 151914 152162 156801 153275 152562 157243 155244 155318 155367 155381 155911 155927 155930 151575 155201
153912 16
151874 151914 152162 156801 153275 152562 157243 155244 155318 155367 155381 155911 155927 155930 151575 155201
153916 26
156932 154290 153079 155436 151990 156484 156855 154799 152251 151292 152824 152897 152976 153210 154217 152103 153362 154475 151370 154984 151493 151252 151917 152022 155409 156483
153917 38
151292 151370 151493 151917 151990 152022 152251 152824 152897 152976 153362 154217 154984 156483 156484 156855 156953 153210 155409 151252 152103 154475 154799 155381 151575 155911 155927 155930 155201 155244 155318 155367 152562 153275 157243 155436 154290 153079
153918 39
151575 152562 153275 155201 155244 155318 155367 155381 155911 155927 155930 157243 153079 155436 154290 153210 151493 153362 154217 151252 154475 154799 154984 151917 151990 152022 152103 152251 155409 151292 152824 152897 152976 156483 156484 156855 156953 151370 156932
153919 39
151575 152562 153275 155201 155244 155318 155367 155381 155911 155927 155930 157243 153079 155436 154290 153210 151493 153362 154217 151252 154475 154799 154984 151917 151990 152022 152103 152251 155409 151292 152824 152897 152976 156483 156484 156855 156953 151370 156932
153920 15
153079 154290 155436 155201 155244 155318 155367 155381 151575 155911 155927 155930 152562 153275 157243
153921 17
154720 155824 156284 156301 156302 153275 152562 157243 155381 151575 155911 155927 155930 155201 155244 155318 155367
153922 18
156932 155409 154475 153210 151252 154799 152103 152022 152976 151990 152897 151493 153362 154217 152824 151917 151370 152251
153923 46
156801 152562 153275 155201 155244 155318 155367 155381 155911 155927 155930 151575 157243 152976 153210 151370 153362 154217 154475 154799 154984 151493 151252 151917 151990 152022 155409 152103 152251 151292 156483 156484 152824 156855 156953 152897 153984 153064 152834 152791 152736 153407 153790 153800 153806 153824
153924 46
153064 153806 152834 153790 152791 153800 153824 153984 153407 152736 152103 153210 152976 152022 151990 151917 156953 151493 154984 154799 154475 151252 152897 154217 153362 155409 152824 152251 151292 156483 156484 151370 156855 155367 157243 151575 155318 153275 155930 155927 155244 155911 155381 155201 152562 156801
153926 36
156801 152562 153275 155201 155244 155318 155367 155381 155911 155927 155930 151575 157243 152976 153210 151370 153362 154217 154475 154799 154984 151493 151252 151917 151990 152022 155409 152103 152251 151292 156483 156484 152824 156855 156953 152897
153927 37
156932 153806 153407 152834 153790 153984 153800 152736 153824 153064 152791 153210 152976 152897 151917 152824 156953 151292 154984 154799 151493 151252 152251 151990 152022 155409 156855 154475 154217 152103 153362 151370 156483 156484 155367 155318 153275
153928 33
152834 152791 153984 153824 153790 153407 152736 153064 153800 153806 152976 153210 151990 152897 152824 151917 156483 151292 154984 154799 151493 151252 152251 156484 154475 154217 152103 153362 151370 152022 155409 156855 156953
153929 28
156932 153824 153800 152736 153984 152791 153064 153806 153790 153407 152834 153210 152976 151990 152897 152824 151917 154799 151292 152251 151252 154217 152103 153362 151370 152022 151493 154475
153930 26
156932 153064 153824 152736 152834 153984 153800 153806 153790 153407 152791 153210 152976 151990 152897 152824 151917 154217 151292 152251 151252 152103 153362 151370 152022 151493
153931 26
156932 153824 153064 153407 152791 153806 152834 152736 153800 153790 153984 153079 155436 154290 153210 152976 151990 152897 152824 151917 151292 152251 151252 152103 153362 151370
153932 42
153824 153407 153984 152736 153064 153800 153790 153806 152791 152834 152103 153210 152976 152897 151990 151917 152824 151493 154984 154799 154475 151252 154217 156953 152022 155409 153362 152251 151292 156483 156484 151370 156855 155367 155318 153275 155930 155927 155244 155911 155381 155201
153933 28
152834 153806 153790 152791 153064 153984 153824 153800 153407 152736 152976 153210 151990 152897 152824 151917 154799 151292 152251 151252 154217 152103 153362 151370 152022 151493 154475 154984
153934 26
152834 153064 153790 152791 153984 153824 153806 153800 153407 152736 152976 153210 151990 152897 152824 151917 154217 151292 152251 151252 152103 153362 151370 152022 151493 154475
153936 26
153984 153800 152791 153064 152834 153824 152736 153806 153790 153407 153079 155436 154290 153210 152976 151990 152897 152824 151917 151292 152251 151252 152103 153362 151370 152022
153937 37
156932 155911 155244 153275 155201 151575 155927 155930 152562 155318 155381 155367 157243 154290 155436 153079 154217 153362 152022 153210 152976 151990 151370 156855 152897 156484 156483 152824 151917 155409 154984 152251 154799 154475 152103 151493 151292
153938 36
151575 152562 153275 155201 155244 155318 155367 155381 155911 155927 155930 157243 152897 152976 153210 151370 153362 154217 154475 154799 154984 151493 151252 151917 151990 152022 155409 152103 152251 151292 156483 156484 156855 156953 152824 156932
153939 29
152834 153806 153790 153064 153407 153824 152736 152791 153800 153984 156932 155911 155381 155927 155318 155930 155244 151575 155201 155367 157243 152562 153275 154217 153362 152022 153210 152976 151990
153940 37
156932 153079 155436 154290 155930 155911 155201 155927 155318 155381 155244 151575 155367 152562 153275 157243 154217 153362 152022 153210 152976 151990 151370 156855 152897 156484 156483 152824 151917 155409 154984 152251 154799 154475 152103 151493 151292
153942 32
156932 155930 155911 151575 155381 155244 155318 155927 155367 155201 153275 152562 157243 154217 153362 152022 153210 152976 151990 151370 152897 156484 156483 152824 151917 155409 154984 152251 154799 154475 152103 151493
153943 22
156932 156484 151370 151252 151917 151990 152022 152103 152251 151292 152824 152897 152976 153210 155409 153362 154217 154475 154799 154984 151493 156483
153944 32
156932 152022 151370 151292 152103 155409 156855 154217 156484 156483 152824 152897 152976 153210 156953 153362 152251 154475 154799 154984 151493 151252 151917 151990 155367 155318 153275 155930 155927 155244 155911 155381
153945 37
156801 152562 153275 155201 155244 155318 155367 155381 155911 155927 155930 151575 157243 153362 154217 154984 151292 151917 151990 152022 152251 151370 152824 152897 156483 156484 152976 156855 156953 151493 154799 152103 155409 151252 153210 154475 156932
153946 36
156932 154799 155409 153210 151252 152103 154475 152976 156855 156953 151493 153362 154217 156484 151370 152251 152022 151990 151917 151292 154984 152824 152897 156483 155367 151575 155318 153275 155930 155927 155244 155911 155381 155201 152562 157243
153950 26
151575 152562 153275 155201 155244 155318 155367 155381 155911 155927 155930 157243 153079 155436 154290 156932 152736 152791 153407 153790 153800 153806 153824 153984 152834 153064
153951 23
152562 153275 157243 155201 155244 155318 155367 155381 155911 155927 155930 151575 156932 152791 152834 153064 152736 153407 153790 153800 153806 153824 153984
153952 23
151575 152562 153275 155201 155244 155318 155367 155381 155911 155927 155930 157243 156932 152791 152834 153064 152736 153407 153790 153800 153806 153824 153984
153953 13
151575 152562 153275 155201 155244 155318 155367 155381 155911 155927 155930 157243 156932
153954 39
151252 151292 151370 151493 151917 151990 152022 152103 152251 152824 152897 152976 153210 153362 154217 154475 154799 154984 155409 156483 156484 156855 156953 154290 155436 153079 155367 155381 152562 151575 155911 155927 155930 153275 155201 155244 155318 157243 156932
153955 39
151252 151292 151370 151493 151917 151990 152022 152103 152251 152824 152897 152976 153210 153362 154217 154475 154799 154984 155409 156483 156484 156855 156953 154290 155436 153079 155367 155381 152562 151575 155911 155927 155930 153275 155201 155244 155318 157243 156932
153956 49
151575 152562 153275 155201 155244 155318 155367 155381 155911 155927 155930 157243 152897 152976 153210 151370 153362 154217 154475 154799 154984 151493 151252 151917 151990 152022 155409 152103 152251 151292 156483 156484 156855 156953 152824 155436 154290 153079 156932 152791 152736 153064 153407 153790 153800 153806 153824 153984 152834
153957 36
153984 153064 153800 152791 152736 152834 153407 153806 153790 153824 156932 154290 153079 155436 155318 155201 151575 155927 155911 155930 155381 155244 155367 157243 152562 153275 154217 153362 152022 153210 152976 151990 151370 152897 152824 151917
153958 39
151252 151292 151370 151493 151917 151990 152022 152103 152251 152824 152897 152976 153210 153362 154217 154475 154799 154984 155409 156483 156484 156855 156953 155318 155367 155381 153275 155911 155927 155930 151575 152562 155201 155244 157243 155436 154290 153079 156932
153959 38
151575 152562 153275 155201 155244 155318 155367 155381 155911 155927 155930 157243 152897 152976 153210 151370 153362 154217 154475 154799 154984 151493 151252 151917 151990 152022 155409 152103 152251 151292 156483 156484 156855 156953 152824 155436 154290 153079
153961 38
153079 154290 155436 151493 151917 151990 152022 152103 152251 152824 152897 152976 151252 153210 153362 154217 151292 154475 154799 154984 155409 151370 156483 156484 156855 156953 155367 155381 152562 151575 155911 155927 155930 153275 155201 155244 155318 157243
153962 38
152562 153275 157243 155201 155244 155318 155367 155381 155911 155927 155930 151575 153079 155436 154290 153210 151493 153362 154217 151252 154475 154799 154984 151917 151990 152022 152103 152251 155409 151292 152824 152897 152976 156483 156484 156855 156953 151370
153963 15
153079 154290 155436 153275 152562 155201 155244 155318 155367 155381 151575 155911 155927 155930 157243
153964 15
151575 152562 153275 155201 155244 155318 155367 155381 155911 155927 155930 157243 153079 155436 154290
153965 26
152562 155930 155318 155201 155381 155911 157243 155367 155927 155244 151575 153275 154217 153362 152022 151370 152976 151990 156483 152897 152824 154984 152251 151917 151493 151292
153967 16
151874 151914 152162 156801 152562 153275 155201 155244 155318 155367 155381 155911 155927 155930 151575 157243
153968 16
151874 151914 152162 156801 152562 153275 155201 155244 155318 155367 155381 155911 155927 155930 151575 157243
153969 38
153079 154290 155436 153210 152103 154475 154799 155409 151252 152824 152897 152976 151370 151493 153362 154217 151917 151990 152022 154984 151292 152251 156483 156484 156855 156953 155367 155381 152562 151575 155911 155927 155930 153275 155201 155244 155318 157243
153970 38
153079 154290 155436 153210 152103 154475 154799 155409 151252 152824 152897 152976 151370 151493 153362 154217 151917 151990 152022 154984 151292 152251 156483 156484 156855 156953 155367 155381 152562 151575 155911 155927 155930 153275 155201 155244 155318 157243
153971 43
154720 154290 153079 155436 155824 156284 156301 156302 152251 152824 152897 152976 151252 153210 153362 154217 151292 154475 151370 154799 154984 155409 151493 151917 151990 152022 152103 156483 156484 156855 156953 152562 155911 155927 155930 155201 155244 155318 155367 155381 151575 153275 157243
153972 38
153079 154290 155436 151493 151917 151990 152022 152103 152251 152824 152897 152976 151252 153210 153362 154217 151292 154475 154799 154984 155409 151370 156483 156484 156855 156953 155367 155381 152562 151575 155911 155927 155930 153275 155201 155244 155318 157243
153973 38
153079 154290 155436 151493 151917 151990 152022 152103 152251 152824 152897 152976 151252 153210 153362 154217 151292 154475 154799 154984 155409 151370 156483 156484 156855 156953 155367 155381 152562 151575 155911 155927 155930 153275 155201 155244 155318 157243
153974 38
153079 154290 155436 151493 151917 151990 152022 152103 152251 152824 152897 152976 151252 153210 153362 154217 151292 154475 154799 154984 155409 151370 156483 156484 156855 156953 155367 155381 152562 151575 155911 155927 155930 153275 155201 155244 155318 157243
153976 38
153079 154290 155436 151493 151917 151990 152022 152103 152251 152824 152897 152976 151252 153210 153362 154217 151292 154475 154799 154984 155409 151370 156483 156484 156855 156953 155367 155381 152562 151575 155911 155927 155930 153275 155201 155244 155318 157243
153977 38
153079 154290 155436 153275 152562 155201 155244 155318 155367 155381 151575 155911 155927 155930 157243 153210 151493 153362 154217 151252 154475 154799 154984 151917 151990 152022 152103 152251 155409 151292 152824 152897 152976 156483 156484 156855 156953 151370
153979 35
151252 151292 151370 151493 151917 151990 152022 152103 152251 152824 152897 152976 153210 153362 154217 154475 154799 154984 155409 156483 156484 156855 156953 155318 155367 155381 153275 155911 155927 155930 151575 152562 155201 155244 157243
153980 35
151252 152103 153210 154475 154799 155409 152022 151292 152251 152824 152897 152976 151370 153362 154217 151493 151917 154984 151990 156483 156484 156855 156953 155318 155367 155381 153275 155911 155927 155930 151575 152562 155201 155244 157243
153981 3
153079 154290 155436
153982 38
153079 154290 155436 153275 152562 155201 155244 155318 155367 155381 151575 155911 155927 155930 157243 153210 151493 153362 154217 151252 154475 154799 154984 151917 151990 152022 152103 152251 155409 151292 152824 152897 152976 156483 156484 156855 156953 151370
153984 38
153079 154290 155436 151493 151917 151990 152022 152103 152251 152824 152897 152976 151252 153210 153362 154217 151292 154475 154799 154984 155409 151370 156483 156484 156855 156953 155367 155381 152562 151575 155911 155927 155930 153275 155201 155244 155318 157243
153985 39
151252 151292 151370 151493 151917 151990 152022 152103 152251 152824 152897 152976 153210 153362 154217 154475 154799 154984 155409 156483 156484 156855 156953 155318 155367 155381 153275 155911 155927 155930 151575 152562 155201 155244 157243 155436 154290 153079 156932
153986 37
156801 153275 152562 157243 155244 155318 155367 155381 155911 155927 155930 151575 155201 153362 154217 154984 151292 151917 151990 152022 152251 151370 152824 152897 156483 156484 152976 156855 156953 151493 154799 152103 155409 151252 153210 154475 156932
153987 37
156801 153275 152562 157243 155244 155318 155367 155381 155911 155927 155930 151575 155201 153362 154217 154984 151292 151917 151990 152022 152251 151370 152824 152897 156483 156484 152976 156855 156953 151493 154799 152103 155409 151252 153210 154475 156932
153989 37
156801 152562 153275 155201 155244 155318 155367 155381 155911 155927 155930 151575 157243 152976 153210 151370 153362 154217 154475 154799 154984 151493 151252 151917 151990 152022 155409 152103 152251 151292 156483 156484 152824 156855 156953 152897 156932
153990 37
156801 151292 151370 151493 151917 151990 152022 152103 152251 152824 152897 152976 153210 153362 154217 154475 154799 154984 155409 156483 156484 151252 156855 156953 155367 155381 153275 155911 155927 155930 151575 152562 155201 155244 155318 157243 156932
153991 37
156801 151370 151493 151917 151990 152022 152251 152824 152897 152976 153362 154217 154984 156483 156484 151292 156855 156953 155409 151252 152103 154475 154799 153210 155367 155381 153275 155911 155927 155930 151575 152562 155201 155244 155318 157243 156932
153992 37
156801 151292 151370 151493 151917 151990 152022 152103 152251 152824 152897 152976 153210 153362 154217 154475 154799 154984 155409 156483 156484 151252 156855 156953 156932 155381 153275 155911 155927 155930 151575 152562 155201 155244 155318 155367 157243
153993 37
156801 151370 151493 151917 151990 152022 152251 152824 152897 152976 153362 154217 154984 156483 156484 151292 156855 156953 155409 151252 152103 154475 154799 153210 155367 155381 153275 155911 155927 155930 151575 152562 155201 155244 155318 157243 156932
153994 37
156801 151370 151493 151917 151990 152022 152251 152824 152897 152976 153362 154217 154984 156483 156484 151292 156855 156953 155409 151252 152103 154475 154799 153210 155367 155381 153275 155911 155927 155930 151575 152562 155201 155244 155318 157243 156932
153995 37
156801 151292 151370 151493 151917 151990 152022 152103 152251 152824 152897 152976 153210 153362 154217 154475 154799 154984 155409 156483 156484 151252 156855 156953 155367 155381 153275 155911 155927 155930 151575 152562 155201 155244 155318 157243 156932
153996 42
153790 153064 152736 152834 153407 153800 153984 153806 153824 152791 156932 155930 155927 155911 155381 155367 155318 151575 155201 153275 157243 155244 152562 152103 151252 155409 153210 154799 154475 156484 156483 152251 154984 154217 152022 151493 153362 152976 151990 152897 152824 151917
153997 37
156801 151292 151370 151493 151917 151990 152022 152103 152251 152824 152897 152976 153210 153362 154217 154475 154799 154984 155409 156483 156484 151252 156855 156953 153275 152562 157243 155911 155927 155930 155201 155244 155318 155367 155381 151575 156932
153998 42
153790 153064 152736 152834 153407 153800 153984 153806 153824 152791 156932 155930 155927 155911 155381 155367 155318 151575 155201 153275 157243 155244 152562 152103 151252 155409 153210 154799 154475 156484 156483 152251 154984 154217 152022 151493 153362 152976 151990 152897 152824 151917
153999 37
156801 151370 151493 151917 151990 152022 152251 152824 152897 152976 153362 154217 154984 156483 156484 151292 156855 156953 155409 151252 152103 154475 154799 153210 153275 152562 157243 155911 155927 155930 155201 155244 155318 155367 155381 151575 156932
154000 26
156568 156932 152834 153790 152736 153984 153064 153824 153806 153800 153407 152791 156801 153210 152976 151990 152897 152824 151917 154217 151292 152251 151252 152103 153362 151370
154001 35
152736 153407 152834 153064 153800 153806 153790 152791 153824 153984 156932 153210 152976 156855 152897 151917 152824 156953 151493 151292 154984 151252 154799 151990 152251 156483 154475 154217 152103 153362 151370 152022 155409 156484 156801
154002 16
153079 154290 155436 153275 152562 155201 155244 155318 155367 155381 151575 155911 155927 155930 157243 156932
154003 23
156932 154475 151252 153210 154799 155409 152103 152022 151990 152976 151493 151292 153362 156855 152897 152824 156483 154984 151370 151917 154217 152251 156484
154004 32
156932 152791 152736 153806 152834 153407 153984 153064 153800 153790 153824 153210 152976 151990 152897 152824 151917 156484 151493 151292 154984 154799 152251 151252 154475 154217 152103 153362 151370 152022 155409 156483
154005 4
151874 151914 152162 156801
154006 4
151874 151914 152162 156801
154010 12
152562 153275 157243 155201 155244 155318 155367 155381 155911 155927 155930 151575
154011 12
151575 152562 153275 155201 155244 155318 155367 155381 155911 155927 155930 157243
154012 27
151874 151914 152162 156801 151252 151292 151917 151990 152022 152103 151370 152251 152824 152897 152976 153210 153362 154217 154475 154799 154984 155409 156483 156484 151493 156855 156953
154013 39
151874 151914 152162 156801 151252 151292 151917 151990 152022 152103 151370 152251 152824 152897 152976 153210 153362 154217 154475 154799 154984 155409 156483 156484 151493 156855 156953 153275 152562 157243 155911 155927 155930 155201 155244 155318 155367 155381 151575
154014 39
151874 151914 152162 156801 151370 151917 151990 152022 151493 152251 152824 152897 152976 153362 154217 154984 156483 156484 151292 156855 156953 155409 152103 151252 154475 154799 153210 153275 152562 157243 155911 155927 155930 155201 155244 155318 155367 155381 151575
154015 27
151874 151914 152162 156801 151252 151292 151917 151990 152022 152103 151370 152251 152824 152897 152976 153210 153362 154217 154475 154799 154984 155409 156483 156484 151493 156855 156953
154016 36
155381 155201 151575 155318 155930 155244 153275 155911 155367 157243 152562 155927 153362 153210 152022 151252 156484 152976 151990 156483 151370 152897 155409 156855 154984 152824 151917 154799 154475 152251 151292 154217 152103 151493 156953 155436
154017 29
152022 151370 156484 152103 151990 151917 155409 156483 156855 156953 151493 152251 151252 152824 152897 152976 153210 151292 153362 154217 154475 154799 154984 155201 151575 155911 155381 155367 155927
154018 28
153790 153984 152791 153407 153824 153806 153800 152736 153064 152834 151252 152824 151370 152251 151493 154799 152103 153362 152022 154217 151292 153210 151990 152976 152897 151917 154475 154984
154019 18
154475 154799 151493 151252 151917 151990 152022 152103 152251 151292 152824 152897 152976 153210 151370 153362 154217 154984
154020 37
151990 152251 152022 153210 152897 155409 151370 152103 153362 151493 156855 152976 152824 151292 156483 156953 156484 154217 151252 154475 154799 154984 151917 154290 155436 153079 155201 153275 155367 152562 155930 155318 155927 155911 155244 151575 155381
154022 30
156932 155930 157243 155244 155911 155927 155381 153275 155367 155318 152562 151575 155201 154217 153362 152022 153210 152976 151990 151370 152897 152824 151917 155409 154984 152251 154799 154475 152103 151493
154023 29
155201 155927 155318 155367 155930 155244 151575 155381 155911 152562 153275 157243 156932 154290 153079 155436 154217 153362 152022 153210 152976 151990 151370 152897 152824 151917 155409 154984 152251
154024 32
156932 153824 153407 153984 153790 152834 152791 152736 153800 153064 153806 151252 152103 154799 154475 153210 155409 154217 153362 152022 151493 152976 151990 156484 152897 152824 151917 151370 151292 154984 152251 156483
154025 23
156932 152103 154799 154475 151252 155409 153210 152022 151990 152976 151493 153362 154217 156855 152897 152824 156483 151917 151370 151292 154984 152251 156484
154026 36
152834 153984 153824 153407 153064 152791 152736 153806 153800 153790 156932 155381 155367 155318 155201 152562 151575 157243 153275 155927 155911 155244 155930 154217 153362 152022 153210 152976 151990 151370 152897 152824 151917 154984 152251 154799
154027 36
152834 153984 153824 153407 153064 152791 152736 153806 153800 153790 156932 155381 155367 155318 155201 152562 151575 157243 153275 155927 155911 155244 155930 154217 153362 152022 153210 152976 151990 151370 152897 152824 151917 154984 152251 154799
154028 40
151874 151914 152162 156801 151370 151917 151990 152022 151493 152251 152824 152897 152976 153362 154217 154984 156483 156484 151292 156855 156953 155409 152103 151252 154475 154799 153210 153275 152562 157243 155911 155927 155930 155201 155244 155318 155367 155381 151575 156932
154030 39
151252 151292 151370 151493 151917 151990 152022 152103 152251 152824 152897 152976 153210 153362 154217 154475 154799 154984 155409 156483 156484 156855 156953 154290 155436 153079 156932 155381 152562 151575 155911 155927 155930 153275 155201 155244 155318 155367 157243
154031 31
151874 151914 152162 156801 156284 156301 156302 155824 152022 152103 151370 152251 152824 152897 152976 153210 153362 154217 154475 154799 154984 155409 151493 151252 151292 151917 156483 156484 151990 156855 156953
154032 40
155824 156284 156301 156302 151917 151990 152022 152103 152251 152824 152897 152976 153210 153362 154217 154475 154799 154984 155409 151252 151292 151370 151493 156483 156484 156855 156953 156801 155911 155927 155930 152562 155201 155244 155318 155367 155381 153275 151575 157243
154033 33
152736 153806 152791 153064 152834 153824 153790 153800 153407 153984 156932 157243 152562 151575 155911 155927 155367 153275 155318 155381 155201 155244 155930 154217 153362 152022 153210 152976 151990 151370 152897 152824 151917
154034 40
151874 151914 152162 156801 151252 151292 151917 151990 152022 152103 151370 152251 152824 152897 152976 153210 153362 154217 154475 154799 154984 155409 156483 156484 151493 156855 156953 155367 155381 153275 155911 155927 155930 151575 152562 155201 155244 155318 157243 156932
154035 37
156801 152562 153275 155201 155244 155318 155367 155381 155911 155927 155930 151575 157243 152976 153210 151370 153362 154217 154475 154799 154984 151493 151252 151917 151990 152022 155409 152103 152251 151292 156483 156484 152824 156855 156953 152897 156932
154036 28
153984 153806 152834 153800 153064 153824 153407 152791 152736 153790 156932 155930 157243 155381 155367 155911 152562 155244 151575 153275 155201 155318 155927 154217 153362 152022 153210 152976
154037 36
156932 157243 155318 155381 152562 155244 151575 155201 155911 155367 155927 155930 153275 154217 153362 152022 153210 152976 151990 151370 156855 151252 156953 152897 156484 156483 152824 151917 155409 154984 152251 154799 154475 152103 151493 151292
154038 46
156801 152562 153275 155201 155244 155318 155367 155381 155911 155927 155930 151575 157243 152976 153210 151370 153362 154217 154475 154799 154984 151493 151252 151917 151990 152022 155409 152103 152251 151292 156483 156484 152824 156855 156953 152897 153984 153064 152834 152791 152736 153407 153790 153800 153806 153824
154039 36
152736 153407 152834 153064 153800 153806 153790 152791 153824 153984 156932 153210 152976 156953 152897 151990 151917 152824 151493 151292 154984 151252 154799 152251 152022 156484 154475 154217 152103 153362 151370 155409 156483 156855 155367 155318
154040 23
152834 153824 153407 152791 153064 153800 153790 153806 153984 152736 156932 152562 155927 155930 155381 155367 155911 155244 155201 151575 153275 155318 157243
154041 23
152834 153824 153407 152791 153064 153800 153790 153806 153984 152736 156932 152562 155927 155930 155381 155367 155911 155244 155201 151575 153275 155318 157243
154042 30
153800 153984 152834 152791 153806 153824 153790 153407 153064 152736 156932 155436 154290 153079 155911 157243 155927 155318 155244 155367 152562 155381 151575 153275 155201 155930 152103 151252 153210 155409
154043 23
152834 153824 153407 152791 153064 153800 153790 153806 153984 152736 156932 152562 155927 155930 155381 155367 155911 155244 155201 151575 153275 155318 157243
154044 36
152834 153824 153984 153790 153064 152791 152736 153407 153806 153800 156932 153275 152562 157243 155381 155318 155244 155201 151575 155927 155911 155367 155930 154217 153362 152022 153210 152976 151990 151370 152897 152824 151917 154984 152251 154799
154045 37
156801 151292 151370 151493 151917 151990 152022 152103 152251 152824 152897 152976 153210 153362 154217 154475 154799 154984 155409 156483 156484 151252 156855 156953 155367 155381 153275 155911 155927 155930 151575 152562 155201 155244 155318 157243 156932
154046 35
156932 155436 153079 154290 155927 155318 155201 155911 155381 153275 152562 155244 151575 155930 155367 157243 154217 153362 152022 153210 152976 151990 151370 152897 156484 156483 152824 151917 155409 154984 152251 154799 154475 152103 151493
154048 33
156932 155436 153079 154290 155244 155911 155381 151575 155930 155201 157243 153275 155367 155318 155927 152562 152103 151252 155409 153210 154799 154475 152251 154984 154217 152022 151493 153362 152976 151990 152897 152824 151917
154049 4
151874 151914 152162 156801
154051 39
151874 151914 152162 156801 153275 152562 157243 155244 155318 155367 155381 155911 155927 155930 151575 155201 152976 153210 151292 153362 154217 154475 154799 154984 151370 151917 151990 152022 152103 155409 151493 152251 151252 156483 156484 152824 156855 156953 152897
154052 4
151874 151914 152162 156801
154053 36
156801 152562 153275 155201 155244 155318 155367 155381 155911 155927 155930 151575 157243 152976 153210 151370 153362 154217 154475 154799 154984 151493 151252 151917 151990 152022 155409 152103 152251 151292 156483 156484 152824 156855 156953 152897
154054 39
151874 151914 152162 156801 155201 155244 155318 155367 155381 155911 155927 155930 151575 153275 152562 157243 152976 153210 151292 153362 154217 154475 154799 154984 151370 151917 151990 152022 152103 155409 151493 152251 151252 156483 156484 152824 156855 156953 152897
154056 39
151874 151914 152162 156801 153275 152562 157243 155244 155318 155367 155381 155911 155927 155930 151575 155201 152976 153210 151292 153362 154217 154475 154799 154984 151370 151917 151990 152022 152103 155409 151493 152251 151252 156483 156484 152824 156855 156953 152897
154057 38
151575 152562 153275 155201 155244 155318 155367 155381 155911 155927 155930 157243 153079 155436 154290 153210 151493 153362 154217 151252 154475 154799 154984 151917 151990 152022 152103 152251 155409 151292 152824 152897 152976 156483 156484 156855 156953 151370
154059 38
151575 152562 153275 155201 155244 155318 155367 155381 155911 155927 155930 157243 153079 155436 154290 153210 151493 153362 154217 151252 154475 154799 154984 151917 151990 152022 152103 152251 155409 151292 152824 152897 152976 156483 156484 156855 156953 151370
154060 23
154290 153079 155436 152824 151990 151917 151252 152103 152251 151292 153362 152897 152976 153210 151370 152022 154217 154475 154799 154984 151493 155409 156483
154062 36
151292 151370 151493 151917 151990 152022 152251 152824 152897 152976 153362 154217 154984 156483 156484 156855 156953 153210 155409 151252 152103 154475 154799 155318 155367 155381 153275 155911 155927 155930 151575 152562 155201 155244 157243 156932
154063 32
155201 155930 155911 155367 155381 155927 155318 151575 155244 153275 152562 157243 156801 152976 152897 151917 152824 152251 151292 151493 155409 151370 154984 154799 152103 151252 154475 154217 152022 153362 153210 151990
154064 32
155201 155930 155911 155367 155381 155927 155318 151575 155244 153275 152562 157243 156801 152976 152897 151917 152824 152251 151292 151493 155409 151370 154984 154799 152103 151252 154475 154217 152022 153362 153210 151990
154065 23
156932 152562 153275 157243 151575 155381 155201 155367 155930 155927 155318 155244 155911 153079 155436 154290 154217 153362 152022 153210 152976 151990 151370
154066 23
156932 155911 155381 155201 155930 151575 155318 155367 155927 155244 157243 153275 152562 153079 154290 155436 152103 151252 155409 153210 154799 154475 152251
154067 22
156932 151575 155244 155927 155381 155367 155318 155930 155201 155911 152562 157243 153275 155436 154290 153079 154217 153362 152022 153210 152976 151990
154068 22
156932 157243 153275 152562 155381 151575 155201 155930 155927 155911 155318 155244 155367 155436 154290 153079 154217 153362 152022 153210 152976 151990
154069 36
156932 154290 155436 153079 155930 155318 155911 155927 155381 153275 155201 155244 152562 151575 155367 157243 154217 153362 152022 153210 152976 151990 151370 156855 152897 156484 156483 152824 151917 155409 154984 152251 154799 154475 152103 151493
154070 42
155824 156284 156301 156302 155244 155318 155367 155381 151575 155911 155927 155930 152562 153275 155201 157243 155436 154290 153079 151252 154475 154799 154984 151917 151990 152022 152103 152251 155409 151292 152824 152897 152976 151370 153210 151493 153362 156483 156484 156855 156953 154217
154071 28
152022 154984 156855 152103 155409 151990 156483 156484 156953 151370 152251 151493 152824 152897 152976 151252 153210 151292 153362 154217 151917 154475 154799 152562 153275 155318 151575 155244
154072 28
152103 154799 156484 156953 152022 154984 155409 156483 156855 151370 152251 151493 152824 152897 152976 151252 153210 151292 153362 154217 151917 154475 151990 152562 153275 155367 155244 155381
154073 26
153079 154290 155436 151493 151917 151990 152022 152103 152251 152824 152897 152976 151252 153210 153362 154217 151292 154475 154799 154984 155409 151370 156483 156484 156855 156953
154074 38
153079 154290 155436 153275 152562 155201 155244 155318 155367 155381 151575 155911 155927 155930 157243 153210 151493 153362 154217 151252 154475 154799 154984 151917 151990 152022 152103 152251 155409 151292 152824 152897 152976 156483 156484 156855 156953 151370
154075 12
151575 152562 153275 155201 155244 155318 155367 155381 155911 155927 155930 157243
154076 15
153079 154290 155436 153275 152562 155201 155244 155318 155367 155381 151575 155911 155927 155930 157243
154077 18
151609 152108 156772 154290 155436 153079 152562 155201 155244 155318 155367 155381 151575 155911 155927 155930 153275 157243
154078 3
153079 154290 155436
154080 12
151575 152562 153275 155201 155244 155318 155367 155381 155911 155927 155930 157243
154082 39
153079 154290 155436 153275 152562 155201 155244 155318 155367 155381 151575 155911 155927 155930 157243 153210 151493 153362 154217 151252 154475 154799 154984 151917 151990 152022 152103 152251 155409 151292 152824 152897 152976 156483 156484 156855 156953 151370 156932
154083 39
151575 152562 153275 155201 155244 155318 155367 155381 155911 155927 155930 157243 153079 155436 154290 153210 151493 153362 154217 151252 154475 154799 154984 151917 151990 152022 152103 152251 155409 151292 152824 152897 152976 156483 156484 156855 156953 151370 156932
154084 39
151575 152562 153275 155201 155244 155318 155367 155381 155911 155927 155930 157243 153079 155436 154290 153210 151493 153362 154217 151252 154475 154799 154984 151917 151990 152022 152103 152251 155409 151292 152824 152897 152976 156483 156484 156855 156953 151370 156932
154085 39
151575 155201 155244 155318 155367 155381 155911 155927 155930 152562 153275 157243 153079 155436 154290 153210 151493 153362 154217 151252 154475 154799 154984 151917 151990 152022 152103 152251 155409 151292 152824 152897 152976 156483 156484 156855 156953 151370 156932
154086 39
153079 154290 155436 153275 152562 155201 155244 155318 155367 155381 151575 155911 155927 155930 157243 153210 151493 153362 154217 151252 154475 154799 154984 151917 151990 152022 152103 152251 155409 151292 152824 152897 152976 156483 156484 156855 156953 151370 156932
154087 36
151575 152562 153275 155201 155244 155318 155367 155381 155911 155927 155930 157243 152897 152976 153210 151370 153362 154217 154475 154799 154984 151493 151252 151917 151990 152022 155409 152103 152251 151292 156483 156484 156855 156953 152824 156932
154088 39
151575 152562 153275 155201 155244 155318 155367 155381 155911 155927 155930 157243 153079 155436 154290 153210 151493 153362 154217 151252 154475 154799 154984 151917 151990 152022 152103 152251 155409 151292 152824 152897 152976 156483 156484 156855 156953 151370 156932
154089 38
151575 152562 153275 155201 155244 155318 155367 155381 155911 155927 155930 157243 153079 155436 154290 153210 151493 153362 154217 151252 154475 154799 154984 151917 151990 152022 152103 152251 155409 151292 152824 152897 152976 156483 156484 156855 156953 151370
154090 7
151609 152108 156772 156932 155436 153079 154290
154091 4
156932 154290 155436 153079
154092 4
156932 154290 155436 153079
154093 4
156932 154290 155436 153079
154094 1
156932
154095 1
156932
154096 1
156932
154097 8
154720 155824 156284 156301 156302 153079 155436 154290
154099 4
156932 154290 155436 153079
154100 4
156932 154290 155436 153079
154101 4
156932 154290 155436 153079
154102 4
156932 154290 155436 153079
154103 4
156932 154290 155436 153079
154105 16
151228 151524 151927 152708 152733 154170 154171 155343 156743 151609 152108 156772 152014 156053 153249 154737
154106 25
156801 156932 151370 151493 151917 151990 152022 152103 152251 152824 152897 152976 153210 153362 154217 154475 154799 154984 155409 156483 156484 151252 156855 151292 156953
154108 14
151874 151914 152162 151524 151927 151228 152708 152733 154170 154171 155343 156743 156801 156932
154110 14
151874 151914 152162 151524 151927 151228 152708 152733 154170 154171 155343 156743 156801 156932
154111 34
151228 151524 151927 152708 152733 154170 154171 155343 156743 156801 156932 152251 151370 151493 152824 152897 152976 153210 153362 151252 151917 154217 154475 154799 154984 151292 155409 156483 156484 151990 152022 156855 152103 156953
