160161 5
155824 156284 156301 156302 156568
160162 1
156568
160163 44
156568 153064 152791 153806 153800 153407 153790 152736 152834 153824 153984 155824 156302 156301 156284 155930 155927 155911 155381 155367 155318 155244 155201 152562 151575 153275 157243 154217 153362 152022 153210 152976 151990 151370 152897 152824 151917 155409 154984 152251 154799 154475 152103 151493
160164 5
155824 156284 156301 156302 156568
160165 15
152736 152791 152834 153064 153407 153790 153800 153806 153824 153984 156568 156284 156301 156302 155824
160166 15
152736 152791 152834 153064 153407 153790 153800 153806 153824 153984 156568 156284 156301 156302 155824
160168 4
155824 156284 156301 156302
160169 14
155824 156284 156301 156302 153407 153790 153800 153806 153824 153984 152736 152791 152834 153064
160170 14
155824 156284 156301 156302 153407 153790 153800 153806 153824 153984 152736 152791 152834 153064
160171 1
156568
160172 1
156568
160173 1
156568
160174 1
156568
160176 5
155824 156284 156301 156302 156568
160178 1
156568
160179 33
155381 155911 151575 155367 155318 155930 155927 155201 155244 153275 157243 152562 152791 153064 152736 153984 153806 153800 153790 153407 152834 153824 156302 156301 156284 155824 152103 151252 155409 153210 154799 154475 152251
160180 50
151252 151292 151370 151493 151917 151990 152022 152103 152251 152824 152897 152976 153210 153362 154217 154475 154799 154984 155409 156483 156484 156855 156953 155318 155367 155381 153275 155911 155927 155930 151575 152562 155201 155244 157243 156284 156301 156302 155824 152791 152736 153407 153790 153800 153806 153824 153984 153064 152834 156568
160181 29
156302 156301 156284 155824 153984 153407 152791 153824 153800 153806 153064 152736 152834 153790 153210 152976 151990 152897 152824 151917 154984 151292 152251 151252 154475 154217 152103 153362 151370
160183 49
152014 153249 154737 156053 153064 152736 153407 153790 153800 153806 153824 153984 152791 152834 153275 152562 155201 155244 155318 155367 155381 155911 155927 155930 151575 157243 151493 151252 152824 154217 154475 151917 154799 154984 152897 152976 151990 153210 151292 155409 152022 153362 152103 152251 156483 156484 156855 156953 151370
160184 26
152014 153249 154737 156053 153064 152736 153407 153790 153800 153806 153824 153984 152791 152834 153275 152562 155201 155244 155318 155367 155381 155911 155927 155930 151575 157243
160185 26
152014 153249 154737 156053 153064 152736 153407 153790 153800 153806 153824 153984 152791 152834 155201 155244 155318 155367 155381 155911 155927 155930 151575 152562 153275 157243
160186 14
152014 153249 154737 156053 153064 152736 153407 153790 153800 153806 153824 153984 152791 152834
160187 30
152014 153249 154737 156053 155824 156284 156301 156302 153800 153806 153824 153984 152791 152834 153064 152736 153407 153790 155318 155367 155381 151575 155911 155927 155930 153275 152562 155201 155244 157243
160188 30
152014 153249 154737 156053 155824 156284 156301 156302 153800 153806 153824 153984 152791 152834 153064 152736 153407 153790 155318 155367 155381 151575 155911 155927 155930 153275 152562 155201 155244 157243
160189 26
152014 153249 154737 156053 153064 152736 153407 153790 153800 153806 153824 153984 152791 152834 153275 152562 155201 155244 155318 155367 155381 155911 155927 155930 151575 157243
160190 4
152014 153249 154737 156053
160191 10
151026 151171 154105 154495 155108 155192 154737 152014 153249 156053
160193 4
152014 153249 154737 156053
160194 4
152014 153249 154737 156053
160195 10
151026 151171 154105 154495 155108 155192 154737 152014 153249 156053
160196 10
151026 151171 154105 154495 155108 155192 154737 152014 153249 156053
160198 4
152014 153249 154737 156053
160199 10
151026 151171 154105 154495 155108 155192 154737 152014 153249 156053
160200 10
151026 151171 154105 154495 155108 155192 154737 152014 153249 156053
160203 10
151026 151171 154105 154495 155108 155192 154737 152014 153249 156053
160204 4
152014 153249 154737 156053
160205 4
152014 153249 154737 156053
160207 4
152014 153249 154737 156053
160208 4
152014 153249 154737 156053
160210 4
152014 153249 154737 156053
160211 4
152014 153249 154737 156053
160212 10
151026 151171 154105 154495 155108 155192 154737 152014 153249 156053
160213 10
151026 151171 154105 154495 155108 155192 154737 152014 153249 156053
160214 10
151026 151171 154105 154495 155108 155192 154737 152014 153249 156053
160215 10
151026 151171 154105 154495 155108 155192 154737 152014 153249 156053
160216 10
151026 151171 154105 154495 155108 155192 154737 152014 153249 156053
160217 10
151026 151171 154105 154495 155108 155192 154737 152014 153249 156053
160219 10
151026 151171 154105 154495 155108 155192 154737 152014 153249 156053
160220 10
151026 151171 154105 154495 155108 155192 154737 152014 153249 156053
160222 10
151026 151171 154105 154495 155108 155192 154737 152014 153249 156053
160223 10
151026 151171 154105 154495 155108 155192 154737 152014 153249 156053
160225 10
151026 151171 154105 154495 155108 155192 154737 152014 153249 156053
160228 10
151026 151171 154105 154495 155108 155192 154737 152014 153249 156053
160229 10
151026 151171 154105 154495 155108 155192 154737 152014 153249 156053
160231 10
151026 151171 154105 154495 155108 155192 154737 152014 153249 156053
160232 10
151026 151171 154105 154495 155108 155192 154737 152014 153249 156053
160233 10
151026 151171 154105 154495 155108 155192 154737 152014 153249 156053
160234 32
151026 151171 154105 154495 155108 155192 154737 152014 153249 156053 153800 153806 153824 153984 152791 152834 153064 152736 153407 153790 152562 151575 155201 155244 155318 155367 155381 155911 155927 155930 153275 157243
160235 10
151026 151171 154105 154495 155108 155192 154737 152014 153249 156053
160236 10
151026 151171 154105 154495 155108 155192 154737 152014 153249 156053
160237 10
151026 151171 154105 154495 155108 155192 154737 152014 153249 156053
160239 20
151026 151171 154105 154495 155108 155192 154737 152014 153249 156053 153800 153806 153824 153984 152791 152834 153064 152736 153407 153790
160240 20
151026 151171 154105 154495 155108 155192 154737 152014 153249 156053 153800 153806 153824 153984 152791 152834 153064 152736 153407 153790
160241 32
151026 151171 154105 154495 155108 155192 153407 153790 153800 153806 153824 153984 152736 152791 152834 153064 154737 152014 153249 156053 152562 151575 155201 155244 155318 155367 155381 155911 155927 155930 153275 157243
160243 32
151026 151171 154105 154495 155108 155192 153407 153790 153800 153806 153824 153984 152736 152791 152834 153064 154737 152014 153249 156053 152562 151575 155201 155244 155318 155367 155381 155911 155927 155930 153275 157243
160245 32
151026 151171 154105 154495 155108 155192 154737 152014 153249 156053 153800 153806 153824 153984 152791 152834 153064 152736 153407 153790 155201 155244 155318 155367 155381 155911 155927 155930 151575 152562 153275 157243
160246 13
151026 151171 154105 154495 155108 155192 155653 155664 156792 154737 152014 156053 153249
160248 35
151026 151171 154105 154495 155108 155192 155653 155664 156792 154737 152014 156053 153249 153984 152791 152834 153064 152736 153407 153790 153800 153806 153824 153275 152562 157243 155381 151575 155201 155911 155927 155930 155244 155318 155367
160249 35
151026 151171 154105 154495 155108 155192 155653 155664 156792 154737 152014 156053 153249 153984 152791 152834 153064 152736 153407 153790 153800 153806 153824 155244 155318 155367 155381 153275 152562 155911 155927 155930 151575 155201 157243
160250 35
151026 151171 154105 154495 155108 155192 155653 155664 156792 154737 152014 156053 153249 153984 152791 152834 153064 152736 153407 153790 153800 153806 153824 155244 155318 155367 155381 153275 152562 155911 155927 155930 151575 155201 157243
160251 10
151026 151171 154105 154495 155108 155192 154737 152014 153249 156053
160253 10
151026 151171 154105 154495 155108 155192 154737 152014 153249 156053
160254 10
151026 151171 154105 154495 155108 155192 154737 152014 153249 156053
160255 23
151026 151171 154105 154495 155108 155192 155653 155664 156792 154737 152014 156053 153249 153984 152791 152834 153064 152736 153407 153790 153800 153806 153824
160256 23
151026 151171 154105 154495 155108 155192 155653 155664 156792 154737 152014 156053 153249 153984 152791 152834 153064 152736 153407 153790 153800 153806 153824
160257 10
151026 151171 154105 154495 155108 155192 154737 152014 153249 156053
160258 10
151026 151171 154105 154495 155108 155192 154737 152014 153249 156053
160260 26
152014 153249 154737 156053 153064 152736 153407 153790 153800 153806 153824 153984 152791 152834 153275 152562 155201 155244 155318 155367 155381 155911 155927 155930 151575 157243
160261 26
152014 153249 154737 156053 153064 152736 153407 153790 153800 153806 153824 153984 152791 152834 153275 152562 155201 155244 155318 155367 155381 155911 155927 155930 151575 157243
160262 26
152014 153249 154737 156053 153064 152736 153407 153790 153800 153806 153824 153984 152791 152834 153275 152562 155201 155244 155318 155367 155381 155911 155927 155930 151575 157243
160263 8
152014 153249 154737 156053 155824 156284 156301 156302
160264 8
152014 153249 154737 156053 155824 156284 156301 156302
160265 8
152014 153249 154737 156053 155824 156284 156301 156302
160266 8
152014 153249 154737 156053 155824 156284 156301 156302
160267 8
152014 153249 154737 156053 155824 156284 156301 156302
160268 8
152014 153249 154737 156053 155824 156284 156301 156302
160269 4
152014 153249 154737 156053
160271 11
152014 153249 154737 156053 155824 156284 156301 156302 155436 154290 153079
160272 8
152014 153249 154737 156053 155824 156284 156301 156302
160273 8
152014 153249 154737 156053 155824 156284 156301 156302
160274 11
152014 153249 154737 156053 155824 156284 156301 156302 155436 154290 153079
160275 11
152014 153249 154737 156053 155824 156284 156301 156302 155436 154290 153079
160276 8
152014 153249 154737 156053 155824 156284 156301 156302
160277 8
152014 153249 154737 156053 155824 156284 156301 156302
160278 8
152014 153249 154737 156053 155824 156284 156301 156302
160279 8
152014 153249 154737 156053 155824 156284 156301 156302
160280 8
152014 153249 154737 156053 155824 156284 156301 156302
160281 11
152014 153249 154737 156053 155824 156284 156301 156302 155436 154290 153079
160282 8
152014 153249 154737 156053 155824 156284 156301 156302
160283 8
152014 153249 154737 156053 155824 156284 156301 156302
160284 8
152014 153249 154737 156053 155824 156284 156301 156302
160285 8
152014 153249 154737 156053 155824 156284 156301 156302
160286 4
152014 153249 154737 156053
160287 4
152014 153249 154737 156053
160288 4
152014 153249 154737 156053
160290 4
152014 153249 154737 156053
160291 4
152014 153249 154737 156053
160293 4
152014 153249 154737 156053
160294 4
152014 153249 154737 156053
160295 4
152014 153249 154737 156053
160296 4
152014 153249 154737 156053
160297 4
152014 153249 154737 156053
160298 4
152014 153249 154737 156053
160299 9
154720 153249 152014 154737 156053 155824 156284 156301 156302
160300 5
154720 153249 152014 154737 156053
160301 5
154720 153249 152014 154737 156053
160302 5
154720 153249 152014 154737 156053
160303 5
152014 153249 154737 156053 154720
160304 5
152014 153249 154737 156053 154720
160305 54
152014 153249 154737 156053 153079 155436 154290 156972 157091 155244 155318 155367 155381 153275 155911 155927 155930 151575 152562 155201 157243 153790 153800 153806 153824 153984 153064 152736 152791 152834 153407 152897 154475 152976 154799 154984 151990 151292 153210 152022 152103 155409 153362 152251 151370 151493 151252 156483 156484 156855 156953 152824 151917 154217
160306 54
152014 153249 154737 156053 153079 155436 154290 156972 157091 155244 155318 155367 155381 153275 155911 155927 155930 151575 152562 155201 157243 153790 153800 153806 153824 153984 153064 152736 152791 152834 153407 152897 154475 152976 154799 154984 151990 151292 153210 152022 152103 155409 153362 152251 151370 151493 151252 156483 156484 156855 156953 152824 151917 154217
160308 54
152014 153249 154737 156053 153079 155436 154290 156972 157091 155367 155381 151575 155911 155927 155930 155201 155244 155318 152562 153275 157243 152251 151493 152824 152897 152976 151292 151917 151990 153362 154217 156483 156484 156855 156953 151370 152022 154984 152103 154475 153210 154799 151252 155409 153407 153790 153800 153806 153824 153984 152791 152736 153064 152834
160309 54
152014 153249 154737 156053 153079 155436 154290 156972 157091 155367 155381 151575 155911 155927 155930 155201 155244 155318 152562 153275 157243 152251 151493 152824 152897 152976 151292 151917 151990 153362 154217 156483 156484 156855 156953 151370 152022 154984 152103 154475 153210 154799 151252 155409 153407 153790 153800 153806 153824 153984 152791 152736 153064 152834
160310 54
152014 153249 154737 156053 153079 155436 154290 156972 157091 155367 155381 151575 155911 155927 155930 155201 155244 155318 152562 153275 157243 152251 151493 152824 152897 152976 151292 151917 151990 153362 154217 156483 156484 156855 156953 151370 152022 154984 152103 154475 153210 154799 151252 155409 153407 153790 153800 153806 153824 153984 152791 152736 153064 152834
160312 54
152014 153249 154737 156053 153079 155436 154290 156972 157091 155367 155381 151575 155911 155927 155930 155201 155244 155318 152562 153275 157243 151990 154475 151292 154799 154984 152022 152103 152251 151370 152824 155409 152897 152976 151493 153210 151252 156483 156484 156855 156953 151917 153362 154217 153407 153790 153800 153806 153824 153984 152791 152736 153064 152834
160313 7
152014 153249 154737 156053 153079 155436 154290
160315 7
152014 153249 154737 156053 153079 155436 154290
160316 7
152014 153249 154737 156053 153079 155436 154290
160317 7
152014 153249 154737 156053 153079 155436 154290
160318 7
152014 153249 154737 156053 153079 155436 154290
160319 7
152014 153249 154737 156053 153079 155436 154290
160320 7
152014 153249 154737 156053 153079 155436 154290
160322 7
152014 153249 154737 156053 153079 155436 154290
160323 7
152014 153249 154737 156053 153079 155436 154290
160324 7
152014 153249 154737 156053 153079 155436 154290
160327 7
152014 153249 154737 156053 153079 155436 154290
160328 7
152014 153249 154737 156053 153079 155436 154290
160329 4
152014 153249 154737 156053
160330 4
152014 153249 154737 156053
160331 7
152014 153249 154737 156053 153079 155436 154290
160333 9
155824 156284 156301 156302 155653 155664 156792 152854 151837
160334 9
155824 156284 156301 156302 155653 155664 156792 152854 151837
160335 9
155824 156284 156301 156302 151837 152854 155653 155664 156792
160337 9
155824 156284 156301 156302 155653 155664 156792 152854 151837
160338 4
152014 153249 154737 156053
160339 44
152014 153249 154737 156053 153079 155436 154290 156972 157091 155244 155318 155367 155381 153275 155911 155927 155930 151575 152562 155201 157243 152251 151493 152824 152897 152976 151292 151917 151990 153362 154217 156483 156484 156855 156953 151370 152022 154984 152103 154475 153210 154799 151252 155409
160340 19
152014 153249 154737 156053 153079 155436 154290 152562 155201 155244 155318 155367 155381 153275 155911 155927 155930 151575 157243
160341 19
152014 153249 154737 156053 153275 152562 155201 155244 155318 155367 155381 155911 155927 155930 151575 157243 155436 153079 154290
160342 31
152014 153249 154737 156053 155201 155244 155318 155367 155381 155911 155927 155930 151575 152562 153275 157243 155436 153079 154290 157091 156972 153790 153800 153806 153824 153984 153064 152736 152791 152834 153407
160343 4
152014 153249 154737 156053
160344 4
152014 153249 154737 156053
160347 4
152014 153249 154737 156053
160348 7
152014 153249 154737 156053 153079 155436 154290
160349 19
152014 153249 154737 156053 153079 155436 154290 152562 155201 155244 155318 155367 155381 153275 155911 155927 155930 151575 157243
160350 19
152014 153249 154737 156053 153079 155436 154290 152562 153275 157243 155318 155367 155381 151575 155911 155927 155930 155201 155244
160351 8
155824 156284 156301 156302 156053 153249 154737 152014
160352 8
155824 156284 156301 156302 156053 153249 154737 152014
160353 8
155824 156284 156301 156302 156053 153249 154737 152014
160354 5
154720 153249 152014 154737 156053
160355 4
152014 153249 154737 156053
160361 7
155653 155664 156792 156284 156301 156302 155824
160362 7
155653 155664 156792 156284 156301 156302 155824
160363 4
152014 153249 154737 156053
160364 4
152014 153249 154737 156053
160365 4
152014 153249 154737 156053
160367 4
152014 153249 154737 156053
160369 4
152014 153249 154737 156053
160370 4
152014 153249 154737 156053
160371 4
152014 153249 154737 156053
160372 4
152014 153249 154737 156053
160374 4
152014 153249 154737 156053
160380 4
152014 153249 154737 156053
160381 4
152014 153249 154737 156053
160383 4
152014 153249 154737 156053
160384 4
152014 153249 154737 156053
160386 4
152014 153249 154737 156053
160387 4
152014 153249 154737 156053
160390 3
155653 155664 156792
160392 4
152014 153249 154737 156053
160396 4
152014 153249 154737 156053
160397 4
152014 153249 154737 156053
160407 4
152014 153249 154737 156053
160408 4
152014 153249 154737 156053
160412 4
152014 153249 154737 156053
160413 7
151609 152108 156772 156284 156301 156302 155824
160414 7
151609 152108 156772 156284 156301 156302 155824
160421 42
152014 153249 154737 156053 153275 152562 155201 155244 155318 155367 155381 155911 155927 155930 151575 157243 155436 153079 154290 153362 154217 151990 154475 151292 154799 154984 152022 152103 152251 151370 152824 155409 152897 152976 151493 153210 151252 156483 156484 156855 156953 151917
160422 7
152014 153249 154737 156053 153079 155436 154290
160423 7
152014 153249 154737 156053 153079 155436 154290
160424 7
152014 153249 154737 156053 153079 155436 154290
160425 7
152014 153249 154737 156053 153079 155436 154290
160427 7
152014 153249 154737 156053 153079 155436 154290
160432 54
152014 153249 154737 156053 153275 152562 155201 155244 155318 155367 155381 155911 155927 155930 151575 157243 155436 153079 154290 157091 156972 153790 153800 153806 153824 153984 153064 152736 152791 152834 153407 152897 154475 152976 154799 154984 151990 151292 153210 152022 152103 155409 153362 152251 151370 151493 151252 156483 156484 156855 156953 152824 151917 154217
160433 4
152014 153249 154737 156053
160435 4
152014 153249 154737 156053
160436 4
152014 153249 154737 156053
160437 4
152014 153249 154737 156053
160438 4
152014 153249 154737 156053
160440 7
151609 152108 156772 153249 154737 156053 152014
160442 4
152014 153249 154737 156053
160443 7
151609 152108 156772 153249 154737 156053 152014
160444 7
151609 152108 156772 153249 154737 156053 152014
160446 31
152014 153249 154737 156053 153079 155436 154290 156972 157091 155244 155318 155367 155381 153275 155911 155927 155930 151575 152562 155201 157243 153790 153800 153806 153824 153984 153064 152736 152791 152834 153407
160447 31
152014 153249 154737 156053 153079 155436 154290 156972 157091 155244 155318 155367 155381 153275 155911 155927 155930 151575 152562 155201 157243 153790 153800 153806 153824 153984 153064 152736 152791 152834 153407
160449 21
152014 153249 154737 156053 153079 155436 154290 156972 157091 155244 155318 155367 155381 153275 155911 155927 155930 151575 152562 155201 157243
160450 4
152014 153249 154737 156053
160451 6
152014 153249 154737 156053 156972 157091
160452 4
152014 153249 154737 156053
160454 4
152014 153249 154737 156053
160455 4
152014 153249 154737 156053
160457 6
152014 153249 154737 156053 156972 157091
160458 6
152014 153249 154737 156053 156972 157091
160459 4
152014 153249 154737 156053
160460 4
152014 153249 154737 156053
160463 4
152014 153249 154737 156053
160464 4
152014 153249 154737 156053
160465 16
152014 153249 154737 156053 155201 155244 155318 155367 155381 155911 155927 155930 151575 152562 153275 157243
160466 16
152014 153249 154737 156053 155201 155244 155318 155367 155381 155911 155927 155930 151575 152562 153275 157243
160467 16
152014 153249 154737 156053 153275 152562 155201 155244 155318 155367 155381 155911 155927 155930 151575 157243
160468 6
152014 153249 154737 156053 156972 157091
160469 6
152014 153249 154737 156053 156972 157091
160470 4
152014 153249 154737 156053
160471 4
152014 153249 154737 156053
160472 4
152014 153249 154737 156053
160473 4
152014 153249 154737 156053
160474 4
152014 153249 154737 156053
160475 4
152014 153249 154737 156053
160476 4
152014 153249 154737 156053
160479 4
152014 153249 154737 156053
160480 4
152014 153249 154737 156053
160481 4
152014 153249 154737 156053
160482 4
152014 153249 154737 156053
160483 4
152014 153249 154737 156053
160484 4
152014 153249 154737 156053
160485 4
152014 153249 154737 156053
160486 4
152014 153249 154737 156053
160487 4
152014 153249 154737 156053
160488 7
152014 153249 154737 156053 153079 155436 154290
160490 7
152014 153249 154737 156053 153079 155436 154290
160491 7
152014 153249 154737 156053 153079 155436 154290
160492 19
152014 153249 154737 156053 153079 155436 154290 152562 155201 155244 155318 155367 155381 153275 155911 155927 155930 151575 157243
160493 19
152014 153249 154737 156053 153079 155436 154290 152562 155201 155244 155318 155367 155381 153275 155911 155927 155930 151575 157243
160494 19
152014 153249 154737 156053 153079 155436 154290 152562 155201 155244 155318 155367 155381 153275 155911 155927 155930 151575 157243
160495 19
152014 153249 154737 156053 153079 155436 154290 152562 155201 155244 155318 155367 155381 153275 155911 155927 155930 151575 157243
160496 4
152014 153249 154737 156053
160497 4
152014 153249 154737 156053
160498 7
152014 153249 154737 156053 153079 155436 154290
160499 7
152014 153249 154737 156053 153079 155436 154290
160500 4
152014 153249 154737 156053
160501 4
152014 153249 154737 156053
160502 4
152014 153249 154737 156053
160503 45
151575 152562 153275 155201 155244 155318 155367 155381 155911 155927 155930 157243 153984 152791 152834 153064 152736 153407 153790 153800 153806 153824 152103 152251 151292 151370 151493 154217 154475 154799 154984 152824 151252 152897 152976 151917 155409 153210 151990 153362 156483 156484 156855 156953 152022
160504 45
151575 152562 153275 155201 155244 155318 155367 155381 155911 155927 155930 157243 153984 152791 152834 153064 152736 153407 153790 153800 153806 153824 152103 152251 151292 151370 151493 154217 154475 154799 154984 152824 151252 152897 152976 151917 155409 153210 151990 153362 156483 156484 156855 156953 152022
160505 7
155653 155664 156792 152014 153249 156053 154737
160506 4
152014 153249 154737 156053
160507 26
152014 153249 154737 156053 153064 152736 153407 153790 153800 153806 153824 153984 152791 152834 153275 152562 155201 155244 155318 155367 155381 155911 155927 155930 151575 157243
160508 45
152736 152791 152834 153064 153407 153790 153800 153806 153824 153984 151575 152562 153275 155201 155244 155318 155367 155381 155911 155927 155930 157243 152103 152251 151292 151370 151493 154217 154475 154799 154984 152824 151252 152897 152976 151917 155409 153210 151990 153362 156483 156484 156855 156953 152022
160510 49
152014 153249 154737 156053 153064 152736 153407 153790 153800 153806 153824 153984 152791 152834 153275 152562 155201 155244 155318 155367 155381 155911 155927 155930 151575 157243 151493 151252 152824 154217 154475 151917 154799 154984 152897 152976 151990 153210 151292 155409 152022 153362 152103 152251 156483 156484 156855 156953 151370
160511 49
152014 153249 154737 156053 153064 152736 153407 153790 153800 153806 153824 153984 152791 152834 153275 152562 155201 155244 155318 155367 155381 155911 155927 155930 151575 157243 151493 151252 152824 154217 154475 151917 154799 154984 152897 152976 151990 153210 151292 155409 152022 153362 152103 152251 156483 156484 156855 156953 151370
160513 49
152014 153249 154737 156053 153064 152736 153407 153790 153800 153806 153824 153984 152791 152834 153275 152562 155201 155244 155318 155367 155381 155911 155927 155930 151575 157243 151493 151252 152824 154217 154475 151917 154799 154984 152897 152976 151990 153210 151292 155409 152022 153362 152103 152251 156483 156484 156855 156953 151370
160514 49
152014 153249 154737 156053 153064 152736 153407 153790 153800 153806 153824 153984 152791 152834 153275 152562 155201 155244 155318 155367 155381 155911 155927 155930 151575 157243 151493 151252 152824 154217 154475 151917 154799 154984 152897 152976 151990 153210 151292 155409 152022 153362 152103 152251 156483 156484 156855 156953 151370
160516 45
152736 152791 152834 153064 153407 153790 153800 153806 153824 153984 151575 152562 153275 155201 155244 155318 155367 155381 155911 155927 155930 157243 154799 155409 151252 153210 152103 154475 152976 152022 154984 151370 152251 153362 151493 151292 151917 152824 151990 152897 156483 156484 156855 156953 154217
160518 26
152014 153249 154737 156053 153064 152736 153407 153790 153800 153806 153824 153984 152791 152834 153275 152562 155201 155244 155318 155367 155381 155911 155927 155930 151575 157243
160519 14
152014 153249 154737 156053 153064 152736 153407 153790 153800 153806 153824 153984 152791 152834
160520 14
152014 153249 154737 156053 153064 152736 153407 153790 153800 153806 153824 153984 152791 152834
160522 26
152014 153249 154737 156053 153064 152736 153407 153790 153800 153806 153824 153984 152791 152834 155201 155244 155318 155367 155381 155911 155927 155930 151575 152562 153275 157243
160523 26
152014 153249 154737 156053 155201 155244 155318 155367 155381 155911 155927 155930 151575 152562 153275 157243 153064 152736 152791 153407 153790 153800 153806 153824 153984 152834
160525 49
152014 153249 154737 156053 153064 152736 153407 153790 153800 153806 153824 153984 152791 152834 152562 153275 157243 155244 155318 155367 155381 155911 155927 155930 151575 155201 151493 151252 152824 154217 154475 151917 154799 154984 152897 152976 151990 153210 151292 155409 152022 153362 152103 152251 156483 156484 156855 156953 151370
160527 14
152014 153249 154737 156053 153064 152736 153407 153790 153800 153806 153824 153984 152791 152834
160528 26
152014 153249 154737 156053 153064 152736 153407 153790 153800 153806 153824 153984 152791 152834 152562 153275 157243 155244 155318 155367 155381 155911 155927 155930 151575 155201
160529 49
152014 153249 154737 156053 153064 152736 153407 153790 153800 153806 153824 153984 152791 152834 153275 152562 155201 155244 155318 155367 155381 155911 155927 155930 151575 157243 151493 151252 152824 154217 154475 151917 154799 154984 152897 152976 151990 153210 151292 155409 152022 153362 152103 152251 156483 156484 156855 156953 151370
160530 49
152014 153249 154737 156053 153275 152562 155201 155244 155318 155367 155381 155911 155927 155930 151575 157243 153064 152736 152791 153407 153790 153800 153806 153824 153984 152834 151493 151252 152824 154217 154475 151917 154799 154984 152897 152976 151990 153210 151292 155409 152022 153362 152103 152251 156483 156484 156855 156953 151370
160532 49
152014 153249 154737 156053 153275 152562 155201 155244 155318 155367 155381 155911 155927 155930 151575 157243 153064 152736 152791 153407 153790 153800 153806 153824 153984 152834 151493 151252 152824 154217 154475 151917 154799 154984 152897 152976 151990 153210 151292 155409 152022 153362 152103 152251 156483 156484 156855 156953 151370
160533 26
152014 153249 154737 156053 153275 152562 155201 155244 155318 155367 155381 155911 155927 155930 151575 157243 153064 152736 152791 153407 153790 153800 153806 153824 153984 152834
160534 4
152014 153249 154737 156053
160536 4
152014 153249 154737 156053
160537 54
152014 153249 154737 156053 153275 152562 155201 155244 155318 155367 155381 155911 155927 155930 151575 157243 153064 152736 152791 153407 153790 153800 153806 153824 153984 152834 155436 153079 154290 151917 154217 152897 154475 152976 154799 154984 151990 151292 153210 152022 152103 155409 153362 152251 151370 151493 151252 156483 156484 156855 156953 152824 157091 156972
160538 54
152014 153249 154737 156053 153275 152562 155201 155244 155318 155367 155381 155911 155927 155930 151575 157243 153064 152736 152791 153407 153790 153800 153806 153824 153984 152834 155436 153079 154290 151917 154217 152897 154475 152976 154799 154984 151990 151292 153210 152022 152103 155409 153362 152251 151370 151493 151252 156483 156484 156855 156953 152824 157091 156972
160539 54
152014 153249 154737 156053 153275 152562 155201 155244 155318 155367 155381 155911 155927 155930 151575 157243 153064 152736 152791 153407 153790 153800 153806 153824 153984 152834 155436 153079 154290 151917 154217 152897 154475 152976 154799 154984 151990 151292 153210 152022 152103 155409 153362 152251 151370 151493 151252 156483 156484 156855 156953 152824 157091 156972
160540 51
152736 152791 152834 153064 153407 153790 153800 153806 153824 153984 153079 154290 155436 155201 155244 155318 155367 155381 151575 155911 155927 155930 152562 153275 157243 157091 156972 152824 154217 151252 154475 154799 154984 152897 152976 151917 151990 153210 155409 152022 153362 152103 152251 156483 156484 156855 156953 151292 151370 151493 156932
160541 51
152736 152791 152834 153064 153407 153790 153800 153806 153824 153984 151575 155201 155244 155318 155367 155381 155911 155927 155930 152562 153275 157243 153079 155436 154290 157091 156972 152824 154217 151252 154475 154799 154984 152897 152976 151917 151990 153210 155409 152022 153362 152103 152251 156483 156484 156855 156953 151292 151370 151493 156932
160542 31
152014 153249 154737 156053 153064 152736 153407 153790 153800 153806 153824 153984 152791 152834 156972 157091 155318 155367 155381 155911 155927 155930 151575 155201 155244 152562 153275 157243 154290 155436 153079
160544 54
152014 153249 154737 156053 156972 157091 154290 153079 155436 153800 153806 153824 153984 152834 153064 152736 152791 153407 153790 151252 153362 152022 152103 152251 151292 151370 152824 154217 151493 154475 152897 154799 154984 155409 152976 151917 156483 156484 156855 156953 151990 153210 155927 155930 155244 155318 155367 155381 151575 155201 155911 152562 153275 157243
160545 54
152014 153249 154737 156053 156972 157091 153407 153790 153800 153806 153824 153984 152791 152834 153064 152736 154290 153079 155436 155244 155318 155367 155381 153275 155911 155927 155930 151575 152562 155201 157243 152897 154475 152976 154799 154984 151990 151292 153210 152022 152103 155409 153362 152251 151370 151493 151252 156483 156484 156855 156953 152824 151917 154217
160546 50
151575 152562 153275 155201 155244 155318 155367 155381 155911 155927 155930 157243 153079 155436 154290 153064 152736 152791 153407 153790 153800 153806 153824 153984 152834 157091 156972 152824 154217 151252 154475 154799 154984 152897 152976 151917 151990 153210 155409 152022 153362 152103 152251 156483 156484 156855 156953 151292 151370 151493
160547 6
152014 153249 154737 156053 156972 157091
160549 6
152014 153249 154737 156053 156972 157091
160550 2
156972 157091
160551 6
152014 153249 154737 156053 156972 157091
160552 31
152014 153249 154737 156053 153064 152736 153407 153790 153800 153806 153824 153984 152791 152834 152562 153275 157243 155244 155318 155367 155381 155911 155927 155930 151575 155201 157091 156972 154290 155436 153079
160553 54
152014 153249 154737 156053 155201 155244 155318 155367 155381 155911 155927 155930 151575 152562 153275 157243 153064 152736 152791 153407 153790 153800 153806 153824 153984 152834 155436 153079 154290 151917 154217 152897 154475 152976 154799 154984 151990 151292 153210 152022 152103 155409 153362 152251 151370 151493 151252 156483 156484 156855 156953 152824 157091 156972
160555 54
152014 153249 154737 156053 155201 155244 155318 155367 155381 155911 155927 155930 151575 152562 153275 157243 153064 152736 152791 153407 153790 153800 153806 153824 153984 152834 155436 153079 154290 151917 154217 152897 154475 152976 154799 154984 151990 151292 153210 152022 152103 155409 153362 152251 151370 151493 151252 156483 156484 156855 156953 152824 157091 156972
160556 21
152014 153249 154737 156053 153079 155436 154290 152562 153275 157243 155318 155367 155381 151575 155911 155927 155930 155201 155244 157091 156972
160557 31
152014 153249 154737 156053 153064 152736 153407 153790 153800 153806 153824 153984 152791 152834 156972 157091 155201 155244 155318 155367 155381 155911 155927 155930 151575 153275 152562 157243 154290 155436 153079
160558 31
152014 153249 154737 156053 153064 152736 153407 153790 153800 153806 153824 153984 152791 152834 156972 157091 155201 155244 155318 155367 155381 155911 155927 155930 151575 153275 152562 157243 154290 155436 153079
160559 26
152014 153249 154737 156053 153275 152562 155201 155244 155318 155367 155381 155911 155927 155930 151575 157243 153064 152736 152791 153407 153790 153800 153806 153824 153984 152834
160560 31
152014 153249 154737 156053 153064 152736 153407 153790 153800 153806 153824 153984 152791 152834 156972 157091 152562 153275 157243 155367 155381 155911 155927 155930 151575 155201 155244 155318 154290 155436 153079
160561 31
152014 153249 154737 156053 153064 152736 153407 153790 153800 153806 153824 153984 152791 152834 156972 157091 152562 153275 157243 155367 155381 155911 155927 155930 151575 155201 155244 155318 154290 155436 153079
160562 31
152014 153249 154737 156053 156972 157091 153407 153790 153800 153806 153824 153984 152791 152834 153064 152736 154290 153079 155436 155367 155381 151575 155911 155927 155930 155201 155244 155318 152562 153275 157243
160563 4
152014 153249 154737 156053
160565 4
152014 153249 154737 156053
160569 4
152014 153249 154737 156053
160570 4
152014 153249 154737 156053
160571 4
152014 153249 154737 156053
160572 4
152014 153249 154737 156053
160573 4
152014 153249 154737 156053
160574 4
152014 153249 154737 156053
160575 4
152014 153249 154737 156053
160576 4
152014 153249 154737 156053
160577 4
152014 153249 154737 156053
160578 4
152014 153249 154737 156053
160579 4
152014 153249 154737 156053
160580 49
152014 153249 154737 156053 152562 153275 157243 155244 155318 155367 155381 155911 155927 155930 151575 155201 151493 151252 153362 154217 154475 151917 154799 154984 151990 151292 152022 152103 152251 155409 151370 152824 152897 152976 156483 156484 156855 156953 153210 152834 152791 152736 153064 153407 153790 153800 153806 153824 153984
160581 54
152014 153249 154737 156053 153275 152562 155201 155244 155318 155367 155381 155911 155927 155930 151575 157243 155436 153079 154290 152834 153407 153790 153800 153806 153824 153984 153064 152736 152791 151917 154217 152897 154475 152976 154799 154984 151990 151292 153210 152022 152103 155409 153362 152251 151370 151493 151252 156483 156484 156855 156953 152824 157091 156972
160584 30
152014 153249 154737 156053 153079 155436 154290 152251 152824 152897 152976 151370 151493 153362 154217 151917 151990 154984 151292 152022 156483 156484 156855 156953 152103 154475 151252 154799 153210 155409
160585 32
152014 153249 154737 156053 153079 155436 154290 152251 152824 152897 152976 151370 151493 153362 154217 151917 151990 154984 151292 152022 156483 156484 156855 156953 152103 154475 151252 154799 153210 155409 156972 157091
160586 7
152014 153249 154737 156053 153079 155436 154290
160588 7
152014 153249 154737 156053 153079 155436 154290
160589 30
152014 153249 154737 156053 153079 155436 154290 152251 152824 152897 152976 151370 151493 153362 154217 151917 151990 154984 151292 152022 156483 156484 156855 156953 152103 154475 151252 154799 153210 155409
160590 30
152014 153249 154737 156053 153079 155436 154290 152251 152824 152897 152976 151370 151493 153362 154217 151917 151990 154984 151292 152022 156483 156484 156855 156953 152103 154475 151252 154799 153210 155409
160591 7
152014 153249 154737 156053 153079 155436 154290
160592 7
152014 153249 154737 156053 153079 155436 154290
160593 45
152014 153249 154737 156053 153079 155436 154290 152562 155201 155244 155318 155367 155381 153275 155911 155927 155930 151575 157243 157091 156972 151990 154475 151292 154799 154984 152022 152103 152251 151370 152824 155409 152897 152976 151493 153210 151252 156483 156484 156855 156953 151917 153362 154217 156932
160594 45
152014 153249 154737 156053 153079 155436 154290 152562 155201 155244 155318 155367 155381 153275 155911 155927 155930 151575 157243 153362 154217 151990 154475 151292 154799 154984 152022 152103 152251 151370 152824 155409 152897 152976 151493 153210 151252 156483 156484 156855 156953 151917 157091 156972 156932
160595 44
152014 153249 154737 156053 153079 155436 154290 152562 155201 155244 155318 155367 155381 153275 155911 155927 155930 151575 157243 157091 156972 151990 154475 151292 154799 154984 152022 152103 152251 151370 152824 155409 152897 152976 151493 153210 151252 156483 156484 156855 156953 151917 153362 154217
160596 45
152014 153249 154737 156053 153079 155436 154290 152562 155201 155244 155318 155367 155381 153275 155911 155927 155930 151575 157243 157091 156972 151990 154475 151292 154799 154984 152022 152103 152251 151370 152824 155409 152897 152976 151493 153210 151252 156483 156484 156855 156953 151917 153362 154217 156932
160598 45
152014 153249 154737 156053 153079 155436 154290 152562 155201 155244 155318 155367 155381 153275 155911 155927 155930 151575 157243 157091 156972 151990 154475 151292 154799 154984 152022 152103 152251 151370 152824 155409 152897 152976 151493 153210 151252 156483 156484 156855 156953 151917 153362 154217 156932
160599 40
152014 153249 154737 156053 153275 152562 155201 155244 155318 155367 155381 155911 155927 155930 151575 157243 151493 151252 153362 154217 154475 151917 154799 154984 151990 151292 152022 152103 152251 155409 151370 152824 152897 152976 156483 156484 156855 156953 153210 156932
160600 7
152014 153249 154737 156053 153079 155436 154290
160601 54
152014 153249 154737 156053 153079 155436 154290 156972 157091 155244 155318 155367 155381 153275 155911 155927 155930 151575 152562 155201 157243 153790 153800 153806 153824 153984 153064 152736 152791 152834 153407 152251 151493 153362 151292 151917 152824 151990 152897 152976 154217 156483 156484 156855 156953 151370 152022 154984 152103 154475 153210 154799 151252 155409
160603 7
152014 153249 154737 156053 153079 155436 154290
160604 7
152014 153249 154737 156053 153079 155436 154290
160605 7
152014 153249 154737 156053 153079 155436 154290
160606 4
152014 153249 154737 156053
160607 31
152014 153249 154737 156053 155201 155244 155318 155367 155381 155911 155927 155930 151575 152562 153275 157243 155436 153079 156972 157091 154290 153790 153800 153806 153824 153984 153064 152736 152791 152834 153407
160608 54
152014 153249 154737 156053 153275 152562 155201 155244 155318 155367 155381 155911 155927 155930 151575 157243 155436 153079 154290 152834 153407 153790 153800 153806 153824 153984 153064 152736 152791 157091 156972 152897 154475 152976 154799 154984 151990 151292 153210 152022 152103 155409 153362 152251 151370 151493 151252 156483 156484 156855 156953 152824 151917 154217
160609 54
152014 153249 154737 156053 153275 152562 155201 155244 155318 155367 155381 155911 155927 155930 151575 157243 155436 153079 154290 152834 153407 153790 153800 153806 153824 153984 153064 152736 152791 157091 156972 152897 154475 152976 154799 154984 151990 151292 153210 152022 152103 155409 153362 152251 151370 151493 151252 156483 156484 156855 156953 152824 151917 154217
160610 54
152014 153249 154737 156053 153275 152562 155201 155244 155318 155367 155381 155911 155927 155930 151575 157243 155436 153079 154290 152834 153407 153790 153800 153806 153824 153984 153064 152736 152791 157091 156972 152897 154475 152976 154799 154984 151990 151292 153210 152022 152103 155409 153362 152251 151370 151493 151252 156483 156484 156855 156953 152824 151917 154217
160612 54
152014 153249 154737 156053 153275 152562 155201 155244 155318 155367 155381 155911 155927 155930 151575 157243 155436 153079 154290 152834 153407 153790 153800 153806 153824 153984 153064 152736 152791 157091 156972 152897 154475 152976 154799 154984 151990 151292 153210 152022 152103 155409 153362 152251 151370 151493 151252 156483 156484 156855 156953 152824 151917 154217
160613 54
152014 153249 154737 156053 153275 152562 155201 155244 155318 155367 155381 155911 155927 155930 151575 157243 155436 153079 154290 152834 153407 153790 153800 153806 153824 153984 153064 152736 152791 157091 156972 152897 154475 152976 154799 154984 151990 151292 153210 152022 152103 155409 153362 152251 151370 151493 151252 156483 156484 156855 156953 152824 151917 154217
160614 54
152014 153249 154737 156053 153275 152562 155201 155244 155318 155367 155381 155911 155927 155930 151575 157243 155436 153079 154290 152834 153407 153790 153800 153806 153824 153984 153064 152736 152791 157091 156972 152897 154475 152976 154799 154984 151990 151292 153210 152022 152103 155409 153362 152251 151370 151493 151252 156483 156484 156855 156953 152824 151917 154217
160615 23
152014 153249 154737 156053 155824 156284 156301 156302 152562 153275 157243 151575 155911 155927 155930 155201 155244 155318 155367 155381 153079 154290 155436
160616 20
152014 153249 154737 156053 155824 156284 156301 156302 155318 155367 155381 151575 155911 155927 155930 153275 152562 155201 155244 157243
160618 23
152014 153249 154737 156053 155824 156284 156301 156302 152562 153275 157243 151575 155911 155927 155930 155201 155244 155318 155367 155381 153079 154290 155436
160619 25
152014 153249 154737 156053 155824 156284 156301 156302 155381 151575 155911 155927 155930 155201 155244 155318 155367 152562 153275 157243 153079 154290 155436 157091 156972
160620 20
152014 153249 154737 156053 155824 156284 156301 156302 155381 151575 155911 155927 155930 155201 155244 155318 155367 152562 153275 157243
160621 23
152014 153249 154737 156053 155824 156284 156301 156302 155318 155367 155381 151575 155911 155927 155930 153275 152562 155201 155244 157243 153079 154290 155436
160622 26
152014 153249 154737 156053 153064 152736 153407 153790 153800 153806 153824 153984 152791 152834 152562 153275 157243 155244 155318 155367 155381 155911 155927 155930 151575 155201
160623 4
152014 153249 154737 156053
160624 4
152014 153249 154737 156053
160625 4
152014 153249 154737 156053
160628 4
152014 153249 154737 156053
160629 4
152014 153249 154737 156053
160630 4
152014 153249 154737 156053
160631 4
152014 153249 154737 156053
160632 4
152014 153249 154737 156053
160634 4
152014 153249 154737 156053
160635 4
152014 153249 154737 156053
160636 7
155653 155664 156792 152014 153249 156053 154737
160637 4
152014 153249 154737 156053
160638 4
152014 153249 154737 156053
160639 4
152014 153249 154737 156053
160641 4
152014 153249 154737 156053
160642 4
152014 153249 154737 156053
160644 4
152014 153249 154737 156053
160646 4
152014 153249 154737 156053
160649 4
152014 153249 154737 156053
160650 4
152014 153249 154737 156053
160651 4
152014 153249 154737 156053
160653 4
152014 153249 154737 156053
160654 4
152014 153249 154737 156053
160655 4
152014 153249 154737 156053
160656 4
152014 153249 154737 156053
160657 4
152014 153249 154737 156053
160688 3
155653 155664 156792
160689 3
155653 155664 156792
160693 4
152014 153249 154737 156053
160694 4
152014 153249 154737 156053
160695 4
152014 153249 154737 156053
160698 4
152014 153249 154737 156053
160710 4
155824 156284 156301 156302
160711 4
155824 156284 156301 156302
160712 4
155824 156284 156301 156302
160713 7
155653 155664 156792 156284 156301 156302 155824
160714 4
155824 156284 156301 156302
160715 4
155824 156284 156301 156302
160716 4
155824 156284 156301 156302
160719 8
154720 155653 155664 156792 156284 156301 156302 155824
160720 4
152014 153249 154737 156053
160721 8
155824 156284 156301 156302 156053 153249 154737 152014
160722 4
152014 153249 154737 156053
160727 4
152014 153249 154737 156053
160728 4
152014 153249 154737 156053
160729 4
152014 153249 154737 156053
160730 4
152014 153249 154737 156053
160731 4
152014 153249 154737 156053
160732 4
152014 153249 154737 156053
160733 4
152014 153249 154737 156053
160734 4
152014 153249 154737 156053
160735 4
152014 153249 154737 156053
160736 4
152014 153249 154737 156053
160737 4
152014 153249 154737 156053
160739 4
152014 153249 154737 156053
160740 4
152014 153249 154737 156053
160741 4
152014 153249 154737 156053
160742 4
152014 153249 154737 156053
160743 4
152014 153249 154737 156053
160745 4
152014 153249 154737 156053
160746 4
152014 153249 154737 156053
160747 4
152014 153249 154737 156053
160749 4
152014 153249 154737 156053
160750 5
154720 153249 152014 154737 156053
160751 9
154720 153249 152014 154737 156053 155824 156284 156301 156302
160753 5
154720 153249 152014 154737 156053
160754 5
154720 153249 152014 154737 156053
160758 9
154720 153249 152014 154737 156053 155824 156284 156301 156302
160760 9
154720 153249 152014 154737 156053 155824 156284 156301 156302
160761 4
152014 153249 154737 156053
160762 4
152014 153249 154737 156053
160763 4
152014 153249 154737 156053
160764 4
152014 153249 154737 156053
160765 4
152014 153249 154737 156053
160766 7
152014 153249 154737 156053 153079 155436 154290
160767 4
152014 153249 154737 156053
160768 4
152014 153249 154737 156053
160769 4
152014 153249 154737 156053
160770 4
152014 153249 154737 156053
160771 4
152014 153249 154737 156053
160773 4
152014 153249 154737 156053
160774 7
155653 155664 156792 152014 153249 156053 154737
160775 7
152014 153249 154737 156053 155664 155653 156792
160776 7
155653 155664 156792 152014 153249 156053 154737
160778 7
155653 155664 156792 152014 153249 156053 154737
160779 7
155653 155664 156792 152014 153249 156053 154737
160782 8
154720 155653 155664 156792 153249 152014 156053 154737
160783 8
154720 155653 155664 156792 153249 152014 156053 154737
160785 8
154720 155653 155664 156792 153249 152014 156053 154737
