160786 8
155653 155664 156792 154720 153249 152014 156053 154737
160787 8
155653 155664 156792 154720 153249 152014 156053 154737
160788 8
155653 155664 156792 154720 153249 152014 156053 154737
160789 8
155653 155664 156792 152014 153249 156053 154737 154720
160790 8
155653 155664 156792 154720 153249 152014 156053 154737
160791 8
155653 155664 156792 154720 153249 152014 156053 154737
160792 8
155653 155664 156792 154720 153249 152014 156053 154737
160793 8
155653 155664 156792 154720 153249 152014 156053 154737
160794 8
155653 155664 156792 154720 153249 152014 156053 154737
160795 8
155653 155664 156792 154720 153249 152014 156053 154737
160796 12
154720 153249 152014 154737 156053 155664 155653 156792 156284 156301 156302 155824
160797 12
154720 153249 152014 154737 156053 155664 155653 156792 156284 156301 156302 155824
160798 8
152014 153249 154737 156053 155824 156284 156301 156302
160799 11
155653 155664 156792 152014 153249 156053 154737 156284 156301 156302 155824
160801 8
152014 153249 154737 156053 155824 156284 156301 156302
160802 8
152014 153249 154737 156053 155824 156284 156301 156302
160804 8
152014 153249 154737 156053 155824 156284 156301 156302
160805 8
152014 153249 154737 156053 155824 156284 156301 156302
160806 8
152014 153249 154737 156053 155824 156284 156301 156302
160807 8
152014 153249 154737 156053 155824 156284 156301 156302
160808 8
152014 153249 154737 156053 155824 156284 156301 156302
160811 8
152014 153249 154737 156053 155824 156284 156301 156302
160812 8
152014 153249 154737 156053 155824 156284 156301 156302
160813 8
152014 153249 154737 156053 155824 156284 156301 156302
160814 8
155824 156284 156301 156302 156053 153249 154737 152014
160815 8
155824 156284 156301 156302 156053 153249 154737 152014
160818 8
155824 156284 156301 156302 156053 153249 154737 152014
160819 8
152014 153249 154737 156053 155824 156284 156301 156302
160820 8
152014 153249 154737 156053 155824 156284 156301 156302
160822 9
152014 153249 154737 156053 153079 155436 154290 156972 157091
160823 7
152014 153249 154737 156053 153079 155436 154290
160824 4
152014 153249 154737 156053
160825 7
152014 153249 154737 156053 153079 155436 154290
160826 4
152014 153249 154737 156053
160828 4
152014 153249 154737 156053
160829 4
152014 153249 154737 156053
160830 4
152014 153249 154737 156053
160831 4
152014 153249 154737 156053
160832 4
152014 153249 154737 156053
160834 4
152014 153249 154737 156053
160836 4
152014 153249 154737 156053
160837 4
152014 153249 154737 156053
160839 4
152014 153249 154737 156053
160841 4
152014 153249 154737 156053
160843 4
152014 153249 154737 156053
160844 4
152014 153249 154737 156053
160845 4
152014 153249 154737 156053
160846 4
152014 153249 154737 156053
160847 4
152014 153249 154737 156053
160848 4
152014 153249 154737 156053
160850 4
152014 153249 154737 156053
160852 4
152014 153249 154737 156053
160854 4
152014 153249 154737 156053
160855 4
152014 153249 154737 156053
160857 4
152014 153249 154737 156053
160858 4
152014 153249 154737 156053
160859 4
152014 153249 154737 156053
160860 4
152014 153249 154737 156053
160861 4
152014 153249 154737 156053
160863 4
152014 153249 154737 156053
160864 4
152014 153249 154737 156053
160865 4
152014 153249 154737 156053
160866 4
152014 153249 154737 156053
160867 4
152014 153249 154737 156053
160868 4
152014 153249 154737 156053
160870 4
152014 153249 154737 156053
160871 4
152014 153249 154737 156053
160872 4
152014 153249 154737 156053
160873 4
152014 153249 154737 156053
160874 4
152014 153249 154737 156053
160875 4
152014 153249 154737 156053
160876 4
152014 153249 154737 156053
160877 4
152014 153249 154737 156053
160878 4
152014 153249 154737 156053
160879 8
152014 153249 154737 156053 155824 156284 156301 156302
160880 4
152014 153249 154737 156053
160881 4
152014 153249 154737 156053
160882 4
152014 153249 154737 156053
160884 4
152014 153249 154737 156053
160885 4
152014 153249 154737 156053
160888 4
152014 153249 154737 156053
160889 4
152014 153249 154737 156053
160890 4
152014 153249 154737 156053
160891 4
152014 153249 154737 156053
160893 4
152014 153249 154737 156053
160894 4
152014 153249 154737 156053
160895 4
152014 153249 154737 156053
160897 4
152014 153249 154737 156053
160898 4
152014 153249 154737 156053
160899 4
152014 153249 154737 156053
160900 4
152014 153249 154737 156053
160901 8
155824 156284 156301 156302 156053 153249 154737 152014
160906 8
155824 156284 156301 156302 156053 153249 154737 152014
160907 8
155824 156284 156301 156302 156053 153249 154737 152014
160908 8
155824 156284 156301 156302 156053 153249 154737 152014
160909 8
155824 156284 156301 156302 156053 153249 154737 152014
160910 8
155824 156284 156301 156302 156053 153249 154737 152014
160911 8
155824 156284 156301 156302 156053 153249 154737 152014
160912 8
155824 156284 156301 156302 156053 153249 154737 152014
160913 11
155824 156284 156301 156302 155653 155664 156792 152014 153249 154737 156053
160914 11
155824 156284 156301 156302 155653 155664 156792 152014 153249 154737 156053
160915 20
151228 151524 151927 152708 152733 154170 154171 155343 156743 156284 156301 156302 155824 155664 155653 156792 154737 152014 156053 153249
160916 8
155824 156284 156301 156302 156053 153249 154737 152014
160917 8
155824 156284 156301 156302 156053 153249 154737 152014
160918 17
152708 152733 155343 156743 151524 154170 154171 151927 151228 156284 156301 156302 155824 154737 152014 153249 156053
160920 11
155824 156284 156301 156302 155653 155664 156792 152014 153249 154737 156053
160923 8
155824 156284 156301 156302 156053 153249 154737 152014
160924 8
155824 156284 156301 156302 156053 153249 154737 152014
160925 4
152014 153249 154737 156053
160928 4
152014 153249 154737 156053
160929 4
152014 153249 154737 156053
160932 26
152854 151837 152785 153939 154153 155055 155056 155460 155695 155730 154170 154171 152733 151524 155343 151228 151927 152708 156743 153249 154737 156053 152014 152732 152669 152372
160933 16
151228 151524 151927 152708 152733 154170 154171 155343 156743 154737 152014 156053 153249 152732 152669 152372
160934 19
151228 151524 151927 152708 152733 154170 154171 155343 156743 154737 152014 156053 153249 152732 152669 152372 155653 155664 156792
160935 21
151837 152854 151228 151927 152708 152733 151524 154170 154171 155343 156743 154737 152014 156053 153249 152669 152372 152732 155653 155664 156792
160937 27
156125 152854 151837 151927 152708 152733 151524 154170 154171 155343 151228 156743 152014 156053 153249 154737 155056 152785 155460 155695 155730 153939 154153 155055 152669 152372 152732
160938 25
156125 153249 154737 156053 152014 152733 151524 154170 154171 151927 155343 151228 152708 156743 155056 152785 155460 155695 155730 153939 154153 155055 152732 152669 152372
160939 25
156125 153249 154737 156053 152014 152785 155055 155056 155460 155695 155730 153939 154153 155343 152733 152708 156743 151524 151927 151228 154170 154171 152732 152669 152372
160941 25
156125 153249 154737 156053 152014 152785 155055 155056 155460 155695 155730 153939 154153 155343 152733 152708 156743 151524 151927 151228 154170 154171 152732 152669 152372
160942 27
151837 152854 156125 153249 154737 156053 152014 151228 151927 154170 154171 151524 155343 152708 152733 156743 155056 152785 155460 155695 155730 153939 154153 155055 152669 152372 152732
160943 24
152785 153939 154153 155055 155056 155460 155695 155730 154737 152014 153249 156053 152733 151524 151927 155343 151228 152708 154170 154171 156743 152372 152732 152669
160945 24
152785 153939 154153 155055 155056 155460 155695 155730 154737 152014 153249 156053 152708 155343 152733 156743 154171 151524 151927 151228 154170 152372 152732 152669
160947 24
152785 153939 154153 155055 155056 155460 155695 155730 154737 152014 153249 156053 152733 151524 151927 155343 151228 152708 154170 154171 156743 152372 152732 152669
160948 24
152785 153939 154153 155055 155056 155460 155695 155730 154737 152014 153249 156053 152733 151524 151927 155343 151228 152708 154170 154171 156743 152372 152732 152669
160949 24
152785 153939 154153 155055 155056 155460 155695 155730 154737 152014 153249 156053 152733 151524 151927 155343 151228 152708 154170 154171 156743 152372 152732 152669
160950 24
152785 153939 154153 155055 155056 155460 155695 155730 154737 152014 153249 156053 152733 151524 151927 155343 151228 152708 154170 154171 156743 152372 152732 152669
160951 26
151837 152854 152785 153939 154153 155055 155056 155460 155695 155730 154737 152014 153249 156053 151228 151927 151524 155343 152708 152733 154170 154171 156743 152732 152669 152372
160952 24
152785 153939 154153 155055 155056 155460 155695 155730 154737 152014 153249 156053 152708 155343 152733 156743 154171 151524 151927 151228 154170 152372 152732 152669
160955 26
152785 153939 154153 155055 155056 155460 155695 155730 151837 152854 154737 152014 153249 156053 152372 152669 152732 151228 151927 152708 155343 151524 152733 154170 154171 156743
160956 26
151837 152854 152785 153939 154153 155055 155056 155460 155695 155730 154737 152014 153249 156053 152372 152669 152732 151228 151927 152708 155343 151524 152733 154170 154171 156743
160957 27
151837 152854 156125 153249 154737 156053 152014 152785 155055 155056 155460 155695 155730 153939 154153 152669 152732 152372 151927 152708 155343 151524 152733 154170 154171 151228 156743
160958 27
156125 152854 151837 153939 154153 155055 155056 155460 155695 155730 152785 152014 153249 156053 154737 152669 152732 152372 151927 152708 155343 151524 152733 154170 154171 151228 156743
160960 26
152785 153939 154153 155055 155056 155460 155695 155730 151837 152854 154737 152014 153249 156053 152372 152669 152732 151228 151927 152708 155343 151524 152733 154170 154171 156743
160961 26
152785 153939 154153 155055 155056 155460 155695 155730 151837 152854 154737 152014 153249 156053 152372 152669 152732 151228 151927 152708 155343 151524 152733 154170 154171 156743
160962 26
152785 153939 154153 155055 155056 155460 155695 155730 152854 151837 154737 152014 153249 156053 151228 151927 151524 155343 152708 152733 154170 154171 156743 152732 152669 152372
160964 26
152785 153939 154153 155055 155056 155460 155695 155730 152854 151837 154737 152014 153249 156053 151228 151927 151524 155343 152708 152733 154170 154171 156743 152732 152669 152372
160965 26
152785 153939 154153 155055 155056 155460 155695 155730 152854 151837 154737 152014 153249 156053 151228 151927 151524 155343 152708 152733 154170 154171 156743 152732 152669 152372
160968 26
152785 153939 154153 155055 155056 155460 155695 155730 152854 151837 154737 152014 153249 156053 151228 151927 151524 155343 152708 152733 154170 154171 156743 152732 152669 152372
160969 26
152785 153939 154153 155055 155056 155460 155695 155730 154737 152014 153249 156053 151837 152854 151228 151927 151524 155343 152708 152733 154170 154171 156743 152732 152669 152372
160971 26
152785 153939 154153 155055 155056 155460 155695 155730 154737 152014 153249 156053 151837 152854 151228 151927 151524 155343 152708 152733 154170 154171 156743 152732 152669 152372
160972 26
152785 153939 154153 155055 155056 155460 155695 155730 154737 152014 153249 156053 151837 152854 151228 151927 151524 155343 152708 152733 154170 154171 156743 152732 152669 152372
160973 26
152785 153939 154153 155055 155056 155460 155695 155730 154737 152014 153249 156053 151837 152854 151228 151927 151524 155343 152708 152733 154170 154171 156743 152732 152669 152372
160974 30
156792 155664 155653 156125 155056 155460 152785 153939 155695 155730 154153 155055 152014 156053 153249 154737 152854 151837 152669 152732 152372 151524 152733 154170 154171 151228 151927 152708 156743 155343
160975 26
152785 153939 154153 155055 155056 155460 155695 155730 152854 151837 154737 152014 153249 156053 152733 155343 152708 156743 154171 151927 151524 151228 154170 152732 152669 152372
160976 30
151837 152854 151228 151927 152708 152733 151524 154170 154171 155343 156743 156125 152014 156053 153249 154737 152372 152732 152669 155056 152785 155460 155695 155730 153939 154153 155055 155664 155653 156792
160977 30
151837 152854 151228 151927 152708 152733 151524 154170 154171 155343 156743 156125 152014 156053 153249 154737 152372 152732 152669 155056 152785 155460 155695 155730 153939 154153 155055 155664 155653 156792
160978 30
156125 152854 151837 151927 152708 152733 151524 154170 154171 155343 151228 156743 152014 156053 153249 154737 155056 152785 155460 155695 155730 153939 154153 155055 152669 152372 152732 155664 155653 156792
160979 10
152014 153249 154737 156053 152372 152669 152732 151609 152108 156772
160980 7
152014 153249 154737 156053 152372 152669 152732
160981 9
151837 152854 152014 153249 154737 156053 152669 152732 152372
160982 19
151228 151524 151927 152708 152733 154170 154171 155343 156743 154737 152014 156053 153249 152732 152669 152372 155653 155664 156792
160983 24
151228 151524 151927 152708 152733 154170 154171 155343 156743 154737 152014 156053 153249 155055 155056 152785 155460 155695 155730 153939 154153 152372 152732 152669
160984 27
156125 155664 155653 156792 151837 152854 155695 152785 153939 155055 155056 155730 155460 154153 152014 156053 153249 154737 152708 152733 154170 154171 151228 151927 151524 156743 155343
160988 23
152785 153939 154153 155055 155056 155460 155695 155730 154170 154171 152708 152733 155343 151228 151524 151927 156743 152854 151837 153249 154737 156053 152014
160989 23
154153 155055 155056 155460 155730 153939 155695 152785 154170 154171 152708 152733 155343 151228 151524 151927 156743 152854 151837 153249 154737 156053 152014
160990 26
155653 155664 156792 152854 151837 155055 155056 155460 152785 153939 155695 155730 154153 151524 155343 151228 151927 152708 154170 154171 156743 152733 153249 156053 154737 152014
160991 26
155653 155664 156792 152854 151837 153939 155695 152785 154153 155055 155056 155730 155460 151524 155343 151228 151927 152708 154170 154171 156743 152733 153249 156053 154737 152014
160992 26
155653 155664 156792 152854 151837 155055 155056 155460 152785 153939 155695 155730 154153 151524 155343 151228 151927 152708 154170 154171 156743 152733 153249 156053 154737 152014
160993 26
156792 155664 155653 151837 152854 155055 155056 155460 152785 153939 155695 155730 154153 151524 155343 151228 151927 152708 154170 154171 156743 152733 153249 156053 154737 152014
160994 29
156792 155664 155653 152854 151837 155055 155056 155460 152785 153939 155695 155730 154153 154737 152014 156053 153249 152733 155343 156743 152708 151228 154170 154171 151927 151524 152732 152669 152372
160995 29
156792 155664 155653 152854 151837 155055 155056 155460 152785 153939 155695 155730 154153 152708 152733 156743 155343 151524 151228 151927 154170 154171 153249 156053 154737 152014 152732 152669 152372
160996 30
156125 155664 155653 156792 151837 152854 154153 155055 155730 155056 155460 152785 153939 155695 152014 156053 153249 154737 152708 152733 154170 154171 151228 151927 151524 156743 155343 152669 152372 152732
160997 29
156792 155664 155653 152854 151837 155055 155056 155460 152785 153939 155695 155730 154153 152708 152733 156743 155343 151524 151228 151927 154170 154171 153249 156053 154737 152014 152732 152669 152372
160998 30
156792 155664 155653 156125 151837 152854 151524 154170 154171 155343 151228 151927 152708 156743 152733 156053 152014 153249 154737 153939 154153 155695 155730 155055 155056 152785 155460 152669 152372 152732
161000 29
155653 155664 156792 152854 151837 155055 155056 155460 152785 153939 155695 155730 154153 151524 155343 151228 151927 152708 154170 154171 156743 152733 153249 156053 154737 152014 152732 152669 152372
161001 30
156125 156792 155653 155664 151837 152854 155056 155460 152785 153939 155695 155730 154153 155055 152014 156053 153249 154737 152708 152733 154170 154171 151228 151927 151524 156743 155343 152669 152372 152732
161002 17
155665 155667 156008 156030 156105 156156 156157 156585 157197 155147 155146 151026 151171 155192 154105 154495 155108
161003 23
151609 152108 156772 152669 152732 152372 155667 156008 156030 156105 156156 156157 156585 155665 157197 155146 155147 151026 155192 154105 154495 155108 151171
161004 23
151609 152108 156772 152669 152732 152372 155667 156008 156030 156105 156156 156157 156585 155665 157197 155146 155147 151026 155192 154105 154495 155108 151171
161005 21
151609 152108 156772 152669 152732 152372 155667 156008 156030 156105 156156 156157 156585 155665 157197 155108 155192 151171 151026 154105 154495
161006 23
151609 152108 156772 152669 152732 152372 155667 156008 156030 156105 156156 156157 156585 155665 157197 155146 155147 151026 155192 154105 154495 155108 151171
161007 23
151609 152108 156772 152669 152732 152372 155667 156008 156030 156105 156156 156157 156585 155665 157197 155146 155147 151026 155192 154105 154495 155108 151171
161008 21
151609 152108 156772 152669 152732 152372 155667 156008 156030 156105 156156 156157 156585 155665 157197 155108 155192 151171 151026 154105 154495
161010 21
151609 152108 156772 152669 152732 152372 155667 156008 156030 156105 156156 156157 156585 155665 157197 155108 155192 151171 151026 154105 154495
161011 20
152372 152669 152732 155146 155147 155665 155667 156008 156030 156105 156156 156157 156585 157197 151171 151026 155192 154105 154495 155108
161013 23
152372 152669 152732 152108 151609 156772 155667 156008 156030 156105 156156 156157 156585 155665 157197 155146 155147 151026 155192 154105 154495 155108 151171
161014 19
152014 153249 154737 156053 152108 151609 156772 152733 151927 154170 154171 151524 155343 151228 156743 152708 152669 152372 152732
161015 19
152014 153249 154737 156053 152108 151609 156772 152733 151927 154170 154171 151524 155343 151228 156743 152708 152669 152372 152732
161016 19
152014 153249 154737 156053 152108 151609 156772 152733 151927 154170 154171 151524 155343 151228 156743 152708 152669 152372 152732
161017 15
151609 152108 156772 151927 151524 152708 152733 154170 154171 155343 156743 151228 152669 152372 152732
161018 19
152014 153249 154737 156053 152108 151609 156772 152733 151927 154170 154171 151524 155343 151228 156743 152708 152669 152372 152732
161019 19
152014 153249 154737 156053 152108 151609 156772 152733 151927 154170 154171 151524 155343 151228 156743 152708 152669 152372 152732
161020 15
151609 152108 156772 151927 151524 152708 152733 154170 154171 155343 156743 151228 152669 152372 152732
161021 15
151609 152108 156772 151927 151524 152708 152733 154170 154171 155343 156743 151228 152669 152372 152732
161023 15
151609 152108 156772 151927 151524 152708 152733 154170 154171 155343 156743 151228 152669 152372 152732
161024 19
152014 153249 154737 156053 152108 151609 156772 152733 151927 154170 154171 151524 155343 151228 156743 152708 152669 152372 152732
161025 19
152014 153249 154737 156053 152108 151609 156772 152733 151927 154170 154171 151524 155343 151228 156743 152708 152669 152372 152732
161026 15
151609 152108 156772 151927 151524 152708 152733 154170 154171 155343 156743 151228 152669 152372 152732
161027 19
152014 153249 154737 156053 152108 151609 156772 152733 151927 154170 154171 151524 155343 151228 156743 152708 152669 152372 152732
161028 19
152014 153249 154737 156053 152108 151609 156772 152733 151927 154170 154171 151524 155343 151228 156743 152708 152669 152372 152732
161029 15
151609 152108 156772 151927 151524 152708 152733 154170 154171 155343 156743 151228 152669 152372 152732
161031 15
151609 152108 156772 151927 151524 152708 152733 154170 154171 155343 156743 151228 152669 152372 152732
161032 19
152014 153249 154737 156053 152108 151609 156772 152733 151927 154170 154171 151524 155343 151228 156743 152708 152669 152372 152732
161033 19
152014 153249 154737 156053 152108 151609 156772 152733 151927 154170 154171 151524 155343 151228 156743 152708 152669 152372 152732
161034 15
151609 152108 156772 151927 151524 152708 152733 154170 154171 155343 156743 151228 152669 152372 152732
161035 15
151609 152108 156772 151927 151524 152708 152733 154170 154171 155343 156743 151228 152669 152372 152732
161036 15
151609 152108 156772 151927 151524 152708 152733 154170 154171 155343 156743 151228 152669 152372 152732
161037 15
151609 152108 156772 151927 151524 152708 152733 154170 154171 155343 156743 151228 152669 152372 152732
161038 15
151609 152108 156772 152733 155343 156743 152708 154170 154171 151524 151228 151927 152669 152372 152732
161039 15
151609 152108 156772 151927 151524 152708 152733 154170 154171 155343 156743 151228 152669 152372 152732
161040 15
151609 152108 156772 151927 151524 152708 152733 154170 154171 155343 156743 151228 152669 152372 152732
161041 15
151609 152108 156772 151927 151524 152708 152733 154170 154171 155343 156743 151228 152669 152372 152732
161042 19
151609 152108 156772 153249 154737 156053 152014 154170 154171 151524 151228 151927 155343 152708 156743 152733 152669 152372 152732
161043 15
151609 152108 156772 151927 151524 152708 152733 154170 154171 155343 156743 151228 152669 152372 152732
161045 15
151609 152108 156772 151927 151524 152708 152733 154170 154171 155343 156743 151228 152669 152372 152732
161046 25
151228 151524 151927 152708 152733 154170 154171 155343 156743 152732 152669 152372 154737 152014 156053 153249 156008 156030 155665 156105 156156 156157 156585 155667 157197
161047 19
151609 152108 156772 151927 151524 152708 152733 154170 154171 155343 156743 151228 152669 152372 152732 152014 156053 153249 154737
161048 19
151609 152108 156772 151927 151524 152708 152733 154170 154171 155343 156743 151228 152669 152372 152732 152014 156053 153249 154737
161049 28
156125 153939 154153 155055 155056 155460 155695 155730 152785 152014 153249 156053 154737 155653 155664 156792 151228 152708 154170 154171 152733 151524 151927 156743 155343 152732 152669 152372
161050 28
156125 153939 154153 155055 155056 155460 155695 155730 152785 152014 153249 156053 154737 151524 151927 155343 151228 152708 154170 154171 152733 156743 155664 155653 156792 152732 152669 152372
161051 28
156125 153939 154153 155055 155056 155460 155695 155730 152785 152014 153249 156053 154737 155653 155664 156792 152372 152669 152732 152708 151228 154170 154171 152733 151524 151927 156743 155343
161052 28
156125 153939 154153 155055 155056 155460 155695 155730 152785 152014 153249 156053 154737 155653 155664 156792 152372 152669 152732 152708 151228 154170 154171 152733 151524 151927 156743 155343
161053 27
156125 156792 155653 155664 152854 151837 155056 155460 152785 153939 155695 155730 154153 155055 152014 156053 153249 154737 152708 152733 154170 154171 151228 151927 151524 156743 155343
161054 27
156125 155664 155653 156792 152854 151837 155056 155460 152785 153939 155695 155730 154153 155055 152014 156053 153249 154737 152708 152733 154170 154171 151228 151927 151524 156743 155343
161055 27
156125 155664 155653 156792 152854 151837 155056 155460 152785 153939 155695 155730 154153 155055 152014 156053 153249 154737 152708 152733 154170 154171 151228 151927 151524 156743 155343
161056 27
155653 155664 156792 156125 151837 152854 155056 155460 152785 153939 155695 155730 154153 155055 152014 156053 153249 154737 152708 152733 154170 154171 151228 151927 151524 156743 155343
161057 27
156792 155664 156125 155653 151837 152854 155056 155460 152785 153939 155695 155730 154153 155055 152014 156053 153249 154737 152708 152733 154170 154171 151228 151927 151524 156743 155343
161059 25
156125 153939 154153 155055 155056 155460 155695 155730 152785 152014 153249 156053 154737 151524 151927 155343 151228 152708 154170 154171 152733 156743 152732 152669 152372
161060 22
156125 153939 154153 155055 155056 155460 155695 155730 152785 152014 153249 156053 154737 151524 151927 155343 151228 152708 154170 154171 152733 156743
161061 22
156125 153939 154153 155055 155056 155460 155695 155730 152785 152014 153249 156053 154737 151524 151927 155343 151228 152708 154170 154171 152733 156743
161062 22
156125 153939 154153 155055 155056 155460 155695 155730 152785 152014 153249 156053 154737 151524 151927 155343 151228 152708 154170 154171 152733 156743
161063 28
152014 153249 154737 156053 152708 152733 151524 154170 154171 151927 155343 151228 156743 156008 156030 155665 156105 156156 156157 156585 155667 157197 152732 152669 152372 152108 156772 151609
161064 28
152014 153249 154737 156053 152708 152733 151524 154170 154171 151927 155343 151228 156743 152732 152669 152372 156008 156030 155665 156105 156156 156157 156585 155667 157197 152108 156772 151609
161065 28
152014 153249 154737 156053 152708 152733 151524 154170 154171 151927 155343 151228 156743 156008 156030 155665 156105 156156 156157 156585 155667 157197 152732 152669 152372 152108 156772 151609
161066 28
152014 153249 154737 156053 152708 152733 151524 154170 154171 151927 155343 151228 156743 156008 156030 155665 156105 156156 156157 156585 155667 157197 152732 152669 152372 152108 156772 151609
161067 28
152014 153249 154737 156053 152708 152733 151524 154170 154171 151927 155343 151228 156743 156008 156030 155665 156105 156156 156157 156585 155667 157197 152732 152669 152372 152108 156772 151609
161068 28
152014 153249 154737 156053 152708 152733 151524 154170 154171 151927 155343 151228 156743 156008 156030 155665 156105 156156 156157 156585 155667 157197 152732 152669 152372 152108 156772 151609
161069 28
152014 153249 154737 156053 152708 152733 151524 154170 154171 151927 155343 151228 156743 156008 156030 155665 156105 156156 156157 156585 155667 157197 152732 152669 152372 152108 156772 151609
161073 28
152014 153249 154737 156053 152708 152733 151524 154170 154171 151927 155343 151228 156743 156008 156030 155665 156105 156156 156157 156585 155667 157197 152732 152669 152372 152108 156772 151609
161074 28
152014 153249 154737 156053 152708 152733 151524 154170 154171 151927 155343 151228 156743 156008 156030 155665 156105 156156 156157 156585 155667 157197 152732 152669 152372 152108 156772 151609
161075 28
152014 153249 154737 156053 152708 152733 151524 154170 154171 151927 155343 151228 156743 156008 156030 155665 156105 156156 156157 156585 155667 157197 152732 152669 152372 152108 156772 151609
161077 28
152014 153249 154737 156053 152708 152733 151524 154170 154171 151927 155343 151228 156743 156008 156030 155665 156105 156156 156157 156585 155667 157197 152732 152669 152372 152108 156772 151609
161078 33
152785 153939 154153 155055 155056 155460 155695 155730 154737 152014 153249 156053 152708 155343 152733 156743 154171 151524 151927 151228 154170 152372 152732 152669 156008 156030 155665 156105 156156 156157 156585 155667 157197
161079 33
153079 154290 155436 156972 157091 152708 156743 152733 155343 151524 151927 154170 154171 151228 156053 154737 153249 152014 155665 156105 156156 156157 156585 155667 156008 156030 157197 152372 152732 152669 152108 151609 156772
161080 38
152785 153939 154153 155055 155056 155460 155695 155730 153079 154290 155436 153249 152014 154737 156053 156972 157091 155343 152733 154170 154171 151524 151927 156743 151228 152708 152669 152372 152732 155665 156105 156156 156157 156585 155667 156008 156030 157197
161082 33
153079 154290 155436 152014 154737 153249 156053 156972 157091 154171 151228 152708 155343 152733 151524 156743 151927 154170 152372 152732 152669 155665 156105 156156 156157 156585 155667 156008 156030 157197 152108 151609 156772
161083 33
153079 154290 155436 152014 154737 153249 156053 156972 157091 154171 151228 152708 155343 152733 151524 156743 151927 154170 152372 152732 152669 156772 152108 151609 156105 156156 156157 156585 155667 156008 156030 155665 157197
161086 33
153079 154290 155436 152014 154737 153249 156053 156972 157091 154171 151228 152708 155343 152733 151524 156743 151927 154170 152372 152732 152669 156772 152108 151609 156105 156156 156157 156585 155667 156008 156030 155665 157197
161087 33
153079 154290 155436 152014 154737 153249 156053 156972 157091 154171 151228 152708 155343 152733 151524 156743 151927 154170 152372 152732 152669 156772 152108 151609 156105 156156 156157 156585 155667 156008 156030 155665 157197
161088 41
154153 155055 155056 155460 155730 153939 155695 152785 153079 154290 155436 156972 157091 154737 156053 153249 152014 152669 152732 152372 156030 155665 156105 156156 156157 156585 155667 156008 157197 152108 151609 156772 152708 155343 152733 156743 154170 154171 151524 151228 151927
161090 41
152785 153939 154153 155055 155056 155460 155695 155730 153079 154290 155436 156972 157091 154737 156053 153249 152014 152669 152732 152372 156772 152108 151609 155665 156105 156156 156157 156585 155667 156008 156030 157197 154170 154171 151927 151524 156743 152708 151228 155343 152733
161091 41
152785 153939 154153 155055 155056 155460 155695 155730 153079 154290 155436 156972 157091 154737 156053 153249 152014 152669 152732 152372 156772 152108 151609 155665 156105 156156 156157 156585 155667 156008 156030 157197 154170 154171 151927 151524 156743 152708 151228 155343 152733
161092 24
153079 154290 155436 156972 157091 153249 156053 152014 154737 152732 152372 152669 152733 156743 155343 152708 154170 154171 151927 151228 151524 156772 152108 151609
161093 41
152785 153939 155695 155055 155056 155460 154153 155730 153079 154290 155436 156972 157091 154737 156053 153249 152014 152669 152732 152372 156030 155665 156105 156156 156157 156585 155667 156008 157197 152733 154170 154171 151524 151927 156743 152708 151228 155343 152108 151609 156772
161094 41
152785 153939 155695 155055 155056 155460 154153 155730 153079 154290 155436 156972 157091 154737 156053 153249 152014 152669 152732 152372 155343 152733 154170 154171 151524 151927 156743 152708 151228 155665 156105 156156 156157 156585 155667 156008 156030 157197 152108 151609 156772
161098 33
153079 154290 155436 156972 157091 153249 156053 152014 154737 152732 152372 152669 152733 156743 155343 152708 154170 154171 151927 151228 151524 155665 156105 156156 156157 156585 155667 156008 156030 157197 152108 151609 156772
161101 38
152785 153939 154153 155055 155056 155460 155695 155730 153079 154290 155436 156972 157091 154737 156053 153249 152014 156030 155665 156105 156156 156157 156585 155667 156008 157197 156743 152708 155343 152733 151524 154170 154171 151927 151228 152669 152372 152732
161104 33
153079 154290 155436 152014 154737 153249 156053 156972 157091 152733 156743 155343 152708 154170 154171 151927 151228 151524 152372 152732 152669 156772 152108 151609 156105 156156 156157 156585 155667 156008 156030 155665 157197
161106 33
153079 154290 155436 156972 157091 153249 156053 152014 154737 154171 151228 152708 155343 152733 151524 156743 151927 154170 155665 156105 156156 156157 156585 155667 156008 156030 157197 152372 152732 152669 152108 151609 156772
161107 12
152372 152669 152732 155665 155667 156008 156030 156105 156156 156157 156585 157197
161108 9
151228 151524 151927 154170 154171 152708 152733 155343 156743
161109 9
151228 151524 151927 154170 154171 152708 152733 155343 156743
161110 9
151228 151524 151927 152708 152733 154170 154171 155343 156743
161111 9
151228 151524 151927 154170 154171 152708 152733 155343 156743
161112 12
151228 151524 151927 152708 152733 154170 154171 155343 156743 152732 152669 152372
161114 3
152372 152669 152732
161115 12
151228 151524 151927 152708 152733 154170 154171 155343 156743 152732 152669 152372
161117 12
151228 151524 151927 152708 152733 154170 154171 155343 156743 152732 152669 152372
161118 12
151228 151524 151927 152708 152733 154170 154171 155343 156743 152732 152669 152372
161120 15
151228 151524 151927 152708 152733 154170 154171 155343 156743 151609 152108 156772 152669 152372 152732
161121 12
151228 151524 151927 152708 152733 154170 154171 155343 156743 152732 152669 152372
161122 12
151228 151524 151927 152708 152733 154170 154171 155343 156743 152732 152669 152372
161123 16
152014 153249 154737 156053 152708 152733 151524 154170 154171 151927 155343 151228 156743 152732 152669 152372
161125 15
151609 152108 156772 151927 151524 152708 152733 154170 154171 155343 156743 151228 152669 152372 152732
161126 12
151228 151524 151927 152708 152733 154170 154171 155343 156743 152732 152669 152372
161127 22
156125 153249 154737 156053 152014 152785 155055 155056 155460 155695 155730 153939 154153 151524 151927 155343 151228 152708 154170 154171 152733 156743
161129 26
153062 155602 155604 156392 152014 153249 156053 154737 156125 155460 153939 154153 155695 155730 152785 155055 155056 152708 152733 154170 154171 151524 151927 151228 155343 156743
161131 22
156125 153249 154737 156053 152014 152785 155055 155056 155460 155695 155730 153939 154153 151524 151927 155343 151228 152708 154170 154171 152733 156743
161132 22
156125 153249 154737 156053 152014 152785 155055 155056 155460 155695 155730 153939 154153 151524 151927 155343 151228 152708 154170 154171 152733 156743
161134 26
153062 155602 155604 156392 152014 153249 156053 154737 156125 155460 153939 154153 155695 155730 152785 155055 155056 152708 152733 154170 154171 151524 151927 151228 155343 156743
161135 25
156125 153249 154737 156053 152014 152785 155055 155056 155460 155695 155730 153939 154153 155653 155664 156792 151228 152708 154170 154171 152733 151524 151927 156743 155343
161136 25
156125 153249 154737 156053 152014 152785 155055 155056 155460 155695 155730 153939 154153 155653 155664 156792 151228 152708 154170 154171 152733 151524 151927 156743 155343
161137 26
153062 155602 155604 156392 152014 153249 156053 154737 156125 155460 153939 154153 155695 155730 152785 155055 155056 152708 152733 154170 154171 151524 151927 151228 155343 156743
161138 26
153062 155602 155604 156392 152014 153249 156053 154737 156125 155460 153939 154153 155695 155730 152785 155055 155056 152708 152733 154170 154171 151524 151927 151228 155343 156743
161140 17
153062 155602 155604 156392 152014 153249 156053 154737 156125 155460 153939 154153 155695 155730 152785 155055 155056
161141 22
156125 153249 154737 156053 152014 152785 155055 155056 155460 155695 155730 153939 154153 151524 151927 155343 151228 152708 154170 154171 152733 156743
161142 25
156125 153249 154737 156053 152014 152785 155055 155056 155460 155695 155730 153939 154153 155653 155664 156792 151228 152708 154170 154171 152733 151524 151927 156743 155343
161143 25
156125 153249 154737 156053 152014 155695 153939 152785 155460 154153 155730 155055 155056 155653 155664 156792 151228 152708 154170 154171 152733 151524 151927 156743 155343
161144 25
156125 153249 154737 156053 152014 155695 153939 152785 155460 154153 155730 155055 155056 155653 155664 156792 151228 152708 154170 154171 152733 151524 151927 156743 155343
161146 16
152014 153249 154737 156053 156125 152785 155055 155056 155460 155695 155730 153939 154153 155653 155664 156792
161147 22
156125 153249 154737 156053 152014 152785 155055 155056 155460 155695 155730 153939 154153 151524 151927 155343 151228 152708 154170 154171 152733 156743
161149 22
156125 153249 154737 156053 152014 152785 155055 155056 155460 155695 155730 153939 154153 151524 151927 155343 151228 152708 154170 154171 152733 156743
161150 22
156125 153249 154737 156053 152014 152785 155055 155056 155460 155695 155730 153939 154153 154170 154171 151927 151228 151524 155343 152733 152708 156743
161151 22
156125 153249 154737 156053 152014 152785 155055 155056 155460 155695 155730 153939 154153 154170 154171 151927 151228 151524 155343 152733 152708 156743
161152 17
153062 155602 155604 156392 156125 153249 156053 154737 152014 155460 153939 154153 155695 155730 152785 155055 155056
161153 19
152014 153249 154737 156053 152108 151609 156772 154170 154171 151524 151228 151927 155343 152708 156743 152733 152669 152372 152732
161155 19
152014 153249 154737 156053 152108 151609 156772 154170 154171 151524 151228 151927 155343 152708 156743 152733 152669 152372 152732
161157 19
152014 153249 154737 156053 152108 151609 156772 154170 154171 151524 151228 151927 155343 152708 156743 152733 152669 152372 152732
161160 19
152014 153249 154737 156053 152108 151609 156772 154170 154171 151524 151228 151927 155343 152708 156743 152733 152669 152372 152732
161162 19
152014 153249 154737 156053 152108 151609 156772 152733 151927 154170 154171 151524 155343 151228 156743 152708 152669 152372 152732
161163 16
152014 153249 154737 156053 152108 151609 156772 152733 151927 154170 154171 151524 155343 151228 156743 152708
161164 7
152014 153249 154737 156053 152108 151609 156772
161167 7
152014 153249 154737 156053 152108 151609 156772
161168 7
152014 153249 154737 156053 152108 151609 156772
161169 16
152014 153249 154737 156053 152108 151609 156772 154170 154171 151524 151228 151927 155343 152708 156743 152733
161170 16
151228 151524 151927 152708 152733 154170 154171 155343 156743 151609 152108 156772 152014 156053 153249 154737
161171 19
151621 153880 155216 155653 155664 156792 151524 154170 154171 151228 155343 151927 152708 156743 152733 153249 156053 152014 154737
161173 19
151621 153880 155216 155653 155664 156792 151524 154170 154171 151228 155343 151927 152708 156743 152733 153249 156053 152014 154737
161174 12
151228 151524 151927 152708 152733 154170 154171 155343 156743 151609 152108 156772
161175 16
151228 151524 151927 152708 152733 154170 154171 155343 156743 151609 152108 156772 152014 156053 153249 154737
161176 16
151228 151524 151927 152708 152733 154170 154171 155343 156743 151609 152108 156772 152014 156053 153249 154737
161177 16
151228 151524 151927 152708 152733 154170 154171 155343 156743 151609 152108 156772 152014 156053 153249 154737
161178 16
151228 151524 151927 152708 152733 154170 154171 155343 156743 151609 152108 156772 152014 156053 153249 154737
161179 16
151228 151524 151927 152708 152733 154170 154171 155343 156743 151609 152108 156772 152014 156053 153249 154737
161180 15
151228 151524 151927 152708 152733 154170 154171 155343 156743 155664 155653 156792 152108 156772 151609
161181 12
151228 151524 151927 152708 152733 154170 154171 155343 156743 151609 152108 156772
161182 12
152708 152733 155343 156743 151524 154170 154171 151927 151228 151609 152108 156772
161183 16
152014 153249 154737 156053 152708 152733 151524 154170 154171 151927 155343 151228 156743 152732 152669 152372
161184 16
152014 153249 154737 156053 152708 152733 151524 154170 154171 151927 155343 151228 156743 152732 152669 152372
161185 16
152014 153249 154737 156053 152708 152733 151524 154170 154171 151927 155343 151228 156743 152732 152669 152372
161186 24
151621 152014 153249 153880 154737 155216 156053 152785 155055 155056 153939 155460 155695 155730 154153 151927 151524 152708 155343 152733 154170 154171 151228 156743
161187 22
152014 153249 154737 156053 155664 155653 156792 154170 154171 151927 155343 151228 152708 152733 156743 151524 151609 156772 152108 152669 152372 152732
161190 22
152014 153249 154737 156053 155664 155653 156792 154170 154171 151927 155343 151228 152708 152733 156743 151524 151609 156772 152108 152669 152372 152732
161191 19
152014 153249 154737 156053 155664 155653 156792 154170 154171 151927 155343 151228 152708 152733 156743 151524 151609 156772 152108
161192 6
155653 155664 156792 152372 152669 152732
161194 6
155653 155664 156792 152372 152669 152732
161196 6
155653 155664 156792 152372 152669 152732
161197 18
151228 151524 151927 152708 152733 154170 154171 155343 156743 151609 152108 156772 155653 155664 156792 152669 152372 152732
161198 9
151609 152108 156772 155664 155653 156792 152669 152732 152372
161199 15
151228 151524 151927 152708 152733 154170 154171 155343 156743 155664 155653 156792 152732 152669 152372
161200 6
155653 155664 156792 152372 152669 152732
161201 12
151228 151524 151927 152708 152733 154170 154171 155343 156743 155664 155653 156792
161203 12
151228 151524 151927 152708 152733 154170 154171 155343 156743 155664 155653 156792
161204 15
151609 152108 156772 151927 151524 154170 154171 151228 152733 155343 156743 152708 155653 155664 156792
161205 12
151228 151524 151927 152708 152733 154170 154171 155343 156743 155664 155653 156792
161207 12
151228 151524 151927 152708 152733 154170 154171 155343 156743 155664 155653 156792
161208 12
151228 151524 151927 154170 154171 152708 152733 155343 156743 155664 155653 156792
161209 15
151609 152108 156772 151927 151524 152708 152733 154170 154171 155343 156743 151228 155653 155664 156792
161210 15
151609 152108 156772 151927 151524 152708 152733 154170 154171 155343 156743 151228 155653 155664 156792
161212 15
151228 151524 151927 152708 152733 154170 154171 155343 156743 155664 155653 156792 152108 156772 151609
161213 15
151228 151524 151927 152708 152733 154170 154171 155343 156743 155664 155653 156792 152108 156772 151609
161214 6
155653 155664 156792 152372 152669 152732
161215 3
152372 152669 152732
161216 9
151609 152108 156772 155664 155653 156792 152669 152732 152372
161219 9
151609 152108 156772 155664 155653 156792 152669 152732 152372
161221 22
152014 153249 154737 156053 152708 152733 151524 154170 154171 151927 155343 151228 156743 152108 151609 156772 155664 155653 156792 152669 152372 152732
161223 22
152014 153249 154737 156053 152708 152733 151524 154170 154171 151927 155343 151228 156743 152108 151609 156772 155664 155653 156792 152669 152372 152732
161224 22
151228 151524 151927 152708 152733 154170 154171 155343 156743 154737 152014 156053 153249 152108 151609 156772 155664 155653 156792 152669 152372 152732
161225 22
151228 151524 151927 152708 152733 154170 154171 155343 156743 154737 152014 156053 153249 152108 151609 156772 155664 155653 156792 152669 152372 152732
161226 19
151228 151524 151927 152708 152733 154170 154171 155343 156743 151609 152108 156772 155653 155664 156792 156053 152014 153249 154737
161227 19
151228 151524 151927 152708 152733 154170 154171 155343 156743 151609 152108 156772 155653 155664 156792 156053 152014 153249 154737
161228 19
151228 151524 151927 152708 152733 154170 154171 155343 156743 151609 152108 156772 155653 155664 156792 156053 152014 153249 154737
161229 22
151228 151524 151927 152708 152733 154170 154171 155343 156743 155664 155653 156792 152108 156772 151609 156053 152014 153249 154737 152669 152372 152732
161230 22
151228 151524 151927 152708 152733 154170 154171 155343 156743 155664 155653 156792 152108 156772 151609 156053 152014 153249 154737 152669 152372 152732
161231 19
151228 151524 151927 152708 152733 154170 154171 155343 156743 155664 155653 156792 152108 156772 151609 156053 152014 153249 154737
161232 19
151228 151524 151927 152708 152733 154170 154171 155343 156743 155664 155653 156792 152108 156772 151609 156053 152014 153249 154737
161233 22
151228 151524 151927 152708 152733 154170 154171 155343 156743 155664 155653 156792 152108 156772 151609 156053 152014 153249 154737 152669 152372 152732
161234 22
151228 151524 151927 152708 152733 154170 154171 155343 156743 155664 155653 156792 152108 156772 151609 156053 152014 153249 154737 152669 152372 152732
161235 22
151228 151524 151927 152708 152733 154170 154171 155343 156743 155664 155653 156792 152108 156772 151609 156053 152014 153249 154737 152669 152372 152732
161238 22
151228 151524 151927 152708 152733 154170 154171 155343 156743 155664 155653 156792 152108 156772 151609 156053 152014 153249 154737 152669 152372 152732
161239 22
151228 151524 151927 152708 152733 154170 154171 155343 156743 155664 155653 156792 152108 156772 151609 156053 152014 153249 154737 152669 152372 152732
161240 6
151609 152108 156772 152669 152732 152372
161241 6
151609 152108 156772 152669 152732 152372
161242 10
152014 153249 154737 156053 152108 151609 156772 152669 152732 152372
161243 19
151228 151524 151927 152708 152733 154170 154171 155343 156743 151609 152108 156772 152014 156053 153249 154737 152669 152372 152732
161244 19
151228 151524 151927 152708 152733 154170 154171 155343 156743 151609 152108 156772 152014 156053 153249 154737 152669 152372 152732
161248 19
151228 151524 151927 152708 152733 154170 154171 155343 156743 151609 152108 156772 152014 156053 153249 154737 152669 152372 152732
161249 10
152014 153249 154737 156053 152108 151609 156772 152669 152732 152372
161250 19
151228 151524 151927 152708 152733 154170 154171 155343 156743 154737 152014 156053 153249 152108 151609 156772 152669 152372 152732
161251 19
151228 151524 151927 152708 152733 154170 154171 155343 156743 154737 152014 156053 153249 152108 151609 156772 152669 152372 152732
161252 19
151228 151524 151927 152708 152733 154170 154171 155343 156743 151609 152108 156772 152014 156053 153249 154737 152669 152372 152732
161253 19
151228 151524 151927 152708 152733 154170 154171 155343 156743 151609 152108 156772 152014 156053 153249 154737 152669 152372 152732
161254 19
152014 153249 154737 156053 152708 152733 151524 154170 154171 151927 155343 151228 156743 152108 151609 156772 152669 152372 152732
161255 19
152014 153249 154737 156053 152708 152733 151524 154170 154171 151927 155343 151228 156743 152108 151609 156772 152669 152372 152732
161256 10
152014 153249 154737 156053 152108 151609 156772 152669 152732 152372
161257 10
152014 153249 154737 156053 152108 151609 156772 152669 152732 152372
161258 19
152014 153249 154737 156053 152708 152733 151524 154170 154171 151927 155343 151228 156743 152108 151609 156772 152669 152372 152732
161259 10
152014 153249 154737 156053 152108 151609 156772 152669 152732 152372
161260 10
152014 153249 154737 156053 152108 151609 156772 152669 152732 152372
161261 16
151228 151524 151927 152708 152733 154170 154171 155343 156743 154737 152014 156053 153249 152108 151609 156772
161262 19
151228 151524 151927 152708 152733 154170 154171 155343 156743 154737 152014 156053 153249 152108 151609 156772 152669 152372 152732
161263 19
151228 151524 151927 152708 152733 154170 154171 155343 156743 154737 152014 156053 153249 152108 151609 156772 152669 152372 152732
161264 19
151228 151524 151927 152708 152733 154170 154171 155343 156743 154737 152014 156053 153249 152108 151609 156772 152669 152372 152732
161265 19
151228 151524 151927 152708 152733 154170 154171 155343 156743 154737 152014 156053 153249 152108 151609 156772 152669 152372 152732
161266 19
151228 151524 151927 152708 152733 154170 154171 155343 156743 154737 152014 156053 153249 152108 151609 156772 152669 152372 152732
161267 19
151228 151524 151927 152708 152733 154170 154171 155343 156743 154737 152014 156053 153249 152108 151609 156772 152669 152372 152732
161270 19
151228 151524 151927 154170 154171 152708 152733 155343 156743 154737 152014 156053 153249 152108 151609 156772 152669 152372 152732
161272 19
151228 151524 151927 152708 152733 154170 154171 155343 156743 154737 152014 156053 153249 152108 151609 156772 152669 152372 152732
161273 19
151228 151524 151927 152708 152733 154170 154171 155343 156743 154737 152014 156053 153249 152108 151609 156772 152669 152372 152732
161274 19
151621 153880 155216 152014 154737 153249 156053 152108 151609 156772 151228 154170 154171 151524 152708 155343 152733 156743 151927
161275 19
151621 153880 155216 152014 154737 153249 156053 152108 151609 156772 151228 154170 154171 151524 152708 155343 152733 156743 151927
161276 19
151609 152108 156772 151621 153249 153880 154737 155216 156053 152014 151228 154170 154171 151524 152708 155343 152733 156743 151927
161278 16
151609 152108 156772 153249 154737 156053 152014 152733 151927 154170 154171 151524 155343 151228 156743 152708
161279 16
151609 152108 156772 153249 154737 156053 152014 152733 151927 154170 154171 151524 155343 151228 156743 152708
161280 16
151609 152108 156772 153249 154737 156053 152014 152733 151927 154170 154171 151524 155343 151228 156743 152708
161281 19
151609 152108 156772 153249 154737 156053 152014 152733 151927 154170 154171 151524 155343 151228 156743 152708 152669 152372 152732
161282 19
151609 152108 156772 153249 154737 156053 152014 152733 151927 154170 154171 151524 155343 151228 156743 152708 152669 152372 152732
161283 16
151609 152108 156772 153249 154737 156053 152014 152733 151927 154170 154171 151524 155343 151228 156743 152708
161285 16
151609 152108 156772 153249 154737 156053 152014 152733 151927 154170 154171 151524 155343 151228 156743 152708
161286 16
151609 152108 156772 153249 154737 156053 152014 152733 151927 154170 154171 151524 155343 151228 156743 152708
161287 16
151609 152108 156772 153249 154737 156053 152014 152733 151927 154170 154171 151524 155343 151228 156743 152708
161288 7
152014 153249 154737 156053 152108 151609 156772
161289 7
152014 153249 154737 156053 152108 151609 156772
161290 19
151609 152108 156772 153249 154737 156053 152014 152733 151927 154170 154171 151524 155343 151228 156743 152708 152669 152372 152732
161291 19
151609 152108 156772 153249 154737 156053 152014 152733 151927 154170 154171 151524 155343 151228 156743 152708 152669 152372 152732
161292 19
151609 152108 156772 153249 154737 156053 152014 152733 151927 154170 154171 151524 155343 151228 156743 152708 152669 152372 152732
161293 19
151609 152108 156772 153249 154737 156053 152014 152733 151927 154170 154171 151524 155343 151228 156743 152708 152669 152372 152732
161294 19
151609 152108 156772 153249 154737 156053 152014 152733 151927 154170 154171 151524 155343 151228 156743 152708 152669 152372 152732
161295 19
151609 152108 156772 153249 154737 156053 152014 152733 151927 154170 154171 151524 155343 151228 156743 152708 152669 152372 152732
161296 16
151609 152108 156772 153249 154737 156053 152014 154170 154171 151524 151228 151927 155343 152708 156743 152733
161297 16
151609 152108 156772 153249 154737 156053 152014 152733 151927 154170 154171 151524 155343 151228 156743 152708
161298 16
151609 152108 156772 153249 154737 156053 152014 152733 151927 154170 154171 151524 155343 151228 156743 152708
161300 31
152014 153249 154737 156053 152708 152733 151524 154170 154171 151927 155343 151228 156743 156008 156030 155665 156105 156156 156157 156585 155667 157197 152732 152669 152372 151026 151171 154495 154105 155108 155192
161301 31
152014 153249 154737 156053 152708 152733 151524 154170 154171 151927 155343 151228 156743 156008 156030 155665 156105 156156 156157 156585 155667 157197 152732 152669 152372 151026 151171 154495 154105 155108 155192
161302 31
152014 153249 154737 156053 152708 152733 151524 154170 154171 151927 155343 151228 156743 156008 156030 155665 156105 156156 156157 156585 155667 157197 152732 152669 152372 151026 151171 154495 154105 155108 155192
161303 36
152014 153249 154737 156053 152108 151609 156772 152733 151927 154170 154171 151524 155343 151228 156743 152708 156030 155665 156105 156156 156157 156585 155667 156008 157197 152669 152372 152732 151171 154495 154105 155108 155192 151026 155146 155147
161304 36
152014 153249 154737 156053 152108 151609 156772 152733 151927 154170 154171 151524 155343 151228 156743 152708 156030 155665 156105 156156 156157 156585 155667 156008 157197 152669 152372 152732 151171 154495 154105 155108 155192 151026 155146 155147
161305 36
152014 153249 154737 156053 152108 151609 156772 152733 151927 154170 154171 151524 155343 151228 156743 152708 156030 155665 156105 156156 156157 156585 155667 156008 157197 152669 152372 152732 151171 154495 154105 155108 155192 151026 155146 155147
161306 36
152014 153249 154737 156053 152708 152733 151524 154170 154171 151927 155343 151228 156743 156008 156030 155665 156105 156156 156157 156585 155667 157197 152732 152669 152372 151026 151171 154495 154105 155108 155192 155147 155146 152108 156772 151609
161308 34
152014 153249 154737 156053 152708 152733 151524 154170 154171 151927 155343 151228 156743 156008 156030 155665 156105 156156 156157 156585 155667 157197 152732 152669 152372 151026 151171 154495 154105 155108 155192 152108 156772 151609
161309 27
152014 153249 154737 156053 155667 156008 156030 155665 156105 156156 156157 156585 157197 152733 155343 156743 152708 154170 154171 151524 151927 151228 152732 152669 152372 155146 155147
161310 36
152014 153249 154737 156053 155667 156008 156030 155665 156105 156156 156157 156585 157197 152733 151524 154170 154171 151927 155343 151228 156743 152708 152732 152669 152372 155146 155147 154495 154105 155108 151026 151171 155192 152108 156772 151609
161311 36
152014 153249 154737 156053 155667 156008 156030 155665 156105 156156 156157 156585 157197 152733 151524 154170 154171 151927 155343 151228 156743 152708 152732 152669 152372 155146 155147 154495 154105 155108 151026 151171 155192 152108 156772 151609
161313 36
152014 153249 154737 156053 152708 152733 151524 154170 154171 151927 155343 151228 156743 156008 156030 155665 156105 156156 156157 156585 155667 157197 152732 152669 152372 155146 155147 154495 154105 155108 151026 151171 155192 152108 156772 151609
161314 28
152014 153249 154737 156053 152708 152733 151524 154170 154171 151927 155343 151228 156743 156008 156030 155665 156105 156156 156157 156585 155667 157197 152732 152669 152372 152108 156772 151609
161315 34
152014 153249 154737 156053 152708 152733 151524 154170 154171 151927 155343 151228 156743 156008 156030 155665 156105 156156 156157 156585 155667 157197 152732 152669 152372 151026 151171 154495 154105 155108 155192 152108 156772 151609
161316 34
152014 153249 154737 156053 152708 152733 151524 154170 154171 151927 155343 151228 156743 156008 156030 155665 156105 156156 156157 156585 155667 157197 152732 152669 152372 151026 151171 154495 154105 155108 155192 152108 156772 151609
161317 34
152014 153249 154737 156053 152708 152733 151524 154170 154171 151927 155343 151228 156743 156008 156030 155665 156105 156156 156157 156585 155667 157197 152732 152669 152372 151026 151171 154495 154105 155108 155192 152108 156772 151609
161318 34
152014 153249 154737 156053 152708 152733 151524 154170 154171 151927 155343 151228 156743 156008 156030 155665 156105 156156 156157 156585 155667 157197 152732 152669 152372 151026 151171 154495 154105 155108 155192 152108 156772 151609
161319 34
152014 153249 154737 156053 152708 152733 151524 154170 154171 151927 155343 151228 156743 156008 156030 155665 156105 156156 156157 156585 155667 157197 152732 152669 152372 151026 151171 154495 154105 155108 155192 152108 156772 151609
161320 31
152014 153249 154737 156053 152708 152733 151524 154170 154171 151927 155343 151228 156743 156008 156030 155665 156105 156156 156157 156585 155667 157197 152732 152669 152372 151026 151171 154495 154105 155108 155192
161321 34
152014 153249 154737 156053 152708 152733 151524 154170 154171 151927 155343 151228 156743 156008 156030 155665 156105 156156 156157 156585 155667 157197 152732 152669 152372 151026 151171 154495 154105 155108 155192 152108 156772 151609
161322 28
152014 153249 154737 156053 152708 152733 151524 154170 154171 151927 155343 151228 156743 152108 151609 156772 152669 152372 152732 156030 155665 156105 156156 156157 156585 155667 156008 157197
161323 28
152014 153249 154737 156053 152708 152733 151524 154170 154171 151927 155343 151228 156743 152108 151609 156772 152669 152372 152732 156030 155665 156105 156156 156157 156585 155667 156008 157197
161324 19
152014 153249 154737 156053 152708 152733 151524 154170 154171 151927 155343 151228 156743 152108 151609 156772 152669 152372 152732
161325 36
152014 153249 154737 156053 152108 151609 156772 152733 151927 154170 154171 151524 155343 151228 156743 152708 156030 155665 156105 156156 156157 156585 155667 156008 157197 152669 152372 152732 151171 154495 154105 155108 155192 151026 155146 155147
161326 36
152014 153249 154737 156053 152108 151609 156772 152733 151927 154170 154171 151524 155343 151228 156743 152708 156030 155665 156105 156156 156157 156585 155667 156008 157197 152669 152372 152732 151171 154495 154105 155108 155192 151026 155146 155147
161327 36
152014 153249 154737 156053 152108 151609 156772 152733 151927 154170 154171 151524 155343 151228 156743 152708 156030 155665 156105 156156 156157 156585 155667 156008 157197 152669 152372 152732 151171 154495 154105 155108 155192 151026 155146 155147
161328 36
152014 153249 154737 156053 152108 151609 156772 152733 151927 154170 154171 151524 155343 151228 156743 152708 156030 155665 156105 156156 156157 156585 155667 156008 157197 152669 152372 152732 151171 154495 154105 155108 155192 151026 155146 155147
161329 36
152014 153249 154737 156053 152108 151609 156772 154170 154171 151524 151228 151927 155343 152708 156743 152733 156030 155665 156105 156156 156157 156585 155667 156008 157197 152669 152372 152732 151171 154495 154105 155108 155192 151026 155146 155147
161330 36
152014 153249 154737 156053 152108 151609 156772 152733 151927 154170 154171 151524 155343 151228 156743 152708 156030 155665 156105 156156 156157 156585 155667 156008 157197 152669 152372 152732 151171 154495 154105 155108 155192 151026 155146 155147
161332 36
152014 153249 154737 156053 152108 151609 156772 152733 151927 154170 154171 151524 155343 151228 156743 152708 156030 155665 156105 156156 156157 156585 155667 156008 157197 152669 152372 152732 151171 154495 154105 155108 155192 151026 155146 155147
161334 36
152014 153249 154737 156053 152108 151609 156772 152733 151927 154170 154171 151524 155343 151228 156743 152708 156030 155665 156105 156156 156157 156585 155667 156008 157197 152669 152372 152732 151171 154495 154105 155108 155192 151026 155146 155147
161335 36
152014 153249 154737 156053 152108 151609 156772 152733 151927 154170 154171 151524 155343 151228 156743 152708 156030 155665 156105 156156 156157 156585 155667 156008 157197 152669 152372 152732 151171 154495 154105 155108 155192 151026 155146 155147
161336 29
151228 151524 151927 152708 152733 154170 154171 155343 156743 155667 156008 156030 156105 156156 156157 156585 155665 157197 152732 152669 152372 155192 154105 151026 151171 154495 155108 155146 155147
161337 30
151228 151524 151927 152708 152733 154170 154171 155343 156743 151609 152108 156772 156008 156030 156105 156156 156157 156585 155665 155667 157197 152669 152372 152732 154105 151026 151171 154495 155108 155192
161338 11
152372 152669 152732 151171 151026 154105 154495 155108 155192 155147 155146
161340 11
152372 152669 152732 151171 151026 154105 154495 155108 155192 155147 155146
161343 11
152372 152669 152732 151171 151026 154105 154495 155108 155192 155147 155146
161344 11
151026 151171 154105 154495 155108 155192 152669 152732 152372 155147 155146
161345 11
151026 151171 154105 154495 155108 155192 152669 152732 152372 155147 155146
161347 11
151026 151171 154105 154495 155108 155192 152669 152732 152372 155147 155146
161349 11
151026 151171 154105 154495 155108 155192 152669 152732 152372 155147 155146
161350 11
151026 151171 154105 154495 155108 155192 152669 152732 152372 155147 155146
161351 11
151026 151171 154105 154495 155108 155192 152669 152732 152372 155147 155146
161352 11
151026 151171 154105 154495 155108 155192 152669 152732 152372 155147 155146
161353 11
151026 151171 154105 154495 155108 155192 152669 152732 152372 155147 155146
161355 11
151026 151171 154105 154495 155108 155192 152669 152732 152372 155147 155146
161356 11
151026 151171 154105 154495 155108 155192 155147 155146 152372 152669 152732
161358 11
155146 155147 152732 152372 152669 154105 154495 155108 151171 151026 155192
161359 11
155146 155147 152732 152372 152669 154105 154495 155108 151171 151026 155192
161360 11
151026 151171 154105 154495 155108 155192 152669 152732 152372 155147 155146
161361 23
151026 151171 154105 154495 155108 155192 155147 155146 155665 155667 156008 156030 156105 156156 156157 156585 157197 152372 152669 152732 151609 156772 152108
161362 23
151026 151171 154105 154495 155108 155192 155665 155667 156008 156030 156105 156156 156157 156585 157197 155146 155147 152372 152669 152732 151609 156772 152108
161363 23
151026 151171 154105 154495 155108 155192 155665 155667 156008 156030 156105 156156 156157 156585 157197 155146 155147 152372 152669 152732 151609 156772 152108
161364 23
151026 151171 154105 154495 155108 155192 155147 155146 155665 155667 156008 156030 156105 156156 156157 156585 157197 152372 152669 152732 151609 156772 152108
161365 23
155665 155667 156008 156030 156105 156156 156157 156585 157197 154495 155108 155192 151026 151171 154105 152669 152732 152372 155146 155147 151609 156772 152108
161366 23
155665 155667 156008 156030 156105 156156 156157 156585 157197 154495 155108 155192 151026 151171 154105 152669 152732 152372 155146 155147 151609 156772 152108
161367 21
155665 155667 156008 156030 156105 156156 156157 156585 157197 152108 156772 151609 155108 155192 151026 151171 154105 154495 152732 152372 152669
161368 21
151609 152108 156772 155667 156008 156030 156105 156156 156157 156585 155665 157197 155108 155192 151026 151171 154105 154495 152732 152372 152669
161370 21
151609 152108 156772 155667 156008 156030 156105 156156 156157 156585 155665 157197 155108 155192 151026 151171 154105 154495 152732 152372 152669
161372 21
151609 152108 156772 155667 156008 156030 156105 156156 156157 156585 155665 157197 155108 155192 151026 151171 154105 154495 152732 152372 152669
161373 21
151609 152108 156772 155667 156008 156030 156105 156156 156157 156585 155665 157197 152669 152732 152372 155108 155192 151171 151026 154105 154495
161374 18
151609 152108 156772 155667 156008 156030 156105 156156 156157 156585 155665 157197 155108 155192 151026 151171 154105 154495
161376 18
151609 152108 156772 155667 156008 156030 156105 156156 156157 156585 155665 157197 155108 155192 151026 151171 154105 154495
161377 25
151621 152014 153249 153880 154737 155216 156053 152108 151609 156772 156008 156030 155665 156105 156156 156157 156585 155667 157197 151171 154105 154495 151026 155108 155192
161378 25
151621 152014 153249 153880 154737 155216 156053 152108 151609 156772 156008 156030 155665 156105 156156 156157 156585 155667 157197 151171 154105 154495 151026 155108 155192
161379 20
155665 155667 156008 156030 156105 156156 156157 156585 157197 154495 155108 155192 151026 151171 154105 152669 152732 152372 155146 155147
161380 20
155665 155667 156008 156030 156105 156156 156157 156585 157197 154495 155108 155192 151026 151171 154105 152669 152732 152372 155146 155147
161381 20
155665 155667 156008 156030 156105 156156 156157 156585 157197 154495 155108 155192 151026 151171 154105 152669 152732 152372 155146 155147
161382 20
155665 155667 156008 156030 156105 156156 156157 156585 157197 154495 155108 155192 151026 151171 154105 152669 152732 152372 155146 155147
161383 20
155665 155667 156008 156030 156105 156156 156157 156585 157197 154495 155108 155192 151026 151171 154105 152669 152732 152372 155146 155147
161385 20
155665 155667 156008 156030 156105 156156 156157 156585 157197 154495 155108 155192 151026 151171 154105 152669 152732 152372 155146 155147
161386 20
155665 155667 156008 156030 156105 156156 156157 156585 157197 155147 155146 152732 152372 152669 151171 151026 155192 154105 154495 155108
161387 11
155146 155147 154105 154495 155108 151026 151171 155192 152372 152669 152732
161388 20
155665 155667 156008 156030 156105 156156 156157 156585 157197 154495 155108 155192 151026 151171 154105 152669 152732 152372 155146 155147
161389 20
155665 155667 156008 156030 156105 156156 156157 156585 157197 154495 155108 155192 151026 151171 154105 152669 152732 152372 155146 155147
161390 20
155665 155667 156008 156030 156105 156156 156157 156585 157197 154495 155108 155192 151026 151171 154105 152669 152732 152372 155146 155147
161392 18
151621 153880 155216 151171 154105 154495 155108 155192 151026 155665 155667 156008 156030 156105 156156 156157 156585 157197
161393 18
151621 153880 155216 151171 154105 154495 155108 155192 151026 155665 155667 156008 156030 156105 156156 156157 156585 157197
161394 18
151621 153880 155216 151171 154105 154495 155108 155192 151026 155665 155667 156008 156030 156105 156156 156157 156585 157197
161395 18
151621 153880 155216 155665 155667 156008 156030 156105 156156 156157 156585 157197 155108 155192 151026 151171 154105 154495
161398 21
151621 153880 155216 155653 155664 156792 155108 155192 151026 151171 154105 154495 155667 156008 156030 156105 156156 156157 156585 155665 157197
161399 21
151621 153880 155216 155653 155664 156792 155108 155192 151026 151171 154105 154495 155667 156008 156030 156105 156156 156157 156585 155665 157197
161400 21
151621 153880 155216 151171 154105 154495 155108 155192 151026 155665 155667 156008 156030 156105 156156 156157 156585 157197 156792 155653 155664
161401 21
151621 153880 155216 155653 155664 156792 155108 155192 151026 151171 154105 154495 155667 156008 156030 156105 156156 156157 156585 155665 157197
161402 21
151621 153880 155216 155653 155664 156792 155108 155192 151026 151171 154105 154495 155667 156008 156030 156105 156156 156157 156585 155665 157197
161403 21
151621 153880 155216 155653 155664 156792 155108 155192 151026 151171 154105 154495 155667 156008 156030 156105 156156 156157 156585 155665 157197
161404 24
151609 152108 156772 153880 155216 155653 155664 151621 156792 156008 156030 156105 156156 156157 156585 155665 155667 157197 154105 154495 155108 155192 151026 151171
161405 24
151609 152108 156772 153880 155216 155653 155664 151621 156792 155192 151026 151171 154105 154495 155108 156008 156030 156105 156156 156157 156585 155665 155667 157197
161406 24
151609 152108 156772 153880 155216 155653 155664 151621 156792 155192 151026 151171 154105 154495 155108 156008 156030 156105 156156 156157 156585 155665 155667 157197
161407 24
151609 152108 156772 153880 155216 155653 155664 151621 156792 155192 151026 151171 154105 154495 155108 156008 156030 156105 156156 156157 156585 155665 155667 157197
161408 24
151609 152108 156772 153880 155216 155653 155664 151621 156792 155192 151026 151171 154105 154495 155108 156008 156030 156105 156156 156157 156585 155665 155667 157197
161411 21
151621 153880 155216 155653 155664 156792 155108 155192 151026 151171 154105 154495 155667 156008 156030 156105 156156 156157 156585 155665 157197
161412 21
151621 153880 155216 155653 155664 156792 155108 155192 151026 151171 154105 154495 155667 156008 156030 156105 156156 156157 156585 155665 157197
161414 11
151026 151171 154105 154495 155108 155192 155147 155146 152372 152669 152732
161415 11
155146 155147 152732 152372 152669 154105 154495 155108 151171 151026 155192
161416 11
155146 155147 152732 152372 152669 154105 154495 155108 151171 151026 155192
161417 11
155146 155147 152732 152372 152669 154105 154495 155108 151171 151026 155192
161418 11
151026 151171 154105 154495 155108 155192 155147 155146 152372 152669 152732
