163945 19
151228 151524 151927 152708 152733 154170 154171 155343 156743 154737 152014 156053 153249 152108 151609 156772 155664 155653 156792
163946 19
155665 155667 156008 156030 156105 156156 156157 156585 157197 151874 151914 152162 154495 155108 155192 151171 151026 154105 156801
163948 19
152014 153249 154737 156053 155667 156008 156030 155665 156105 156156 156157 156585 157197 155108 155192 151171 154105 154495 151026
163949 19
155665 155667 156008 156030 156105 156156 156157 156585 157197 151874 151914 152162 156801 155108 155192 151171 151026 154105 154495
163951 19
155665 155667 156008 156030 156105 156156 156157 156585 157197 151874 151914 152162 156801 155108 155192 151171 151026 154105 154495
163952 33
151026 151171 154105 154495 155108 155192 151914 152162 151874 156801 151493 152251 152824 152897 152976 153362 151292 154217 151370 154984 151917 151990 156483 156484 152022 156855 156953 155409 152103 154799 151252 153210 154475
163956 18
151026 151171 154105 154495 155108 155192 155147 155146 153800 153806 153824 153984 152736 152791 152834 153064 153407 153790
163959 8
151026 151171 154105 154495 155108 155192 155147 155146
163960 17
155665 155667 156008 156030 156105 156156 156157 156585 157197 154495 155108 155192 151026 151171 154105 155146 155147
163961 17
155665 155667 156008 156030 156105 156156 156157 156585 157197 154495 155108 155192 151026 151171 154105 155146 155147
163962 10
151026 151171 154105 154495 155108 155192 151914 152162 151874 156801
163963 10
151026 151171 154105 154495 155108 155192 151914 152162 151874 156801
163964 22
152372 152669 152732 155665 155667 156008 156030 156105 156156 156157 156585 157197 154495 155108 155192 151171 151026 154105 151914 152162 151874 156801
163967 22
155665 155667 156008 156030 156105 156156 156157 156585 157197 152372 152669 152732 154495 155108 155192 151171 151026 154105 151914 152162 151874 156801
163968 22
155665 155667 156008 156030 156105 156156 156157 156585 157197 152372 152669 152732 154495 155108 155192 151171 151026 154105 151914 152162 151874 156801
163969 22
155665 155667 156008 156030 156105 156156 156157 156585 157197 152372 152669 152732 154495 155108 155192 151171 151026 154105 151914 152162 151874 156801
163970 22
155665 155667 156008 156030 156105 156156 156157 156585 157197 152372 152669 152732 154495 155108 155192 151171 151026 154105 151914 152162 151874 156801
163971 22
155665 155667 156008 156030 156105 156156 156157 156585 157197 152372 152669 152732 154495 155108 155192 151171 151026 154105 151914 152162 151874 156801
163972 13
152372 152669 152732 151171 151026 154105 154495 155108 155192 151914 152162 151874 156801
163973 13
152372 152669 152732 151171 151026 154105 154495 155108 155192 151914 152162 151874 156801
163974 13
152372 152669 152732 151171 151026 154105 154495 155108 155192 151914 152162 151874 156801
163975 13
152372 152669 152732 151171 151026 154105 154495 155108 155192 151914 152162 151874 156801
163976 43
151026 151171 154105 154495 155108 155192 151914 152162 151874 156801 153790 153800 153806 153824 153984 152736 152791 152834 153064 153407 151917 153210 153362 151990 152022 152103 151370 152251 151493 151252 154217 154475 152824 154799 154984 151292 152897 155409 156483 156484 152976 156855 156953
163977 43
151026 151171 154105 154495 155108 155192 151914 152162 151874 156801 153790 153800 153806 153824 153984 152736 152791 152834 153064 153407 152022 151493 152251 151292 151370 152824 151917 154217 152897 154984 152976 151990 156483 156484 153362 156855 156953 155409 152103 154799 151252 153210 154475
163978 43
151026 151171 154105 154495 155108 155192 151914 152162 151874 156801 153790 153800 153806 153824 153984 152736 152791 152834 153064 153407 151917 153210 153362 151990 152022 152103 151370 152251 151493 151252 154217 154475 152824 154799 154984 151292 152897 155409 156483 156484 152976 156855 156953
163979 43
151026 151171 154105 154495 155108 155192 151914 152162 151874 156801 153790 153800 153806 153824 153984 152736 152791 152834 153064 153407 151917 153210 153362 151990 152022 152103 151370 152251 151493 151252 154217 154475 152824 154799 154984 151292 152897 155409 156483 156484 152976 156855 156953
163980 43
151026 151171 154105 154495 155108 155192 151914 152162 151874 156801 153790 153800 153806 153824 153984 152736 152791 152834 153064 153407 151917 153210 153362 151990 152022 152103 151370 152251 151493 151252 154217 154475 152824 154799 154984 151292 152897 155409 156483 156484 152976 156855 156953
163981 43
151026 151171 154105 154495 155108 155192 151914 152162 151874 156801 152022 152103 151370 152251 152824 152897 152976 153210 153362 151493 154217 154475 151252 154799 154984 151292 151917 155409 156483 156484 151990 156855 156953 153407 153790 153800 153806 153824 153984 152736 153064 152834 152791
163982 39
151026 151171 154105 154495 155108 155192 153407 153790 153800 153806 153824 153984 152736 152791 152834 153064 152976 151493 153210 153362 151917 151990 152022 152103 152251 151252 151292 154217 154475 152824 154799 154984 151370 152897 155409 156483 156484 156855 156953
163983 20
151874 151914 152162 151171 151026 154105 154495 155108 155192 156801 153790 153800 153806 153824 153984 152736 152791 152834 153064 153407
163984 20
151874 151914 152162 151171 151026 154105 154495 155108 155192 156801 153790 153800 153806 153824 153984 152736 152791 152834 153064 153407
163985 20
151026 151171 154105 154495 155108 155192 151914 152162 151874 156801 153790 153800 153806 153824 153984 152736 152791 152834 153064 153407
163986 43
151026 151171 154105 154495 155108 155192 151914 152162 151874 156801 153790 153800 153806 153824 153984 152736 152791 152834 153064 153407 151917 153210 153362 151990 152022 152103 151370 152251 151493 151252 154217 154475 152824 154799 154984 151292 152897 155409 156483 156484 152976 156855 156953
163987 43
151026 151171 154105 154495 155108 155192 151914 152162 151874 156801 153790 153800 153806 153824 153984 152736 152791 152834 153064 153407 151917 153210 153362 151990 152022 152103 151370 152251 151493 151252 154217 154475 152824 154799 154984 151292 152897 155409 156483 156484 152976 156855 156953
163988 10
151874 151914 152162 151171 151026 154105 154495 155108 155192 156801
163991 10
151026 151171 154105 154495 155108 155192 151914 152162 151874 156801
163992 10
151026 151171 154105 154495 155108 155192 151914 152162 151874 156801
163994 43
151026 151171 154105 154495 155108 155192 151914 152162 151874 156801 153790 153800 153806 153824 153984 152736 152791 152834 153064 153407 151917 153210 153362 151990 152022 152103 151370 152251 151493 151252 154217 154475 152824 154799 154984 151292 152897 155409 156483 156484 152976 156855 156953
163995 43
151026 151171 154105 154495 155108 155192 151914 152162 151874 156801 153790 153800 153806 153824 153984 152736 152791 152834 153064 153407 151917 153210 153362 151990 152022 152103 151370 152251 151493 151252 154217 154475 152824 154799 154984 151292 152897 155409 156483 156484 152976 156855 156953
163996 43
151026 151171 154105 154495 155108 155192 151914 152162 151874 156801 153790 153800 153806 153824 153984 152736 152791 152834 153064 153407 151917 153210 153362 151990 152022 152103 151370 152251 151493 151252 154217 154475 152824 154799 154984 151292 152897 155409 156483 156484 152976 156855 156953
163997 43
151026 151171 154105 154495 155108 155192 151914 152162 151874 156801 153790 153800 153806 153824 153984 152736 152791 152834 153064 153407 151917 153210 153362 151990 152022 152103 151370 152251 151493 151252 154217 154475 152824 154799 154984 151292 152897 155409 156483 156484 152976 156855 156953
163998 20
151874 151914 152162 151171 151026 154105 154495 155108 155192 156801 153790 153800 153806 153824 153984 152736 152791 152834 153064 153407
163999 48
155665 155667 156008 156030 156105 156156 156157 156585 157197 154495 155108 155192 151026 151171 154105 153064 153407 153790 153800 153806 153824 153984 152736 152791 152834 151252 151292 154217 154475 152824 154799 154984 151370 152897 155409 152976 151493 153210 153362 151917 151990 152022 156483 156484 152103 156855 156953 152251
164000 10
151874 151914 152162 151171 151026 154105 154495 155108 155192 156801
164001 20
151026 151171 154105 154495 155108 155192 151914 152162 151874 156801 153790 153800 153806 153824 153984 152736 152791 152834 153064 153407
164002 50
155665 155667 156008 156030 156105 156156 156157 156585 157197 154495 155108 155192 151026 151171 154105 155146 155147 154217 154475 151292 154799 154984 151370 151493 151917 151990 155409 152022 152103 152251 152824 152897 152976 153210 156483 156484 153362 156855 156953 151252 153407 153790 153800 153806 153824 153984 152736 153064 152834 152791
164003 15
155665 155667 156008 156030 156105 156156 156157 156585 157197 154495 155108 155192 151026 151171 154105
164004 15
155665 155667 156008 156030 156105 156156 156157 156585 157197 154495 155108 155192 151026 151171 154105
164005 15
155665 155667 156008 156030 156105 156156 156157 156585 157197 154495 155108 155192 151026 151171 154105
164006 15
155665 155667 156008 156030 156105 156156 156157 156585 157197 154495 155108 155192 151026 151171 154105
164007 15
155665 155667 156008 156030 156105 156156 156157 156585 157197 154495 155108 155192 151026 151171 154105
164008 15
155665 155667 156008 156030 156105 156156 156157 156585 157197 154495 155108 155192 151026 151171 154105
164009 15
155665 155667 156008 156030 156105 156156 156157 156585 157197 154495 155108 155192 151026 151171 154105
164010 15
155665 155667 156008 156030 156105 156156 156157 156585 157197 154495 155108 155192 151026 151171 154105
164011 15
155665 155667 156008 156030 156105 156156 156157 156585 157197 154495 155108 155192 151026 151171 154105
164012 15
155665 155667 156008 156030 156105 156156 156157 156585 157197 154495 155108 155192 151026 151171 154105
164013 15
155665 155667 156008 156030 156105 156156 156157 156585 157197 154495 155108 155192 151026 151171 154105
164014 15
155665 155667 156008 156030 156105 156156 156157 156585 157197 154495 155108 155192 151026 151171 154105
164015 15
155665 155667 156008 156030 156105 156156 156157 156585 157197 154495 155108 155192 151026 151171 154105
164017 15
155665 155667 156008 156030 156105 156156 156157 156585 157197 154495 155108 155192 151026 151171 154105
164018 15
155665 155667 156008 156030 156105 156156 156157 156585 157197 154495 155108 155192 151026 151171 154105
164019 15
155665 155667 156008 156030 156105 156156 156157 156585 157197 154495 155108 155192 151026 151171 154105
164020 15
155665 155667 156008 156030 156105 156156 156157 156585 157197 154495 155108 155192 151026 151171 154105
164021 15
155665 155667 156008 156030 156105 156156 156157 156585 157197 154495 155108 155192 151026 151171 154105
164022 15
155665 155667 156008 156030 156105 156156 156157 156585 157197 154495 155108 155192 151026 151171 154105
164023 19
155665 155667 156008 156030 156105 156156 156157 156585 157197 154495 155108 155192 151026 151171 154105 151914 152162 151874 156801
164024 19
155665 155667 156008 156030 156105 156156 156157 156585 157197 154495 155108 155192 151026 151171 154105 151914 152162 151874 156801
164025 48
155665 155667 156008 156030 156105 156156 156157 156585 157197 154495 155108 155192 151026 151171 154105 153064 153407 153790 153800 153806 153824 153984 152736 152791 152834 151252 151292 154217 154475 152824 154799 154984 151370 152897 155409 152976 151493 153210 153362 151917 151990 152022 156483 156484 152103 156855 156953 152251
164026 38
155665 155667 156008 156030 156105 156156 156157 156585 157197 154495 155108 155192 151026 151171 154105 153362 151252 154217 154475 151292 154799 154984 151370 151493 155409 151917 151990 152022 152103 152251 152824 152897 156483 156484 152976 156855 156953 153210
164027 15
155665 155667 156008 156030 156105 156156 156157 156585 157197 154495 155108 155192 151026 151171 154105
164028 10
151026 151171 154105 154495 155108 155192 151914 152162 151874 156801
164030 19
155665 155667 156008 156030 156105 156156 156157 156585 157197 151874 151914 152162 154495 155108 155192 151171 151026 154105 156801
164031 19
155665 155667 156008 156030 156105 156156 156157 156585 157197 151874 151914 152162 154495 155108 155192 151171 151026 154105 156801
164032 19
155665 155667 156008 156030 156105 156156 156157 156585 157197 151874 151914 152162 154495 155108 155192 151171 151026 154105 156801
164033 33
151026 151171 154105 154495 155108 155192 151914 152162 151874 156801 152022 152103 151370 152251 152824 152897 152976 153210 153362 151493 154217 154475 151252 154799 154984 151292 151917 155409 156483 156484 151990 156855 156953
164034 33
151026 151171 154105 154495 155108 155192 151914 152162 151874 156801 152022 152103 151370 152251 152824 152897 152976 153210 153362 151493 154217 154475 151252 154799 154984 151292 151917 155409 156483 156484 151990 156855 156953
164035 33
151026 151171 154105 154495 155108 155192 151914 152162 151874 156801 151493 152251 152824 152897 152976 153362 151292 154217 151370 154984 151917 151990 156483 156484 152022 156855 156953 155409 152103 154799 151252 153210 154475
164036 33
151026 151171 154105 154495 155108 155192 151914 152162 151874 156801 152022 152103 151370 152251 152824 152897 152976 153210 153362 151493 154217 154475 151252 154799 154984 151292 151917 155409 156483 156484 151990 156855 156953
164037 33
151026 151171 154105 154495 155108 155192 151914 152162 151874 156801 152022 152103 151370 152251 152824 152897 152976 153210 153362 151493 154217 154475 151252 154799 154984 151292 151917 155409 156483 156484 151990 156855 156953
164038 52
155665 155667 156008 156030 156105 156156 156157 156585 157197 151874 151914 152162 154495 155108 155192 151171 151026 154105 156801 151493 154217 154475 151252 154799 154984 151292 151917 155409 151990 152022 152103 151370 152251 152824 152897 156483 156484 152976 153210 156855 156953 153362 152791 153407 153790 153800 153806 153824 153984 152736 153064 152834
164039 42
155665 155667 156008 156030 156105 156156 156157 156585 157197 151874 151914 152162 154495 155108 155192 151171 151026 154105 156801 151493 154217 154475 151252 154799 154984 151292 151917 155409 151990 152022 152103 151370 152251 152824 152897 156483 156484 152976 153210 156855 156953 153362
164040 19
155665 155667 156008 156030 156105 156156 156157 156585 157197 151874 151914 152162 154495 155108 155192 151171 151026 154105 156801
164041 19
155665 155667 156008 156030 156105 156156 156157 156585 157197 151874 151914 152162 154495 155108 155192 151171 151026 154105 156801
164042 19
155665 155667 156008 156030 156105 156156 156157 156585 157197 151874 151914 152162 154495 155108 155192 151171 151026 154105 156801
164043 19
155665 155667 156008 156030 156105 156156 156157 156585 157197 151874 151914 152162 154495 155108 155192 151171 151026 154105 156801
164044 22
151609 152108 156772 155667 156008 156030 156105 156156 156157 156585 155665 157197 151874 152162 151914 155108 155192 151171 151026 154105 154495 156801
164045 29
155665 155667 156008 156030 156105 156156 156157 156585 157197 151874 151914 152162 154495 155108 155192 151171 151026 154105 156801 153407 153790 153800 153806 153824 153984 152736 152791 152834 153064
164046 22
151609 152108 156772 155667 156008 156030 156105 156156 156157 156585 155665 157197 151874 152162 151914 155108 155192 151171 151026 154105 154495 156801
164047 22
151609 152108 156772 155667 156008 156030 156105 156156 156157 156585 155665 157197 151874 152162 151914 155108 155192 151171 151026 154105 154495 156801
164048 19
155665 155667 156008 156030 156105 156156 156157 156585 157197 151874 151914 152162 154495 155108 155192 151171 151026 154105 156801
164049 19
155665 155667 156008 156030 156105 156156 156157 156585 157197 151874 151914 152162 154495 155108 155192 151171 151026 154105 156801
164050 19
155665 155667 156008 156030 156105 156156 156157 156585 157197 151874 151914 152162 154495 155108 155192 151171 151026 154105 156801
164051 22
151609 152108 156772 155667 156008 156030 156105 156156 156157 156585 155665 157197 151874 152162 151914 155108 155192 151171 151026 154105 154495 156801
164053 22
151609 152108 156772 155667 156008 156030 156105 156156 156157 156585 155665 157197 151874 152162 151914 155108 155192 151171 151026 154105 154495 156801
164055 19
155665 155667 156008 156030 156105 156156 156157 156585 157197 151874 151914 152162 154495 155108 155192 151171 151026 154105 156801
164056 19
155665 155667 156008 156030 156105 156156 156157 156585 157197 151874 151914 152162 154495 155108 155192 151171 151026 154105 156801
164057 64
155665 155667 156008 156030 156105 156156 156157 156585 157197 151874 151914 152162 154495 155108 155192 151171 151026 154105 156801 153407 153790 153800 153806 153824 153984 152736 152791 152834 153064 154984 152976 151990 153362 152022 151493 152251 151292 151370 152824 156483 156484 151917 154217 156855 156953 152897 151252 153210 154475 155409 152103 154799 155244 155318 155367 155381 151575 152562 153275 155911 155927 155930 155201 157243
164058 52
155665 155667 156008 156030 156105 156156 156157 156585 157197 151874 151914 152162 154495 155108 155192 151171 151026 154105 156801 153407 153790 153800 153806 153824 153984 152736 152791 152834 153064 151252 154217 154475 152824 154799 154984 151292 152897 155409 152976 151917 153210 153362 151990 152022 152103 156483 156484 151370 152251 156855 156953 151493
164059 64
155665 155667 156008 156030 156105 156156 156157 156585 157197 151874 151914 152162 154495 155108 155192 151171 151026 154105 156801 153407 153790 153800 153806 153824 153984 152736 152791 152834 153064 151252 154217 154475 152824 154799 154984 151292 152897 155409 152976 151917 153210 153362 151990 152022 152103 156483 156484 151370 152251 156855 156953 151493 155244 155318 155367 155381 151575 152562 153275 155911 155927 155930 155201 157243
164060 64
155665 155667 156008 156030 156105 156156 156157 156585 157197 151874 151914 152162 154495 155108 155192 151171 151026 154105 156801 153407 153790 153800 153806 153824 153984 152736 152791 152834 153064 151252 154217 154475 152824 154799 154984 151292 152897 155409 152976 151917 153210 153362 151990 152022 152103 156483 156484 151370 152251 156855 156953 151493 155244 155318 155367 155381 151575 152562 153275 155911 155927 155930 155201 157243
164061 64
155665 155667 156008 156030 156105 156156 156157 156585 157197 151874 151914 152162 154495 155108 155192 151171 151026 154105 156801 153407 153790 153800 153806 153824 153984 152736 152791 152834 153064 151252 154217 154475 152824 154799 154984 151292 152897 155409 152976 151917 153210 153362 151990 152022 152103 156483 156484 151370 152251 156855 156953 151493 155244 155318 155367 155381 151575 152562 153275 155911 155927 155930 155201 157243
164062 52
155665 155667 156008 156030 156105 156156 156157 156585 157197 151874 151914 152162 154495 155108 155192 151171 151026 154105 156801 153407 153790 153800 153806 153824 153984 152736 152791 152834 153064 151252 154217 154475 152824 154799 154984 151292 152897 155409 152976 151917 153210 153362 151990 152022 152103 156483 156484 151370 152251 156855 156953 151493
164063 52
155665 155667 156008 156030 156105 156156 156157 156585 157197 151874 151914 152162 154495 155108 155192 151171 151026 154105 156801 153407 153790 153800 153806 153824 153984 152736 152791 152834 153064 151252 154217 154475 152824 154799 154984 151292 152897 155409 152976 151917 153210 153362 151990 152022 152103 156483 156484 151370 152251 156855 156953 151493
164064 19
155665 155667 156008 156030 156105 156156 156157 156585 157197 151874 151914 152162 154495 155108 155192 151171 151026 154105 156801
164065 19
155665 155667 156008 156030 156105 156156 156157 156585 157197 151874 151914 152162 154495 155108 155192 151171 151026 154105 156801
164066 19
155665 155667 156008 156030 156105 156156 156157 156585 157197 151874 151914 152162 156801 155108 155192 151171 151026 154105 154495
164068 19
151874 151914 152162 155665 155667 156008 156030 156105 156156 156157 156585 157197 156801 155108 155192 151171 151026 154105 154495
164069 19
151874 151914 152162 155665 155667 156008 156030 156105 156156 156157 156585 157197 156801 155108 155192 151171 151026 154105 154495
164070 19
151874 151914 152162 155665 155667 156008 156030 156105 156156 156157 156585 157197 156801 155108 155192 151171 151026 154105 154495
164071 19
151874 151914 152162 155665 155667 156008 156030 156105 156156 156157 156585 157197 154495 155108 155192 151171 151026 154105 156801
164072 19
151874 151914 152162 155665 155667 156008 156030 156105 156156 156157 156585 157197 154495 155108 155192 151171 151026 154105 156801
164073 23
152014 153249 154737 156053 155667 156008 156030 155665 156105 156156 156157 156585 157197 151914 151874 152162 156801 155192 151026 154105 154495 151171 155108
164076 29
151609 152108 156772 153249 154737 156053 152014 152669 152732 152372 151914 152162 151874 156008 156030 155665 156105 156156 156157 156585 155667 157197 155192 151171 154105 154495 151026 155108 156801
164077 29
151609 152108 156772 153249 154737 156053 152014 152669 152732 152372 151914 152162 151874 156008 156030 155665 156105 156156 156157 156585 155667 157197 155192 151171 154105 154495 151026 155108 156801
164079 29
151609 152108 156772 153249 154737 156053 152014 152669 152732 152372 151914 152162 151874 156008 156030 155665 156105 156156 156157 156585 155667 157197 155192 151171 154105 154495 151026 155108 156801
164080 23
152014 153249 154737 156053 155667 156008 156030 155665 156105 156156 156157 156585 157197 151914 151874 152162 156801 155192 151026 154105 154495 151171 155108
164082 23
152014 153249 154737 156053 155667 156008 156030 155665 156105 156156 156157 156585 157197 151914 151874 152162 156801 155192 151026 154105 154495 151171 155108
164083 23
152014 153249 154737 156053 155667 156008 156030 155665 156105 156156 156157 156585 157197 151914 151874 152162 156801 155192 151026 154105 154495 151171 155108
164084 19
152014 153249 154737 156053 155667 156008 156030 155665 156105 156156 156157 156585 157197 155108 155192 151171 154105 154495 151026
164085 23
152014 153249 154737 156053 155667 156008 156030 155665 156105 156156 156157 156585 157197 151914 151874 152162 156801 155192 151026 154105 154495 151171 155108
164086 23
152014 153249 154737 156053 155667 156008 156030 155665 156105 156156 156157 156585 157197 151914 151874 152162 156801 155192 151026 154105 154495 151171 155108
164087 19
152014 153249 154737 156053 155667 156008 156030 155665 156105 156156 156157 156585 157197 155108 155192 151171 154105 154495 151026
164088 23
152014 153249 154737 156053 155667 156008 156030 155665 156105 156156 156157 156585 157197 151914 151874 152162 156801 155192 151026 154105 154495 151171 155108
164089 23
155665 155667 156008 156030 156105 156156 156157 156585 157197 154737 152014 156053 153249 151914 151874 152162 156801 155192 151026 154105 154495 151171 155108
164091 23
155665 155667 156008 156030 156105 156156 156157 156585 157197 154737 152014 156053 153249 151914 151874 152162 156801 155192 151026 154105 154495 151171 155108
164092 23
152014 153249 154737 156053 155667 156008 156030 155665 156105 156156 156157 156585 157197 151914 151874 152162 155108 155192 151026 154105 154495 151171 156801
164093 23
155665 155667 156008 156030 156105 156156 156157 156585 157197 154737 152014 156053 153249 151914 151874 152162 156801 155192 151026 154105 154495 151171 155108
164094 23
152014 153249 154737 156053 155667 156008 156030 155665 156105 156156 156157 156585 157197 151914 151874 152162 156801 155192 151026 154105 154495 151171 155108
164096 23
152014 153249 154737 156053 155667 156008 156030 155665 156105 156156 156157 156585 157197 151914 151874 152162 155108 155192 151026 154105 154495 151171 156801
164099 19
155665 155667 156008 156030 156105 156156 156157 156585 157197 151874 151914 152162 154495 155108 155192 151171 151026 154105 156801
164100 19
155665 155667 156008 156030 156105 156156 156157 156585 157197 151874 151914 152162 154495 155108 155192 151171 151026 154105 156801
164102 19
155665 155667 156008 156030 156105 156156 156157 156585 157197 151874 151914 152162 154495 155108 155192 151171 151026 154105 156801
164103 19
155665 155667 156008 156030 156105 156156 156157 156585 157197 151874 151914 152162 154495 155108 155192 151171 151026 154105 156801
164104 43
151026 151171 154105 154495 155108 155192 151914 152162 151874 156801 153790 153800 153806 153824 153984 152736 152791 152834 153064 153407 151917 153210 153362 151990 152022 152103 151370 152251 151493 151252 154217 154475 152824 154799 154984 151292 152897 155409 156483 156484 152976 156855 156953
164105 20
151026 151171 154105 154495 155108 155192 151914 152162 151874 156801 153790 153800 153806 153824 153984 152736 152791 152834 153064 153407
164108 25
155665 155667 156008 156030 156105 156156 156157 156585 157197 154495 155108 155192 151026 151171 154105 153064 153407 153790 153800 153806 153824 153984 152736 152791 152834
164109 25
155665 155667 156008 156030 156105 156156 156157 156585 157197 154495 155108 155192 151026 151171 154105 153064 153407 153790 153800 153806 153824 153984 152736 152791 152834
164110 20
151874 151914 152162 151171 151026 154105 154495 155108 155192 156801 153790 153800 153806 153824 153984 152736 152791 152834 153064 153407
164111 43
151026 151171 154105 154495 155108 155192 151914 152162 151874 156801 153790 153800 153806 153824 153984 152736 152791 152834 153064 153407 151917 153210 153362 151990 152022 152103 151370 152251 151493 151252 154217 154475 152824 154799 154984 151292 152897 155409 156483 156484 152976 156855 156953
164112 20
151026 151171 154105 154495 155108 155192 151914 152162 151874 156801 153790 153800 153806 153824 153984 152736 152791 152834 153064 153407
164115 43
151026 151171 154105 154495 155108 155192 151914 152162 151874 156801 153790 153800 153806 153824 153984 152736 152791 152834 153064 153407 151917 153210 153362 151990 152022 152103 151370 152251 151493 151252 154217 154475 152824 154799 154984 151292 152897 155409 156483 156484 152976 156855 156953
164116 43
151026 151171 154105 154495 155108 155192 151914 152162 151874 156801 153790 153800 153806 153824 153984 152736 152791 152834 153064 153407 151917 153210 153362 151990 152022 152103 151370 152251 151493 151252 154217 154475 152824 154799 154984 151292 152897 155409 156483 156484 152976 156855 156953
164118 43
151026 151171 154105 154495 155108 155192 151914 152162 151874 156801 153790 153800 153806 153824 153984 152736 152791 152834 153064 153407 151917 153210 153362 151990 152022 152103 151370 152251 151493 151252 154217 154475 152824 154799 154984 151292 152897 155409 156483 156484 152976 156855 156953
164120 10
151026 151171 154105 154495 155108 155192 151914 152162 151874 156801
164121 43
151026 151171 154105 154495 155108 155192 151914 152162 151874 156801 153790 153800 153806 153824 153984 152736 152791 152834 153064 153407 151917 153210 153362 151990 152022 152103 151370 152251 151493 151252 154217 154475 152824 154799 154984 151292 152897 155409 156483 156484 152976 156855 156953
164122 33
151026 151171 154105 154495 155108 155192 151914 152162 151874 156801 152022 152103 151370 152251 152824 152897 152976 153210 153362 151493 154217 154475 151252 154799 154984 151292 151917 155409 156483 156484 151990 156855 156953
164123 13
152372 152669 152732 151171 151026 154105 154495 155108 155192 151914 152162 151874 156801
164124 10
151874 151914 152162 151171 151026 154105 154495 155108 155192 156801
164125 10
151874 151914 152162 151171 151026 154105 154495 155108 155192 156801
164126 20
151026 151171 154105 154495 155108 155192 151914 152162 151874 156801 153790 153800 153806 153824 153984 152736 152791 152834 153064 153407
164127 19
155665 155667 156008 156030 156105 156156 156157 156585 157197 151874 151914 152162 154495 155108 155192 151171 151026 154105 156801
164128 19
155665 155667 156008 156030 156105 156156 156157 156585 157197 151874 151914 152162 156801 155108 155192 151171 151026 154105 154495
164130 19
155665 155667 156008 156030 156105 156156 156157 156585 157197 151874 151914 152162 156801 155108 155192 151171 151026 154105 154495
164131 55
151026 151171 154105 154495 155108 155192 151914 152162 151874 156801 153790 153800 153806 153824 153984 152736 152791 152834 153064 153407 151917 153210 153362 151990 152022 152103 151370 152251 151493 151252 154217 154475 152824 154799 154984 151292 152897 155409 156483 156484 152976 156855 156953 155367 155381 151575 155911 155927 155930 152562 153275 155201 155244 155318 157243
164132 55
151026 151171 154105 154495 155108 155192 151914 152162 151874 156801 153790 153800 153806 153824 153984 152736 152791 152834 153064 153407 151917 153210 153362 151990 152022 152103 151370 152251 151493 151252 154217 154475 152824 154799 154984 151292 152897 155409 156483 156484 152976 156855 156953 155367 155381 151575 155911 155927 155930 152562 153275 155201 155244 155318 157243
164133 20
151026 151171 154105 154495 155108 155192 151914 152162 151874 156801 153790 153800 153806 153824 153984 152736 152791 152834 153064 153407
164134 55
151026 151171 154105 154495 155108 155192 151914 152162 151874 156801 153790 153800 153806 153824 153984 152736 152791 152834 153064 153407 151917 153210 153362 151990 152022 152103 151370 152251 151493 151252 154217 154475 152824 154799 154984 151292 152897 155409 156483 156484 152976 156855 156953 153275 152562 157243 155911 155927 155930 155201 155244 155318 155367 155381 151575
164135 55
151026 151171 154105 154495 155108 155192 151914 152162 151874 156801 153790 153800 153806 153824 153984 152736 152791 152834 153064 153407 151917 153210 153362 151990 152022 152103 151370 152251 151493 151252 154217 154475 152824 154799 154984 151292 152897 155409 156483 156484 152976 156855 156953 153275 152562 157243 155911 155927 155930 155201 155244 155318 155367 155381 151575
164136 33
151026 151171 154105 154495 155108 155192 151914 152162 151874 156801 152022 152103 151370 152251 152824 152897 152976 153210 153362 151493 154217 154475 151252 154799 154984 151292 151917 155409 156483 156484 151990 156855 156953
164137 43
151026 151171 154105 154495 155108 155192 151914 152162 151874 156801 152022 152103 151370 152251 152824 152897 152976 153210 153362 151493 154217 154475 151252 154799 154984 151292 151917 155409 156483 156484 151990 156855 156953 153407 153790 153800 153806 153824 153984 152736 153064 152834 152791
164139 43
151026 151171 154105 154495 155108 155192 151914 152162 151874 156801 152022 152103 151370 152251 152824 152897 152976 153210 153362 151493 154217 154475 151252 154799 154984 151292 151917 155409 156483 156484 151990 156855 156953 153407 153790 153800 153806 153824 153984 152736 153064 152834 152791
164142 19
155665 155667 156008 156030 156105 156156 156157 156585 157197 151874 151914 152162 154495 155108 155192 151171 151026 154105 156801
164143 19
155665 155667 156008 156030 156105 156156 156157 156585 157197 151874 151914 152162 154495 155108 155192 151171 151026 154105 156801
164144 19
155665 155667 156008 156030 156105 156156 156157 156585 157197 151874 151914 152162 154495 155108 155192 151171 151026 154105 156801
164145 17
155146 155147 155665 155667 156008 156030 156105 156156 156157 156585 157197 151026 151171 155192 154105 154495 155108
164146 17
155146 155147 155665 155667 156008 156030 156105 156156 156157 156585 157197 151026 151171 155192 154105 154495 155108
164147 17
155146 155147 155665 155667 156008 156030 156105 156156 156157 156585 157197 151026 151171 155192 154105 154495 155108
164148 17
155146 155147 155665 155667 156008 156030 156105 156156 156157 156585 157197 151026 151171 155192 154105 154495 155108
164149 17
155146 155147 155665 155667 156008 156030 156105 156156 156157 156585 157197 151026 151171 155192 154105 154495 155108
164150 15
155665 155667 156008 156030 156105 156156 156157 156585 157197 154495 155108 155192 151026 151171 154105
164151 15
155665 155667 156008 156030 156105 156156 156157 156585 157197 154495 155108 155192 151026 151171 154105
164154 15
155665 155667 156008 156030 156105 156156 156157 156585 157197 154495 155108 155192 151026 151171 154105
164155 15
155665 155667 156008 156030 156105 156156 156157 156585 157197 154495 155108 155192 151026 151171 154105
164156 15
155665 155667 156008 156030 156105 156156 156157 156585 157197 154495 155108 155192 151026 151171 154105
164157 15
155665 155667 156008 156030 156105 156156 156157 156585 157197 154495 155108 155192 151026 151171 154105
164159 20
155146 155147 152732 152372 152669 155665 155667 156008 156030 156105 156156 156157 156585 157197 151171 151026 155192 154105 154495 155108
164160 19
155665 155667 156008 156030 156105 156156 156157 156585 157197 154495 155108 155192 151026 151171 154105 151914 152162 151874 156801
164162 18
155665 155667 156008 156030 156105 156156 156157 156585 157197 154495 155108 155192 151026 151171 154105 151914 152162 151874
164163 18
155665 155667 156008 156030 156105 156156 156157 156585 157197 154495 155108 155192 151026 151171 154105 151914 152162 151874
164165 18
155665 155667 156008 156030 156105 156156 156157 156585 157197 151874 151914 152162 154495 155108 155192 151171 151026 154105
164166 19
155665 155667 156008 156030 156105 156156 156157 156585 157197 154495 155108 155192 151026 151171 154105 151914 152162 151874 156801
164167 19
155665 155667 156008 156030 156105 156156 156157 156585 157197 154495 155108 155192 151026 151171 154105 151914 152162 151874 156801
164169 19
155665 155667 156008 156030 156105 156156 156157 156585 157197 154495 155108 155192 151026 151171 154105 151914 152162 151874 156801
164170 18
155665 155667 156008 156030 156105 156156 156157 156585 157197 154495 155108 155192 151026 151171 154105 151914 152162 151874
164171 29
155665 155667 156008 156030 156105 156156 156157 156585 157197 151874 151914 152162 154495 155108 155192 151171 151026 154105 156801 153407 153790 153800 153806 153824 153984 152736 152791 152834 153064
164172 29
155665 155667 156008 156030 156105 156156 156157 156585 157197 151874 151914 152162 154495 155108 155192 151171 151026 154105 156801 153407 153790 153800 153806 153824 153984 152736 152791 152834 153064
164173 42
155665 155667 156008 156030 156105 156156 156157 156585 157197 151874 151914 152162 154495 155108 155192 151171 151026 154105 156801 151493 154217 154475 151252 154799 154984 151292 151917 155409 151990 152022 152103 151370 152251 152824 152897 156483 156484 152976 153210 156855 156953 153362
164174 42
155665 155667 156008 156030 156105 156156 156157 156585 157197 151874 151914 152162 154495 155108 155192 151171 151026 154105 156801 151493 154217 154475 151252 154799 154984 151292 151917 155409 151990 152022 152103 151370 152251 152824 152897 156483 156484 152976 153210 156855 156953 153362
164175 22
155665 155667 156008 156030 156105 156156 156157 156585 157197 152372 152669 152732 151874 151914 152162 156801 155108 155192 151026 151171 154105 154495
164176 15
155665 155667 156008 156030 156105 156156 156157 156585 157197 154495 155108 155192 151026 151171 154105
164178 43
151026 151171 154105 154495 155108 155192 151914 152162 151874 156801 153790 153800 153806 153824 153984 152736 152791 152834 153064 153407 151917 153210 153362 151990 152022 152103 151370 152251 151493 151252 154217 154475 152824 154799 154984 151292 152897 155409 156483 156484 152976 156855 156953
164179 10
151026 151171 154105 154495 155108 155192 151914 152162 151874 156801
164180 10
151026 151171 154105 154495 155108 155192 151914 152162 151874 156801
164181 10
151026 151171 154105 154495 155108 155192 151914 152162 151874 156801
164182 10
151026 151171 154105 154495 155108 155192 151914 152162 151874 156801
164183 10
151026 151171 154105 154495 155108 155192 151914 152162 151874 156801
164184 13
152372 152669 152732 151171 151026 154105 154495 155108 155192 151914 152162 151874 156801
164185 13
152372 152669 152732 151171 151026 154105 154495 155108 155192 151914 152162 151874 156801
164186 13
152372 152669 152732 151171 151026 154105 154495 155108 155192 151914 152162 151874 156801
164187 19
155665 155667 156008 156030 156105 156156 156157 156585 157197 151874 151914 152162 154495 155108 155192 151171 151026 154105 156801
164188 19
155665 155667 156008 156030 156105 156156 156157 156585 157197 151874 151914 152162 154495 155108 155192 151171 151026 154105 156801
164189 10
151026 151171 154105 154495 155108 155192 151914 152162 151874 156801
164191 33
152014 153249 154737 156053 151524 154170 154171 151927 151228 152733 155343 152708 156743 155604 153062 156392 155602 155460 153939 154153 155695 155730 155055 155056 152785 151837 152854 154105 155108 155192 154495 151026 151171
164192 21
151228 151524 151927 152708 152733 154170 154171 155343 156743 154737 152014 156053 153249 152854 151837 154105 155108 155192 151171 151026 154495
164193 21
151228 151524 151927 152708 152733 154170 154171 155343 156743 154737 152014 156053 153249 152854 151837 154105 155108 155192 151171 151026 154495
164194 21
151228 151524 151927 152708 152733 154170 154171 155343 156743 154737 152014 156053 153249 152854 151837 154105 155108 155192 151171 151026 154495
164196 15
152014 153249 154737 156053 152854 151837 152733 151228 151927 154170 154171 151524 155343 152708 156743
164197 15
152014 153249 154737 156053 152854 151837 152733 151228 151927 154170 154171 151524 155343 152708 156743
164199 27
152785 153939 155695 155055 155056 155460 154153 155730 155604 153062 155602 156392 154737 152014 156053 153249 152854 151837 151228 151927 151524 154170 154171 152708 155343 152733 156743
164200 30
151621 153880 155216 153062 155602 155604 156392 151837 152854 152014 154737 156053 153249 153939 155460 154153 152785 155695 155730 155055 155056 155343 151927 154170 154171 151228 152708 152733 151524 156743
164201 30
151621 153880 155216 153062 155602 155604 156392 151837 152854 152014 154737 156053 153249 153939 155460 154153 152785 155695 155730 155055 155056 155343 151927 154170 154171 151228 152708 152733 151524 156743
164202 33
151621 153880 155216 155653 155664 156792 153062 155602 156392 155604 153939 154153 155055 155056 155695 155730 152785 155460 153249 156053 152014 154737 151837 152854 154171 151228 152708 152733 151524 155343 151927 156743 154170
164203 33
151621 153880 155216 156792 155664 155653 153062 155602 156392 155604 153939 154153 155055 155056 155695 155730 152785 155460 153249 156053 152014 154737 154171 151927 151524 152708 152733 155343 151228 156743 154170 152854 151837
164204 27
151228 151524 151927 152708 152733 154170 154171 155343 156743 154737 152014 156053 153249 156972 157091 156772 152108 151609 152732 152669 152372 151026 151171 154495 154105 155108 155192
164206 27
151228 151524 151927 152708 152733 154170 154171 155343 156743 154737 152014 156053 153249 156972 157091 156772 152108 151609 152732 152669 152372 151026 151171 154495 154105 155108 155192
164208 27
151228 151524 151927 152708 152733 154170 154171 155343 156743 154737 152014 156053 153249 156972 157091 156772 152108 151609 152732 152669 152372 151026 151171 154495 154105 155108 155192
164209 27
151228 151524 151927 152708 152733 154170 154171 155343 156743 154737 152014 156053 153249 156972 157091 156772 152108 151609 152732 152669 152372 151026 151171 154495 154105 155108 155192
164210 27
151228 151524 151927 152708 152733 154170 154171 155343 156743 154737 152014 156053 153249 156972 157091 156772 152108 151609 152732 152669 152372 151026 151171 154495 154105 155108 155192
164211 27
151228 151524 151927 152708 152733 154170 154171 155343 156743 154737 152014 156053 153249 156972 157091 156772 152108 151609 152732 152669 152372 151026 151171 154495 154105 155108 155192
164212 27
151228 151524 151927 152708 152733 154170 154171 155343 156743 154737 152014 156053 153249 156972 157091 156772 152108 151609 152732 152669 152372 151026 151171 154495 154105 155108 155192
164214 29
151837 152854 151228 151927 151524 154170 154171 152733 152708 155343 156743 154737 152014 156053 153249 156972 157091 156772 151609 152108 152669 152372 152732 151026 151171 154495 154105 155108 155192
164215 26
151837 152854 151228 151927 152708 152733 151524 154170 154171 155343 156743 154737 152014 156053 153249 156972 157091 152732 152669 152372 155192 151026 151171 154495 154105 155108
164216 29
151837 152854 151228 151927 151524 154170 154171 152733 152708 155343 156743 154737 152014 156053 153249 156972 157091 156772 151609 152108 152669 152372 152732 151026 151171 154495 154105 155108 155192
164218 26
156972 157091 156772 151609 152108 152372 152669 152732 154495 155108 155192 151171 151026 154105 151874 152162 151914 156030 156105 156156 156157 156585 155665 155667 156008 157197
164219 26
151609 152108 156772 156972 157091 154495 155108 155192 151026 151171 154105 152669 152732 152372 151874 152162 151914 156030 156105 156156 156157 156585 155665 155667 156008 157197
164220 26
156972 157091 156772 151609 152108 154495 155108 155192 151026 151171 154105 152669 152732 152372 156030 156105 156156 156157 156585 155665 155667 156008 157197 151874 152162 151914
164222 26
151609 152108 156772 156972 157091 154495 155108 155192 151026 151171 154105 152669 152732 152372 151874 152162 151914 156030 156105 156156 156157 156585 155665 155667 156008 157197
164223 30
152014 153249 154737 156053 156972 157091 156772 152108 151609 152372 152669 152732 155108 155192 151026 154105 154495 151171 155665 156105 156156 156157 156585 155667 156008 156030 157197 151914 152162 151874
164224 26
156972 157091 156772 151609 152108 152372 152669 152732 154495 155108 155192 151171 151026 154105 156030 156105 156156 156157 156585 155665 155667 156008 157197 151874 152162 151914
164225 26
156972 157091 156772 151609 152108 152372 152669 152732 154495 155108 155192 151171 151026 154105 156030 156105 156156 156157 156585 155665 155667 156008 157197 151874 152162 151914
164226 26
156972 157091 156772 151609 152108 152372 152669 152732 154495 155108 155192 151171 151026 154105 156030 156105 156156 156157 156585 155665 155667 156008 157197 151874 152162 151914
164227 26
156972 157091 156772 151609 152108 154495 155108 155192 151026 151171 154105 152669 152732 152372 151874 152162 151914 156030 156105 156156 156157 156585 155665 155667 156008 157197
164228 30
152014 153249 154737 156053 156972 157091 156772 152108 151609 152372 152669 152732 155108 155192 151026 154105 154495 151171 155665 156105 156156 156157 156585 155667 156008 156030 157197 151914 152162 151874
164229 25
152014 153249 154737 156053 152108 151609 156772 152669 152732 152372 154495 151171 155108 155192 151026 154105 156008 156030 155665 156105 156156 156157 156585 155667 157197
164231 13
152014 153249 154737 156053 152108 151609 156772 154495 151026 155108 155192 151171 154105
164232 7
152014 153249 154737 156053 152108 151609 156772
164233 7
152014 153249 154737 156053 152108 151609 156772
164234 15
152014 153249 154737 156053 152108 151609 156772 156972 157091 152372 152669 152732 151874 151914 152162
164235 39
152014 153249 154737 156053 152708 152733 151524 154170 154171 151927 155343 151228 156743 152108 151609 156772 156972 157091 152732 152669 152372 151026 151171 154495 154105 155108 155192 156105 156156 156157 156585 155667 156008 156030 155665 157197 151874 152162 151914
164236 21
152014 153249 154737 156053 152108 151609 156772 156972 157091 155108 155192 151171 154105 154495 151026 152669 152732 152372 151914 152162 151874
164238 30
152014 153249 154737 156053 152108 151609 156772 156972 157091 152372 152669 152732 155108 155192 151026 154105 154495 151171 151914 152162 151874 155665 156105 156156 156157 156585 155667 156008 156030 157197
164240 30
152014 153249 154737 156053 152708 152733 151524 154170 154171 151927 155343 151228 156743 152108 151609 156772 156972 157091 152732 152669 152372 151026 151171 154495 154105 155108 155192 151874 152162 151914
164241 27
152014 153249 154737 156053 152708 152733 151524 154170 154171 151927 155343 151228 156743 152108 151609 156772 156972 157091 152732 152669 152372 151026 151171 154495 154105 155108 155192
164243 26
151609 152108 156772 156972 157091 152372 152669 152732 154495 155108 155192 151171 151026 154105 151874 152162 151914 156030 156105 156156 156157 156585 155665 155667 156008 157197
164245 26
151609 152108 156772 156972 157091 152372 152669 152732 154495 155108 155192 151171 151026 154105 151874 152162 151914 156030 156105 156156 156157 156585 155665 155667 156008 157197
164246 26
151609 152108 156772 156972 157091 152372 152669 152732 154495 155108 155192 151171 151026 154105 151874 152162 151914 156030 156105 156156 156157 156585 155665 155667 156008 157197
164247 26
151609 152108 156772 156972 157091 152372 152669 152732 154495 155108 155192 151171 151026 154105 151874 152162 151914 156030 156105 156156 156157 156585 155665 155667 156008 157197
164248 30
152014 153249 154737 156053 152733 155343 152708 156743 154171 151524 151927 151228 154170 152108 151609 156772 156972 157091 152732 152669 152372 151026 151171 154495 154105 155108 155192 151874 152162 151914
164250 30
151228 151524 151927 152708 152733 154170 154171 155343 156743 154737 152014 156053 153249 152108 151609 156772 156972 157091 152732 152669 152372 151026 151171 154495 154105 155108 155192 151874 152162 151914
164252 27
151228 151524 151927 152708 152733 154170 154171 155343 156743 154737 152014 156053 153249 152108 151609 156772 156972 157091 152732 152669 152372 151026 151171 154495 154105 155108 155192
164253 27
152014 153249 154737 156053 152708 152733 151524 154170 154171 151927 155343 151228 156743 152108 151609 156772 156972 157091 152732 152669 152372 151026 151171 154495 154105 155108 155192
164254 12
152014 153249 154737 156053 156972 157091 156772 152108 151609 151874 151914 152162
164255 25
152014 153249 154737 156053 152108 151609 156772 152669 152732 152372 154495 151171 155108 155192 151026 154105 156008 156030 155665 156105 156156 156157 156585 155667 157197
164256 25
152014 153249 154737 156053 152108 151609 156772 152669 152732 152372 154495 151171 155108 155192 151026 154105 156008 156030 155665 156105 156156 156157 156585 155667 157197
164257 25
152014 153249 154737 156053 152108 151609 156772 152669 152732 152372 154495 151171 155108 155192 151026 154105 156008 156030 155665 156105 156156 156157 156585 155667 157197
164258 18
152372 152669 152732 151171 151026 154105 154495 155108 155192 155665 155667 156008 156030 156105 156156 156157 156585 157197
164259 21
151609 152108 156772 152669 152732 152372 151026 154105 154495 155108 155192 151171 155667 156008 156030 156105 156156 156157 156585 155665 157197
164260 21
151609 152108 156772 152669 152732 152372 151026 154105 154495 155108 155192 151171 155667 156008 156030 156105 156156 156157 156585 155665 157197
164261 12
151609 152108 156772 152669 152732 152372 151026 154105 154495 155108 155192 151171
164262 3
152372 152669 152732
164263 3
152372 152669 152732
164264 9
152372 152669 152732 151171 151026 154105 154495 155108 155192
164265 3
152372 152669 152732
164266 10
152014 153249 154737 156053 152108 151609 156772 152669 152732 152372
164267 10
152014 153249 154737 156053 152108 151609 156772 152669 152732 152372
164268 10
152014 153249 154737 156053 152108 151609 156772 152669 152732 152372
164270 10
152014 153249 154737 156053 152108 151609 156772 152669 152732 152372
164271 26
156972 157091 156772 151609 152108 152372 152669 152732 151914 151874 152162 156030 156105 156156 156157 156585 155665 155667 156008 157197 151026 151171 154105 154495 155108 155192
164272 21
152014 153249 154737 156053 152108 151609 156772 156972 157091 154170 154171 151524 155343 151228 156743 152708 152733 151927 152732 152669 152372
164274 24
152014 153249 154737 156053 152108 151609 156772 156972 157091 154170 154171 151524 155343 151228 156743 152708 152733 151927 152732 152669 152372 151914 151874 152162
164275 24
152014 153249 154737 156053 152708 152733 151524 154170 154171 151927 155343 151228 156743 152108 151609 156772 156972 157091 152732 152669 152372 151914 151874 152162
164276 24
152014 153249 154737 156053 152108 151609 156772 152733 151927 154170 154171 151524 155343 151228 156743 152708 156972 157091 152732 152669 152372 151914 151874 152162
164280 19
152014 153249 154737 156053 152708 152733 151524 154170 154171 151927 155343 151228 156743 152108 151609 156772 152669 152372 152732
164281 19
152014 153249 154737 156053 152708 152733 151524 154170 154171 151927 155343 151228 156743 152108 151609 156772 152669 152372 152732
164282 19
152014 153249 154737 156053 152708 152733 151524 154170 154171 151927 155343 151228 156743 152108 151609 156772 152669 152372 152732
164283 17
156972 157091 156772 151609 152108 152372 152669 152732 151914 151874 152162 154495 155108 155192 151026 151171 154105
164284 17
156972 157091 156772 151609 152108 152372 152669 152732 151914 151874 152162 154495 155108 155192 151026 151171 154105
164285 11
156972 157091 156772 151609 152108 152372 152669 152732 151914 151874 152162
164287 11
156972 157091 156772 151609 152108 152372 152669 152732 151914 151874 152162
164288 11
151609 152108 156772 156972 157091 152372 152669 152732 151914 151874 152162
164289 11
151609 152108 156772 156972 157091 152372 152669 152732 151914 151874 152162
164290 21
156972 157091 154737 156053 152014 153249 151524 154170 154171 151927 155343 151228 156743 152708 152733 156772 152108 151609 152732 152669 152372
164291 15
152014 153249 154737 156053 152708 152733 151524 154170 154171 151927 155343 151228 156743 156972 157091
164292 15
152014 153249 154737 156053 152708 152733 151524 154170 154171 151927 155343 151228 156743 156972 157091
164293 18
151621 153880 155216 152014 154737 153249 156053 151228 151927 154170 154171 151524 152708 155343 152733 156743 156972 157091
164294 18
151621 153880 155216 152014 154737 153249 156053 156972 157091 154170 154171 151524 152708 155343 152733 156743 151228 151927
164296 15
152014 153249 154737 156053 156972 157091 151524 154170 154171 151927 155343 151228 156743 152708 152733
164297 15
152014 153249 154737 156053 152708 152733 151524 154170 154171 151927 155343 151228 156743 156972 157091
164298 15
152014 153249 154737 156053 152708 152733 151524 154170 154171 151927 155343 151228 156743 156972 157091
164300 15
152014 153249 154737 156053 152708 152733 151524 154170 154171 151927 155343 151228 156743 156972 157091
164302 16
151228 151524 151927 152708 152733 154170 154171 155343 156743 154737 152014 156053 153249 152108 151609 156772
164303 16
151228 151524 151927 152708 152733 154170 154171 155343 156743 154737 152014 156053 153249 152108 151609 156772
164304 16
151228 151524 151927 152708 152733 154170 154171 155343 156743 154737 152014 156053 153249 152108 151609 156772
164305 16
151228 151524 151927 152708 152733 154170 154171 155343 156743 154737 152014 156053 153249 152108 151609 156772
164306 16
151228 151524 151927 152708 152733 154170 154171 155343 156743 154737 152014 156053 153249 152108 151609 156772
164309 16
151228 151524 151927 152708 152733 154170 154171 155343 156743 154737 152014 156053 153249 152108 151609 156772
164310 18
151228 151524 151927 152708 152733 154170 154171 155343 156743 152854 151837 154737 152014 156053 153249 151609 152108 156772
164311 7
152014 153249 154737 156053 152108 151609 156772
164312 7
152014 153249 154737 156053 152108 151609 156772
164313 28
153079 154290 155436 155147 155146 152854 151837 151228 154170 154171 151927 152708 152733 155343 151524 156743 156972 157091 155216 152014 153249 156053 154737 153880 151621 156772 152108 151609
164314 28
153079 154290 155436 155147 155146 152854 151837 151228 154170 154171 151927 152708 152733 155343 151524 156743 156972 157091 156772 151609 152108 151621 153249 156053 154737 153880 152014 155216
164315 28
153079 154290 155436 155147 155146 152854 151837 151228 154170 154171 151927 152708 152733 155343 151524 156743 156972 157091 156772 151609 152108 151621 153249 156053 154737 153880 152014 155216
164316 23
151837 152854 151621 153880 155216 156972 157091 151228 151524 154170 154171 151927 155343 156743 152708 152733 156053 154737 153249 152014 156772 151609 152108
164318 23
151621 153880 155216 151837 152854 156972 157091 151228 151524 154170 154171 151927 155343 156743 152708 152733 156053 154737 153249 152014 156772 151609 152108
164319 21
151837 152854 151621 153880 155216 152014 154737 153249 156053 151927 151228 154170 154171 152708 152733 155343 151524 156743 151609 152108 156772
164320 21
151837 152854 151621 153880 155216 152014 154737 153249 156053 151927 151228 154170 154171 152708 152733 155343 151524 156743 151609 152108 156772
164321 23
151837 152854 151621 153880 155216 156972 157091 153249 156053 152014 154737 154170 154171 152708 152733 155343 151524 156743 151927 151228 156772 151609 152108
164322 23
151837 152854 151621 153880 155216 156972 157091 151228 151524 154170 154171 151927 155343 156743 152708 152733 153249 151609 156053 152014 156772 152108 154737
164323 6
151609 152108 156772 152669 152732 152372
164326 19
151228 151524 151927 152708 152733 154170 154171 155343 156743 154737 152014 156053 153249 152108 151609 156772 152669 152372 152732
164327 19
152014 153249 154737 156053 152708 152733 151524 154170 154171 151927 155343 151228 156743 152108 151609 156772 152669 152372 152732
164328 19
152014 153249 154737 156053 152708 152733 151524 154170 154171 151927 155343 151228 156743 152108 151609 156772 152669 152372 152732
164329 19
152014 153249 154737 156053 152708 152733 151524 154170 154171 151927 155343 151228 156743 152108 151609 156772 152669 152372 152732
164330 19
151228 151524 151927 152708 152733 154170 154171 155343 156743 154737 152014 156053 153249 152108 151609 156772 152669 152372 152732
164331 19
151228 151524 151927 152708 152733 154170 154171 155343 156743 154737 152014 156053 153249 152108 151609 156772 152669 152372 152732
164332 19
152014 153249 154737 156053 152708 152733 151524 154170 154171 151927 155343 151228 156743 152108 151609 156772 152669 152372 152732
164334 10
152014 153249 154737 156053 152108 151609 156772 152669 152732 152372
164337 10
152014 153249 154737 156053 152108 151609 156772 152669 152732 152372
164339 10
152014 153249 154737 156053 152108 151609 156772 152669 152732 152372
164340 19
151228 151524 151927 152708 152733 154170 154171 155343 156743 154737 152014 156053 153249 152108 151609 156772 152669 152372 152732
164341 19
152014 153249 154737 156053 152708 152733 151524 154170 154171 151927 155343 151228 156743 152108 151609 156772 152669 152372 152732
164342 19
151228 151524 151927 152708 152733 154170 154171 155343 156743 154737 152014 156053 153249 152108 151609 156772 152669 152372 152732
164343 19
151228 151524 151927 152708 152733 154170 154171 155343 156743 154737 152014 156053 153249 152108 151609 156772 152669 152372 152732
164344 26
156972 157091 156772 151609 152108 154495 155108 155192 151026 151171 154105 151874 152162 151914 156030 156105 156156 156157 156585 155665 155667 156008 157197 152669 152732 152372
164345 26
156972 157091 156772 151609 152108 151914 151874 152162 156030 156105 156156 156157 156585 155665 155667 156008 157197 151171 151026 154105 154495 155108 155192 152669 152732 152372
164346 26
156972 157091 156772 151609 152108 154495 155108 155192 151026 151171 154105 151874 152162 151914 152669 152732 152372 156030 156105 156156 156157 156585 155665 155667 156008 157197
164347 25
152014 153249 154737 156053 152108 151609 156772 152669 152732 152372 156008 156030 155665 156105 156156 156157 156585 155667 157197 155192 151026 154105 154495 151171 155108
164348 30
152014 153249 154737 156053 156972 157091 156772 152108 151609 152372 152669 152732 151874 151914 152162 155665 156105 156156 156157 156585 155667 156008 156030 157197 154105 154495 151026 155108 155192 151171
164349 30
152014 153249 154737 156053 156972 157091 156772 152108 151609 155665 156105 156156 156157 156585 155667 156008 156030 157197 152372 152669 152732 154105 154495 151171 155108 155192 151026 151914 152162 151874
164350 29
151228 151524 151927 154170 154171 152708 152733 155343 156743 156972 157091 156772 151609 152108 152732 152669 152372 151874 151914 152162 156105 156156 156157 156585 155665 155667 156008 156030 157197
164352 30
152014 153249 154737 156053 156972 157091 156030 155665 156105 156156 156157 156585 155667 156008 157197 152732 152372 152669 151609 152108 156772 151874 151914 152162 154105 154495 151026 155108 155192 151171
164353 39
152014 153249 154737 156053 152733 155343 152708 156743 154171 151524 151927 151228 154170 156972 157091 156772 152108 151609 152732 152669 152372 151914 151874 152162 156105 156156 156157 156585 155667 156008 156030 155665 157197 154105 155108 155192 151171 151026 154495
164354 26
156972 157091 156772 151609 152108 151914 151874 152162 156030 156105 156156 156157 156585 155665 155667 156008 157197 151171 151026 154105 154495 155108 155192 152669 152732 152372
164355 30
152014 153249 154737 156053 156972 157091 156772 152108 151609 151874 151914 152162 155665 156105 156156 156157 156585 155667 156008 156030 157197 154105 154495 151171 155108 155192 151026 152669 152732 152372
164356 30
152014 153249 154737 156053 156972 157091 156772 152108 151609 151874 151914 152162 155665 156105 156156 156157 156585 155667 156008 156030 157197 154105 154495 151171 155108 155192 151026 152669 152732 152372
164357 20
152854 151837 151228 151927 152708 152733 151524 154170 154171 155343 156743 154737 152014 156053 153249 156972 157091 156772 151609 152108
164359 24
152014 153249 154737 156053 156972 157091 156772 152108 151609 155665 156105 156156 156157 156585 155667 156008 156030 157197 152372 152669 152732 151874 151914 152162
164360 24
152014 153249 154737 156053 156972 157091 156772 152108 151609 155665 156105 156156 156157 156585 155667 156008 156030 157197 151874 151914 152162 152372 152669 152732
164362 28
151228 151524 151927 152708 152733 154170 154171 155343 156743 154737 152014 156053 153249 152108 151609 156772 156030 155665 156105 156156 156157 156585 155667 156008 157197 152669 152372 152732
164363 24
152014 153249 154737 156053 156972 157091 156772 152108 151609 155665 156105 156156 156157 156585 155667 156008 156030 157197 151874 151914 152162 152372 152669 152732
164364 39
151228 151524 151927 152708 152733 154170 154171 155343 156743 154737 152014 156053 153249 156972 157091 156772 152108 151609 156105 156156 156157 156585 155667 156008 156030 155665 157197 152732 152669 152372 151914 151874 152162 154105 155108 155192 151171 151026 154495
164365 39
151228 151524 151927 152708 152733 154170 154171 155343 156743 154737 152014 156053 153249 156972 157091 156772 152108 151609 156105 156156 156157 156585 155667 156008 156030 155665 157197 151914 151874 152162 152732 152669 152372 154105 155108 155192 151171 151026 154495
164366 39
151228 151524 151927 152708 152733 154170 154171 155343 156743 154737 152014 156053 153249 156972 157091 156772 152108 151609 156105 156156 156157 156585 155667 156008 156030 155665 157197 152732 152669 152372 151914 151874 152162 154105 155108 155192 151171 151026 154495
164368 39
151228 151524 151927 152708 152733 154170 154171 155343 156743 154737 152014 156053 153249 156972 157091 156772 152108 151609 156105 156156 156157 156585 155667 156008 156030 155665 157197 151914 151874 152162 152732 152669 152372 154105 155108 155192 151171 151026 154495
164371 39
151228 151524 151927 152708 152733 154170 154171 155343 156743 154737 152014 156053 153249 156972 157091 156772 152108 151609 156105 156156 156157 156585 155667 156008 156030 155665 157197 152732 152669 152372 151914 151874 152162 154105 155108 155192 151171 151026 154495
164372 39
151228 151524 151927 152708 152733 154170 154171 155343 156743 154737 152014 156053 153249 156972 157091 156772 152108 151609 152732 152669 152372 156105 156156 156157 156585 155667 156008 156030 155665 157197 151914 151874 152162 154105 155108 155192 151171 151026 154495
164374 30
151228 151524 151927 152708 152733 154170 154171 155343 156743 154737 152014 156053 153249 156972 157091 156772 152108 151609 152732 152669 152372 156105 156156 156157 156585 155667 156008 156030 155665 157197
164375 15
152014 153249 154737 156053 156972 157091 156772 152108 151609 152372 152669 152732 151874 151914 152162
164377 39
151228 151524 151927 152708 152733 154170 154171 155343 156743 154737 152014 156053 153249 156972 157091 156772 152108 151609 156105 156156 156157 156585 155667 156008 156030 155665 157197 151914 151874 152162 152732 152669 152372 154105 155108 155192 151171 151026 154495
164378 35
151837 152854 152014 153249 154737 156053 152733 151228 151927 154170 154171 151524 155343 152708 156743 156972 157091 156772 151609 152108 156105 156156 156157 156585 155667 156008 156030 155665 157197 152669 152372 152732 151874 152162 151914
164379 19
151228 151524 151927 152708 152733 154170 154171 155343 156743 154737 152014 156053 153249 152732 152669 152372 151609 152108 156772
164380 19
151228 151524 151927 152708 152733 154170 154171 155343 156743 154737 152014 156053 153249 152732 152669 152372 151609 152108 156772
164381 30
152014 153249 154737 156053 156972 157091 156030 155665 156105 156156 156157 156585 155667 156008 157197 152732 152372 152669 152162 151914 151874 151171 154105 154495 151026 155108 155192 152108 151609 156772
164382 39
152014 153249 154737 156053 152708 152733 151524 154170 154171 151927 155343 151228 156743 156972 157091 156772 152108 151609 152732 152669 152372 156105 156156 156157 156585 155667 156008 156030 155665 157197 151914 151874 152162 154105 155108 155192 151171 151026 154495
164383 38
151837 152854 152014 153249 154737 156053 152733 151228 151927 154170 154171 151524 155343 152708 156743 156972 157091 156772 151609 152108 156105 156156 156157 156585 155667 156008 156030 155665 157197 151874 152162 151914 154105 155108 155192 151026 151171 154495
164386 38
151837 152854 152014 153249 154737 156053 152733 151228 151927 154170 154171 151524 155343 152708 156743 156972 157091 156772 151609 152108 156105 156156 156157 156585 155667 156008 156030 155665 157197 151874 152162 151914 154105 155108 155192 151026 151171 154495
164388 38
151837 152854 152014 153249 154737 156053 152733 151228 151927 154170 154171 151524 155343 152708 156743 156972 157091 156772 151609 152108 156105 156156 156157 156585 155667 156008 156030 155665 157197 151874 152162 151914 154105 155108 155192 151026 151171 154495
164389 32
151837 152854 152014 153249 154737 156053 152733 151228 151927 154170 154171 151524 155343 152708 156743 156972 157091 156772 151609 152108 156105 156156 156157 156585 155667 156008 156030 155665 157197 151874 152162 151914
164390 29
151837 152854 152014 153249 154737 156053 152733 151228 151927 154170 154171 151524 155343 152708 156743 156972 157091 156772 151609 152108 156105 156156 156157 156585 155667 156008 156030 155665 157197
164391 26
156972 157091 156772 151609 152108 156030 156105 156156 156157 156585 155665 155667 156008 157197 151914 151874 152162 151171 151026 154105 154495 155108 155192 152669 152732 152372
164392 30
152014 153249 154737 156053 156972 157091 156772 152108 151609 152372 152669 152732 155665 156105 156156 156157 156585 155667 156008 156030 157197 151874 151914 152162 154105 154495 151026 155108 155192 151171
164393 21
152014 153249 154737 156053 156972 157091 156772 152108 151609 155665 156105 156156 156157 156585 155667 156008 156030 157197 152372 152669 152732
164394 21
152014 153249 154737 156053 156972 157091 156772 152108 151609 152372 152669 152732 155665 156105 156156 156157 156585 155667 156008 156030 157197
164395 21
152014 153249 154737 156053 156972 157091 156772 152108 151609 152372 152669 152732 155665 156105 156156 156157 156585 155667 156008 156030 157197
164396 30
151228 151524 151927 152708 152733 154170 154171 155343 156743 154737 152014 156053 153249 156972 157091 156772 152108 151609 156105 156156 156157 156585 155667 156008 156030 155665 157197 152732 152669 152372
164398 30
151228 151524 151927 152708 152733 154170 154171 155343 156743 154737 152014 156053 153249 156972 157091 156772 152108 151609 156105 156156 156157 156585 155667 156008 156030 155665 157197 152732 152669 152372
164401 21
152014 153249 154737 156053 156972 157091 156772 152108 151609 152372 152669 152732 155665 156105 156156 156157 156585 155667 156008 156030 157197
164402 21
152014 153249 154737 156053 156972 157091 156772 152108 151609 152372 152669 152732 155665 156105 156156 156157 156585 155667 156008 156030 157197
164403 21
152014 153249 154737 156053 156972 157091 156772 152108 151609 152372 152669 152732 155665 156105 156156 156157 156585 155667 156008 156030 157197
164404 26
152785 153939 154153 155055 155056 155460 155695 155730 154737 152014 153249 156053 156972 157091 152669 152732 152372 156030 155665 156105 156156 156157 156585 155667 156008 157197
164406 26
152785 153939 154153 155055 155056 155460 155695 155730 154737 152014 153249 156053 156972 157091 152669 152732 152372 156030 155665 156105 156156 156157 156585 155667 156008 157197
164407 21
152014 153249 154737 156053 156972 157091 156772 152108 151609 152372 152669 152732 155665 156105 156156 156157 156585 155667 156008 156030 157197
164408 10
152014 153249 154737 156053 152108 151609 156772 152669 152732 152372
164409 19
152014 153249 154737 156053 152108 151609 156772 152669 152732 152372 156008 156030 155665 156105 156156 156157 156585 155667 157197
164410 19
152014 153249 154737 156053 152108 151609 156772 152669 152732 152372 156008 156030 155665 156105 156156 156157 156585 155667 157197
164414 21
152014 153249 154737 156053 156972 157091 156772 152108 151609 152372 152669 152732 155665 156105 156156 156157 156585 155667 156008 156030 157197
164415 21
152014 153249 154737 156053 156972 157091 156772 152108 151609 152372 152669 152732 155665 156105 156156 156157 156585 155667 156008 156030 157197
164416 21
152014 153249 154737 156053 156972 157091 156772 152108 151609 152372 152669 152732 155665 156105 156156 156157 156585 155667 156008 156030 157197
164417 10
152014 153249 154737 156053 152108 151609 156772 152669 152732 152372
164418 21
156972 157091 154737 156053 152014 153249 156772 152108 151609 152372 152669 152732 155665 156105 156156 156157 156585 155667 156008 156030 157197
164419 21
152014 153249 154737 156053 156972 157091 156772 152108 151609 152372 152669 152732 155665 156105 156156 156157 156585 155667 156008 156030 157197
164420 21
152014 153249 154737 156053 156972 157091 156772 152108 151609 152372 152669 152732 155665 156105 156156 156157 156585 155667 156008 156030 157197
164421 26
156972 157091 156772 151609 152108 152372 152669 152732 154495 155108 155192 151171 151026 154105 156030 156105 156156 156157 156585 155665 155667 156008 157197 151874 152162 151914
164422 26
156972 157091 156772 151609 152108 156030 156105 156156 156157 156585 155665 155667 156008 157197 152372 152669 152732 151914 151874 152162 151026 151171 154105 154495 155108 155192
164423 26
156972 157091 156772 151609 152108 156030 156105 156156 156157 156585 155665 155667 156008 157197 151914 151874 152162 151171 151026 154105 154495 155108 155192 152669 152732 152372
164424 39
151228 151524 151927 152708 152733 154170 154171 155343 156743 154737 152014 156053 153249 156972 157091 156772 152108 151609 156105 156156 156157 156585 155667 156008 156030 155665 157197 152732 152669 152372 151914 151874 152162 154105 155108 155192 151171 151026 154495
164425 39
151228 151524 151927 152708 152733 154170 154171 155343 156743 154737 152014 156053 153249 156972 157091 156772 152108 151609 156105 156156 156157 156585 155667 156008 156030 155665 157197 152732 152669 152372 151914 151874 152162 154105 155108 155192 151171 151026 154495
164426 21
151621 153880 155216 151927 151524 154170 154171 151228 152708 152733 155343 156743 156972 157091 156053 154737 153249 152014 156772 152108 151609
164427 19
151621 153880 155216 151927 152708 152733 151524 154170 154171 151228 155343 156743 153249 152014 156053 154737 152108 151609 156772
164428 24
153079 154290 155436 151621 155216 153880 151524 151228 154170 154171 151927 152708 155343 152733 156743 156972 157091 156053 152014 153249 154737 156772 151609 152108
164429 24
153079 154290 155436 151621 155216 153880 151524 151228 154170 154171 151927 152708 155343 152733 156743 156972 157091 156053 152014 153249 154737 156772 151609 152108
164430 24
153079 154290 155436 151621 155216 153880 154170 154171 151927 151524 151228 152733 155343 152708 156743 156972 157091 156053 152014 153249 154737 156772 151609 152108
164432 24
153079 154290 155436 151621 155216 153880 151524 151228 154170 154171 151927 152708 155343 152733 156743 156972 157091 156053 152014 153249 154737 156772 151609 152108
164433 24
153079 154290 155436 151621 155216 153880 151524 151228 154170 154171 151927 152708 155343 152733 156743 156972 157091 156053 152014 153249 154737 156772 151609 152108
164434 24
153079 154290 155436 151621 155216 153880 156972 157091 154170 154171 151927 152708 155343 152733 156743 151524 151228 156053 152014 153249 154737 156772 151609 152108
164435 24
153079 154290 155436 151621 155216 153880 151524 151228 154170 154171 151927 152708 155343 152733 156743 156972 157091 156053 152014 153249 154737 156772 151609 152108
164437 24
153079 154290 155436 151621 155216 153880 156972 157091 154170 154171 151927 152708 155343 152733 156743 151524 151228 156053 152014 153249 154737 156772 151609 152108
164438 21
153079 154290 155436 151621 155216 153880 156972 157091 154170 154171 151927 152708 155343 152733 156743 151524 151228 156053 152014 153249 154737
164439 21
156972 157091 154737 156053 152014 153249 156772 152108 151609 155665 156105 156156 156157 156585 155667 156008 156030 157197 151874 151914 152162
164441 21
156972 157091 154737 156053 152014 153249 156772 152108 151609 155665 156105 156156 156157 156585 155667 156008 156030 157197 151874 151914 152162
164442 26
156972 157091 156772 151609 152108 152372 152669 152732 156030 156105 156156 156157 156585 155665 155667 156008 157197 151171 151026 154105 154495 155108 155192 151874 152162 151914
164443 26
156972 157091 156772 151609 152108 152372 152669 152732 156030 156105 156156 156157 156585 155665 155667 156008 157197 151914 151874 152162 151026 151171 154105 154495 155108 155192
164444 26
156972 157091 156772 151609 152108 156030 156105 156156 156157 156585 155665 155667 156008 157197 152372 152669 152732 151171 151026 154105 154495 155108 155192 151874 152162 151914
164445 26
156972 157091 156772 151609 152108 156030 156105 156156 156157 156585 155665 155667 156008 157197 152372 152669 152732 151171 151026 154105 154495 155108 155192 151874 152162 151914
164446 26
156972 157091 156772 151609 152108 156030 156105 156156 156157 156585 155665 155667 156008 157197 152372 152669 152732 151171 151026 154105 154495 155108 155192 151874 152162 151914
164447 26
156972 157091 156772 151609 152108 156030 156105 156156 156157 156585 155665 155667 156008 157197 152372 152669 152732 151171 151026 154105 154495 155108 155192 151874 152162 151914
164448 26
156972 157091 156772 151609 152108 156030 156105 156156 156157 156585 155665 155667 156008 157197 152372 152669 152732 151914 151874 152162 151026 151171 154105 154495 155108 155192
164450 26
156972 157091 156772 151609 152108 156030 156105 156156 156157 156585 155665 155667 156008 157197 152372 152669 152732 151914 151874 152162 151026 151171 154105 154495 155108 155192
164451 11
156972 157091 156772 151609 152108 152372 152669 152732 151914 151874 152162
164452 11
156972 157091 156772 151609 152108 152372 152669 152732 151914 151874 152162
164453 15
152014 153249 154737 156053 152108 151609 156772 156972 157091 152372 152669 152732 151874 151914 152162
164454 21
152014 153249 154737 156053 156972 157091 151524 154170 154171 151927 155343 151228 156743 152708 152733 156772 152108 151609 152732 152669 152372
164455 21
152014 153249 154737 156053 156972 157091 151524 154170 154171 151927 155343 151228 156743 152708 152733 156772 152108 151609 152732 152669 152372
164456 21
152014 153249 154737 156053 156972 157091 151524 154170 154171 151927 155343 151228 156743 152708 152733 156772 152108 151609 152732 152669 152372
164457 21
151228 151524 151927 152708 152733 154170 154171 155343 156743 156972 157091 156053 153249 154737 152014 156772 152108 151609 152732 152669 152372
164459 18
151228 151524 151927 152708 152733 154170 154171 155343 156743 154737 152014 156053 153249 156972 157091 156772 152108 151609
164460 18
151228 151524 151927 152708 152733 154170 154171 155343 156743 154737 152014 156053 153249 156972 157091 156772 152108 151609
164461 18
151228 151524 151927 152708 152733 154170 154171 155343 156743 154737 152014 156053 153249 156972 157091 156772 152108 151609
164462 18
151228 151524 151927 152708 152733 154170 154171 155343 156743 154737 152014 156053 153249 156972 157091 156772 152108 151609
164463 18
151228 151524 151927 152708 152733 154170 154171 155343 156743 154737 152014 156053 153249 156972 157091 156772 152108 151609
164464 18
151228 151524 151927 152708 152733 154170 154171 155343 156743 154737 152014 156053 153249 156972 157091 156772 152108 151609
164465 12
152014 153249 154737 156053 156972 157091 156772 152108 151609 151874 151914 152162
164466 18
151228 151524 151927 152708 152733 154170 154171 155343 156743 154737 152014 156053 153249 156972 157091 156772 152108 151609
164467 18
151228 151524 151927 152708 152733 154170 154171 155343 156743 154737 152014 156053 153249 156972 157091 156772 152108 151609
164469 16
151228 151524 151927 152708 152733 154170 154171 155343 156743 154737 152014 156053 153249 152108 151609 156772
164471 18
151228 151524 151927 152708 152733 154170 154171 155343 156743 154737 152014 156053 153249 156972 157091 156772 152108 151609
164472 12
152014 153249 154737 156053 156972 157091 156772 152108 151609 152372 152669 152732
164473 12
156972 157091 154737 156053 152014 153249 156772 152108 151609 152372 152669 152732
164475 10
152014 153249 154737 156053 152108 151609 156772 152669 152732 152372
164476 10
152014 153249 154737 156053 152108 151609 156772 152669 152732 152372
164477 15
151228 151524 151927 152708 152733 154170 154171 155343 156743 151609 152108 156772 152669 152372 152732
164478 21
152014 153249 154737 156053 152854 151837 152733 151228 151927 154170 154171 151524 155343 152708 156743 151609 152108 156772 152372 152732 152669
164479 21
152014 153249 154737 156053 152854 151837 151609 152108 156772 151927 151228 154170 154171 151524 155343 152708 156743 152733 152372 152732 152669
164481 15
151228 151524 151927 152708 152733 154170 154171 155343 156743 151609 152108 156772 152669 152372 152732
164482 19
152014 153249 154737 156053 152108 151609 156772 152733 151927 154170 154171 151524 155343 151228 156743 152708 152669 152372 152732
164483 30
151621 153880 155216 151837 152854 153062 155602 155604 156392 155056 152785 155460 153939 154153 155695 155730 155055 153249 152014 156053 154737 155343 151927 154170 154171 151228 152708 152733 151524 156743
164484 30
151621 153880 155216 151837 152854 153062 155602 155604 156392 155056 152785 155460 153939 154153 155695 155730 155055 153249 152014 156053 154737 155343 151927 154170 154171 151228 152708 152733 151524 156743
164485 28
151621 153880 155216 153062 155602 155604 156392 155056 152785 155460 153939 154153 155695 155730 155055 151927 155343 152708 152733 154170 154171 151524 151228 156743 154737 156053 153249 152014
164486 28
151621 153880 155216 153062 155602 155604 156392 152785 155695 153939 155055 155056 154153 155730 155460 151927 155343 152708 152733 154170 154171 151524 151228 156743 154737 156053 153249 152014
164487 28
151621 153880 155216 153062 155602 155604 156392 152785 155695 153939 155055 155056 154153 155730 155460 151927 155343 152708 152733 154170 154171 151524 151228 156743 154737 156053 153249 152014
164488 28
151621 153880 155216 153062 155602 155604 156392 152785 155695 153939 155055 155056 154153 155730 155460 151927 155343 152708 152733 154170 154171 151524 151228 156743 154737 156053 153249 152014
164489 28
151621 153880 155216 155602 155604 156392 153062 152785 155695 153939 155055 155056 154153 155730 155460 151927 155343 152708 152733 154170 154171 151524 151228 156743 154737 156053 153249 152014
164491 30
152854 151837 153062 155602 155604 156392 151621 153880 155216 155056 152785 155460 153939 154153 155695 155730 155055 152708 155343 152733 151228 154170 154171 151524 151927 156743 154737 156053 153249 152014
164492 30
153062 155602 155604 156392 151837 152854 151621 153880 155216 155056 152785 155460 153939 154153 155695 155730 155055 152708 155343 152733 151228 154170 154171 151524 151927 156743 154737 156053 153249 152014
164493 30
152854 151837 153062 155602 155604 156392 151621 153880 155216 155056 152785 155460 153939 154153 155695 155730 155055 152708 155343 152733 151228 154170 154171 151524 151927 156743 154737 156053 153249 152014
164495 24
151228 151524 151927 152708 152733 154170 154171 155343 156743 153939 155055 155056 154153 155460 155695 155730 152785 153249 154737 156053 152014 152372 152732 152669
164496 24
152785 153939 154153 155055 155056 155460 155695 155730 152733 152708 155343 156743 151524 154170 154171 151927 151228 153249 154737 156053 152014 152372 152732 152669
164498 28
151621 153880 155216 155602 155604 156392 153062 152785 155695 153939 155055 155056 154153 155730 155460 151927 155343 152708 152733 154170 154171 151524 151228 156743 154737 156053 153249 152014
164499 28
151621 153880 155216 155602 155604 156392 153062 152785 155695 153939 155055 155056 154153 155730 155460 151927 155343 152708 152733 154170 154171 151524 151228 156743 154737 156053 153249 152014
164500 28
151621 153880 155216 153062 155602 155604 156392 152785 155695 153939 155055 155056 154153 155730 155460 154171 151927 151524 151228 154170 152708 152733 155343 156743 154737 156053 153249 152014
164501 31
151621 153880 155216 156792 155664 155653 153062 155602 156392 155604 153939 154153 155055 155056 155695 155730 152785 155460 152733 154170 154171 151524 151228 151927 155343 156743 152708 156053 154737 153249 152014
164502 31
151621 153880 155216 156792 155664 155653 153062 155602 156392 155604 153939 154153 155055 155056 155695 155730 152785 155460 152733 154170 154171 151524 151228 151927 155343 156743 152708 156053 154737 153249 152014
164504 30
152854 151837 151621 153880 155216 153062 155602 155604 156392 152785 155695 153939 155055 155056 154153 155730 155460 153249 152014 156053 154737 155343 151927 154170 154171 151228 152708 152733 151524 156743
164505 25
152708 152733 155343 156743 151524 154170 154171 151927 151228 153062 155604 156392 155602 154737 156053 152014 153249 155056 155730 154153 155460 155055 153939 155695 152785
164506 25
153062 155602 155604 156392 152733 151228 154170 154171 155343 151524 151927 152708 156743 154153 155460 152785 153939 155695 155730 155055 155056 153249 156053 154737 152014
164508 25
153062 155602 155604 156392 152733 151228 154170 154171 155343 151524 151927 152708 156743 154153 155460 152785 153939 155695 155730 155055 155056 153249 156053 154737 152014
164509 28
151621 153880 155216 155602 155604 156392 153062 155056 152785 155460 153939 154153 155695 155730 155055 151927 155343 152708 152733 154170 154171 151524 151228 156743 154737 156053 153249 152014
164510 31
153062 155602 155604 156392 155055 155056 155460 152785 153939 155695 155730 154153 151228 155343 151524 151927 152708 154170 154171 152733 156743 153249 156053 154737 152014 155664 155653 156792 152732 152669 152372
164511 31
153062 155602 155604 156392 155055 155056 155460 152785 153939 155695 155730 154153 151228 155343 151524 151927 152708 154170 154171 152733 156743 153249 156053 154737 152014 155664 155653 156792 152732 152669 152372
164512 31
151621 153880 155216 153062 155602 155604 156392 155056 152785 155460 153939 154153 155695 155730 155055 151927 155343 152708 152733 154170 154171 151524 151228 156743 154737 156053 153249 152014 155664 155653 156792
164513 28
153062 155602 155604 156392 155055 155056 155460 152785 153939 155695 155730 154153 154737 152014 156053 153249 155343 152708 152733 154170 154171 151524 151927 151228 156743 155664 155653 156792
164514 31
151621 153880 155216 153062 155602 155604 156392 155460 155055 155056 155730 154153 155695 153939 152785 153249 152014 156053 154737 155343 151228 154170 154171 151927 151524 152708 152733 156743 155664 155653 156792
164515 28
155602 155604 156392 153062 152733 151228 154170 154171 155343 151524 151927 152708 156743 154737 156053 152014 153249 152785 153939 155695 154153 155730 155460 155055 155056 155664 155653 156792
164516 28
155602 155604 156392 153062 152733 151228 154170 154171 155343 151524 151927 152708 156743 154737 156053 152014 153249 152785 153939 155695 154153 155730 155460 155055 155056 155664 155653 156792
164517 28
155602 155604 156392 153062 152733 151228 154170 154171 155343 151524 151927 152708 156743 154737 156053 152014 153249 152785 153939 155695 154153 155730 155460 155055 155056 155664 155653 156792
164518 28
153062 155602 155604 156392 152733 151228 154170 154171 155343 151524 151927 152708 156743 154737 156053 152014 153249 155056 155730 154153 155460 155055 153939 155695 152785 155664 155653 156792
164519 28
155602 155604 156392 153062 152733 151228 154170 154171 155343 151524 151927 152708 156743 154737 156053 152014 153249 155460 153939 154153 155695 155730 155055 155056 152785 155664 155653 156792
164520 28
155602 155604 156392 153062 152733 151228 154170 154171 155343 151524 151927 152708 156743 154737 156053 152014 153249 155460 153939 154153 155695 155730 155055 155056 152785 155664 155653 156792
164521 25
153062 155602 155604 156392 155055 155056 155460 152785 153939 155695 155730 154153 151228 155343 151524 151927 152708 154170 154171 152733 156743 153249 156053 154737 152014
164522 7
152014 153249 154737 156053 152108 151609 156772
164525 7
152014 153249 154737 156053 152108 151609 156772
164526 16
151228 151524 151927 152708 152733 154170 154171 155343 156743 154737 152014 156053 153249 152108 151609 156772
164528 16
151228 151524 151927 152708 152733 154170 154171 155343 156743 154737 152014 156053 153249 152108 151609 156772
164529 16
151228 151524 151927 152708 152733 154170 154171 155343 156743 154737 152014 156053 153249 152108 151609 156772
164530 19
152014 153249 154737 156053 152708 152733 151524 154170 154171 151927 155343 151228 156743 152108 151609 156772 152669 152372 152732
164531 13
152014 153249 154737 156053 152708 152733 151524 154170 154171 151927 155343 151228 156743
164534 13
152014 153249 154737 156053 152708 152733 151524 154170 154171 151927 155343 151228 156743
164537 19
152014 153249 154737 156053 152708 152733 151524 154170 154171 151927 155343 151228 156743 152108 151609 156772 152669 152372 152732
164538 19
152014 153249 154737 156053 152708 152733 151524 154170 154171 151927 155343 151228 156743 152732 152669 152372 151609 152108 156772
164539 19
152014 153249 154737 156053 152708 152733 151524 154170 154171 151927 155343 151228 156743 152732 152669 152372 151609 152108 156772
164540 16
152014 153249 154737 156053 152708 152733 151524 154170 154171 151927 155343 151228 156743 152732 152669 152372
164541 16
152014 153249 154737 156053 152708 152733 151524 154170 154171 151927 155343 151228 156743 152732 152669 152372
164545 19
152014 153249 154737 156053 152708 152733 151524 154170 154171 151927 155343 151228 156743 152732 152669 152372 151609 152108 156772
164547 19
152014 153249 154737 156053 152708 152733 151524 154170 154171 151927 155343 151228 156743 152108 151609 156772 152669 152372 152732
164548 19
152014 153249 154737 156053 152708 152733 151524 154170 154171 151927 155343 151228 156743 152732 152669 152372 151609 152108 156772
164549 19
152014 153249 154737 156053 152708 152733 151524 154170 154171 151927 155343 151228 156743 152732 152669 152372 151609 152108 156772
164552 16
152014 153249 154737 156053 152708 152733 151524 154170 154171 151927 155343 151228 156743 152732 152669 152372
164554 19
152014 153249 154737 156053 152708 152733 151524 154170 154171 151927 155343 151228 156743 152732 152669 152372 151609 152108 156772
164555 10
152014 153249 154737 156053 152108 151609 156772 152669 152732 152372
164556 10
152014 153249 154737 156053 152108 151609 156772 152669 152732 152372
164557 10
152014 153249 154737 156053 152108 151609 156772 152669 152732 152372
164560 10
152014 153249 154737 156053 152108 151609 156772 152669 152732 152372
164561 10
152014 153249 154737 156053 152108 151609 156772 152669 152732 152372
164562 21
151228 151524 151927 152708 152733 154170 154171 155343 156743 155216 151621 153880 156972 157091 156053 154737 153249 152014 156772 152108 151609
164563 15
151228 151524 151927 152708 152733 154170 154171 155343 156743 154737 152014 156053 153249 156972 157091
164564 23
152785 153939 154153 155055 155056 155460 155695 155730 154170 154171 152708 152733 155343 151228 151524 151927 156743 153249 154737 156053 152014 156972 157091
164565 15
151228 151524 151927 152708 152733 154170 154171 155343 156743 154737 152014 156053 153249 156972 157091
164566 15
152014 153249 154737 156053 152708 152733 151524 154170 154171 151927 155343 151228 156743 156972 157091
164567 15
151228 151524 151927 152708 152733 154170 154171 155343 156743 154737 152014 156053 153249 156972 157091
164568 15
151228 151524 151927 152708 152733 154170 154171 155343 156743 154737 152014 156053 153249 156972 157091
