166369 23
155665 155667 156008 156030 156105 156156 156157 156585 157197 152372 152669 152732 154495 155108 155192 151171 151026 154105 155146 155147 151609 156772 152108
166370 20
152372 152669 152732 155665 155667 156008 156030 156105 156156 156157 156585 157197 154495 155108 155192 151171 151026 154105 155146 155147
166371 32
151026 151171 154105 154495 155108 155192 151609 152108 156772 151370 152251 152824 152897 152976 153362 151493 154217 151292 154984 151917 151990 156483 156484 152022 156855 156953 155409 152103 154799 151252 153210 154475
166372 32
151026 151171 154105 154495 155108 155192 151609 152108 156772 151370 152251 152824 152897 152976 153362 151493 154217 151292 154984 151917 151990 156483 156484 152022 156855 156953 155409 152103 154799 151252 153210 154475
166374 18
155665 155667 156008 156030 156105 156156 156157 156585 157197 152108 156772 151609 155108 155192 151026 151171 154105 154495
166375 9
151026 151171 154105 154495 155108 155192 151609 152108 156772
166376 9
151026 151171 154105 154495 155108 155192 151609 152108 156772
166377 9
151026 151171 154105 154495 155108 155192 151609 152108 156772
166378 9
151026 151171 154105 154495 155108 155192 151609 152108 156772
166379 9
151026 151171 154105 154495 155108 155192 151609 152108 156772
166380 9
151026 151171 154105 154495 155108 155192 151609 152108 156772
166381 9
151026 151171 154105 154495 155108 155192 151609 152108 156772
166382 9
151026 151171 154105 154495 155108 155192 151609 152108 156772
166383 9
151026 151171 154105 154495 155108 155192 151609 152108 156772
166384 9
151026 151171 154105 154495 155108 155192 151609 152108 156772
166385 48
151292 151370 151493 151917 151990 152022 152251 152824 152897 152976 153362 154217 154984 156483 156484 156855 156953 153210 155409 151252 152103 154475 154799 153984 152736 153064 152834 152791 153407 153790 153800 153806 153824 154290 155436 153079 151575 155201 155911 155927 155930 155244 155318 155367 155381 152562 153275 157243
166386 48
151252 151292 151370 151493 151917 151990 152022 152103 152251 152824 152897 152976 153210 153362 154217 154475 154799 154984 155409 156483 156484 156855 156953 154290 155436 153079 152834 152791 152736 153407 153790 153800 153806 153824 153984 153064 155367 155381 152562 151575 155911 155927 155930 153275 155201 155244 155318 157243
166387 48
151252 151292 151370 151493 151917 151990 152022 152103 152251 152824 152897 152976 153210 153362 154217 154475 154799 154984 155409 156483 156484 156855 156953 153984 152736 153064 152834 152791 153407 153790 153800 153806 153824 154290 155436 153079 155367 155381 152562 151575 155911 155927 155930 153275 155201 155244 155318 157243
166388 36
151252 151292 151370 151493 151917 151990 152022 152103 152251 152824 152897 152976 153210 153362 154217 154475 154799 154984 155409 156483 156484 156855 156953 153984 152736 153064 152834 152791 153407 153790 153800 153806 153824 154290 155436 153079
166389 18
151609 152108 156772 155147 155146 152014 153249 156053 154737 156008 156030 155665 156105 156156 156157 156585 155667 157197
166390 18
151609 152108 156772 155147 155146 152014 153249 156053 154737 156008 156030 155665 156105 156156 156157 156585 155667 157197
166392 18
151609 152108 156772 155147 155146 152014 153249 156053 154737 156008 156030 155665 156105 156156 156157 156585 155667 157197
166395 18
151609 152108 156772 155147 155146 152014 153249 156053 154737 156008 156030 155665 156105 156156 156157 156585 155667 157197
166396 16
151609 152108 156772 153249 154737 156053 152014 156008 156030 155665 156105 156156 156157 156585 155667 157197
166397 16
151609 152108 156772 153249 154737 156053 152014 156008 156030 155665 156105 156156 156157 156585 155667 157197
166398 18
151609 152108 156772 155147 155146 152014 153249 156053 154737 156008 156030 155665 156105 156156 156157 156585 155667 157197
166399 18
151609 152108 156772 155147 155146 152014 153249 156053 154737 156008 156030 155665 156105 156156 156157 156585 155667 157197
166400 18
151609 152108 156772 155147 155146 152014 153249 156053 154737 156008 156030 155665 156105 156156 156157 156585 155667 157197
166401 31
151228 151524 151927 152708 152733 154170 154171 155343 156743 154737 152014 156053 153249 152108 151609 156772 152669 152372 152732 156030 155665 156105 156156 156157 156585 155667 156008 157197 151874 152162 151914
166402 31
151228 151524 151927 152708 152733 154170 154171 155343 156743 154737 152014 156053 153249 152108 151609 156772 152669 152372 152732 156030 155665 156105 156156 156157 156585 155667 156008 157197 151874 152162 151914
166403 31
151228 151524 151927 152708 152733 154170 154171 155343 156743 154737 152014 156053 153249 152108 151609 156772 152669 152372 152732 156030 155665 156105 156156 156157 156585 155667 156008 157197 151874 152162 151914
166404 16
151609 152108 156772 153249 154737 156053 152014 156008 156030 155665 156105 156156 156157 156585 155667 157197
166405 15
155146 155147 154737 152014 153249 156053 155667 156008 156030 155665 156105 156156 156157 156585 157197
166406 22
155665 155667 156008 156030 156105 156156 156157 156585 157197 154737 152014 156053 153249 151914 151874 152162 155108 155192 151026 154105 154495 151171
166407 15
155146 155147 154737 152014 153249 156053 155667 156008 156030 155665 156105 156156 156157 156585 157197
166409 16
155665 155667 156008 156030 156105 156156 156157 156585 157197 154737 152014 156053 153249 151914 151874 152162
166410 16
152014 153249 154737 156053 155667 156008 156030 155665 156105 156156 156157 156585 157197 151914 151874 152162
166411 16
152014 153249 154737 156053 155667 156008 156030 155665 156105 156156 156157 156585 157197 151914 151874 152162
166412 16
152014 153249 154737 156053 155667 156008 156030 155665 156105 156156 156157 156585 157197 151914 151874 152162
166413 15
155146 155147 154737 152014 153249 156053 155667 156008 156030 155665 156105 156156 156157 156585 157197
166414 18
151609 152108 156772 155147 155146 152014 153249 156053 154737 156008 156030 155665 156105 156156 156157 156585 155667 157197
166415 18
151609 152108 156772 155147 155146 152014 153249 156053 154737 156008 156030 155665 156105 156156 156157 156585 155667 157197
166416 19
151609 152108 156772 153249 154737 156053 152014 156008 156030 155665 156105 156156 156157 156585 155667 157197 151914 152162 151874
166417 19
151609 152108 156772 153249 154737 156053 152014 156008 156030 155665 156105 156156 156157 156585 155667 157197 151914 152162 151874
166418 19
151609 152108 156772 153249 154737 156053 152014 156008 156030 155665 156105 156156 156157 156585 155667 157197 151914 152162 151874
166421 19
151609 152108 156772 153249 154737 156053 152014 156008 156030 155665 156105 156156 156157 156585 155667 157197 151914 152162 151874
166422 22
152014 153249 154737 156053 155667 156008 156030 155665 156105 156156 156157 156585 157197 151914 151874 152162 155108 155192 151026 154105 154495 151171
166424 25
151609 152108 156772 153249 154737 156053 152014 156008 156030 155665 156105 156156 156157 156585 155667 157197 151914 152162 151874 155192 151026 154105 154495 151171 155108
166425 25
151609 152108 156772 153249 154737 156053 152014 156008 156030 155665 156105 156156 156157 156585 155667 157197 151914 152162 151874 155192 151026 154105 154495 151171 155108
166428 25
151609 152108 156772 153249 154737 156053 152014 156008 156030 155665 156105 156156 156157 156585 155667 157197 151914 152162 151874 155192 151026 154105 154495 151171 155108
166431 25
151609 152108 156772 153249 154737 156053 152014 156008 156030 155665 156105 156156 156157 156585 155667 157197 151914 152162 151874 155192 151026 154105 154495 151171 155108
166432 25
151609 152108 156772 153249 154737 156053 152014 156008 156030 155665 156105 156156 156157 156585 155667 157197 151914 152162 151874 155192 151026 154105 154495 151171 155108
166433 25
151609 152108 156772 153249 154737 156053 152014 156008 156030 155665 156105 156156 156157 156585 155667 157197 151914 152162 151874 155192 151026 154105 154495 151171 155108
166434 19
152014 153249 154737 156053 152108 151609 156772 156008 156030 155665 156105 156156 156157 156585 155667 157197 151914 152162 151874
166435 22
155665 155667 156008 156030 156105 156156 156157 156585 157197 154737 152014 156053 153249 151914 151874 152162 155108 155192 151026 154105 154495 151171
166437 19
151609 152108 156772 155667 156008 156030 156105 156156 156157 156585 155665 157197 152014 156053 153249 154737 151914 152162 151874
166438 22
155665 155667 156008 156030 156105 156156 156157 156585 157197 154737 152014 156053 153249 151914 151874 152162 155108 155192 151026 154105 154495 151171
166439 22
155665 155667 156008 156030 156105 156156 156157 156585 157197 154737 152014 156053 153249 151914 151874 152162 155108 155192 151026 154105 154495 151171
166440 25
151609 152108 156772 153249 154737 156053 152014 156008 156030 155665 156105 156156 156157 156585 155667 157197 151914 152162 151874 155192 151026 154105 154495 151171 155108
166441 25
151609 152108 156772 155667 156008 156030 156105 156156 156157 156585 155665 157197 152014 156053 153249 154737 151914 152162 151874 155192 151026 154105 154495 151171 155108
166442 25
151609 152108 156772 155667 156008 156030 156105 156156 156157 156585 155665 157197 152014 156053 153249 154737 151914 152162 151874 155192 151026 154105 154495 151171 155108
166443 19
151609 152108 156772 155667 156008 156030 156105 156156 156157 156585 155665 157197 152014 156053 153249 154737 151914 152162 151874
166444 19
151609 152108 156772 155667 156008 156030 156105 156156 156157 156585 155665 157197 152014 156053 153249 154737 151914 152162 151874
166446 31
151228 151524 151927 152708 152733 154170 154171 155343 156743 154737 152014 156053 153249 156008 156030 155665 156105 156156 156157 156585 155667 157197 151874 151914 152162 151026 151171 154495 154105 155108 155192
166447 30
152372 152669 152732 151228 151524 152708 151927 152733 154170 154171 155343 156743 155146 155147 152108 151609 156772 154737 156053 152014 153249 156030 155665 156105 156156 156157 156585 155667 156008 157197
166449 19
155665 155667 156008 156030 156105 156156 156157 156585 157197 154737 152014 156053 153249 151609 156772 152108 151914 152162 151874
166450 19
155665 155667 156008 156030 156105 156156 156157 156585 157197 154737 152014 156053 153249 151609 156772 152108 151914 152162 151874
166451 16
152014 153249 154737 156053 155667 156008 156030 155665 156105 156156 156157 156585 157197 151914 151874 152162
166452 25
152014 153249 154737 156053 152708 152733 151524 154170 154171 151927 155343 151228 156743 151874 151914 152162 156008 156030 155665 156105 156156 156157 156585 155667 157197
166453 25
152014 153249 154737 156053 152708 152733 151524 154170 154171 151927 155343 151228 156743 151874 151914 152162 156008 156030 155665 156105 156156 156157 156585 155667 157197
166454 28
151609 152108 156772 153249 154737 156053 152014 152733 151927 154170 154171 151524 155343 151228 156743 152708 151874 152162 151914 156030 155665 156105 156156 156157 156585 155667 156008 157197
166455 18
151609 152108 156772 153249 154737 156053 152014 155146 155147 154170 154171 151524 151228 152708 155343 152733 156743 151927
166456 19
151609 152108 156772 153249 154737 156053 152014 152733 151927 154170 154171 151524 155343 151228 156743 152708 151874 152162 151914
166457 19
151609 152108 156772 153249 154737 156053 152014 152733 151927 154170 154171 151524 155343 151228 156743 152708 151874 152162 151914
166459 22
152372 152669 152732 152108 151609 156772 153249 154737 156053 152014 152733 151927 154170 154171 151524 155343 152708 156743 151228 151874 152162 151914
166460 22
152372 152669 152732 152108 151609 156772 151927 152708 151524 152733 154170 154171 155343 156743 151228 152014 156053 153249 154737 151874 152162 151914
166461 22
152372 152669 152732 152108 151609 156772 151927 152708 151524 152733 154170 154171 155343 156743 151228 152014 156053 153249 154737 151874 152162 151914
166462 22
152372 152669 152732 152108 151609 156772 153249 154737 156053 152014 152733 151927 154170 154171 151524 155343 152708 156743 151228 151874 152162 151914
166463 22
152372 152669 152732 152108 151609 156772 153249 154737 156053 152014 152733 151927 154170 154171 151524 155343 152708 156743 151228 151874 152162 151914
166464 13
151609 152108 156772 151171 154105 154495 155108 155192 151026 152162 151914 151874 156801
166467 21
155665 155667 156008 156030 156105 156156 156157 156585 157197 152108 156772 151609 151874 152162 151914 155108 155192 151171 151026 154105 154495
166468 16
151609 152108 156772 152669 152732 152372 151026 154105 154495 155108 155192 151171 152162 151914 151874 156801
166469 30
151228 151524 151927 152708 152733 154170 154171 155343 156743 155667 156008 156030 156105 156156 156157 156585 155665 157197 151914 151874 152162 155192 154105 151026 151171 154495 155108 151609 156772 152108
166470 6
151026 151171 154105 154495 155108 155192
166471 6
151026 151171 154105 154495 155108 155192
166472 6
151026 151171 154105 154495 155108 155192
166473 6
151026 151171 154105 154495 155108 155192
166474 6
151026 151171 154105 154495 155108 155192
166475 8
155146 155147 154105 154495 155108 151026 151171 155192
166476 8
155146 155147 154105 154495 155108 151026 151171 155192
166478 15
155665 155667 156008 156030 156105 156156 156157 156585 157197 154495 155108 155192 151026 151171 154105
166479 6
151026 151171 154105 154495 155108 155192
166480 6
151026 151171 154105 154495 155108 155192
166481 6
151026 151171 154105 154495 155108 155192
166483 6
151026 151171 154105 154495 155108 155192
166484 6
151026 151171 154105 154495 155108 155192
166485 15
155665 155667 156008 156030 156105 156156 156157 156585 157197 154495 155108 155192 151026 151171 154105
166486 15
155665 155667 156008 156030 156105 156156 156157 156585 157197 154495 155108 155192 151026 151171 154105
166487 6
151026 151171 154105 154495 155108 155192
166489 6
151026 151171 154105 154495 155108 155192
166491 9
151609 152108 156772 151171 154105 154495 155108 155192 151026
166492 6
151026 151171 154105 154495 155108 155192
166493 6
151026 151171 154105 154495 155108 155192
166494 6
151026 151171 154105 154495 155108 155192
166495 6
151026 151171 154105 154495 155108 155192
166496 6
151026 151171 154105 154495 155108 155192
166497 15
155665 155667 156008 156030 156105 156156 156157 156585 157197 154495 155108 155192 151026 151171 154105
166500 15
155665 155667 156008 156030 156105 156156 156157 156585 157197 154495 155108 155192 151026 151171 154105
166501 9
151609 152108 156772 151171 154105 154495 155108 155192 151026
166502 18
155665 155667 156008 156030 156105 156156 156157 156585 157197 152108 156772 151609 155108 155192 151026 151171 154105 154495
166503 6
151026 151171 154105 154495 155108 155192
166504 6
151026 151171 154105 154495 155108 155192
166505 9
151609 152108 156772 151171 154105 154495 155108 155192 151026
166506 9
151609 152108 156772 151171 154105 154495 155108 155192 151026
166507 9
151609 152108 156772 151171 154105 154495 155108 155192 151026
166508 8
155146 155147 154105 154495 155108 151026 151171 155192
166509 8
155146 155147 154105 154495 155108 151026 151171 155192
166510 17
155665 155667 156008 156030 156105 156156 156157 156585 157197 155147 155146 151026 151171 155192 154105 154495 155108
166511 15
155665 155667 156008 156030 156105 156156 156157 156585 157197 154495 155108 155192 151026 151171 154105
166512 17
155146 155147 155665 155667 156008 156030 156105 156156 156157 156585 157197 151026 151171 155192 154105 154495 155108
166514 17
155146 155147 155665 155667 156008 156030 156105 156156 156157 156585 157197 151026 151171 155192 154105 154495 155108
166515 6
151026 151171 154105 154495 155108 155192
166516 10
151026 151171 154105 154495 155108 155192 151914 152162 151874 156801
166517 10
151026 151171 154105 154495 155108 155192 151914 152162 151874 156801
166518 10
151026 151171 154105 154495 155108 155192 151914 152162 151874 156801
166519 46
156801 151292 151370 151493 151917 151990 152022 152103 152251 152824 152897 152976 153210 153362 154217 154475 154799 154984 155409 156483 156484 151252 156855 156953 152736 153064 152834 152791 153407 153790 153800 153806 153824 153984 151575 155911 155927 155930 155201 155244 155318 155367 155381 153275 152562 157243
166520 26
151252 151292 151370 151493 151917 151990 152022 152103 152251 152824 152897 152976 153210 153362 154217 154475 154799 154984 155409 156483 156484 156855 156953 154290 155436 153079
166521 37
151874 151914 152162 156801 151252 151292 151917 151990 152022 152103 151370 152251 152824 152897 152976 153210 153362 154217 154475 154799 154984 155409 156483 156484 151493 156855 156953 152736 153064 152834 152791 153407 153790 153800 153806 153824 153984
166522 26
151252 151292 151370 151493 151917 151990 152022 152103 152251 152824 152897 152976 153210 153362 154217 154475 154799 154984 155409 156483 156484 156855 156953 154290 155436 153079
166523 26
151292 151370 151493 151917 151990 152022 152251 152824 152897 152976 153362 154217 154984 156483 156484 156855 156953 153210 155409 151252 152103 154475 154799 154290 155436 153079
166525 26
151252 151292 151370 151493 151917 151990 152022 152103 152251 152824 152897 152976 153210 153362 154217 154475 154799 154984 155409 156483 156484 156855 156953 154290 155436 153079
166526 26
151292 151370 151493 151917 151990 152022 152251 152824 152897 152976 153362 154217 154984 156483 156484 156855 156953 153210 155409 151252 152103 154475 154799 154290 155436 153079
166528 25
155146 155147 151370 151493 151917 151990 152022 152103 152251 152824 152897 152976 153210 153362 154217 154475 154799 154984 151252 151292 155409 156483 156484 156855 156953
166529 25
155146 155147 151370 151493 151917 151990 152022 152103 152251 152824 152897 152976 153210 153362 154217 154475 154799 154984 151252 151292 155409 156483 156484 156855 156953
166530 37
151874 151914 152162 156801 151252 151292 151917 151990 152022 152103 151370 152251 152824 152897 152976 153210 153362 154217 154475 154799 154984 155409 156483 156484 151493 156855 156953 152736 153064 152834 152791 153407 153790 153800 153806 153824 153984
166531 27
151874 151914 152162 156801 151252 151292 151917 151990 152022 152103 151370 152251 152824 152897 152976 153210 153362 154217 154475 154799 154984 155409 156483 156484 151493 156855 156953
166532 27
151874 151914 152162 156801 151252 151292 151917 151990 152022 152103 151370 152251 152824 152897 152976 153210 153362 154217 154475 154799 154984 155409 156483 156484 151493 156855 156953
166533 27
151874 151914 152162 156801 151252 151292 151917 151990 152022 152103 151370 152251 152824 152897 152976 153210 153362 154217 154475 154799 154984 155409 156483 156484 151493 156855 156953
166534 27
151874 151914 152162 156801 151252 151292 151917 151990 152022 152103 151370 152251 152824 152897 152976 153210 153362 154217 154475 154799 154984 155409 156483 156484 151493 156855 156953
166535 27
151874 151914 152162 156801 151252 151292 151917 151990 152022 152103 151370 152251 152824 152897 152976 153210 153362 154217 154475 154799 154984 155409 156483 156484 151493 156855 156953
166538 4
151874 151914 152162 156801
166539 27
151874 151914 152162 156801 151252 151292 151917 151990 152022 152103 151370 152251 152824 152897 152976 153210 153362 154217 154475 154799 154984 155409 156483 156484 151493 156855 156953
166540 27
151874 151914 152162 156801 151252 151292 151917 151990 152022 152103 151370 152251 152824 152897 152976 153210 153362 154217 154475 154799 154984 155409 156483 156484 151493 156855 156953
166541 27
151874 151914 152162 156801 151252 151292 151917 151990 152022 152103 151370 152251 152824 152897 152976 153210 153362 154217 154475 154799 154984 155409 156483 156484 151493 156855 156953
166542 27
151874 151914 152162 156801 151252 151292 151917 151990 152022 152103 151370 152251 152824 152897 152976 153210 153362 154217 154475 154799 154984 155409 156483 156484 151493 156855 156953
166543 27
151874 151914 152162 156801 151252 151292 151917 151990 152022 152103 151370 152251 152824 152897 152976 153210 153362 154217 154475 154799 154984 155409 156483 156484 151493 156855 156953
166544 37
151874 151914 152162 156801 151252 151292 151917 151990 152022 152103 151370 152251 152824 152897 152976 153210 153362 154217 154475 154799 154984 155409 156483 156484 151493 156855 156953 152736 153064 152834 152791 153407 153790 153800 153806 153824 153984
166546 27
151874 151914 152162 156801 151252 151292 151917 151990 152022 152103 151370 152251 152824 152897 152976 153210 153362 154217 154475 154799 154984 155409 156483 156484 151493 156855 156953
166547 27
151874 151914 152162 156801 151252 151292 151917 151990 152022 152103 151370 152251 152824 152897 152976 153210 153362 154217 154475 154799 154984 155409 156483 156484 151493 156855 156953
166548 27
151874 151914 152162 156801 151370 151917 151990 152022 151493 152251 152824 152897 152976 153362 154217 154984 156483 156484 151292 156855 156953 155409 152103 151252 154475 154799 153210
166550 27
151874 151914 152162 156801 151252 151292 151917 151990 152022 152103 151370 152251 152824 152897 152976 153210 153362 154217 154475 154799 154984 155409 156483 156484 151493 156855 156953
166551 27
151874 151914 152162 156801 151252 151292 151917 151990 152022 152103 151370 152251 152824 152897 152976 153210 153362 154217 154475 154799 154984 155409 156483 156484 151493 156855 156953
166552 27
151874 151914 152162 156801 151252 151292 151917 151990 152022 152103 151370 152251 152824 152897 152976 153210 153362 154217 154475 154799 154984 155409 156483 156484 151493 156855 156953
166553 27
151874 151914 152162 156801 151252 151292 151917 151990 152022 152103 151370 152251 152824 152897 152976 153210 153362 154217 154475 154799 154984 155409 156483 156484 151493 156855 156953
166554 27
151874 151914 152162 156801 151252 151292 151917 151990 152022 152103 151370 152251 152824 152897 152976 153210 153362 154217 154475 154799 154984 155409 156483 156484 151493 156855 156953
166555 4
151874 151914 152162 156801
166557 27
151874 151914 152162 156801 151370 151917 151990 152022 151493 152251 152824 152897 152976 153362 154217 154984 156483 156484 151292 156855 156953 155409 152103 151252 154475 154799 153210
166558 30
151609 152108 156772 151874 152162 151914 156801 151917 151990 152022 152103 151493 151252 152251 152824 152897 152976 153210 153362 154217 154475 154799 154984 155409 156483 156484 151292 151370 156855 156953
166560 27
151874 151914 152162 156801 151252 151292 151917 151990 152022 152103 151370 152251 152824 152897 152976 153210 153362 154217 154475 154799 154984 155409 156483 156484 151493 156855 156953
166561 27
151874 151914 152162 156801 151252 151292 151917 151990 152022 152103 151370 152251 152824 152897 152976 153210 153362 154217 154475 154799 154984 155409 156483 156484 151493 156855 156953
166563 30
152372 152669 152732 151874 151914 152162 156801 151990 152022 152103 151370 152251 151493 151252 151292 152824 152897 152976 153210 153362 154217 154475 154799 154984 155409 156483 156484 151917 156855 156953
166564 31
152372 152669 152732 155146 155147 151990 152022 152103 152251 151252 151292 151370 152824 152897 152976 153210 153362 154217 154475 154799 154984 151493 151917 155409 156483 156484 156855 156953 154290 155436 153079
166565 7
152372 152669 152732 151874 151914 152162 156801
166566 7
152372 152669 152732 151874 151914 152162 156801
166567 7
152372 152669 152732 151874 151914 152162 156801
166568 7
152372 152669 152732 151874 151914 152162 156801
166569 7
152372 152669 152732 151874 151914 152162 156801
166570 7
152372 152669 152732 151874 151914 152162 156801
166571 27
151874 151914 152162 156801 151252 151292 151917 151990 152022 152103 151370 152251 152824 152897 152976 153210 153362 154217 154475 154799 154984 155409 156483 156484 151493 156855 156953
166572 27
151874 151914 152162 156801 151252 151292 151917 151990 152022 152103 151370 152251 152824 152897 152976 153210 153362 154217 154475 154799 154984 155409 156483 156484 151493 156855 156953
166573 27
151874 151914 152162 156801 151252 151292 151917 151990 152022 152103 151370 152251 152824 152897 152976 153210 153362 154217 154475 154799 154984 155409 156483 156484 151493 156855 156953
166574 27
151874 151914 152162 156801 151252 153210 154475 154799 155409 152103 151292 152251 152824 152897 152976 151370 153362 154217 151917 151990 154984 152022 156483 156484 151493 156855 156953
166575 27
151874 151914 152162 156801 151252 151292 151917 151990 152022 152103 151370 152251 152824 152897 152976 153210 153362 154217 154475 154799 154984 155409 156483 156484 151493 156855 156953
166576 27
151874 151914 152162 156801 151252 151292 151917 151990 152022 152103 151370 152251 152824 152897 152976 153210 153362 154217 154475 154799 154984 155409 156483 156484 151493 156855 156953
166577 27
151874 151914 152162 156801 151252 151292 151917 151990 152022 152103 151370 152251 152824 152897 152976 153210 153362 154217 154475 154799 154984 155409 156483 156484 151493 156855 156953
166579 27
151874 151914 152162 156801 151252 151292 151917 151990 152022 152103 151370 152251 152824 152897 152976 153210 153362 154217 154475 154799 154984 155409 156483 156484 151493 156855 156953
166581 27
151874 151914 152162 156801 151252 151292 151917 151990 152022 152103 151370 152251 152824 152897 152976 153210 153362 154217 154475 154799 154984 155409 156483 156484 151493 156855 156953
166582 23
151252 151292 151370 151493 151917 151990 152022 152103 152251 152824 152897 152976 153210 153362 154217 154475 154799 154984 155409 156483 156484 156855 156953
166583 27
151874 151914 152162 156801 151252 151292 151917 151990 152022 152103 151370 152251 152824 152897 152976 153210 153362 154217 154475 154799 154984 155409 156483 156484 151493 156855 156953
166584 23
151252 151292 151370 151493 151917 151990 152022 152103 152251 152824 152897 152976 153210 153362 154217 154475 154799 154984 155409 156483 156484 156855 156953
166585 26
151609 152108 156772 151493 151252 151917 151990 152022 152103 151292 152251 152824 152897 152976 153210 153362 154217 154475 154799 154984 155409 156483 156484 151370 156855 156953
166586 23
151252 151292 151370 151493 151917 151990 152022 152103 152251 152824 152897 152976 153210 153362 154217 154475 154799 154984 155409 156483 156484 156855 156953
166587 23
151252 151292 151370 151493 151917 151990 152022 152103 152251 152824 152897 152976 153210 153362 154217 154475 154799 154984 155409 156483 156484 156855 156953
166588 36
151252 151292 151370 151493 151917 151990 152022 152103 152251 152824 152897 152976 153210 153362 154217 154475 154799 154984 155409 156483 156484 156855 156953 153984 152736 153064 152834 152791 153407 153790 153800 153806 153824 154290 155436 153079
166589 33
151252 151292 151370 151493 151917 151990 152022 152103 152251 152824 152897 152976 153210 153362 154217 154475 154799 154984 155409 156483 156484 156855 156953 153984 152736 153064 152834 152791 153407 153790 153800 153806 153824
166590 33
151252 151292 151370 151493 151917 151990 152022 152103 152251 152824 152897 152976 153210 153362 154217 154475 154799 154984 155409 156483 156484 156855 156953 153984 152736 153064 152834 152791 153407 153790 153800 153806 153824
166591 33
151252 151292 151370 151493 151917 151990 152022 152103 152251 152824 152897 152976 153210 153362 154217 154475 154799 154984 155409 156483 156484 156855 156953 153984 152736 153064 152834 152791 153407 153790 153800 153806 153824
166592 27
151874 151914 152162 156801 151252 153210 154475 154799 155409 152103 151292 152251 152824 152897 152976 151370 153362 154217 151917 151990 154984 152022 156483 156484 151493 156855 156953
166593 27
151874 151914 152162 156801 151252 151292 151917 151990 152022 152103 151370 152251 152824 152897 152976 153210 153362 154217 154475 154799 154984 155409 156483 156484 151493 156855 156953
166595 4
151874 151914 152162 156801
166596 37
151874 151914 152162 156801 151252 151292 151917 151990 152022 152103 151370 152251 152824 152897 152976 153210 153362 154217 154475 154799 154984 155409 156483 156484 151493 156855 156953 152736 153064 152834 152791 153407 153790 153800 153806 153824 153984
166597 37
151874 151914 152162 156801 151252 151292 151917 151990 152022 152103 151370 152251 152824 152897 152976 153210 153362 154217 154475 154799 154984 155409 156483 156484 151493 156855 156953 152736 153064 152834 152791 153407 153790 153800 153806 153824 153984
166598 37
151874 151914 152162 156801 151252 151292 151917 151990 152022 152103 151370 152251 152824 152897 152976 153210 153362 154217 154475 154799 154984 155409 156483 156484 151493 156855 156953 152736 153064 152834 152791 153407 153790 153800 153806 153824 153984
166599 36
151252 151292 151370 151493 151917 151990 152022 152103 152251 152824 152897 152976 153210 153362 154217 154475 154799 154984 155409 156483 156484 156855 156953 153984 152736 153064 152834 152791 153407 153790 153800 153806 153824 154290 155436 153079
166600 26
151252 151292 151370 151493 151917 151990 152022 152103 152251 152824 152897 152976 153210 153362 154217 154475 154799 154984 155409 156483 156484 156855 156953 154290 155436 153079
166601 26
151252 151292 151370 151493 151917 151990 152022 152103 152251 152824 152897 152976 153210 153362 154217 154475 154799 154984 155409 156483 156484 156855 156953 154290 155436 153079
166602 26
151252 151292 151370 151493 151917 151990 152022 152103 152251 152824 152897 152976 153210 153362 154217 154475 154799 154984 155409 156483 156484 156855 156953 154290 155436 153079
166603 26
151252 151292 151370 151493 151917 151990 152022 152103 152251 152824 152897 152976 153210 153362 154217 154475 154799 154984 155409 156483 156484 156855 156953 154290 155436 153079
166604 27
151874 151914 152162 156801 151252 151292 151917 151990 152022 152103 151370 152251 152824 152897 152976 153210 153362 154217 154475 154799 154984 155409 156483 156484 151493 156855 156953
166605 27
151874 151914 152162 156801 151252 151292 151917 151990 152022 152103 151370 152251 152824 152897 152976 153210 153362 154217 154475 154799 154984 155409 156483 156484 151493 156855 156953
166606 27
151874 151914 152162 156801 151252 151292 151917 151990 152022 152103 151370 152251 152824 152897 152976 153210 153362 154217 154475 154799 154984 155409 156483 156484 151493 156855 156953
166607 27
151874 151914 152162 156801 151252 151292 151917 151990 152022 152103 151370 152251 152824 152897 152976 153210 153362 154217 154475 154799 154984 155409 156483 156484 151493 156855 156953
166609 4
151874 151914 152162 156801
166610 26
151252 151292 151370 151493 151917 151990 152022 152103 152251 152824 152897 152976 153210 153362 154217 154475 154799 154984 155409 156483 156484 156855 156953 154290 155436 153079
166611 26
151252 151292 151370 151493 151917 151990 152022 152103 152251 152824 152897 152976 153210 153362 154217 154475 154799 154984 155409 156483 156484 156855 156953 154290 155436 153079
166612 27
151874 151914 152162 156801 151252 151292 151917 151990 152022 152103 151370 152251 152824 152897 152976 153210 153362 154217 154475 154799 154984 155409 156483 156484 151493 156855 156953
166613 27
151874 151914 152162 156801 151252 151292 151917 151990 152022 152103 151370 152251 152824 152897 152976 153210 153362 154217 154475 154799 154984 155409 156483 156484 151493 156855 156953
166614 7
151874 151914 152162 152108 151609 156772 156801
166616 23
151252 151292 151370 151493 151917 151990 152022 152103 152251 152824 152897 152976 153210 153362 154217 154475 154799 154984 155409 156483 156484 156855 156953
166617 23
151252 151292 151370 151493 151917 151990 152022 152103 152251 152824 152897 152976 153210 153362 154217 154475 154799 154984 155409 156483 156484 156855 156953
166618 2
155146 155147
166619 27
151874 151914 152162 156801 151252 151292 151917 151990 152022 152103 151370 152251 152824 152897 152976 153210 153362 154217 154475 154799 154984 155409 156483 156484 151493 156855 156953
166620 27
151874 151914 152162 156801 151252 151292 151917 151990 152022 152103 151370 152251 152824 152897 152976 153210 153362 154217 154475 154799 154984 155409 156483 156484 151493 156855 156953
166621 27
151874 151914 152162 156801 151252 151292 151917 151990 152022 152103 151370 152251 152824 152897 152976 153210 153362 154217 154475 154799 154984 155409 156483 156484 151493 156855 156953
166622 26
153079 154290 155436 151493 151917 151990 152022 152103 152251 152824 152897 152976 151252 153210 153362 154217 151292 154475 154799 154984 155409 151370 156483 156484 156855 156953
166623 26
153079 154290 155436 151493 151917 151990 152022 152103 152251 152824 152897 152976 151252 153210 153362 154217 151292 154475 154799 154984 155409 151370 156483 156484 156855 156953
166625 6
151026 151171 154105 154495 155108 155192
166627 6
151026 151171 154105 154495 155108 155192
166628 6
151026 151171 154105 154495 155108 155192
166629 6
151026 151171 154105 154495 155108 155192
166631 6
151026 151171 154105 154495 155108 155192
166632 17
151026 151171 154105 154495 155108 155192 155665 155667 156008 156030 156105 156156 156157 156585 157197 155146 155147
166633 17
151026 151171 154105 154495 155108 155192 155665 155667 156008 156030 156105 156156 156157 156585 157197 155146 155147
166634 17
151026 151171 154105 154495 155108 155192 155665 155667 156008 156030 156105 156156 156157 156585 157197 155146 155147
166635 27
151874 151914 152162 156801 151252 151292 151917 151990 152022 152103 151370 152251 152824 152897 152976 153210 153362 154217 154475 154799 154984 155409 156483 156484 151493 156855 156953
166636 27
151874 151914 152162 156801 151252 153210 154475 154799 155409 152103 151292 152251 152824 152897 152976 151370 153362 154217 151917 151990 154984 152022 156483 156484 151493 156855 156953
166637 33
151026 151171 154105 154495 155108 155192 151914 152162 151874 156801 152022 152103 151370 152251 152824 152897 152976 153210 153362 151493 154217 154475 151252 154799 154984 151292 151917 155409 156483 156484 151990 156855 156953
166638 27
151874 151914 152162 156801 151252 151292 151917 151990 152022 152103 151370 152251 152824 152897 152976 153210 153362 154217 154475 154799 154984 155409 156483 156484 151493 156855 156953
166639 27
151874 151914 152162 156801 151252 151292 151917 151990 152022 152103 151370 152251 152824 152897 152976 153210 153362 154217 154475 154799 154984 155409 156483 156484 151493 156855 156953
166641 4
151874 151914 152162 156801
166642 4
151874 151914 152162 156801
166643 4
151874 151914 152162 156801
166644 19
155665 155667 156008 156030 156105 156156 156157 156585 157197 154495 155108 155192 151026 151171 154105 151914 152162 151874 156801
166646 19
155665 155667 156008 156030 156105 156156 156157 156585 157197 154495 155108 155192 151026 151171 154105 151914 152162 151874 156801
166647 4
151874 151914 152162 156801
166648 4
151874 151914 152162 156801
166649 7
151609 152108 156772 151874 152162 151914 156801
166650 7
151609 152108 156772 151874 152162 151914 156801
166651 2
155146 155147
166652 3
151609 152108 156772
166653 3
151609 152108 156772
166654 3
151609 152108 156772
166655 3
151609 152108 156772
166656 3
151609 152108 156772
166657 3
151609 152108 156772
166658 3
151609 152108 156772
166659 3
151609 152108 156772
166660 2
155146 155147
166663 2
155146 155147
166664 11
151026 151171 154105 154495 155108 155192 151609 152108 156772 155146 155147
166666 15
155665 155667 156008 156030 156105 156156 156157 156585 157197 154495 155108 155192 151026 151171 154105
166668 18
155665 155667 156008 156030 156105 156156 156157 156585 157197 154495 155108 155192 151026 151171 154105 152108 156772 151609
166669 7
151874 151914 152162 152108 151609 156772 156801
166670 7
151874 151914 152162 152108 151609 156772 156801
166671 22
155665 155667 156008 156030 156105 156156 156157 156585 157197 154495 155108 155192 151026 151171 154105 151914 152162 151874 151609 156772 152108 156801
166672 7
151609 152108 156772 151874 152162 151914 156801
166673 7
151874 151914 152162 152108 151609 156772 156801
166674 13
151026 151171 154105 154495 155108 155192 151609 152108 156772 152162 151914 151874 156801
166675 12
151026 151171 154105 154495 155108 155192 151609 152108 156772 152162 151914 151874
166676 15
152372 152669 152732 152108 151609 156772 151026 154105 154495 155108 155192 151171 152162 151914 151874
166677 15
152372 152669 152732 152108 151609 156772 151026 154105 154495 155108 155192 151171 152162 151914 151874
166678 16
152372 152669 152732 151171 151026 154105 154495 155108 155192 152108 151609 156772 152162 151914 151874 156801
166681 24
155665 155667 156008 156030 156105 156156 156157 156585 157197 152372 152669 152732 154495 155108 155192 151171 151026 154105 151609 156772 152108 152162 151914 151874
166682 16
152372 152669 152732 152108 151609 156772 151026 154105 154495 155108 155192 151171 152162 151914 151874 156801
166683 15
152372 152669 152732 151171 151026 154105 154495 155108 155192 152108 151609 156772 152162 151914 151874
166685 15
152372 152669 152732 151171 151026 154105 154495 155108 155192 152108 151609 156772 152162 151914 151874
166686 15
152372 152669 152732 151171 151026 154105 154495 155108 155192 152108 151609 156772 152162 151914 151874
166687 15
152372 152669 152732 151171 151026 154105 154495 155108 155192 152108 151609 156772 152162 151914 151874
166688 15
152372 152669 152732 151171 151026 154105 154495 155108 155192 152108 151609 156772 152162 151914 151874
166689 4
151874 151914 152162 156801
166691 4
151874 151914 152162 156801
166698 15
151026 151171 154105 154495 155108 155192 155665 155667 156008 156030 156105 156156 156157 156585 157197
166699 19
155665 155667 156008 156030 156105 156156 156157 156585 157197 154495 155108 155192 151026 151171 154105 151914 152162 151874 156801
166700 19
155665 155667 156008 156030 156105 156156 156157 156585 157197 154495 155108 155192 151026 151171 154105 151914 152162 151874 156801
166701 19
155665 155667 156008 156030 156105 156156 156157 156585 157197 154495 155108 155192 151026 151171 154105 151914 152162 151874 156801
166702 19
155665 155667 156008 156030 156105 156156 156157 156585 157197 154495 155108 155192 151026 151171 154105 151914 152162 151874 156801
166704 19
155665 155667 156008 156030 156105 156156 156157 156585 157197 154495 155108 155192 151026 151171 154105 151914 152162 151874 156801
166705 19
155665 155667 156008 156030 156105 156156 156157 156585 157197 154495 155108 155192 151026 151171 154105 151914 152162 151874 156801
166706 15
155665 155667 156008 156030 156105 156156 156157 156585 157197 154495 155108 155192 151026 151171 154105
166707 15
155665 155667 156008 156030 156105 156156 156157 156585 157197 154495 155108 155192 151026 151171 154105
166708 15
155665 155667 156008 156030 156105 156156 156157 156585 157197 154495 155108 155192 151026 151171 154105
166709 18
151609 152108 156772 155667 156008 156030 156105 156156 156157 156585 155665 157197 155108 155192 151026 151171 154105 154495
166710 15
155665 155667 156008 156030 156105 156156 156157 156585 157197 154495 155108 155192 151026 151171 154105
166714 15
155665 155667 156008 156030 156105 156156 156157 156585 157197 154495 155108 155192 151026 151171 154105
166715 15
155665 155667 156008 156030 156105 156156 156157 156585 157197 154495 155108 155192 151026 151171 154105
166716 15
155665 155667 156008 156030 156105 156156 156157 156585 157197 154495 155108 155192 151026 151171 154105
166717 25
151609 152108 156772 152669 152732 152372 151026 154105 154495 155108 155192 151171 155667 156008 156030 156105 156156 156157 156585 155665 157197 152162 151914 151874 156801
166718 22
151609 152108 156772 155667 156008 156030 156105 156156 156157 156585 155665 157197 151874 152162 151914 155108 155192 151171 151026 154105 154495 156801
166719 22
151609 152108 156772 155667 156008 156030 156105 156156 156157 156585 155665 157197 151874 152162 151914 155108 155192 151171 151026 154105 154495 156801
166720 22
155665 155667 156008 156030 156105 156156 156157 156585 157197 152108 156772 151609 155108 155192 151026 151171 154105 154495 152162 151914 151874 156801
166721 10
151026 151171 154105 154495 155108 155192 151914 152162 151874 156801
166722 19
155665 155667 156008 156030 156105 156156 156157 156585 157197 154495 155108 155192 151026 151171 154105 151914 152162 151874 156801
166723 10
151026 151171 154105 154495 155108 155192 151914 152162 151874 156801
166724 10
151026 151171 154105 154495 155108 155192 151914 152162 151874 156801
166725 10
151026 151171 154105 154495 155108 155192 151914 152162 151874 156801
166727 10
151026 151171 154105 154495 155108 155192 151914 152162 151874 156801
166728 10
151026 151171 154105 154495 155108 155192 151914 152162 151874 156801
166729 10
151026 151171 154105 154495 155108 155192 151914 152162 151874 156801
166730 19
155665 155667 156008 156030 156105 156156 156157 156585 157197 154495 155108 155192 151026 151171 154105 151914 152162 151874 156801
166731 10
151026 151171 154105 154495 155108 155192 151914 152162 151874 156801
166732 13
151609 152108 156772 151171 154105 154495 155108 155192 151026 152162 151914 151874 156801
166733 13
151609 152108 156772 151171 154105 154495 155108 155192 151026 152162 151914 151874 156801
166735 3
152652 156858 156926
166736 4
151874 151914 152162 156801
166737 27
151874 151914 152162 156801 151252 151292 151917 151990 152022 152103 151370 152251 152824 152897 152976 153210 153362 154217 154475 154799 154984 155409 156483 156484 151493 156855 156953
166739 4
151874 151914 152162 156801
166740 4
151874 151914 152162 156801
166742 4
151874 151914 152162 156801
166743 18
155665 155667 156008 156030 156105 156156 156157 156585 157197 154495 155108 155192 151026 151171 154105 152108 156772 151609
166744 18
155665 155667 156008 156030 156105 156156 156157 156585 157197 154495 155108 155192 151026 151171 154105 152108 156772 151609
166745 12
151026 151171 154105 154495 155108 155192 151914 152162 151874 152108 151609 156772
166747 12
151026 151171 154105 154495 155108 155192 151914 152162 151874 152108 151609 156772
166748 12
151026 151171 154105 154495 155108 155192 151914 152162 151874 152108 151609 156772
166749 12
151026 151171 154105 154495 155108 155192 151914 152162 151874 152108 151609 156772
166750 21
155665 155667 156008 156030 156105 156156 156157 156585 157197 154495 155108 155192 151026 151171 154105 151914 152162 151874 151609 156772 152108
166752 12
151026 151171 154105 154495 155108 155192 151914 152162 151874 152108 151609 156772
166753 18
155665 155667 156008 156030 156105 156156 156157 156585 157197 154495 155108 155192 151026 151171 154105 152108 156772 151609
166755 12
151026 151171 154105 154495 155108 155192 151914 152162 151874 152108 151609 156772
166756 12
151026 151171 154105 154495 155108 155192 151914 152162 151874 152108 151609 156772
166758 12
151026 151171 154105 154495 155108 155192 151914 152162 151874 152108 151609 156772
166759 18
155665 155667 156008 156030 156105 156156 156157 156585 157197 154495 155108 155192 151026 151171 154105 152108 156772 151609
166760 18
155665 155667 156008 156030 156105 156156 156157 156585 157197 154495 155108 155192 151026 151171 154105 152108 156772 151609
166761 18
155665 155667 156008 156030 156105 156156 156157 156585 157197 154495 155108 155192 151026 151171 154105 152108 156772 151609
166762 18
155665 155667 156008 156030 156105 156156 156157 156585 157197 154495 155108 155192 151026 151171 154105 152108 156772 151609
166763 18
155665 155667 156008 156030 156105 156156 156157 156585 157197 154495 155108 155192 151026 151171 154105 152108 156772 151609
166764 27
151228 151524 151927 152708 152733 154170 154171 155343 156743 155667 156008 156030 156105 156156 156157 156585 155665 157197 155192 154105 151171 151026 154495 155108 152108 156772 151609
166765 27
151228 151524 151927 152708 152733 154170 154171 155343 156743 155667 156008 156030 156105 156156 156157 156585 155665 157197 155192 154105 151171 151026 154495 155108 152108 156772 151609
166766 18
155665 155667 156008 156030 156105 156156 156157 156585 157197 154495 155108 155192 151026 151171 154105 152108 156772 151609
166767 18
155665 155667 156008 156030 156105 156156 156157 156585 157197 154495 155108 155192 151026 151171 154105 152108 156772 151609
166768 18
155665 155667 156008 156030 156105 156156 156157 156585 157197 154495 155108 155192 151026 151171 154105 152108 156772 151609
166769 18
155665 155667 156008 156030 156105 156156 156157 156585 157197 154495 155108 155192 151026 151171 154105 152108 156772 151609
166770 18
155665 155667 156008 156030 156105 156156 156157 156585 157197 154495 155108 155192 151026 151171 154105 152108 156772 151609
166771 21
152372 152669 152732 151228 151524 152708 151927 152733 154170 154171 155343 156743 151171 154495 155108 155192 154105 151026 152108 151609 156772
166773 21
152372 152669 152732 151228 151524 152708 151927 152733 154170 154171 155343 156743 151171 154495 155108 155192 154105 151026 152108 151609 156772
166774 24
153079 154290 155436 152372 152669 152732 151927 152733 151228 154170 154171 151524 155343 152708 156743 154495 155108 155192 151171 151026 154105 151609 152108 156772
166775 24
153079 154290 155436 152372 152669 152732 151927 152733 151228 154170 154171 151524 155343 152708 156743 154495 155108 155192 151171 151026 154105 151609 152108 156772
166776 38
152785 153939 155695 155055 155056 155460 154153 155730 155665 155667 156008 156030 156105 156156 156157 156585 157197 152732 152372 152669 154171 151927 152733 155343 151228 151524 152708 156743 154170 151026 151171 155108 155192 154105 154495 151609 156772 152108
166778 35
152785 153939 154153 155055 155056 155460 155695 155730 155665 155667 156008 156030 156105 156156 156157 156585 157197 154171 152708 152733 155343 151228 151524 151927 156743 154170 152372 152732 152669 151026 151171 155108 155192 154105 154495
166779 33
153079 154290 155436 155665 155667 156008 156030 156105 156156 156157 156585 157197 152372 152669 152732 152733 151228 154170 154171 151524 155343 152708 156743 151927 152108 156772 151609 151026 154105 154495 155108 155192 151171
166780 33
153079 154290 155436 155665 155667 156008 156030 156105 156156 156157 156585 157197 152372 152669 152732 152108 156772 151609 151228 154170 154171 151927 155343 152708 156743 151524 152733 151026 154105 154495 155108 155192 151171
166781 33
153079 154290 155436 155665 155667 156008 156030 156105 156156 156157 156585 157197 152372 152669 152732 152108 156772 151609 151228 154170 154171 151927 155343 152708 156743 151524 152733 151026 154105 154495 155108 155192 151171
166782 33
153079 154290 155436 155665 155667 156008 156030 156105 156156 156157 156585 157197 152372 152669 152732 152108 156772 151609 151228 154170 154171 151927 155343 152708 156743 151524 152733 151026 154105 154495 155108 155192 151171
166783 33
153079 154290 155436 155665 155667 156008 156030 156105 156156 156157 156585 157197 152372 152669 152732 152108 156772 151609 151228 154170 154171 151927 155343 152708 156743 151524 152733 151026 154105 154495 155108 155192 151171
166784 35
156972 157091 155436 153079 154290 156008 156030 156105 156156 156157 156585 155665 155667 157197 152732 152372 152669 151609 152108 156772 154171 151927 155343 152708 156743 151524 152733 151228 154170 154495 155108 155192 151171 151026 154105
166785 33
153079 154290 155436 155665 155667 156008 156030 156105 156156 156157 156585 157197 152372 152669 152732 152108 156772 151609 151228 154170 154171 151927 155343 152708 156743 151524 152733 151026 154105 154495 155108 155192 151171
166786 33
153079 154290 155436 155665 155667 156008 156030 156105 156156 156157 156585 157197 152372 152669 152732 152108 156772 151609 151228 154170 154171 151927 155343 152708 156743 151524 152733 151026 154105 154495 155108 155192 151171
166788 33
153079 154290 155436 155665 155667 156008 156030 156105 156156 156157 156585 157197 152372 152669 152732 152108 156772 151609 151228 154170 154171 151927 155343 152708 156743 151524 152733 151026 154105 154495 155108 155192 151171
166789 15
155665 155667 156008 156030 156105 156156 156157 156585 157197 154495 155108 155192 151026 151171 154105
166791 18
155665 155667 156008 156030 156105 156156 156157 156585 157197 156858 156926 152652 155192 151171 151026 154105 154495 155108
166792 15
155665 155667 156008 156030 156105 156156 156157 156585 157197 154495 155108 155192 151026 151171 154105
166793 18
152372 152669 152732 155665 155667 156008 156030 156105 156156 156157 156585 157197 154495 155108 155192 151171 151026 154105
166794 18
152372 152669 152732 155665 155667 156008 156030 156105 156156 156157 156585 157197 154495 155108 155192 151171 151026 154105
166795 22
152014 153249 154737 156053 152372 152669 152732 155667 156008 156030 155665 156105 156156 156157 156585 157197 155108 155192 151026 154105 154495 151171
166796 22
152014 153249 154737 156053 152372 152669 152732 155667 156008 156030 155665 156105 156156 156157 156585 157197 155108 155192 151026 154105 154495 151171
166797 12
152372 152669 152732 155665 155667 156008 156030 156105 156156 156157 156585 157197
166798 12
152372 152669 152732 155665 155667 156008 156030 156105 156156 156157 156585 157197
166799 25
151228 151524 151927 152708 152733 154170 154171 155343 156743 154737 152014 156053 153249 152732 152669 152372 156008 156030 155665 156105 156156 156157 156585 155667 157197
166800 16
152014 153249 154737 156053 152372 152669 152732 155667 156008 156030 155665 156105 156156 156157 156585 157197
166801 7
152014 153249 154737 156053 152372 152669 152732
166802 25
151228 151524 151927 152708 152733 154170 154171 155343 156743 154737 152014 156053 153249 152732 152669 152372 156008 156030 155665 156105 156156 156157 156585 155667 157197
166803 21
152372 152669 152732 155653 155664 156792 155667 156008 156030 156105 156156 156157 156585 155665 157197 151171 151026 154105 154495 155108 155192
166804 12
151026 151171 154105 154495 155108 155192 152669 152732 152372 152108 151609 156772
166805 14
151026 151171 154105 154495 155108 155192 152669 152732 152372 152108 151609 156772 155146 155147
166806 14
151026 151171 154105 154495 155108 155192 152669 152732 152372 152108 151609 156772 155146 155147
166807 27
152014 153249 154737 156053 155667 156008 156030 155665 156105 156156 156157 156585 157197 152372 152669 152732 155108 155192 151026 154105 154495 151171 152108 156772 151609 155146 155147
166810 14
152372 152669 152732 151171 151026 154105 154495 155108 155192 152108 151609 156772 155146 155147
166811 14
152372 152669 152732 151171 151026 154105 154495 155108 155192 152108 151609 156772 155146 155147
166812 21
155665 155667 156008 156030 156105 156156 156157 156585 157197 152372 152669 152732 151609 156772 152108 155108 155192 151171 151026 154105 154495
166813 21
155665 155667 156008 156030 156105 156156 156157 156585 157197 152372 152669 152732 154495 155108 155192 151171 151026 154105 151609 156772 152108
166814 21
155665 155667 156008 156030 156105 156156 156157 156585 157197 152372 152669 152732 151609 156772 152108 155108 155192 151171 151026 154105 154495
166815 14
152372 152669 152732 152108 151609 156772 151026 154105 154495 155108 155192 151171 155146 155147
166816 21
152372 152669 152732 152108 151609 156772 155667 156008 156030 156105 156156 156157 156585 155665 157197 155108 155192 151171 151026 154105 154495
166817 21
152372 152669 152732 152108 151609 156772 155667 156008 156030 156105 156156 156157 156585 155665 157197 155108 155192 151171 151026 154105 154495
166818 21
152372 152669 152732 152108 151609 156772 155667 156008 156030 156105 156156 156157 156585 155665 157197 155108 155192 151171 151026 154105 154495
166819 27
152014 153249 154737 156053 155667 156008 156030 155665 156105 156156 156157 156585 157197 152372 152669 152732 152108 156772 151609 155192 151026 154105 154495 151171 155108 155146 155147
166821 27
152014 153249 154737 156053 155667 156008 156030 155665 156105 156156 156157 156585 157197 152372 152669 152732 152108 156772 151609 155192 151026 154105 154495 151171 155108 155146 155147
166822 23
155665 155667 156008 156030 156105 156156 156157 156585 157197 152372 152669 152732 151609 156772 152108 155108 155192 151171 151026 154105 154495 155147 155146
166823 23
155665 155667 156008 156030 156105 156156 156157 156585 157197 152372 152669 152732 151609 156772 152108 155108 155192 151171 151026 154105 154495 155147 155146
166824 23
155665 155667 156008 156030 156105 156156 156157 156585 157197 152372 152669 152732 151609 156772 152108 155108 155192 151171 151026 154105 154495 155147 155146
166825 23
155665 155667 156008 156030 156105 156156 156157 156585 157197 152372 152669 152732 151609 156772 152108 155108 155192 151171 151026 154105 154495 155147 155146
166826 27
152014 153249 154737 156053 155667 156008 156030 155665 156105 156156 156157 156585 157197 152372 152669 152732 152108 156772 151609 155192 151026 154105 154495 151171 155108 155146 155147
166827 14
152372 152669 152732 151171 151026 154105 154495 155108 155192 152108 151609 156772 155146 155147
166829 18
152014 153249 154737 156053 152372 152669 152732 151609 152108 156772 154495 151171 155108 155192 151026 154105 155147 155146
166831 18
152014 153249 154737 156053 152372 152669 152732 154105 154495 151171 155108 155192 151026 151609 152108 156772 155147 155146
166832 14
152372 152669 152732 151171 151026 154105 154495 155108 155192 152108 151609 156772 155146 155147
166833 14
151026 151171 154105 154495 155108 155192 152669 152732 152372 152108 151609 156772 155146 155147
166834 14
151026 151171 154105 154495 155108 155192 152669 152732 152372 152108 151609 156772 155146 155147
166835 14
151026 151171 154105 154495 155108 155192 152669 152732 152372 152108 151609 156772 155146 155147
166837 24
155665 155667 156008 156030 156105 156156 156157 156585 157197 154495 155108 155192 151026 151171 154105 151228 154170 154171 151524 151927 152708 155343 156743 152733
166838 24
155665 155667 156008 156030 156105 156156 156157 156585 157197 154495 155108 155192 151026 151171 154105 151228 154170 154171 151524 151927 152708 155343 156743 152733
166839 34
151609 152108 156772 155667 156008 156030 156105 156156 156157 156585 155665 157197 156053 154737 155216 152014 151621 153249 153880 151171 154105 154495 151026 155108 155192 151228 151524 154170 154171 151927 155343 156743 152708 152733
166840 31
151609 152108 156772 155667 156008 156030 156105 156156 156157 156585 155665 157197 152014 156053 153249 154737 151927 154170 154171 151524 155343 151228 156743 152708 152733 151026 154495 154105 155108 155192 151171
166841 31
151609 152108 156772 155667 156008 156030 156105 156156 156157 156585 155665 157197 152014 156053 153249 154737 151927 154170 154171 151524 155343 151228 156743 152708 152733 151026 154495 154105 155108 155192 151171
166842 31
151228 151524 151927 152708 152733 154170 154171 155343 156743 154737 152014 156053 153249 156008 156030 155665 156105 156156 156157 156585 155667 157197 151171 151026 154495 154105 155108 155192 152669 152372 152732
166843 31
151228 151524 151927 152708 152733 154170 154171 155343 156743 154737 152014 156053 153249 156008 156030 155665 156105 156156 156157 156585 155667 157197 151171 151026 154495 154105 155108 155192 152669 152372 152732
166844 31
151228 151524 151927 152708 152733 154170 154171 155343 156743 154737 152014 156053 153249 156008 156030 155665 156105 156156 156157 156585 155667 157197 151171 151026 154495 154105 155108 155192 152669 152372 152732
166845 31
151228 151524 151927 152708 152733 154170 154171 155343 156743 154737 152014 156053 153249 156008 156030 155665 156105 156156 156157 156585 155667 157197 151171 151026 154495 154105 155108 155192 152669 152372 152732
166846 31
151228 151524 151927 152708 152733 154170 154171 155343 156743 154737 152014 156053 153249 156008 156030 155665 156105 156156 156157 156585 155667 157197 151171 151026 154495 154105 155108 155192 152669 152372 152732
166848 31
151228 151524 151927 152708 152733 154170 154171 155343 156743 154737 152014 156053 153249 156008 156030 155665 156105 156156 156157 156585 155667 157197 151171 151026 154495 154105 155108 155192 152669 152372 152732
166849 31
151228 151524 151927 152708 152733 154170 154171 155343 156743 154737 152014 156053 153249 156008 156030 155665 156105 156156 156157 156585 155667 157197 151171 151026 154495 154105 155108 155192 152669 152372 152732
166850 34
151609 152014 152108 153249 154737 156053 156772 156008 156030 155665 156105 156156 156157 156585 155667 157197 151927 154170 154171 151524 155343 151228 156743 152708 152733 151026 154495 154105 155108 155192 151171 152372 152732 152669
166851 31
152014 153249 154737 156053 155667 156008 156030 155665 156105 156156 156157 156585 157197 152733 151524 154170 154171 151927 155343 151228 156743 152708 151171 151026 154495 154105 155108 155192 152669 152372 152732
166852 31
152014 153249 154737 156053 155667 156008 156030 155665 156105 156156 156157 156585 157197 152733 151524 154170 154171 151927 155343 151228 156743 152708 151171 151026 154495 154105 155108 155192 152669 152372 152732
166853 31
152014 153249 154737 156053 155667 156008 156030 155665 156105 156156 156157 156585 157197 152733 151524 154170 154171 151927 155343 151228 156743 152708 151171 151026 154495 154105 155108 155192 152669 152372 152732
166854 31
151228 151524 151927 152708 152733 154170 154171 155343 156743 154737 152014 156053 153249 156008 156030 155665 156105 156156 156157 156585 155667 157197 151171 151026 154495 154105 155108 155192 152669 152372 152732
166855 34
151609 152108 156772 153249 154737 156053 152014 156008 156030 155665 156105 156156 156157 156585 155667 157197 151927 154170 154171 151524 155343 151228 156743 152708 152733 155653 156792 155664 155108 155192 151171 151026 154495 154105
166856 31
151609 152108 156772 151927 151524 152708 152733 154170 154171 155343 156743 151228 152014 156053 153249 154737 156030 155665 156105 156156 156157 156585 155667 156008 157197 151026 154495 154105 155108 155192 151171
166857 34
155665 155667 156008 156030 156105 156156 156157 156585 157197 151524 151927 152708 152733 154170 154171 155343 156743 151228 152108 156772 151609 156053 154737 152014 153249 151026 154495 154105 155108 155192 151171 152372 152732 152669
166858 34
155665 155667 156008 156030 156105 156156 156157 156585 157197 151524 151927 152708 152733 154170 154171 155343 156743 151228 152108 156772 151609 156053 154737 152014 153249 151026 154495 154105 155108 155192 151171 152372 152732 152669
166859 25
152708 152733 155343 156743 151524 154170 154171 151927 151228 154737 152014 156053 153249 152108 151609 156772 155108 155192 151171 151026 154495 154105 152372 152732 152669
166860 34
155665 155667 156008 156030 156105 156156 156157 156585 157197 152708 152733 156743 155343 151228 151524 154170 154171 151927 153249 156053 154737 152014 151609 156772 152108 151026 154495 154105 155108 155192 151171 152372 152732 152669
166861 37
152014 153249 154737 156053 152108 151609 156772 152733 151927 154170 154171 151524 155343 151228 156743 152708 156030 155665 156105 156156 156157 156585 155667 156008 157197 155653 156792 155664 155108 155192 151171 151026 154495 154105 152372 152732 152669
166862 31
155665 155667 156008 156030 156105 156156 156157 156585 157197 151524 151927 152708 152733 154170 154171 155343 156743 151228 153249 156053 154737 152014 151171 151026 154495 154105 155108 155192 152669 152372 152732
166863 31
155665 155667 156008 156030 156105 156156 156157 156585 157197 151524 151927 152708 152733 154170 154171 155343 156743 151228 153249 156053 154737 152014 151171 151026 154495 154105 155108 155192 152669 152372 152732
166864 31
151228 151524 151927 152708 152733 154170 154171 155343 156743 154737 152014 156053 153249 156008 156030 155665 156105 156156 156157 156585 155667 157197 151171 151026 154495 154105 155108 155192 152669 152372 152732
166865 31
152708 152733 155343 156743 151524 154170 154171 151927 151228 154737 152014 156053 153249 156008 156030 155665 156105 156156 156157 156585 155667 157197 151171 151026 154495 154105 155108 155192 152669 152372 152732
166866 27
155665 155667 156008 156030 156105 156156 156157 156585 157197 151524 151927 152708 152733 154170 154171 155343 156743 151228 155192 154105 151171 151026 154495 155108 152669 152372 152732
166867 28
155665 155667 156008 156030 156105 156156 156157 156585 157197 152708 152733 156743 155343 151228 151524 154170 154171 151927 153249 156053 154737 152014 151171 151026 154495 154105 155108 155192
166868 31
151609 152108 156772 151927 151524 152708 152733 154170 154171 155343 156743 151228 152014 156053 153249 154737 156030 155665 156105 156156 156157 156585 155667 156008 157197 151026 154495 154105 155108 155192 151171
166869 34
151228 151524 151927 152708 152733 154170 154171 155343 156743 154737 152014 156053 153249 156008 156030 155665 156105 156156 156157 156585 155667 157197 155664 156792 155653 154105 155108 155192 151171 151026 154495 152669 152372 152732
166870 34
151228 151524 151927 152708 152733 154170 154171 155343 156743 154737 152014 156053 153249 156008 156030 155665 156105 156156 156157 156585 155667 157197 155664 156792 155653 154105 155108 155192 151171 151026 154495 152669 152372 152732
166872 34
151228 151524 151927 152708 152733 154170 154171 155343 156743 154737 152014 156053 153249 156008 156030 155665 156105 156156 156157 156585 155667 157197 155664 156792 155653 154105 155108 155192 151171 151026 154495 152669 152372 152732
166874 34
151228 151524 151927 152708 152733 154170 154171 155343 156743 154737 152014 156053 153249 156008 156030 155665 156105 156156 156157 156585 155667 157197 155664 156792 155653 154105 155108 155192 151171 151026 154495 152669 152372 152732
166876 34
151228 151524 151927 152708 152733 154170 154171 155343 156743 154737 152014 155665 155667 156008 156030 156053 156105 156156 156157 156585 153249 157197 151171 151026 154495 154105 155108 155192 155664 156792 155653 152669 152372 152732
166877 34
152014 153249 154737 156053 155667 156008 156030 155665 156105 156156 156157 156585 157197 152733 151524 154170 154171 151927 155343 151228 156743 152708 151171 151026 154495 154105 155108 155192 155664 156792 155653 152669 152372 152732
166878 34
152014 153249 154737 156053 155667 156008 156030 155665 156105 156156 156157 156585 157197 152733 151524 154170 154171 151927 155343 151228 156743 152708 151171 151026 154495 154105 155108 155192 155664 156792 155653 152669 152372 152732
166879 34
155665 155667 156008 156030 156105 156156 156157 156585 157197 151524 151927 152708 152733 154170 154171 155343 156743 151228 153249 156053 154737 152014 151171 151026 154495 154105 155108 155192 155664 156792 155653 152669 152372 152732
166880 34
155665 155667 156008 156030 156105 156156 156157 156585 157197 154737 152014 156053 153249 152733 151524 154170 154171 151927 155343 151228 156743 152708 151171 151026 154495 154105 155108 155192 155664 156792 155653 152669 152372 152732
166881 34
155665 155667 156008 156030 156105 156156 156157 156585 157197 154737 152014 156053 153249 152733 151524 154170 154171 151927 155343 151228 156743 152708 151171 151026 154495 154105 155108 155192 155664 156792 155653 152669 152372 152732
166882 31
152014 153249 154737 156053 152108 151609 156772 156008 156030 155665 156105 156156 156157 156585 155667 157197 151927 154170 154171 151524 155343 151228 156743 152708 152733 151026 154495 154105 155108 155192 151171
166883 37
151609 152108 156772 153249 154737 156053 152014 156008 156030 155665 156105 156156 156157 156585 155667 157197 151927 154170 154171 151524 155343 151228 156743 152708 152733 151026 154495 154105 155108 155192 151171 155653 156792 155664 152372 152732 152669
166884 37
152014 153249 154737 156053 155667 156008 156030 155665 156105 156156 156157 156585 157197 152733 151524 154170 154171 151927 155343 151228 156743 152708 151171 151026 154495 154105 155108 155192 151609 156772 152108 155653 156792 155664 152372 152732 152669
166885 34
151609 152108 156772 153249 154737 156053 152014 156008 156030 155665 156105 156156 156157 156585 155667 157197 151927 154170 154171 151524 155343 151228 156743 152708 152733 151026 154495 154105 155108 155192 151171 155653 156792 155664
166886 34
151609 152108 156772 153249 154737 156053 152014 156008 156030 155665 156105 156156 156157 156585 155667 157197 151927 154170 154171 151524 155343 151228 156743 152708 152733 151026 154495 154105 155108 155192 151171 155653 156792 155664
166888 31
152014 153249 154737 156053 152708 152733 151524 154170 154171 151927 155343 151228 156743 156008 156030 155665 156105 156156 156157 156585 155667 157197 151171 151026 154495 154105 155108 155192 152669 152372 152732
166889 34
151609 152108 156772 153249 154737 156053 152014 156008 156030 155665 156105 156156 156157 156585 155667 157197 151927 154170 154171 151524 155343 151228 156743 152708 152733 151026 154495 154105 155108 155192 151171 152372 152732 152669
166890 34
151609 152108 156772 153249 154737 156053 152014 156008 156030 155665 156105 156156 156157 156585 155667 157197 151927 154170 154171 151524 155343 151228 156743 152708 152733 151026 154495 154105 155108 155192 151171 152372 152732 152669
166891 34
152014 153249 154737 156053 152708 152733 151524 154170 154171 151927 155343 151228 156743 156008 156030 155665 156105 156156 156157 156585 155667 157197 151171 151026 154495 154105 155108 155192 151609 156772 152108 152372 152732 152669
166892 31
152014 153249 154737 156053 152708 152733 151524 154170 154171 151927 155343 151228 156743 156008 156030 155665 156105 156156 156157 156585 155667 157197 151171 151026 154495 154105 155108 155192 151609 156772 152108
166893 34
152014 153249 154737 156053 152708 152733 151524 154170 154171 151927 155343 151228 156743 156008 156030 155665 156105 156156 156157 156585 155667 157197 151171 151026 154495 154105 155108 155192 151609 156772 152108 152372 152732 152669
166896 34
152014 153249 154737 156053 152708 152733 151524 154170 154171 151927 155343 151228 156743 156008 156030 155665 156105 156156 156157 156585 155667 157197 151171 151026 154495 154105 155108 155192 151609 156772 152108 152372 152732 152669
166897 34
152014 153249 154737 156053 152708 152733 151524 154170 154171 151927 155343 151228 156743 156008 156030 155665 156105 156156 156157 156585 155667 157197 151171 151026 154495 154105 155108 155192 151609 156772 152108 152372 152732 152669
166898 34
152014 153249 154737 156053 152708 152733 151524 154170 154171 151927 155343 151228 156743 156008 156030 155665 156105 156156 156157 156585 155667 157197 151171 151026 154495 154105 155108 155192 151609 156772 152108 152372 152732 152669
166899 31
152014 153249 154737 156053 152708 152733 151524 154170 154171 151927 155343 151228 156743 156008 156030 155665 156105 156156 156157 156585 155667 157197 151171 151026 154495 154105 155108 155192 152669 152372 152732
166900 31
152014 153249 154737 156053 152708 152733 151524 154170 154171 151927 155343 151228 156743 156008 156030 155665 156105 156156 156157 156585 155667 157197 151171 151026 154495 154105 155108 155192 152669 152372 152732
166902 34
152014 153249 154737 156053 152108 151609 156772 152733 151927 154170 154171 151524 155343 151228 156743 152708 156030 155665 156105 156156 156157 156585 155667 156008 157197 151026 154495 154105 155108 155192 151171 152372 152732 152669
166903 31
152014 153249 154737 156053 152708 152733 151524 154170 154171 151927 155343 151228 156743 156008 156030 155665 156105 156156 156157 156585 155667 157197 151171 151026 154495 154105 155108 155192 152669 152372 152732
166904 31
152014 153249 154737 156053 152708 152733 151524 154170 154171 151927 155343 151228 156743 156008 156030 155665 156105 156156 156157 156585 155667 157197 151171 151026 154495 154105 155108 155192 152669 152372 152732
166905 31
152014 153249 154737 156053 155667 156008 156030 155665 156105 156156 156157 156585 157197 152733 151524 154170 154171 151927 155343 151228 156743 152708 151171 151026 154495 154105 155108 155192 152669 152372 152732
166906 31
152014 153249 154737 156053 152708 152733 151524 154170 154171 151927 155343 151228 156743 156008 156030 155665 156105 156156 156157 156585 155667 157197 151171 151026 154495 154105 155108 155192 152669 152372 152732
166907 31
152014 153249 154737 156053 152708 152733 151524 154170 154171 151927 155343 151228 156743 156008 156030 155665 156105 156156 156157 156585 155667 157197 151171 151026 154495 154105 155108 155192 152669 152372 152732
166908 31
152014 153249 154737 156053 152708 152733 151524 154170 154171 151927 155343 151228 156743 156008 156030 155665 156105 156156 156157 156585 155667 157197 151171 151026 154495 154105 155108 155192 152669 152372 152732
166909 31
152014 153249 154737 156053 152708 152733 151524 154170 154171 151927 155343 151228 156743 156008 156030 155665 156105 156156 156157 156585 155667 157197 151171 151026 154495 154105 155108 155192 152669 152372 152732
166910 37
152014 153249 154737 156053 152108 151609 156772 152733 151927 154170 154171 151524 155343 151228 156743 152708 156030 155665 156105 156156 156157 156585 155667 156008 157197 155653 156792 155664 155108 155192 151171 151026 154495 154105 152372 152732 152669
166911 31
155665 155667 156008 156030 156105 156156 156157 156585 157197 151524 151927 152708 152733 154170 154171 155343 156743 151228 155192 154105 151171 151026 154495 155108 152669 152372 152732 152014 156053 153249 154737
166912 31
155665 155667 156008 156030 156105 156156 156157 156585 157197 151524 151927 152708 152733 154170 154171 155343 156743 151228 155192 154105 151171 151026 154495 155108 152669 152372 152732 152014 156053 153249 154737
166913 31
152014 153249 154737 156053 155667 156008 156030 155665 156105 156156 156157 156585 157197 155108 155192 151171 154105 154495 151026 154171 151228 152708 152733 151524 155343 151927 156743 154170 152669 152372 152732
166914 31
155665 155667 156008 156030 156105 156156 156157 156585 157197 151524 151927 152708 152733 154170 154171 155343 156743 151228 153249 156053 154737 152014 151171 151026 154495 154105 155108 155192 152669 152372 152732
166915 31
155665 155667 156008 156030 156105 156156 156157 156585 157197 151524 151927 152708 152733 154170 154171 155343 156743 151228 153249 156053 154737 152014 151171 151026 154495 154105 155108 155192 152669 152372 152732
166916 25
155665 155667 156008 156030 156105 156156 156157 156585 157197 154737 152014 156053 153249 151609 156772 152108 155192 151171 154105 154495 151026 155108 152732 152372 152669
166917 25
155665 155667 156008 156030 156105 156156 156157 156585 157197 154737 152014 156053 153249 151609 156772 152108 155192 151171 154105 154495 151026 155108 152732 152372 152669
166918 25
155665 155667 156008 156030 156105 156156 156157 156585 157197 154737 152014 156053 153249 151609 156772 152108 155192 151171 154105 154495 151026 155108 152732 152372 152669
166920 25
155665 155667 156008 156030 156105 156156 156157 156585 157197 154737 152014 156053 153249 151609 156772 152108 155192 151171 154105 154495 151026 155108 152732 152372 152669
166921 25
155665 155667 156008 156030 156105 156156 156157 156585 157197 154737 152014 156053 153249 151609 156772 152108 155192 151171 154105 154495 151026 155108 152732 152372 152669
166922 25
155665 155667 156008 156030 156105 156156 156157 156585 157197 154737 152014 156053 153249 151609 156772 152108 155192 151171 154105 154495 151026 155108 152732 152372 152669
166923 34
151228 151524 151927 152708 152733 154170 154171 155343 156743 155667 156008 156030 156105 156156 156157 156585 155665 157197 153249 156053 154737 152014 151609 156772 152108 151026 154495 154105 155108 155192 151171 152372 152732 152669
166925 34
155665 155667 156008 156030 156105 156156 156157 156585 157197 154737 152014 156053 153249 152733 151524 154170 154171 151927 155343 151228 156743 152708 151171 151026 154495 154105 155108 155192 151609 156772 152108 152372 152732 152669
166926 34
155665 155667 156008 156030 156105 156156 156157 156585 157197 154737 152014 156053 153249 152733 151524 154170 154171 151927 155343 151228 156743 152708 151171 151026 154495 154105 155108 155192 151609 156772 152108 152372 152732 152669
166928 25
152014 153249 154737 156053 152708 152733 151524 154170 154171 151927 155343 151228 156743 152652 156858 156926 155192 151026 151171 154495 154105 155108 152732 152669 152372
166929 34
155665 155667 156008 156030 156105 156156 156157 156585 157197 154737 152014 156053 153249 156858 156926 152652 156743 152708 152733 155343 151927 151228 151524 154170 154171 154495 154105 155108 155192 151026 151171 152732 152669 152372
166930 34
155665 155667 156008 156030 156105 156156 156157 156585 157197 154737 152014 156053 153249 156858 156926 152652 154170 154171 151228 155343 151524 156743 152708 152733 151927 154495 154105 155108 155192 151026 151171 152732 152669 152372
166932 34
155665 155667 156008 156030 156105 156156 156157 156585 157197 154737 152014 156053 153249 156858 156926 152652 154170 154171 151228 155343 151524 156743 152708 152733 151927 154495 154105 155108 155192 151026 151171 152732 152669 152372
166934 34
155665 155667 156008 156030 156105 156156 156157 156585 157197 154737 152014 156053 153249 156858 156926 152652 154170 154171 151228 155343 151524 156743 152708 152733 151927 154495 154105 155108 155192 151026 151171 152732 152669 152372
166935 34
155665 155667 156008 156030 156105 156156 156157 156585 157197 154737 152014 156053 153249 156858 156926 152652 154170 154171 151228 155343 151524 156743 152708 152733 151927 154495 154105 155108 155192 151026 151171 152732 152669 152372
166937 14
151874 151914 152162 156801 152791 152834 153064 153407 153790 153800 153806 153824 153984 152736
166939 4
151874 151914 152162 156801
166941 10
151026 151171 154105 154495 155108 155192 151914 152162 151874 156801
166943 10
151026 151171 154105 154495 155108 155192 151914 152162 151874 156801
166944 18
155146 155147 154105 154495 155108 151026 151171 155192 153800 153806 153824 153984 152736 152791 152834 153064 153407 153790
166945 12
151609 152108 156772 151171 154105 154495 155108 155192 151026 152162 151914 151874
166946 10
151026 151171 154105 154495 155108 155192 151914 152162 151874 156801
166947 10
151026 151171 154105 154495 155108 155192 151914 152162 151874 156801
166948 9
151026 151171 154105 154495 155108 155192 151914 152162 151874
166949 10
151026 151171 154105 154495 155108 155192 151914 152162 151874 156801
166951 9
151026 151171 154105 154495 155108 155192 151914 152162 151874
166952 13
152014 153249 154737 156053 154105 154495 151026 155108 155192 151171 151874 152162 151914
166953 12
151026 151171 154105 154495 155108 155192 151609 152108 156772 152162 151914 151874
166954 12
151026 151171 154105 154495 155108 155192 151609 152108 156772 152162 151914 151874
166955 12
151026 151171 154105 154495 155108 155192 151609 152108 156772 152162 151914 151874
166958 12
151026 151171 154105 154495 155108 155192 151609 152108 156772 152162 151914 151874
166959 12
151026 151171 154105 154495 155108 155192 151609 152108 156772 152162 151914 151874
166960 12
151026 151171 154105 154495 155108 155192 151609 152108 156772 152162 151914 151874
