168749 10
151026 151171 154105 154495 155108 155192 151914 152162 151874 156801
168750 16
151609 152108 156772 152669 152732 152372 151026 154105 154495 155108 155192 151171 152162 151914 151874 156801
168751 13
151609 152108 156772 151171 154105 154495 155108 155192 151026 152162 151914 151874 156801
168752 13
151609 152108 156772 151171 154105 154495 155108 155192 151026 152162 151914 151874 156801
168754 13
151609 152108 156772 151171 154105 154495 155108 155192 151026 152162 151914 151874 156801
168756 13
151609 152108 156772 151171 154105 154495 155108 155192 151026 152162 151914 151874 156801
168757 20
151026 151171 154105 154495 155108 155192 151914 152162 151874 156801 153790 153800 153806 153824 153984 152736 152791 152834 153064 153407
168758 9
151609 152108 156772 151171 154105 154495 155108 155192 151026
168759 9
151609 152108 156772 151171 154105 154495 155108 155192 151026
168760 9
151609 152108 156772 151171 154105 154495 155108 155192 151026
168762 32
152372 152669 152732 155146 155147 152708 151927 152733 154170 154171 151228 151524 155343 156743 155667 156008 156030 156105 156156 156157 156585 155665 157197 155192 151171 154495 155108 154105 151026 151609 156772 152108
168763 45
152736 152791 152834 153064 153407 153790 153800 153806 153824 153984 152562 153275 157243 155201 155244 155318 155367 155381 155911 155927 155930 151575 152824 151917 154217 154984 152897 152976 151990 152022 153362 152251 151370 151493 156483 156484 156855 156953 151292 154475 154799 152103 155409 151252 153210
168764 9
151228 151524 151927 152708 152733 154170 154171 155343 156743
168765 6
151026 151171 154105 154495 155108 155192
168766 6
151026 151171 154105 154495 155108 155192
168767 8
151026 151171 154105 154495 155108 155192 155147 155146
168768 3
151609 152108 156772
168769 2
155146 155147
168770 2
155146 155147
168771 25
155146 155147 151370 151493 151917 151990 152022 152103 152251 152824 152897 152976 153210 153362 154217 154475 154799 154984 151252 151292 155409 156483 156484 156855 156953
168772 25
155146 155147 151493 151917 151990 152022 152251 152824 152897 152976 153362 154217 154984 151292 151370 156483 156484 156855 156953 152103 155409 154475 154799 153210 151252
168773 25
155146 155147 151370 151493 151917 151990 152022 152103 152251 152824 152897 152976 153210 153362 154217 154475 154799 154984 151252 151292 155409 156483 156484 156855 156953
168774 2
155146 155147
168775 25
155146 155147 151493 151917 151990 152022 152251 152824 152897 152976 153362 154217 154984 151292 151370 156483 156484 156855 156953 152103 155409 154475 154799 153210 151252
168776 2
155146 155147
168777 45
152736 152791 152834 153064 153407 153790 153800 153806 153824 153984 151575 152562 153275 155201 155244 155318 155367 155381 155911 155927 155930 157243 152103 152251 151292 151370 151493 154217 154475 154799 154984 152824 151252 152897 152976 151917 155409 153210 151990 153362 156483 156484 156855 156953 152022
168778 22
152736 152791 152834 153064 153407 153790 153800 153806 153824 153984 151575 152562 153275 155201 155244 155318 155367 155381 155911 155927 155930 157243
168779 22
152736 152791 152834 153064 153407 153790 153800 153806 153824 153984 151575 152562 153275 155201 155244 155318 155367 155381 155911 155927 155930 157243
168780 10
152736 152791 152834 153064 153407 153790 153800 153806 153824 153984
168781 10
152736 152791 152834 153064 153407 153790 153800 153806 153824 153984
168782 10
152736 152791 152834 153064 153407 153790 153800 153806 153824 153984
168783 33
152736 152791 152834 153064 153407 153790 153800 153806 153824 153984 151292 152824 151370 152897 152976 151493 153210 153362 151917 151990 152022 152103 152251 151252 154217 154475 154799 154984 155409 156483 156484 156855 156953
168785 3
151609 152108 156772
168787 5
151609 152108 156772 155147 155146
168791 26
151609 152108 156772 151493 151252 151917 151990 152022 152103 151292 152251 152824 152897 152976 153210 153362 154217 154475 154799 154984 155409 156483 156484 151370 156855 156953
168792 48
152562 153275 157243 155201 155244 155318 155367 155381 155911 155927 155930 151575 152897 152976 153210 151370 153362 154217 154475 154799 154984 151493 151252 151917 151990 152022 155409 152103 152251 151292 156483 156484 156855 156953 152824 153824 153984 153064 152834 152791 152736 153407 153790 153800 153806 155436 154290 153079
168793 48
151575 152562 153275 155201 155244 155318 155367 155381 155911 155927 155930 157243 152897 152976 153210 151370 153362 154217 154475 154799 154984 151493 151252 151917 151990 152022 155409 152103 152251 151292 156483 156484 156855 156953 152824 153824 153984 153064 152834 152791 152736 153407 153790 153800 153806 155436 154290 153079
168794 22
152562 153275 157243 155201 155244 155318 155367 155381 155911 155927 155930 151575 153984 152791 152834 153064 152736 153407 153790 153800 153806 153824
168799 45
152562 153275 157243 155201 155244 155318 155367 155381 155911 155927 155930 151575 152897 152976 153210 151370 153362 154217 154475 154799 154984 151493 151252 151917 151990 152022 155409 152103 152251 151292 156483 156484 156855 156953 152824 153824 153984 153064 152834 152791 152736 153407 153790 153800 153806
168800 35
151575 152562 153275 155201 155244 155318 155367 155381 155911 155927 155930 157243 152897 152976 153210 151370 153362 154217 154475 154799 154984 151493 151252 151917 151990 152022 155409 152103 152251 151292 156483 156484 156855 156953 152824
168803 12
151575 155201 155244 155318 155367 155381 155911 155927 155930 152562 153275 157243
168804 12
151575 155201 155244 155318 155367 155381 155911 155927 155930 152562 153275 157243
168807 3
151609 152108 156772
168808 3
151609 152108 156772
168809 25
151609 152108 156772 152791 152834 153064 153407 153790 153800 153806 153824 153984 152736 152562 153275 155201 155244 155318 155367 155381 155911 155927 155930 151575 157243
168810 11
151026 151171 154105 154495 155108 155192 155147 155146 152372 152669 152732
168811 48
152736 152791 152834 153064 153407 153790 153800 153806 153824 153984 151575 152562 153275 155201 155244 155318 155367 155381 155911 155927 155930 157243 152824 151917 154217 154984 152897 152976 151990 152022 153362 152251 151370 151493 156483 156484 156855 156953 151292 154475 154799 152103 155409 151252 153210 155436 154290 153079
168812 45
151575 152562 153275 155201 155244 155318 155367 155381 155911 155927 155930 157243 153984 152791 152834 153064 152736 153407 153790 153800 153806 153824 152103 152251 151292 151370 151493 154217 154475 154799 154984 152824 151252 152897 152976 151917 155409 153210 151990 153362 156483 156484 156855 156953 152022
168813 45
151575 152562 153275 155201 155244 155318 155367 155381 155911 155927 155930 157243 153984 152791 152834 153064 152736 153407 153790 153800 153806 153824 152103 152251 151292 151370 151493 154217 154475 154799 154984 152824 151252 152897 152976 151917 155409 153210 151990 153362 156483 156484 156855 156953 152022
168814 45
152562 153275 157243 155201 155244 155318 155367 155381 155911 155927 155930 151575 153984 152791 152834 153064 152736 153407 153790 153800 153806 153824 152103 152251 151292 151370 151493 154217 154475 154799 154984 152824 151252 152897 152976 151917 155409 153210 151990 153362 156483 156484 156855 156953 152022
168815 45
152562 153275 157243 155201 155244 155318 155367 155381 155911 155927 155930 151575 153984 152791 152834 153064 152736 153407 153790 153800 153806 153824 152103 152251 151292 151370 151493 154217 154475 154799 154984 152824 151252 152897 152976 151917 155409 153210 151990 153362 156483 156484 156855 156953 152022
168816 22
151575 152562 153275 155201 155244 155318 155367 155381 155911 155927 155930 157243 153984 152791 152834 153064 152736 153407 153790 153800 153806 153824
168817 22
151575 152562 153275 155201 155244 155318 155367 155381 155911 155927 155930 157243 153984 152791 152834 153064 152736 153407 153790 153800 153806 153824
168818 22
152562 153275 157243 155201 155244 155318 155367 155381 155911 155927 155930 151575 153984 152791 152834 153064 152736 153407 153790 153800 153806 153824
168819 22
152562 153275 157243 155201 155244 155318 155367 155381 155911 155927 155930 151575 153984 152791 152834 153064 152736 153407 153790 153800 153806 153824
168822 22
151575 152562 153275 155201 155244 155318 155367 155381 155911 155927 155930 157243 153984 152791 152834 153064 152736 153407 153790 153800 153806 153824
168823 22
151575 152562 153275 155201 155244 155318 155367 155381 155911 155927 155930 157243 153984 152791 152834 153064 152736 153407 153790 153800 153806 153824
168824 22
151575 152562 153275 155201 155244 155318 155367 155381 155911 155927 155930 157243 153984 152791 152834 153064 152736 153407 153790 153800 153806 153824
168825 22
151575 152562 153275 155201 155244 155318 155367 155381 155911 155927 155930 157243 153984 152791 152834 153064 152736 153407 153790 153800 153806 153824
168826 22
152562 153275 157243 155201 155244 155318 155367 155381 155911 155927 155930 151575 153984 152791 152834 153064 152736 153407 153790 153800 153806 153824
168827 22
151575 152562 153275 155201 155244 155318 155367 155381 155911 155927 155930 157243 153984 152791 152834 153064 152736 153407 153790 153800 153806 153824
168828 22
151575 152562 153275 155201 155244 155318 155367 155381 155911 155927 155930 157243 153984 152791 152834 153064 152736 153407 153790 153800 153806 153824
168829 22
151575 152562 153275 155201 155244 155318 155367 155381 155911 155927 155930 157243 153984 152791 152834 153064 152736 153407 153790 153800 153806 153824
168830 2
155146 155147
168831 2
155146 155147
168832 15
151609 152108 156772 153275 152562 157243 155244 155318 155367 155381 155911 155927 155930 151575 155201
168834 15
151609 152108 156772 155201 155244 155318 155367 155381 155911 155927 155930 151575 153275 152562 157243
168835 15
151609 152108 156772 155201 155244 155318 155367 155381 155911 155927 155930 151575 153275 152562 157243
168836 22
151575 155201 155244 155318 155367 155381 155911 155927 155930 152562 153275 157243 153984 152791 152834 153064 152736 153407 153790 153800 153806 153824
168837 22
151575 155201 155244 155318 155367 155381 155911 155927 155930 152562 153275 157243 153984 152791 152834 153064 152736 153407 153790 153800 153806 153824
168838 45
152562 153275 157243 155201 155244 155318 155367 155381 155911 155927 155930 151575 153984 152791 152834 153064 152736 153407 153790 153800 153806 153824 152103 152251 151292 151370 151493 154217 154475 154799 154984 152824 151252 152897 152976 151917 155409 153210 151990 153362 156483 156484 156855 156953 152022
168839 45
152562 153275 157243 155201 155244 155318 155367 155381 155911 155927 155930 151575 153984 152791 152834 153064 152736 153407 153790 153800 153806 153824 152103 152251 151292 151370 151493 154217 154475 154799 154984 152824 151252 152897 152976 151917 155409 153210 151990 153362 156483 156484 156855 156953 152022
168842 12
152562 153275 157243 155201 155244 155318 155367 155381 155911 155927 155930 151575
168843 14
155146 155147 153275 151575 152562 155201 155244 155318 155367 155381 155911 155927 155930 157243
168844 22
151575 152562 153275 155201 155244 155318 155367 155381 155911 155927 155930 157243 153984 152791 152834 153064 152736 153407 153790 153800 153806 153824
168847 2
155146 155147
168848 2
155146 155147
168849 2
155146 155147
168850 3
155653 155664 156792
168851 2
155146 155147
168852 2
155146 155147
168853 2
155146 155147
168855 24
155146 155147 152562 153275 157243 155201 155244 155318 155367 155381 155911 155927 155930 151575 152834 153064 152736 153407 153790 153800 153806 153824 153984 152791
168856 18
152014 153249 154737 155146 155147 156053 152562 153275 157243 155244 155318 155367 155381 155911 155927 155930 151575 155201
168857 5
151609 152108 156772 155147 155146
168858 2
155146 155147
168860 2
155146 155147
168861 2
155146 155147
168862 2
155146 155147
168863 2
155146 155147
168864 15
151026 151171 154105 154495 155108 155192 155665 155667 156008 156030 156105 156156 156157 156585 157197
168865 6
151026 151171 154105 154495 155108 155192
168866 15
155665 155667 156008 156030 156105 156156 156157 156585 157197 154495 155108 155192 151026 151171 154105
168867 18
155665 155667 156008 156030 156105 156156 156157 156585 157197 154495 155108 155192 151026 151171 154105 152108 156772 151609
168868 18
155665 155667 156008 156030 156105 156156 156157 156585 157197 154495 155108 155192 151026 151171 154105 152108 156772 151609
168869 18
155665 155667 156008 156030 156105 156156 156157 156585 157197 154495 155108 155192 151026 151171 154105 152108 156772 151609
168870 18
155665 155667 156008 156030 156105 156156 156157 156585 157197 154495 155108 155192 151026 151171 154105 152108 156772 151609
168871 18
155665 155667 156008 156030 156105 156156 156157 156585 157197 154495 155108 155192 151026 151171 154105 152108 156772 151609
168872 11
155146 155147 154105 154495 155108 151026 151171 155192 151609 152108 156772
168873 15
155665 155667 156008 156030 156105 156156 156157 156585 157197 154495 155108 155192 151026 151171 154105
168874 15
155665 155667 156008 156030 156105 156156 156157 156585 157197 154495 155108 155192 151026 151171 154105
168876 15
155665 155667 156008 156030 156105 156156 156157 156585 157197 154495 155108 155192 151026 151171 154105
168877 15
155665 155667 156008 156030 156105 156156 156157 156585 157197 154495 155108 155192 151026 151171 154105
168878 15
155665 155667 156008 156030 156105 156156 156157 156585 157197 154495 155108 155192 151026 151171 154105
168879 6
151026 151171 154105 154495 155108 155192
168880 14
155146 155147 153275 151575 152562 155201 155244 155318 155367 155381 155911 155927 155930 157243
168881 20
151026 151171 154105 154495 155108 155192 155147 155146 151575 152562 153275 155201 155244 155318 155367 155381 155911 155927 155930 157243
168883 20
151026 151171 154105 154495 155108 155192 155147 155146 151575 152562 153275 155201 155244 155318 155367 155381 155911 155927 155930 157243
168884 3
151609 152108 156772
168885 3
151609 152108 156772
168889 3
151609 152108 156772
168890 3
151609 152108 156772
168894 6
151026 151171 154105 154495 155108 155192
168896 11
151026 151171 154105 154495 155108 155192 151609 152108 156772 155146 155147
168897 9
151609 152108 156772 155147 155146 152014 153249 156053 154737
168899 9
151609 152108 156772 155147 155146 152014 153249 156053 154737
168900 9
151609 152108 156772 155147 155146 152014 153249 156053 154737
168901 9
151026 151171 154105 154495 155108 155192 151609 152108 156772
168902 47
155146 155147 152834 153064 153407 153790 153800 153806 153824 153984 152736 152791 153275 151575 152562 155201 155244 155318 155367 155381 155911 155927 155930 157243 151292 151370 151493 154217 154475 154799 154984 152824 151252 152897 152976 151917 153210 151990 155409 153362 152022 152103 156483 156484 156855 156953 152251
168903 47
155146 155147 152834 153064 153407 153790 153800 153806 153824 153984 152736 152791 152562 153275 157243 155201 155244 155318 155367 155381 155911 155927 155930 151575 151292 151370 151493 154217 154475 154799 154984 152824 151252 152897 152976 151917 153210 151990 155409 153362 152022 152103 156483 156484 156855 156953 152251
168905 24
155146 155147 153275 151575 152562 155201 155244 155318 155367 155381 155911 155927 155930 157243 152834 153064 152736 153407 153790 153800 153806 153824 153984 152791
168906 30
151026 151171 154105 154495 155108 155192 155147 155146 153800 153806 153824 153984 152736 152791 152834 153064 153407 153790 151575 152562 153275 155201 155244 155318 155367 155381 155911 155927 155930 157243
168908 20
155665 155667 156008 156030 156105 156156 156157 156585 157197 152108 156772 151609 155108 155192 151026 151171 154105 154495 155147 155146
168909 20
151026 151171 154105 154495 155108 155192 155147 155146 152562 153275 157243 155201 155244 155318 155367 155381 155911 155927 155930 151575
168910 20
151026 151171 154105 154495 155108 155192 155147 155146 152562 153275 157243 155201 155244 155318 155367 155381 155911 155927 155930 151575
168912 14
155146 155147 153275 151575 152562 155201 155244 155318 155367 155381 155911 155927 155930 157243
168913 8
151026 151171 154105 154495 155108 155192 155147 155146
168914 20
151026 151171 154105 154495 155108 155192 155147 155146 151575 152562 153275 155201 155244 155318 155367 155381 155911 155927 155930 157243
168915 20
151026 151171 154105 154495 155108 155192 155147 155146 151575 152562 153275 155201 155244 155318 155367 155381 155911 155927 155930 157243
168916 47
155146 155147 153275 151575 152562 155201 155244 155318 155367 155381 155911 155927 155930 157243 152834 153064 152736 153407 153790 153800 153806 153824 153984 152791 151292 151370 151493 154217 154475 154799 154984 152824 151252 152897 152976 151917 153210 151990 155409 153362 152022 152103 156483 156484 156855 156953 152251
168917 30
151026 151171 154105 154495 155108 155192 155147 155146 152562 153275 157243 155201 155244 155318 155367 155381 155911 155927 155930 151575 153790 153800 153806 153824 153984 152791 152834 153064 152736 153407
168918 47
155146 155147 153275 151575 152562 155201 155244 155318 155367 155381 155911 155927 155930 157243 152834 153064 152736 153407 153790 153800 153806 153824 153984 152791 151292 151370 151493 154217 154475 154799 154984 152824 151252 152897 152976 151917 153210 151990 155409 153362 152022 152103 156483 156484 156855 156953 152251
168919 11
151609 152108 156772 151171 154105 154495 155108 155192 151026 155146 155147
168920 11
151609 152108 156772 151171 154105 154495 155108 155192 151026 155146 155147
168921 22
151228 151524 151927 152708 152733 154170 154171 155343 156743 154737 152014 156053 153249 152108 151609 156772 155108 155192 151171 151026 154495 154105
168922 22
151228 151524 151927 152708 152733 154170 154171 155343 156743 154737 152014 156053 153249 152108 151609 156772 155108 155192 151171 151026 154495 154105
168923 22
151228 151524 151927 152708 152733 154170 154171 155343 156743 154737 152014 156053 153249 152108 151609 156772 155108 155192 151171 151026 154495 154105
168924 34
155665 155667 156008 156030 156105 156156 156157 156585 157197 151524 151927 152708 152733 154170 154171 155343 156743 151228 153249 156053 154737 152014 151609 156772 152108 155653 156792 155664 155108 155192 151171 151026 154495 154105
168925 15
152014 153249 154737 156053 152108 151609 156772 154495 151026 155108 155192 151171 154105 155147 155146
168926 15
152014 153249 154737 156053 154105 154495 151026 155108 155192 151171 152108 151609 156772 155147 155146
168927 15
152014 153249 154737 156053 154105 154495 151026 155108 155192 151171 152108 151609 156772 155147 155146
168928 34
155665 155667 156008 156030 156105 156156 156157 156585 157197 152372 152669 152732 151524 152708 151927 152733 154170 154171 155343 156743 151228 153249 156053 154737 152014 152108 156772 151609 151171 154495 154105 155108 155192 151026
168929 34
152372 152669 152732 155665 155667 156008 156030 156105 156156 156157 156585 157197 151524 152708 151927 152733 154170 154171 155343 156743 151228 153249 156053 154737 152014 152108 156772 151609 151171 154495 154105 155108 155192 151026
168930 16
152372 152669 152732 152014 153249 154737 156053 151609 152108 156772 154495 151171 155108 155192 151026 154105
168931 25
155665 155667 156008 156030 156105 156156 156157 156585 157197 152372 152669 152732 154737 152014 156053 153249 152108 156772 151609 155192 151026 154105 154495 151171 155108
168932 37
151228 151524 151927 152708 152733 154170 154171 155343 156743 152732 152669 152372 154737 152014 156053 153249 156008 156030 155665 156105 156156 156157 156585 155667 157197 155664 156792 155653 156772 151609 152108 155108 155192 151026 151171 154495 154105
168934 37
151228 151524 151927 152708 152733 154170 154171 155343 156743 152732 152669 152372 154737 152014 156053 153249 156008 156030 155665 156105 156156 156157 156585 155667 157197 155664 156792 155653 156772 151609 152108 155108 155192 151026 151171 154495 154105
168935 25
152372 152669 152732 152014 153249 154737 156053 155667 156008 156030 155665 156105 156156 156157 156585 157197 152108 156772 151609 155192 151026 154105 154495 151171 155108
168936 25
152372 152669 152732 152014 153249 154737 156053 155667 156008 156030 155665 156105 156156 156157 156585 157197 152108 156772 151609 155192 151026 154105 154495 151171 155108
168937 34
151228 151524 151927 152708 152733 154170 154171 155343 156743 152732 152669 152372 154737 152014 156053 153249 156008 156030 155665 156105 156156 156157 156585 155667 157197 152108 156772 151609 151171 154495 154105 155108 155192 151026
168938 15
152014 153249 154737 156053 152108 151609 156772 154495 151026 155108 155192 151171 154105 155147 155146
168939 11
151609 152108 156772 151171 154105 154495 155108 155192 151026 155146 155147
168940 17
155665 155667 156008 156030 156105 156156 156157 156585 157197 154495 155108 155192 151026 151171 154105 155146 155147
168941 17
155665 155667 156008 156030 156105 156156 156157 156585 157197 154495 155108 155192 151026 151171 154105 155146 155147
168942 17
155665 155667 156008 156030 156105 156156 156157 156585 157197 154495 155108 155192 151026 151171 154105 155146 155147
168943 17
155665 155667 156008 156030 156105 156156 156157 156585 157197 154495 155108 155192 151026 151171 154105 155146 155147
168944 39
155665 155667 156008 156030 156105 156156 156157 156585 157197 154495 155108 155192 151026 151171 154105 155146 155147 155927 155930 155244 155318 155367 155381 151575 155201 155911 153275 152562 157243 153407 153790 153800 153806 153824 153984 152791 152834 153064 152736
168945 39
155665 155667 156008 156030 156105 156156 156157 156585 157197 154495 155108 155192 151026 151171 154105 155146 155147 153275 152562 157243 155930 155244 155318 155367 155381 151575 155201 155911 155927 153407 153790 153800 153806 153824 153984 152791 152834 153064 152736
168946 17
155665 155667 156008 156030 156105 156156 156157 156585 157197 154495 155108 155192 151026 151171 154105 155146 155147
168947 39
155665 155667 156008 156030 156105 156156 156157 156585 157197 154495 155108 155192 151026 151171 154105 155146 155147 153275 152562 157243 155930 155244 155318 155367 155381 151575 155201 155911 155927 153407 153790 153800 153806 153824 153984 152791 152834 153064 152736
168948 27
155665 155667 156008 156030 156105 156156 156157 156585 157197 154495 155108 155192 151026 151171 154105 155146 155147 153790 153800 153806 153824 153984 152736 152791 152834 153064 153407
168949 17
155665 155667 156008 156030 156105 156156 156157 156585 157197 154495 155108 155192 151026 151171 154105 155146 155147
168950 17
155665 155667 156008 156030 156105 156156 156157 156585 157197 154495 155108 155192 151026 151171 154105 155146 155147
168951 20
155665 155667 156008 156030 156105 156156 156157 156585 157197 152108 156772 151609 155108 155192 151026 151171 154105 154495 155147 155146
168952 20
155665 155667 156008 156030 156105 156156 156157 156585 157197 152108 156772 151609 155108 155192 151026 151171 154105 154495 155147 155146
168953 17
155665 155667 156008 156030 156105 156156 156157 156585 157197 154495 155108 155192 151026 151171 154105 155146 155147
168955 17
155665 155667 156008 156030 156105 156156 156157 156585 157197 154495 155108 155192 151026 151171 154105 155146 155147
168956 17
155665 155667 156008 156030 156105 156156 156157 156585 157197 154495 155108 155192 151026 151171 154105 155146 155147
168957 17
155665 155667 156008 156030 156105 156156 156157 156585 157197 154495 155108 155192 151026 151171 154105 155146 155147
168958 17
155665 155667 156008 156030 156105 156156 156157 156585 157197 154495 155108 155192 151026 151171 154105 155146 155147
168960 17
155665 155667 156008 156030 156105 156156 156157 156585 157197 154495 155108 155192 151026 151171 154105 155146 155147
168961 17
155665 155667 156008 156030 156105 156156 156157 156585 157197 154495 155108 155192 151026 151171 154105 155146 155147
168962 18
155653 155664 156792 155667 156008 156030 156105 156156 156157 156585 155665 157197 151026 151171 154105 154495 155108 155192
168963 17
155665 155667 156008 156030 156105 156156 156157 156585 157197 154495 155108 155192 151026 151171 154105 155146 155147
168964 20
155665 155667 156008 156030 156105 156156 156157 156585 157197 152108 156772 151609 155108 155192 151026 151171 154105 154495 155147 155146
168966 17
155665 155667 156008 156030 156105 156156 156157 156585 157197 154495 155108 155192 151026 151171 154105 155146 155147
168967 17
155665 155667 156008 156030 156105 156156 156157 156585 157197 154495 155108 155192 151026 151171 154105 155146 155147
168968 17
155665 155667 156008 156030 156105 156156 156157 156585 157197 155147 155146 151026 151171 155192 154105 154495 155108
168969 20
151609 152108 156772 155667 156008 156030 156105 156156 156157 156585 155665 157197 155108 155192 151026 151171 154105 154495 155147 155146
168970 20
151609 152108 156772 155667 156008 156030 156105 156156 156157 156585 155665 157197 155146 155147 151171 155192 154105 154495 155108 151026
168971 20
151609 152108 156772 155667 156008 156030 156105 156156 156157 156585 155665 157197 155146 155147 151171 155192 154105 154495 155108 151026
168972 17
155665 155667 156008 156030 156105 156156 156157 156585 157197 155147 155146 151026 151171 155192 154105 154495 155108
168973 17
155665 155667 156008 156030 156105 156156 156157 156585 157197 155147 155146 151026 151171 155192 154105 154495 155108
168974 17
155665 155667 156008 156030 156105 156156 156157 156585 157197 155147 155146 151026 151171 155192 154105 154495 155108
168975 17
155665 155667 156008 156030 156105 156156 156157 156585 157197 155147 155146 151026 151171 155192 154105 154495 155108
168976 17
155665 155667 156008 156030 156105 156156 156157 156585 157197 155147 155146 151026 151171 155192 154105 154495 155108
168977 17
155665 155667 156008 156030 156105 156156 156157 156585 157197 155147 155146 151026 151171 155192 154105 154495 155108
168979 17
155665 155667 156008 156030 156105 156156 156157 156585 157197 154495 155108 155192 151026 151171 154105 155146 155147
168980 17
155665 155667 156008 156030 156105 156156 156157 156585 157197 154495 155108 155192 151026 151171 154105 155146 155147
168981 17
155665 155667 156008 156030 156105 156156 156157 156585 157197 154495 155108 155192 151026 151171 154105 155146 155147
168982 21
155653 155664 156792 152108 156772 151609 156008 156030 156105 156156 156157 156585 155665 155667 157197 151171 154105 154495 155108 155192 151026
168983 21
155653 155664 156792 152108 156772 151609 156008 156030 156105 156156 156157 156585 155665 155667 157197 151171 154105 154495 155108 155192 151026
168984 21
155653 155664 156792 152108 156772 151609 156008 156030 156105 156156 156157 156585 155665 155667 157197 151171 154105 154495 155108 155192 151026
168985 21
155653 155664 156792 152108 156772 151609 156008 156030 156105 156156 156157 156585 155665 155667 157197 151171 154105 154495 155108 155192 151026
168986 21
155653 155664 156792 152108 156772 151609 156008 156030 156105 156156 156157 156585 155665 155667 157197 151171 154105 154495 155108 155192 151026
168987 21
155653 155664 156792 152108 156772 151609 156008 156030 156105 156156 156157 156585 155665 155667 157197 151171 154105 154495 155108 155192 151026
168988 34
151609 152108 156772 155664 155653 156792 155108 155192 151026 151171 154105 154495 153824 153984 152736 152791 152834 153064 153407 153790 153800 153806 155244 155318 155367 155381 152562 153275 155911 155927 155930 151575 155201 157243
168989 34
151609 152108 156772 155664 155653 156792 155108 155192 151026 151171 154105 154495 153824 153984 152736 152791 152834 153064 153407 153790 153800 153806 155244 155318 155367 155381 152562 153275 155911 155927 155930 151575 155201 157243
168990 34
155653 155664 156792 152108 156772 151609 155108 155192 151026 151171 154105 154495 153824 153984 152736 152791 152834 153064 153407 153790 153800 153806 155244 155318 155367 155381 152562 153275 155911 155927 155930 151575 155201 157243
168991 34
155653 155664 156792 152108 156772 151609 155108 155192 151026 151171 154105 154495 153824 153984 152736 152791 152834 153064 153407 153790 153800 153806 155244 155318 155367 155381 152562 153275 155911 155927 155930 151575 155201 157243
168993 34
155653 155664 156792 152108 156772 151609 155108 155192 151026 151171 154105 154495 153824 153984 152736 152791 152834 153064 153407 153790 153800 153806 152562 153275 157243 155381 151575 155201 155911 155927 155930 155244 155318 155367
168994 34
151026 151171 154105 154495 155108 155192 151609 152108 156772 156792 155653 155664 153824 153984 152736 152791 152834 153064 153407 153790 153800 153806 155244 155318 155367 155381 152562 153275 155911 155927 155930 151575 155201 157243
168996 34
151609 152108 156772 155664 155653 156792 155108 155192 151026 151171 154105 154495 153824 153984 152736 152791 152834 153064 153407 153790 153800 153806 155244 155318 155367 155381 152562 153275 155911 155927 155930 151575 155201 157243
168997 34
151609 152108 156772 155664 155653 156792 155108 155192 151026 151171 154105 154495 153824 153984 152736 152791 152834 153064 153407 153790 153800 153806 155367 155381 151575 155201 155911 155927 155930 155244 155318 152562 153275 157243
168998 34
151609 152108 156772 155664 155653 156792 155108 155192 151026 151171 154105 154495 153824 153984 152736 152791 152834 153064 153407 153790 153800 153806 152562 153275 157243 155381 151575 155201 155911 155927 155930 155244 155318 155367
168999 12
155653 155664 156792 152108 156772 151609 155108 155192 151026 151171 154105 154495
169000 34
155653 155664 156792 152108 156772 151609 155108 155192 151026 151171 154105 154495 153824 153984 152736 152791 152834 153064 153407 153790 153800 153806 155244 155318 155367 155381 152562 153275 155911 155927 155930 151575 155201 157243
169001 12
151609 152108 156772 155664 155653 156792 155108 155192 151026 151171 154105 154495
169002 22
151609 152108 156772 155664 155653 156792 155108 155192 151026 151171 154105 154495 153824 153984 152736 152791 152834 153064 153407 153790 153800 153806
169003 43
155665 155667 156008 156030 156105 156156 156157 156585 157197 152108 156772 151609 155653 156792 155664 151171 154105 154495 155108 155192 151026 153806 153824 153984 152736 152791 152834 153064 153407 153790 153800 155927 155930 155244 155318 155367 155381 152562 153275 151575 155201 155911 157243
169004 43
155665 155667 156008 156030 156105 156156 156157 156585 157197 152108 156772 151609 155653 156792 155664 151171 154105 154495 155108 155192 151026 153806 153824 153984 152736 152791 152834 153064 153407 153790 153800 155927 155930 155244 155318 155367 155381 152562 153275 151575 155201 155911 157243
169005 43
155665 155667 156008 156030 156105 156156 156157 156585 157197 152108 156772 151609 155653 156792 155664 151171 154105 154495 155108 155192 151026 155927 155930 155244 155318 155367 155381 152562 153275 151575 155201 155911 157243 153800 153806 153824 153984 152791 152834 153064 152736 153407 153790
169006 43
155665 155667 156008 156030 156105 156156 156157 156585 157197 152108 156772 151609 155653 156792 155664 151171 154105 154495 155108 155192 151026 155927 155930 155244 155318 155367 155381 152562 153275 151575 155201 155911 157243 153800 153806 153824 153984 152791 152834 153064 152736 153407 153790
169007 43
155665 155667 156008 156030 156105 156156 156157 156585 157197 152108 156772 151609 155653 156792 155664 151171 154105 154495 155108 155192 151026 153806 153824 153984 152736 152791 152834 153064 153407 153790 153800 155927 155930 155244 155318 155367 155381 152562 153275 151575 155201 155911 157243
169008 43
155665 155667 156008 156030 156105 156156 156157 156585 157197 152108 156772 151609 155653 156792 155664 151171 154105 154495 155108 155192 151026 153806 153824 153984 152736 152791 152834 153064 153407 153790 153800 155927 155930 155244 155318 155367 155381 152562 153275 151575 155201 155911 157243
169009 36
155653 155664 156792 152372 152669 152732 155667 156008 156030 156105 156156 156157 156585 155665 157197 151171 151026 154105 154495 155108 155192 156772 152108 151609 153275 152562 157243 155381 151575 155201 155244 155318 155911 155927 155930 155367
169010 43
155665 155667 156008 156030 156105 156156 156157 156585 157197 152108 156772 151609 155653 156792 155664 151171 154105 154495 155108 155192 151026 153806 153824 153984 152736 152791 152834 153064 153407 153790 153800 155927 155930 155244 155318 155367 155381 152562 153275 151575 155201 155911 157243
169011 21
151609 152108 156772 155667 156008 156030 156105 156156 156157 156585 155665 157197 155653 156792 155664 151171 154105 154495 155108 155192 151026
169012 43
151609 152108 156772 155667 156008 156030 156105 156156 156157 156585 155665 157197 155108 155192 151026 151171 154105 154495 155653 156792 155664 153806 153824 153984 152736 152791 152834 153064 153407 153790 153800 155927 155930 155244 155318 155367 155381 152562 153275 151575 155201 155911 157243
169013 43
151609 152108 156772 155667 156008 156030 156105 156156 156157 156585 155665 157197 155108 155192 151026 151171 154105 154495 155653 156792 155664 153806 153824 153984 152736 152791 152834 153064 153407 153790 153800 155927 155930 155244 155318 155367 155381 152562 153275 151575 155201 155911 157243
169014 43
151609 152108 156772 155667 156008 156030 156105 156156 156157 156585 155665 157197 155108 155192 151026 151171 154105 154495 155653 156792 155664 153806 153824 153984 152736 152791 152834 153064 153407 153790 153800 153275 152562 157243 155381 151575 155201 155244 155318 155911 155927 155930 155367
169015 43
155665 155667 156008 156030 156105 156156 156157 156585 157197 152108 156772 151609 155653 156792 155664 151171 154105 154495 155108 155192 151026 153806 153824 153984 152736 152791 152834 153064 153407 153790 153800 155927 155930 155244 155318 155367 155381 152562 153275 151575 155201 155911 157243
169017 43
155665 155667 156008 156030 156105 156156 156157 156585 157197 152108 156772 151609 155653 156792 155664 151171 154105 154495 155108 155192 151026 153806 153824 153984 152736 152791 152834 153064 153407 153790 153800 155927 155930 155244 155318 155367 155381 152562 153275 151575 155201 155911 157243
169018 25
152014 153249 154737 156053 155667 156008 156030 155665 156105 156156 156157 156585 157197 151609 156772 152108 155664 156792 155653 154495 151026 155108 155192 151171 154105
169019 25
152014 153249 154737 156053 155667 156008 156030 155665 156105 156156 156157 156585 157197 151609 156772 152108 155664 156792 155653 154495 151026 155108 155192 151171 154105
169020 12
155653 155664 156792 152108 156772 151609 155108 155192 151026 151171 154105 154495
169021 12
151609 152108 156772 151171 154105 154495 155108 155192 151026 156792 155653 155664
169022 12
151609 152108 156772 155664 155653 156792 155108 155192 151026 151171 154105 154495
169024 12
151609 152108 156772 155664 155653 156792 155108 155192 151026 151171 154105 154495
169025 45
152736 152791 152834 153064 153407 153790 153800 153806 153824 153984 152562 153275 157243 155201 155244 155318 155367 155381 155911 155927 155930 151575 152103 152251 151292 151370 151493 154217 154475 154799 154984 152824 151252 152897 152976 151917 155409 153210 151990 153362 156483 156484 156855 156953 152022
169026 22
151575 152562 153275 155201 155244 155318 155367 155381 155911 155927 155930 157243 153984 152791 152834 153064 152736 153407 153790 153800 153806 153824
169027 22
151575 152562 153275 155201 155244 155318 155367 155381 155911 155927 155930 157243 153984 152791 152834 153064 152736 153407 153790 153800 153806 153824
169028 22
151575 152562 153275 155201 155244 155318 155367 155381 155911 155927 155930 157243 153984 152791 152834 153064 152736 153407 153790 153800 153806 153824
169029 22
152562 153275 157243 155201 155244 155318 155367 155381 155911 155927 155930 151575 153984 152791 152834 153064 152736 153407 153790 153800 153806 153824
169030 12
152562 153275 157243 155201 155244 155318 155367 155381 155911 155927 155930 151575
169034 3
151609 152108 156772
169036 22
152736 152791 152834 153064 153407 153790 153800 153806 153824 153984 151575 155201 155244 155318 155367 155381 155911 155927 155930 152562 153275 157243
169039 2
155146 155147
169041 2
155146 155147
169043 2
155146 155147
169044 2
155146 155147
169045 8
151026 151171 154105 154495 155108 155192 155147 155146
169046 8
151026 151171 154105 154495 155108 155192 155147 155146
169047 22
151575 152562 153275 155201 155244 155318 155367 155381 155911 155927 155930 157243 153984 152791 152834 153064 152736 153407 153790 153800 153806 153824
169048 15
151609 152108 156772 155201 155244 155318 155367 155381 155911 155927 155930 151575 153275 152562 157243
169049 25
151609 152108 156772 152562 153275 155201 155244 155318 155367 155381 155911 155927 155930 151575 157243 152791 152834 153064 152736 153407 153790 153800 153806 153824 153984
169051 25
151609 152108 156772 152562 153275 155201 155244 155318 155367 155381 155911 155927 155930 151575 157243 152791 152834 153064 152736 153407 153790 153800 153806 153824 153984
169052 45
151575 152562 153275 155201 155244 155318 155367 155381 155911 155927 155930 157243 153984 152791 152834 153064 152736 153407 153790 153800 153806 153824 152103 152251 151292 151370 151493 154217 154475 154799 154984 152824 151252 152897 152976 151917 155409 153210 151990 153362 156483 156484 156855 156953 152022
169053 15
151609 152108 156772 152562 153275 155201 155244 155318 155367 155381 155911 155927 155930 151575 157243
169054 7
151609 152108 156772 153249 154737 156053 152014
169056 45
151575 152562 153275 155201 155244 155318 155367 155381 155911 155927 155930 157243 153984 152791 152834 153064 152736 153407 153790 153800 153806 153824 152103 152251 151292 151370 151493 154217 154475 154799 154984 152824 151252 152897 152976 151917 155409 153210 151990 153362 156483 156484 156855 156953 152022
169057 22
151575 152562 153275 155201 155244 155318 155367 155381 155911 155927 155930 157243 153984 152791 152834 153064 152736 153407 153790 153800 153806 153824
169058 45
151575 152562 153275 155201 155244 155318 155367 155381 155911 155927 155930 157243 153984 152791 152834 153064 152736 153407 153790 153800 153806 153824 152103 152251 151292 151370 151493 154217 154475 154799 154984 152824 151252 152897 152976 151917 155409 153210 151990 153362 156483 156484 156855 156953 152022
169059 26
151252 151292 151370 151493 151917 151990 152022 152103 152251 152824 152897 152976 153210 153362 154217 154475 154799 154984 155409 156483 156484 156855 156953 154290 155436 153079
169060 26
151252 151292 151370 151493 151917 151990 152022 152103 152251 152824 152897 152976 153210 153362 154217 154475 154799 154984 155409 156483 156484 156855 156953 154290 155436 153079
169061 26
151252 151292 151370 151493 151917 151990 152022 152103 152251 152824 152897 152976 153210 153362 154217 154475 154799 154984 155409 156483 156484 156855 156953 154290 155436 153079
169062 26
151252 151292 151370 151493 151917 151990 152022 152103 152251 152824 152897 152976 153210 153362 154217 154475 154799 154984 155409 156483 156484 156855 156953 154290 155436 153079
169063 3
151609 152108 156772
169065 3
151609 152108 156772
169066 3
151609 152108 156772
169068 3
151609 152108 156772
169069 26
151609 152108 156772 151493 151252 151917 151990 152022 152103 151292 152251 152824 152897 152976 153210 153362 154217 154475 154799 154984 155409 156483 156484 151370 156855 156953
169070 23
151252 151292 151370 151493 151917 151990 152022 152103 152251 152824 152897 152976 153210 153362 154217 154475 154799 154984 155409 156483 156484 156855 156953
169071 26
151609 152108 156772 151493 151252 151917 151990 152022 152103 151292 152251 152824 152897 152976 153210 153362 154217 154475 154799 154984 155409 156483 156484 151370 156855 156953
169073 26
151609 152108 156772 151493 151252 151917 151990 152022 152103 151292 152251 152824 152897 152976 153210 153362 154217 154475 154799 154984 155409 156483 156484 151370 156855 156953
169074 26
151609 152108 156772 151493 151252 151917 151990 152022 152103 151292 152251 152824 152897 152976 153210 153362 154217 154475 154799 154984 155409 156483 156484 151370 156855 156953
169075 9
151026 151171 154105 154495 155108 155192 151609 152108 156772
169076 3
151609 152108 156772
169077 3
151609 152108 156772
169078 3
151609 152108 156772
169079 9
151026 151171 154105 154495 155108 155192 151609 152108 156772
169080 18
155665 155667 156008 156030 156105 156156 156157 156585 157197 154495 155108 155192 151026 151171 154105 152108 156772 151609
169081 18
155665 155667 156008 156030 156105 156156 156157 156585 157197 154495 155108 155192 151026 151171 154105 152108 156772 151609
169082 18
155665 155667 156008 156030 156105 156156 156157 156585 157197 154495 155108 155192 151026 151171 154105 152108 156772 151609
169083 28
152014 153249 154737 156053 152708 152733 151524 154170 154171 151927 155343 151228 156743 154105 155108 155192 151171 151026 154495 151914 152162 151874 152669 152372 152732 152108 151609 156772
169084 28
152014 153249 154737 156053 154105 154495 151026 155108 155192 151171 154170 154171 151228 152708 152733 151524 155343 151927 156743 152669 152372 152732 151914 152162 151874 152108 151609 156772
169085 28
152014 153249 154737 156053 154105 154495 151026 155108 155192 151171 154170 154171 151228 152708 152733 151524 155343 151927 156743 152669 152372 152732 151914 152162 151874 152108 151609 156772
169086 28
152014 153249 154737 156053 154105 154495 151026 155108 155192 151171 154170 154171 151228 152708 152733 151524 155343 151927 156743 152669 152372 152732 151914 152162 151874 152108 151609 156772
169087 28
152014 153249 154737 156053 152708 152733 151524 154170 154171 151927 155343 151228 156743 154105 155108 155192 151171 151026 154495 151914 152162 151874 152669 152372 152732 152108 151609 156772
169088 28
152014 153249 154737 156053 152708 152733 151524 154170 154171 151927 155343 151228 156743 154105 155108 155192 151171 151026 154495 151914 152162 151874 152669 152372 152732 152108 151609 156772
169090 20
151228 151524 151927 152708 152733 154170 154171 155343 156743 152732 152669 152372 151171 154495 155108 155192 154105 151026 155147 155146
169091 24
152014 153249 154737 156053 152733 155343 152708 156743 154171 151524 151927 151228 154170 152732 152669 152372 154105 155108 155192 151026 151171 154495 155146 155147
169092 24
152014 153249 154737 156053 152733 155343 152708 156743 154171 151524 151927 151228 154170 152732 152669 152372 154105 155108 155192 151026 151171 154495 155146 155147
169093 24
152014 153249 154737 156053 152733 155343 152708 156743 154171 151524 151927 151228 154170 152732 152669 152372 154105 155108 155192 151026 151171 154495 155146 155147
169094 11
151026 151171 154105 154495 155108 155192 151609 152108 156772 155146 155147
169096 11
151026 151171 154105 154495 155108 155192 151609 152108 156772 155146 155147
169097 11
151026 151171 154105 154495 155108 155192 151609 152108 156772 155146 155147
169098 12
152372 152669 152732 151171 151026 154105 154495 155108 155192 152108 151609 156772
169099 46
152736 152791 152834 153064 153407 153790 153800 153806 153824 153984 156801 152562 153275 155201 155244 155318 155367 155381 155911 155927 155930 151575 157243 152251 151292 151370 151493 154217 154475 154799 154984 152824 151252 152897 152976 151917 155409 153210 151990 153362 156483 156484 152022 156855 156953 152103
169100 46
156801 152791 152834 153064 153407 153790 153800 153806 153824 153984 152736 155201 155244 155318 155367 155381 155911 155927 155930 151575 153275 152562 157243 152251 151292 151370 151493 154217 154475 154799 154984 152824 151252 152897 152976 151917 155409 153210 151990 153362 156483 156484 152022 156855 156953 152103
169101 40
151575 152562 153275 155201 155244 155318 155367 155381 155911 155927 155930 157243 154799 155409 151252 153210 152103 154475 151990 152022 154984 151370 152251 151493 152824 152897 152976 151292 151917 153362 156483 156484 156855 156953 154217 155436 154290 153079 157091 156972
169102 50
152736 152791 152834 153064 153407 153790 153800 153806 153824 153984 152562 153275 157243 155201 155244 155318 155367 155381 155911 155927 155930 151575 152103 152251 151292 151370 151493 154217 154475 154799 154984 152824 151252 152897 152976 151917 155409 153210 151990 153362 156483 156484 156855 156953 152022 155436 154290 153079 157091 156972
169103 50
152736 152791 152834 153064 153407 153790 153800 153806 153824 153984 152562 153275 157243 155201 155244 155318 155367 155381 155911 155927 155930 151575 154799 155409 151252 153210 152103 154475 152976 152022 154984 151370 152251 153362 151493 151292 151917 152824 151990 152897 156483 156484 156855 156953 154217 155436 154290 153079 157091 156972
169105 50
152736 152791 152834 153064 153407 153790 153800 153806 153824 153984 152562 153275 157243 155201 155244 155318 155367 155381 155911 155927 155930 151575 154799 155409 151252 153210 152103 154475 152976 152022 154984 151370 152251 153362 151493 151292 151917 152824 151990 152897 156483 156484 156855 156953 154217 155436 154290 153079 157091 156972
169106 50
152736 152791 152834 153064 153407 153790 153800 153806 153824 153984 151292 152824 151370 152897 152976 151493 153210 153362 151917 151990 152022 152103 152251 151252 154217 154475 154799 154984 155409 156483 156484 156855 156953 152562 153275 157243 151575 155911 155927 155930 155201 155244 155318 155367 155381 155436 154290 153079 157091 156972
169107 50
152736 152791 152834 153064 153407 153790 153800 153806 153824 153984 151292 152824 151370 152897 152976 151493 153210 153362 151917 151990 152022 152103 152251 151252 154217 154475 154799 154984 155409 156483 156484 156855 156953 152562 153275 157243 151575 155911 155927 155930 155201 155244 155318 155367 155381 155436 154290 153079 157091 156972
169108 23
151252 151292 151370 151493 151917 151990 152022 152103 152251 152824 152897 152976 153210 153362 154217 154475 154799 154984 155409 156483 156484 156855 156953
169110 33
152736 152791 152834 153064 153407 153790 153800 153806 153824 153984 151292 152824 151370 152897 152976 151493 153210 153362 151917 151990 152022 152103 152251 151252 154217 154475 154799 154984 155409 156483 156484 156855 156953
169111 36
151609 152108 156772 152791 152834 153064 153407 153790 153800 153806 153824 153984 152736 152824 151252 152897 152976 151917 153210 153362 151990 152022 152103 151292 152251 151370 154217 154475 154799 154984 155409 156483 156484 151493 156855 156953
169112 36
151609 152108 156772 152791 152834 153064 153407 153790 153800 153806 153824 153984 152736 152824 151252 152897 152976 151917 153210 153362 151990 152022 152103 151292 152251 151370 154217 154475 154799 154984 155409 156483 156484 151493 156855 156953
169113 36
151609 152108 156772 152791 152834 153064 153407 153790 153800 153806 153824 153984 152736 152824 151252 152897 152976 151917 153210 153362 151990 152022 152103 151292 152251 151370 154217 154475 154799 154984 155409 156483 156484 151493 156855 156953
169114 36
151609 152108 156772 152791 152834 153064 153407 153790 153800 153806 153824 153984 152736 152824 151252 152897 152976 151917 153210 153362 151990 152022 152103 151292 152251 151370 154217 154475 154799 154984 155409 156483 156484 151493 156855 156953
169116 36
151609 152108 156772 152791 152834 153064 153407 153790 153800 153806 153824 153984 152736 152824 151252 152897 152976 151917 153210 153362 151990 152022 152103 151292 152251 151370 154217 154475 154799 154984 155409 156483 156484 151493 156855 156953
169117 36
151609 152108 156772 152791 152834 153064 153407 153790 153800 153806 153824 153984 152736 152824 151252 152897 152976 151917 153210 153362 151990 152022 152103 151292 152251 151370 154217 154475 154799 154984 155409 156483 156484 151493 156855 156953
169119 36
151609 152108 156772 152791 152834 153064 153407 153790 153800 153806 153824 153984 152736 152897 152976 151990 153362 152022 151370 152251 151493 151292 152824 154217 154984 156483 156484 151917 156855 156953 155409 152103 151252 154475 154799 153210
169120 36
151609 152108 156772 152791 152834 153064 153407 153790 153800 153806 153824 153984 152736 152897 152976 151990 153362 152022 151370 152251 151493 151292 152824 154217 154984 156483 156484 151917 156855 156953 155409 152103 151252 154475 154799 153210
169121 36
151609 152108 156772 152791 152834 153064 153407 153790 153800 153806 153824 153984 152736 152897 152976 151990 153362 152022 151370 152251 151493 151292 152824 154217 154984 156483 156484 151917 156855 156953 155409 152103 151252 154475 154799 153210
169124 13
151609 152108 156772 152791 152834 153064 153407 153790 153800 153806 153824 153984 152736
169125 33
152736 152791 152834 153064 153407 153790 153800 153806 153824 153984 151292 152824 151370 152897 152976 151493 153210 153362 151917 151990 152022 152103 152251 151252 154217 154475 154799 154984 155409 156483 156484 156855 156953
169127 23
151252 151292 151370 151493 151917 151990 152022 152103 152251 152824 152897 152976 153210 153362 154217 154475 154799 154984 155409 156483 156484 156855 156953
169128 29
151026 151171 154105 154495 155108 155192 151917 151990 152022 152103 152251 152824 152897 152976 153210 153362 151252 154217 154475 151292 154799 154984 151370 151493 155409 156483 156484 156855 156953
169129 29
151026 151171 154105 154495 155108 155192 151917 151990 152022 152103 152251 152824 152897 152976 153210 153362 151252 154217 154475 151292 154799 154984 151370 151493 155409 156483 156484 156855 156953
169131 33
151252 151292 151370 151493 151917 151990 152022 152103 152251 152824 152897 152976 153210 153362 154217 154475 154799 154984 155409 156483 156484 156855 156953 153984 152736 153064 152834 152791 153407 153790 153800 153806 153824
169132 33
152736 152791 152834 153064 153407 153790 153800 153806 153824 153984 151292 152824 151370 152897 152976 151493 153210 153362 151917 151990 152022 152103 152251 151252 154217 154475 154799 154984 155409 156483 156484 156855 156953
169133 23
151252 151292 151370 151493 151917 151990 152022 152103 152251 152824 152897 152976 153210 153362 154217 154475 154799 154984 155409 156483 156484 156855 156953
169134 23
151252 151292 151370 151493 151917 151990 152022 152103 152251 152824 152897 152976 153210 153362 154217 154475 154799 154984 155409 156483 156484 156855 156953
169135 45
152736 152791 152834 153064 153407 153790 153800 153806 153824 153984 152562 153275 157243 155201 155244 155318 155367 155381 155911 155927 155930 151575 152824 151917 154217 154984 152897 152976 151990 152022 153362 152251 151370 151493 156483 156484 156855 156953 151292 154475 154799 152103 155409 151252 153210
169136 45
152736 152791 152834 153064 153407 153790 153800 153806 153824 153984 151575 152562 153275 155201 155244 155318 155367 155381 155911 155927 155930 157243 152824 151917 154217 154984 152897 152976 151990 152022 153362 152251 151370 151493 156483 156484 156855 156953 151292 154475 154799 152103 155409 151252 153210
169138 45
152736 152791 152834 153064 153407 153790 153800 153806 153824 153984 151575 152562 153275 155201 155244 155318 155367 155381 155911 155927 155930 157243 152103 152251 151292 151370 151493 154217 154475 154799 154984 152824 151252 152897 152976 151917 155409 153210 151990 153362 156483 156484 156855 156953 152022
169139 45
152736 152791 152834 153064 153407 153790 153800 153806 153824 153984 151575 152562 153275 155201 155244 155318 155367 155381 155911 155927 155930 157243 152103 152251 151292 151370 151493 154217 154475 154799 154984 152824 151252 152897 152976 151917 155409 153210 151990 153362 156483 156484 156855 156953 152022
169140 45
152736 152791 152834 153064 153407 153790 153800 153806 153824 153984 151575 152562 153275 155201 155244 155318 155367 155381 155911 155927 155930 157243 152103 152251 151292 151370 151493 154217 154475 154799 154984 152824 151252 152897 152976 151917 155409 153210 151990 153362 156483 156484 156855 156953 152022
169141 45
152736 152791 152834 153064 153407 153790 153800 153806 153824 153984 151292 152824 151370 152897 152976 151493 153210 153362 151917 151990 152022 152103 152251 151252 154217 154475 154799 154984 155409 156483 156484 156855 156953 155318 155367 155381 153275 155911 155927 155930 151575 152562 155201 155244 157243
169142 45
152562 153275 157243 155201 155244 155318 155367 155381 155911 155927 155930 151575 153984 152791 152834 153064 152736 153407 153790 153800 153806 153824 152103 152251 151292 151370 151493 154217 154475 154799 154984 152824 151252 152897 152976 151917 155409 153210 151990 153362 156483 156484 156855 156953 152022
169143 45
151575 152562 153275 155201 155244 155318 155367 155381 155911 155927 155930 157243 153984 152791 152834 153064 152736 153407 153790 153800 153806 153824 152103 152251 151292 151370 151493 154217 154475 154799 154984 152824 151252 152897 152976 151917 155409 153210 151990 153362 156483 156484 156855 156953 152022
169144 45
151252 151292 151370 151493 151917 151990 152022 152103 152251 152824 152897 152976 153210 153362 154217 154475 154799 154984 155409 156483 156484 156855 156953 155318 155367 155381 153275 155911 155927 155930 151575 152562 155201 155244 157243 153824 153984 153064 152834 152791 152736 153407 153790 153800 153806
169145 45
151575 152562 153275 155201 155244 155318 155367 155381 155911 155927 155930 157243 153984 152791 152834 153064 152736 153407 153790 153800 153806 153824 152103 152251 151292 151370 151493 154217 154475 154799 154984 152824 151252 152897 152976 151917 155409 153210 151990 153362 156483 156484 156855 156953 152022
169146 45
151575 152562 153275 155201 155244 155318 155367 155381 155911 155927 155930 157243 153984 152791 152834 153064 152736 153407 153790 153800 153806 153824 152103 152251 151292 151370 151493 154217 154475 154799 154984 152824 151252 152897 152976 151917 155409 153210 151990 153362 156483 156484 156855 156953 152022
169147 45
152736 152791 152834 153064 153407 153790 153800 153806 153824 153984 151575 152562 153275 155201 155244 155318 155367 155381 155911 155927 155930 157243 152103 152251 151292 151370 151493 154217 154475 154799 154984 152824 151252 152897 152976 151917 155409 153210 151990 153362 156483 156484 156855 156953 152022
169148 47
155146 155147 153275 151575 152562 155201 155244 155318 155367 155381 155911 155927 155930 157243 152834 153064 152736 153407 153790 153800 153806 153824 153984 152791 151292 151370 151493 154217 154475 154799 154984 152824 151252 152897 152976 151917 153210 151990 155409 153362 152022 152103 156483 156484 156855 156953 152251
169149 46
152736 152791 152834 153064 153407 153790 153800 153806 153824 153984 156801 153275 152562 157243 155244 155318 155367 155381 155911 155927 155930 151575 155201 152251 151292 151370 151493 154217 154475 154799 154984 152824 151252 152897 152976 151917 155409 153210 151990 153362 156483 156484 152022 156855 156953 152103
169151 26
151874 151914 152162 156801 152791 152834 153064 153407 153790 153800 153806 153824 153984 152736 152562 153275 155201 155244 155318 155367 155381 155911 155927 155930 151575 157243
169152 26
151874 151914 152162 156801 152791 152834 153064 153407 153790 153800 153806 153824 153984 152736 152562 153275 155201 155244 155318 155367 155381 155911 155927 155930 151575 157243
169154 14
151874 151914 152162 156801 152791 152834 153064 153407 153790 153800 153806 153824 153984 152736
169155 26
151874 151914 152162 156801 152791 152834 153064 153407 153790 153800 153806 153824 153984 152736 152562 153275 155201 155244 155318 155367 155381 155911 155927 155930 151575 157243
169156 13
151609 152108 156772 151171 154105 154495 155108 155192 151026 152162 151914 151874 156801
169157 10
151026 151171 154105 154495 155108 155192 151914 152162 151874 156801
169158 46
152736 152791 152834 153064 153407 153790 153800 153806 153824 153984 156801 152562 153275 155201 155244 155318 155367 155381 155911 155927 155930 151575 157243 152251 151292 151370 151493 154217 154475 154799 154984 152824 151252 152897 152976 151917 155409 153210 151990 153362 156483 156484 152022 156855 156953 152103
169159 37
151874 151914 152162 156801 152791 152834 153064 153407 153790 153800 153806 153824 153984 152736 152824 151292 152897 152976 151917 153210 153362 151990 152022 152103 151370 152251 151493 154217 154475 154799 154984 155409 156483 156484 151252 156855 156953
169160 49
151874 151914 152162 156801 152791 152834 153064 153407 153790 153800 153806 153824 153984 152736 152824 151292 152897 152976 151917 153210 153362 151990 152022 152103 151370 152251 151493 154217 154475 154799 154984 155409 156483 156484 151252 156855 156953 155367 155381 153275 155911 155927 155930 151575 152562 155201 155244 155318 157243
169161 49
151874 151914 152162 156801 152791 152834 153064 153407 153790 153800 153806 153824 153984 152736 152824 151292 152897 152976 151917 153210 153362 151990 152022 152103 151370 152251 151493 154217 154475 154799 154984 155409 156483 156484 151252 156855 156953 155367 155381 153275 155911 155927 155930 151575 152562 155201 155244 155318 157243
169162 49
151874 151914 152162 156801 152791 152834 153064 153407 153790 153800 153806 153824 153984 152736 152824 151292 152897 152976 151917 153210 153362 151990 152022 152103 151370 152251 151493 154217 154475 154799 154984 155409 156483 156484 151252 156855 156953 153275 152562 157243 155911 155927 155930 155201 155244 155318 155367 155381 151575
169163 48
152736 152791 152834 153064 153407 153790 153800 153806 153824 153984 151292 152824 151370 152897 152976 151493 153210 153362 151917 151990 152022 152103 152251 151252 154217 154475 154799 154984 155409 156483 156484 156855 156953 155318 155367 155381 153275 155911 155927 155930 151575 152562 155201 155244 157243 155436 154290 153079
169164 45
152736 152791 152834 153064 153407 153790 153800 153806 153824 153984 151493 152897 152976 151917 153362 151990 152022 152251 151292 151370 152824 154217 154984 156483 156484 156855 156953 153210 155409 151252 152103 154475 154799 152562 153275 157243 151575 155911 155927 155930 155201 155244 155318 155367 155381
169165 22
152736 152791 152834 153064 153407 153790 153800 153806 153824 153984 152562 153275 157243 155201 155244 155318 155367 155381 155911 155927 155930 151575
169166 45
152736 152791 152834 153064 153407 153790 153800 153806 153824 153984 152562 153275 157243 155201 155244 155318 155367 155381 155911 155927 155930 151575 152103 152251 151292 151370 151493 154217 154475 154799 154984 152824 151252 152897 152976 151917 155409 153210 151990 153362 156483 156484 156855 156953 152022
169167 26
151874 151914 152162 156801 152791 152834 153064 153407 153790 153800 153806 153824 153984 152736 152562 153275 155201 155244 155318 155367 155381 155911 155927 155930 151575 157243
169169 26
151874 151914 152162 156801 152791 152834 153064 153407 153790 153800 153806 153824 153984 152736 152562 153275 155201 155244 155318 155367 155381 155911 155927 155930 151575 157243
169170 17
151609 152108 156772 151874 152162 151914 156801 152834 153064 153407 153790 153800 153806 153824 153984 152736 152791
169171 49
151874 151914 152162 156801 152791 152834 153064 153407 153790 153800 153806 153824 153984 152736 152824 151292 152897 152976 151917 153210 153362 151990 152022 152103 151370 152251 151493 154217 154475 154799 154984 155409 156483 156484 151252 156855 156953 153275 152562 157243 155911 155927 155930 155201 155244 155318 155367 155381 151575
169172 49
151874 151914 152162 156801 152791 152834 153064 153407 153790 153800 153806 153824 153984 152736 152824 151292 152897 152976 151917 153210 153362 151990 152022 152103 151370 152251 151493 154217 154475 154799 154984 155409 156483 156484 151252 156855 156953 153275 152562 157243 155911 155927 155930 155201 155244 155318 155367 155381 151575
169173 49
151874 151914 152162 156801 152791 152834 153064 153407 153790 153800 153806 153824 153984 152736 152824 151292 152897 152976 151917 153210 153362 151990 152022 152103 151370 152251 151493 154217 154475 154799 154984 155409 156483 156484 151252 156855 156953 155367 155381 153275 155911 155927 155930 151575 152562 155201 155244 155318 157243
169174 26
151874 151914 152162 156801 152791 152834 153064 153407 153790 153800 153806 153824 153984 152736 152562 153275 155201 155244 155318 155367 155381 155911 155927 155930 151575 157243
169176 26
151874 151914 152162 156801 152791 152834 153064 153407 153790 153800 153806 153824 153984 152736 152562 153275 155201 155244 155318 155367 155381 155911 155927 155930 151575 157243
169177 26
151874 151914 152162 156801 152791 152834 153064 153407 153790 153800 153806 153824 153984 152736 152562 153275 155201 155244 155318 155367 155381 155911 155927 155930 151575 157243
169178 26
151874 151914 152162 156801 152791 152834 153064 153407 153790 153800 153806 153824 153984 152736 152562 153275 155201 155244 155318 155367 155381 155911 155927 155930 151575 157243
169179 26
151874 151914 152162 156801 152791 152834 153064 153407 153790 153800 153806 153824 153984 152736 152562 153275 155201 155244 155318 155367 155381 155911 155927 155930 151575 157243
169180 48
152736 152791 152834 153064 153407 153790 153800 153806 153824 153984 151493 152897 152976 151917 153362 151990 152022 152251 151292 151370 152824 154217 154984 156483 156484 156855 156953 153210 155409 151252 152103 154475 154799 155318 155367 155381 153275 155911 155927 155930 151575 152562 155201 155244 157243 155436 154290 153079
169181 48
152736 152791 152834 153064 153407 153790 153800 153806 153824 153984 151493 152897 152976 151917 153362 151990 152022 152251 151292 151370 152824 154217 154984 156483 156484 156855 156953 153210 155409 151252 152103 154475 154799 155318 155367 155381 153275 155911 155927 155930 151575 152562 155201 155244 157243 155436 154290 153079
169182 45
152736 152791 152834 153064 153407 153790 153800 153806 153824 153984 151575 152562 153275 155201 155244 155318 155367 155381 155911 155927 155930 157243 152103 152251 151292 151370 151493 154217 154475 154799 154984 152824 151252 152897 152976 151917 155409 153210 151990 153362 156483 156484 156855 156953 152022
169183 33
152736 152791 152834 153064 153407 153790 153800 153806 153824 153984 151292 152824 151370 152897 152976 151493 153210 153362 151917 151990 152022 152103 152251 151252 154217 154475 154799 154984 155409 156483 156484 156855 156953
169184 15
155146 155147 152732 152372 152669 152834 153064 153407 153790 153800 153806 153824 153984 152736 152791
169185 33
152736 152791 152834 153064 153407 153790 153800 153806 153824 153984 151493 152897 152976 151917 153362 151990 152022 152251 151292 151370 152824 154217 154984 156483 156484 156855 156953 153210 155409 151252 152103 154475 154799
169188 2
155146 155147
169199 6
151026 151171 154105 154495 155108 155192
169204 2
155146 155147
169210 45
152736 152791 152834 153064 153407 153790 153800 153806 153824 153984 151575 152562 153275 155201 155244 155318 155367 155381 155911 155927 155930 157243 152103 152251 151292 151370 151493 154217 154475 154799 154984 152824 151252 152897 152976 151917 155409 153210 151990 153362 156483 156484 156855 156953 152022
169211 10
152736 152791 152834 153064 153407 153790 153800 153806 153824 153984
169214 10
152736 152791 152834 153064 153407 153790 153800 153806 153824 153984
169216 10
152736 152791 152834 153064 153407 153790 153800 153806 153824 153984
169217 10
152736 152791 152834 153064 153407 153790 153800 153806 153824 153984
169218 10
152736 152791 152834 153064 153407 153790 153800 153806 153824 153984
169219 10
152736 152791 152834 153064 153407 153790 153800 153806 153824 153984
169222 10
152736 152791 152834 153064 153407 153790 153800 153806 153824 153984
169224 10
152736 152791 152834 153064 153407 153790 153800 153806 153824 153984
169225 10
152736 152791 152834 153064 153407 153790 153800 153806 153824 153984
169226 16
151026 151171 154105 154495 155108 155192 153407 153790 153800 153806 153824 153984 152736 152791 152834 153064
169227 16
151026 151171 154105 154495 155108 155192 153407 153790 153800 153806 153824 153984 152736 152791 152834 153064
169228 22
152736 152791 152834 153064 153407 153790 153800 153806 153824 153984 151575 155201 155244 155318 155367 155381 155911 155927 155930 152562 153275 157243
169229 22
152736 152791 152834 153064 153407 153790 153800 153806 153824 153984 151575 155201 155244 155318 155367 155381 155911 155927 155930 152562 153275 157243
169230 33
152736 152791 152834 153064 153407 153790 153800 153806 153824 153984 151292 152824 151370 152897 152976 151493 153210 153362 151917 151990 152022 152103 152251 151252 154217 154475 154799 154984 155409 156483 156484 156855 156953
169231 3
151874 151914 152162
169232 6
151026 151171 154105 154495 155108 155192
169233 6
151026 151171 154105 154495 155108 155192
169234 18
151228 151524 151927 152708 152733 154170 154171 155343 156743 151026 154495 155108 155192 154105 151171 151609 152108 156772
169235 18
151228 151524 151927 152708 152733 154170 154171 155343 156743 151026 154495 155108 155192 154105 151171 151609 152108 156772
169236 21
152372 152669 152732 151228 151524 152708 151927 152733 154170 154171 155343 156743 151171 154495 155108 155192 154105 151026 152108 151609 156772
169237 9
151026 151171 154105 154495 155108 155192 151609 152108 156772
169238 9
151026 151171 154105 154495 155108 155192 151609 152108 156772
169239 21
152372 152669 152732 151228 151524 152708 151927 152733 154170 154171 155343 156743 151171 154495 155108 155192 154105 151026 152108 151609 156772
169240 21
152372 152669 152732 151228 151524 152708 151927 152733 154170 154171 155343 156743 151171 154495 155108 155192 154105 151026 152108 151609 156772
169242 21
152372 152669 152732 151228 151524 152708 151927 152733 154170 154171 155343 156743 151171 154495 155108 155192 154105 151026 152108 151609 156772
169244 21
152372 152669 152732 151228 151524 152708 151927 152733 154170 154171 155343 156743 151171 154495 155108 155192 154105 151026 152108 151609 156772
169245 9
151026 151171 154105 154495 155108 155192 151609 152108 156772
169246 9
151026 151171 154105 154495 155108 155192 151609 152108 156772
169247 9
151026 151171 154105 154495 155108 155192 151609 152108 156772
169248 9
151026 151171 154105 154495 155108 155192 151609 152108 156772
169249 30
152708 152733 155343 156743 151524 154170 154171 151927 151228 152732 152669 152372 155667 156008 156030 156105 156156 156157 156585 155665 157197 155192 154105 151026 151171 154495 155108 151609 156772 152108
169250 30
152708 152733 155343 156743 151524 154170 154171 151927 151228 152732 152669 152372 155667 156008 156030 156105 156156 156157 156585 155665 157197 155192 154105 151026 151171 154495 155108 151609 156772 152108
169251 9
151026 151171 154105 154495 155108 155192 151609 152108 156772
169252 27
155665 155667 156008 156030 156105 156156 156157 156585 157197 151524 151927 152708 152733 154170 154171 155343 156743 151228 155192 154105 151171 151026 154495 155108 152108 156772 151609
169253 34
152014 153249 154737 156053 152372 152669 152732 155667 156008 156030 155665 156105 156156 156157 156585 157197 152733 151524 154170 154171 151927 155343 152708 156743 151228 151026 151171 154495 154105 155108 155192 152108 156772 151609
169254 25
151228 151524 151927 152708 152733 154170 154171 155343 156743 154737 152014 156053 153249 152732 152669 152372 154105 155108 155192 151026 151171 154495 151609 152108 156772
169255 34
152014 153249 154737 156053 155667 156008 156030 155665 156105 156156 156157 156585 157197 152372 152669 152732 152108 156772 151609 151927 154170 154171 151524 155343 152708 156743 151228 152733 151171 154495 154105 155108 155192 151026
169256 34
152014 153249 154737 156053 152372 152669 152732 155667 156008 156030 155665 156105 156156 156157 156585 157197 152108 156772 151609 155192 151026 154105 154495 151171 155108 152708 151228 152733 151927 155343 151524 156743 154170 154171
169257 34
151609 152108 156772 151927 151524 152708 152733 154170 154171 155343 156743 151228 156008 156030 156105 156156 156157 156585 155665 155667 157197 156053 154737 152014 153249 151026 154495 154105 155108 155192 151171 152372 152732 152669
169258 34
151609 152108 156772 151927 151524 152708 152733 154170 154171 155343 156743 151228 156008 156030 156105 156156 156157 156585 155665 155667 157197 156053 154737 152014 153249 151026 154495 154105 155108 155192 151171 152372 152732 152669
169260 13
151609 152108 156772 151171 154105 154495 155108 155192 151026 152014 153249 156053 154737
169261 13
151609 152108 156772 151171 154105 154495 155108 155192 151026 152014 153249 156053 154737
169262 13
151609 152108 156772 151171 154105 154495 155108 155192 151026 152014 153249 156053 154737
169263 13
151609 152108 156772 153249 154737 156053 152014 154495 151026 155108 155192 151171 154105
169264 4
151874 151914 152162 156801
169265 4
151874 151914 152162 156801
169266 4
151874 151914 152162 156801
169268 9
151609 152108 156772 151171 154105 154495 155108 155192 151026
169269 13
151609 152108 156772 151171 154105 154495 155108 155192 151026 152162 151914 151874 156801
169270 13
151609 152108 156772 151171 154105 154495 155108 155192 151026 152162 151914 151874 156801
169271 13
151609 152108 156772 151171 154105 154495 155108 155192 151026 152162 151914 151874 156801
169272 10
151026 151171 154105 154495 155108 155192 151914 152162 151874 156801
169273 18
151609 152108 156772 155667 156008 156030 156105 156156 156157 156585 155665 157197 155108 155192 151026 151171 154105 154495
169275 30
152372 152669 152732 151228 151524 152708 151927 152733 154170 154171 155343 156743 152108 151609 156772 156008 156030 156105 156156 156157 156585 155665 155667 157197 154105 151026 151171 154495 155108 155192
169276 13
151609 152108 156772 151171 154105 154495 155108 155192 151026 152162 151914 151874 156801
169277 22
151228 151524 151927 152708 152733 154170 154171 155343 156743 151609 152108 156772 154495 155108 155192 154105 151171 151026 152162 151874 151914 156801
169279 25
151228 151524 151927 152708 152733 154170 154171 155343 156743 152732 152669 152372 152108 151609 156772 154495 155108 155192 154105 151026 151171 152162 151874 151914 156801
169280 13
151609 152108 156772 151171 154105 154495 155108 155192 151026 152162 151914 151874 156801
169281 13
151609 152108 156772 151171 154105 154495 155108 155192 151026 152162 151914 151874 156801
169282 13
151026 151171 154105 154495 155108 155192 151609 152108 156772 152162 151914 151874 156801
169283 13
151609 152108 156772 151171 154105 154495 155108 155192 151026 152162 151914 151874 156801
169284 16
152372 152669 152732 151171 151026 154105 154495 155108 155192 152108 151609 156772 152162 151914 151874 156801
169285 24
152372 152669 152732 151228 151524 152708 151927 152733 154170 154171 155343 156743 151171 154495 155108 155192 154105 151026 152108 151609 156772 152162 151874 151914
169286 19
152014 153249 154737 156053 152372 152669 152732 154105 154495 151171 155108 155192 151026 151609 152108 156772 152162 151874 151914
169287 7
151609 152108 156772 151874 152162 151914 156801
169288 7
151609 152108 156772 151874 152162 151914 156801
169289 4
151874 151914 152162 156801
169290 4
151874 151914 152162 156801
169291 7
151609 152108 156772 151874 152162 151914 156801
169292 4
151874 151914 152162 156801
169293 4
151874 151914 152162 156801
169294 7
151609 152108 156772 151874 152162 151914 156801
169295 7
151609 152108 156772 151874 152162 151914 156801
169296 4
151874 151914 152162 156801
169297 4
151874 151914 152162 156801
169298 4
151874 151914 152162 156801
169299 4
151874 151914 152162 156801
169300 4
151874 151914 152162 156801
169301 12
151228 151524 151927 152708 152733 154170 154171 155343 156743 151609 152108 156772
169302 12
151228 151524 151927 152708 152733 154170 154171 155343 156743 151609 152108 156772
169303 20
151026 151171 154105 154495 155108 155192 151609 152108 156772 151228 154170 154171 151927 151524 152708 155343 156743 152733 155146 155147
169304 20
151026 151171 154105 154495 155108 155192 151609 152108 156772 151228 154170 154171 151927 151524 152708 155343 156743 152733 155146 155147
169305 18
151026 151171 154105 154495 155108 155192 151609 152108 156772 151228 154170 154171 151927 151524 152708 155343 156743 152733
169306 12
151609 152108 156772 151927 151524 152708 152733 154170 154171 155343 156743 151228
169307 12
151609 152108 156772 151927 151524 152708 152733 154170 154171 155343 156743 151228
169308 18
151026 151171 154105 154495 155108 155192 151609 152108 156772 151228 154170 154171 151927 151524 152708 155343 156743 152733
169309 21
152372 152669 152732 151171 151026 154105 154495 155108 155192 152108 151609 156772 151228 154170 154171 151927 152708 151524 155343 156743 152733
169310 6
151026 151171 154105 154495 155108 155192
169313 18
151228 151524 151927 152708 152733 154170 154171 155343 156743 151609 152108 156772 154495 155108 155192 154105 151171 151026
169315 21
152372 152669 152732 151228 151524 152708 151927 152733 154170 154171 155343 156743 152108 151609 156772 154495 155108 155192 154105 151026 151171
169317 12
152372 152669 152732 152108 151609 156772 151026 154105 154495 155108 155192 151171
169318 12
152372 152669 152732 152108 151609 156772 151026 154105 154495 155108 155192 151171
169319 12
152372 152669 152732 152108 151609 156772 151026 154105 154495 155108 155192 151171
169320 3
151609 152108 156772
169321 3
151609 152108 156772
169322 9
151026 151171 151609 152108 154105 154495 155108 155192 156772
169323 23
152372 152669 152732 151228 151524 152708 151927 152733 154170 154171 155343 156743 151171 154495 155108 155192 154105 151026 152108 151609 156772 155146 155147
169324 23
152372 152669 152732 151171 151026 154105 154495 155108 155192 152733 151228 154170 154171 151524 152708 151927 155343 156743 152108 151609 156772 155146 155147
169325 27
151874 151914 152162 156801 151252 151292 151917 151990 152022 152103 151370 152251 152824 152897 152976 153210 153362 154217 154475 154799 154984 155409 156483 156484 151493 156855 156953
169326 4
151874 151914 152162 156801
169328 9
151609 152108 156772 151171 154105 154495 155108 155192 151026
169330 9
151609 152108 156772 151171 154105 154495 155108 155192 151026
169331 9
151609 152108 156772 151171 154105 154495 155108 155192 151026
169333 9
151609 152108 156772 151171 154105 154495 155108 155192 151026
