169334 13
151026 151171 154105 154495 155108 155192 151609 152108 156772 152162 151914 151874 156801
169336 13
151609 152108 156772 151171 154105 154495 155108 155192 151026 152162 151914 151874 156801
169338 13
151609 152108 156772 151171 154105 154495 155108 155192 151026 152162 151914 151874 156801
169339 4
151874 151914 152162 156801
169340 4
151874 151914 152162 156801
169341 13
151026 151171 154105 154495 155108 155192 151609 152108 156772 152162 151914 151874 156801
169342 4
151874 151914 152162 156801
169344 13
151026 151171 154105 154495 155108 155192 151609 152108 156772 152162 151914 151874 156801
169345 13
151026 151171 154105 154495 155108 155192 151609 152108 156772 152162 151914 151874 156801
169346 13
151026 151171 154105 154495 155108 155192 151609 152108 156772 152162 151914 151874 156801
169347 10
151026 151171 154105 154495 155108 155192 151914 152162 151874 156801
169348 7
151609 152108 156772 151874 152162 151914 156801
169349 7
151609 152108 156772 151874 152162 151914 156801
169350 10
151026 151171 154105 154495 155108 155192 151914 152162 151874 156801
169351 8
151026 151171 154105 154495 155108 155192 155147 155146
169354 8
151026 151171 154105 154495 155108 155192 155147 155146
169356 8
151026 151171 154105 154495 155108 155192 155147 155146
169357 10
151026 151171 154105 154495 155108 155192 151914 152162 151874 156801
169359 25
155146 155147 151370 151493 151917 151990 152022 152103 152251 152824 152897 152976 153210 153362 154217 154475 154799 154984 151252 151292 155409 156483 156484 156855 156953
169360 25
155146 155147 151370 151493 151917 151990 152022 152103 152251 152824 152897 152976 153210 153362 154217 154475 154799 154984 151252 151292 155409 156483 156484 156855 156953
169361 2
155146 155147
169362 2
155146 155147
169363 2
155146 155147
169364 2
155146 155147
169366 10
151026 151171 154105 154495 155108 155192 151914 152162 151874 156801
169367 10
151026 151171 154105 154495 155108 155192 151914 152162 151874 156801
169368 10
151026 151171 154105 154495 155108 155192 151914 152162 151874 156801
169369 27
151874 151914 152162 156801 151252 151292 151917 151990 152022 152103 151370 152251 152824 152897 152976 153210 153362 154217 154475 154799 154984 155409 156483 156484 151493 156855 156953
169370 27
151874 151914 152162 156801 151252 151292 151917 151990 152022 152103 151370 152251 152824 152897 152976 153210 153362 154217 154475 154799 154984 155409 156483 156484 151493 156855 156953
169371 27
151874 151914 152162 156801 151252 151292 151917 151990 152022 152103 151370 152251 152824 152897 152976 153210 153362 154217 154475 154799 154984 155409 156483 156484 151493 156855 156953
169372 27
151874 151914 152162 156801 151252 151292 151917 151990 152022 152103 151370 152251 152824 152897 152976 153210 153362 154217 154475 154799 154984 155409 156483 156484 151493 156855 156953
169373 27
151874 151914 152162 156801 151252 151292 151917 151990 152022 152103 151370 152251 152824 152897 152976 153210 153362 154217 154475 154799 154984 155409 156483 156484 151493 156855 156953
169374 27
151874 151914 152162 156801 151252 151292 151917 151990 152022 152103 151370 152251 152824 152897 152976 153210 153362 154217 154475 154799 154984 155409 156483 156484 151493 156855 156953
169375 27
151874 151914 152162 156801 151252 151292 151917 151990 152022 152103 151370 152251 152824 152897 152976 153210 153362 154217 154475 154799 154984 155409 156483 156484 151493 156855 156953
169376 27
151874 151914 152162 156801 151252 151292 151917 151990 152022 152103 151370 152251 152824 152897 152976 153210 153362 154217 154475 154799 154984 155409 156483 156484 151493 156855 156953
169377 27
151874 151914 152162 156801 151252 151292 151917 151990 152022 152103 151370 152251 152824 152897 152976 153210 153362 154217 154475 154799 154984 155409 156483 156484 151493 156855 156953
169378 27
151874 151914 152162 156801 151252 151292 151917 151990 152022 152103 151370 152251 152824 152897 152976 153210 153362 154217 154475 154799 154984 155409 156483 156484 151493 156855 156953
169379 27
151874 151914 152162 156801 151252 151292 151917 151990 152022 152103 151370 152251 152824 152897 152976 153210 153362 154217 154475 154799 154984 155409 156483 156484 151493 156855 156953
169380 27
151874 151914 152162 156801 151252 151292 151917 151990 152022 152103 151370 152251 152824 152897 152976 153210 153362 154217 154475 154799 154984 155409 156483 156484 151493 156855 156953
169381 27
151874 151914 152162 156801 151252 151292 151917 151990 152022 152103 151370 152251 152824 152897 152976 153210 153362 154217 154475 154799 154984 155409 156483 156484 151493 156855 156953
169382 27
151874 151914 152162 156801 151252 151292 151917 151990 152022 152103 151370 152251 152824 152897 152976 153210 153362 154217 154475 154799 154984 155409 156483 156484 151493 156855 156953
169384 27
151874 151914 152162 156801 151252 151292 151917 151990 152022 152103 151370 152251 152824 152897 152976 153210 153362 154217 154475 154799 154984 155409 156483 156484 151493 156855 156953
169386 27
151874 151914 152162 156801 151252 151292 151917 151990 152022 152103 151370 152251 152824 152897 152976 153210 153362 154217 154475 154799 154984 155409 156483 156484 151493 156855 156953
169387 4
151874 151914 152162 156801
169388 10
151026 151171 154105 154495 155108 155192 151914 152162 151874 156801
169391 4
151874 151914 152162 156801
169392 27
151874 151914 152162 156801 151252 151292 151917 151990 152022 152103 151370 152251 152824 152897 152976 153210 153362 154217 154475 154799 154984 155409 156483 156484 151493 156855 156953
169393 27
151874 151914 152162 156801 151252 151292 151917 151990 152022 152103 151370 152251 152824 152897 152976 153210 153362 154217 154475 154799 154984 155409 156483 156484 151493 156855 156953
169395 27
151874 151914 152162 156801 151252 151292 151917 151990 152022 152103 151370 152251 152824 152897 152976 153210 153362 154217 154475 154799 154984 155409 156483 156484 151493 156855 156953
169398 27
151874 151914 152162 156801 151252 151292 151917 151990 152022 152103 151370 152251 152824 152897 152976 153210 153362 154217 154475 154799 154984 155409 156483 156484 151493 156855 156953
169399 27
151874 151914 152162 156801 151252 151292 151917 151990 152022 152103 151370 152251 152824 152897 152976 153210 153362 154217 154475 154799 154984 155409 156483 156484 151493 156855 156953
169400 27
151874 151914 152162 156801 151252 151292 151917 151990 152022 152103 151370 152251 152824 152897 152976 153210 153362 154217 154475 154799 154984 155409 156483 156484 151493 156855 156953
169401 4
151874 151914 152162 156801
169402 10
151026 151171 154105 154495 155108 155192 151914 152162 151874 156801
169403 13
151609 152108 156772 151171 154105 154495 155108 155192 151026 152162 151914 151874 156801
169404 10
151026 151171 154105 154495 155108 155192 151914 152162 151874 156801
169405 10
151026 151171 154105 154495 155108 155192 151914 152162 151874 156801
169406 10
151026 151171 154105 154495 155108 155192 151914 152162 151874 156801
169407 10
151026 151171 154105 154495 155108 155192 151914 152162 151874 156801
169408 10
151026 151171 154105 154495 155108 155192 151914 152162 151874 156801
169409 10
151026 151171 154105 154495 155108 155192 151914 152162 151874 156801
169410 7
152372 152669 152732 151874 151914 152162 156801
169411 10
151026 151171 154105 154495 155108 155192 151914 152162 151874 156801
169413 27
151874 151914 152162 156801 151370 151917 151990 152022 151493 152251 152824 152897 152976 153362 154217 154984 156483 156484 151292 156855 156953 155409 152103 151252 154475 154799 153210
169414 4
151874 151914 152162 156801
169415 4
151874 151914 152162 156801
169416 4
151874 151914 152162 156801
169417 4
151874 151914 152162 156801
169418 10
151026 151171 154105 154495 155108 155192 151914 152162 151874 156801
169419 4
151874 151914 152162 156801
169420 4
151874 151914 152162 156801
169421 4
151874 151914 152162 156801
169422 10
151026 151171 154105 154495 155108 155192 151914 152162 151874 156801
169423 10
151026 151171 154105 154495 155108 155192 151914 152162 151874 156801
169424 10
151026 151171 154105 154495 155108 155192 151914 152162 151874 156801
169425 4
151874 151914 152162 156801
169426 4
151874 151914 152162 156801
169427 4
151874 151914 152162 156801
169429 4
151874 151914 152162 156801
169430 4
151874 151914 152162 156801
169432 4
151874 151914 152162 156801
169433 4
151874 151914 152162 156801
169434 4
151874 151914 152162 156801
169435 4
151874 151914 152162 156801
169437 4
151874 151914 152162 156801
169439 4
151874 151914 152162 156801
169440 4
151874 151914 152162 156801
169441 4
151874 151914 152162 156801
169442 4
151874 151914 152162 156801
169443 4
151874 151914 152162 156801
169444 4
151874 151914 152162 156801
169445 4
151874 151914 152162 156801
169446 4
151874 151914 152162 156801
169447 4
151874 151914 152162 156801
169448 4
151874 151914 152162 156801
169449 4
151874 151914 152162 156801
169451 4
151874 151914 152162 156801
169452 4
151874 151914 152162 156801
169453 27
151874 151914 152162 156801 151252 151292 151917 151990 152022 152103 151370 152251 152824 152897 152976 153210 153362 154217 154475 154799 154984 155409 156483 156484 151493 156855 156953
169454 4
151874 151914 152162 156801
169455 27
151874 151914 152162 156801 151252 151292 151917 151990 152022 152103 151370 152251 152824 152897 152976 153210 153362 154217 154475 154799 154984 155409 156483 156484 151493 156855 156953
169456 10
152372 152669 152732 152108 151609 156772 151874 152162 151914 156801
169457 10
152372 152669 152732 152108 151609 156772 151874 152162 151914 156801
169458 16
151026 151171 154105 154495 155108 155192 152669 152732 152372 152108 151609 156772 152162 151914 151874 156801
169459 14
151026 151171 154105 154495 155108 155192 152669 152732 152372 152108 151609 156772 155146 155147
169460 14
151026 151171 154105 154495 155108 155192 152669 152732 152372 152108 151609 156772 155146 155147
169461 14
151026 151171 154105 154495 155108 155192 152669 152732 152372 155147 155146 152108 151609 156772
169462 16
151026 151171 154105 154495 155108 155192 152669 152732 152372 151914 152162 151874 151609 152108 156772 156801
169463 16
151026 151171 154105 154495 155108 155192 152669 152732 152372 151914 152162 151874 151609 152108 156772 156801
169464 16
151026 151171 154105 154495 155108 155192 152669 152732 152372 151914 152162 151874 151609 152108 156772 156801
169465 16
151026 151171 154105 154495 155108 155192 152669 152732 152372 151914 152162 151874 151609 152108 156772 156801
169468 23
155665 155667 156008 156030 156105 156156 156157 156585 157197 152108 156772 151609 152669 152732 152372 155108 155192 151171 151026 154105 154495 155147 155146
169469 23
155665 155667 156008 156030 156105 156156 156157 156585 157197 152108 156772 151609 152669 152732 152372 155108 155192 151171 151026 154105 154495 155147 155146
169470 16
151026 151171 154105 154495 155108 155192 151609 152108 156772 152732 152372 152669 152162 151914 151874 156801
169472 16
151026 151171 154105 154495 155108 155192 151609 152108 156772 152732 152372 152669 152162 151914 151874 156801
169473 16
151026 151171 154105 154495 155108 155192 151609 152108 156772 152732 152372 152669 152162 151914 151874 156801
169475 16
151026 151171 154105 154495 155108 155192 151609 152108 156772 152732 152372 152669 152162 151914 151874 156801
169476 16
151026 151171 154105 154495 155108 155192 151609 152108 156772 152732 152372 152669 152162 151914 151874 156801
169477 16
151026 151171 154105 154495 155108 155192 151609 152108 156772 152732 152372 152669 152162 151914 151874 156801
169478 16
151026 151171 154105 154495 155108 155192 151609 152108 156772 152732 152372 152669 152162 151914 151874 156801
169480 16
151026 151171 154105 154495 155108 155192 151609 152108 156772 152732 152372 152669 152162 151914 151874 156801
169481 16
151026 151171 154105 154495 155108 155192 151609 152108 156772 152732 152372 152669 152162 151914 151874 156801
169482 16
151026 151171 154105 154495 155108 155192 151609 152108 156772 152732 152372 152669 152162 151914 151874 156801
169484 16
151026 151171 154105 154495 155108 155192 152669 152732 152372 152108 151609 156772 152162 151914 151874 156801
169485 16
151026 151171 154105 154495 155108 155192 152669 152732 152372 152108 151609 156772 152162 151914 151874 156801
169486 16
151026 151171 154105 154495 155108 155192 152669 152732 152372 152108 151609 156772 152162 151914 151874 156801
169487 8
152372 152669 152732 152108 151609 156772 155147 155146
169488 8
152372 152669 152732 152108 151609 156772 155147 155146
169489 8
152372 152669 152732 152108 151609 156772 155147 155146
169491 8
152372 152669 152732 152108 151609 156772 155147 155146
169492 14
151026 151171 154105 154495 155108 155192 152669 152732 152372 152108 151609 156772 155146 155147
169493 14
151026 151171 154105 154495 155108 155192 152669 152732 152372 152108 151609 156772 155146 155147
169494 14
151026 151171 154105 154495 155108 155192 152669 152732 152372 152108 151609 156772 155146 155147
169495 16
151026 151171 154105 154495 155108 155192 152669 152732 152372 152108 151609 156772 152162 151914 151874 156801
169497 24
151609 152108 156772 152669 152732 152372 155667 156008 156030 156105 156156 156157 156585 155665 157197 151874 152162 151914 155108 155192 151026 151171 154105 154495
169498 24
151609 152108 156772 152669 152732 152372 155667 156008 156030 156105 156156 156157 156585 155665 157197 151874 152162 151914 155108 155192 151026 151171 154105 154495
169499 33
151228 151524 151927 152708 152733 154170 154171 155343 156743 151609 152108 156772 152669 152372 152732 151914 152162 151874 156008 156030 156105 156156 156157 156585 155665 155667 157197 154105 151171 151026 154495 155108 155192
169500 24
152372 152669 152732 155665 155667 156008 156030 156105 156156 156157 156585 157197 151874 151914 152162 154495 155108 155192 151026 151171 154105 152108 156772 151609
169501 33
151228 151524 151927 152708 152733 154170 154171 155343 156743 151609 152108 156772 152669 152372 152732 156008 156030 156105 156156 156157 156585 155665 155667 157197 151914 152162 151874 154105 151171 151026 154495 155108 155192
169502 33
151228 151524 151927 152708 152733 154170 154171 155343 156743 151609 152108 156772 152669 152372 152732 156008 156030 156105 156156 156157 156585 155665 155667 157197 151914 152162 151874 154105 151171 151026 154495 155108 155192
169503 24
151609 152108 156772 152669 152732 152372 155667 156008 156030 156105 156156 156157 156585 155665 157197 151874 152162 151914 155108 155192 151026 151171 154105 154495
169504 24
151609 152108 156772 152669 152732 152372 155667 156008 156030 156105 156156 156157 156585 155665 157197 151874 152162 151914 155108 155192 151026 151171 154105 154495
169506 33
151228 151524 151927 152708 152733 154170 154171 155343 156743 151609 152108 156772 152669 152372 152732 156008 156030 156105 156156 156157 156585 155665 155667 157197 151914 152162 151874 154105 151171 151026 154495 155108 155192
169507 24
151609 152108 156772 152669 152732 152372 155667 156008 156030 156105 156156 156157 156585 155665 157197 151874 152162 151914 155108 155192 151026 151171 154105 154495
169508 24
151609 152108 156772 155667 156008 156030 156105 156156 156157 156585 155665 157197 152669 152732 152372 151874 152162 151914 155108 155192 151026 151171 154105 154495
169510 18
151609 152108 156772 155667 156008 156030 156105 156156 156157 156585 155665 157197 152669 152732 152372 151874 152162 151914
169511 24
151609 152108 156772 155667 156008 156030 156105 156156 156157 156585 155665 157197 152669 152732 152372 151874 152162 151914 155108 155192 151026 151171 154105 154495
169512 24
151609 152108 156772 152669 152732 152372 155667 156008 156030 156105 156156 156157 156585 155665 157197 151874 152162 151914 155108 155192 151026 151171 154105 154495
169513 24
151609 152108 156772 152669 152732 152372 155667 156008 156030 156105 156156 156157 156585 155665 157197 151874 152162 151914 155108 155192 151026 151171 154105 154495
169514 11
151609 152108 156772 155147 155146 154495 155108 151026 151171 155192 154105
169515 11
151609 152108 156772 155147 155146 154495 155108 151026 151171 155192 154105
169516 11
151609 152108 156772 155147 155146 154495 155108 151026 151171 155192 154105
169518 11
151609 152108 156772 155147 155146 154495 155108 151026 151171 155192 154105
169519 4
151874 151914 152162 156801
169520 4
151874 151914 152162 156801
169521 9
151026 151171 154105 154495 155108 155192 151609 152108 156772
169522 18
151609 152108 156772 155667 156008 156030 156105 156156 156157 156585 155665 157197 155108 155192 151026 151171 154105 154495
169524 9
151026 151171 154105 154495 155108 155192 151609 152108 156772
169525 15
151609 152108 156772 151171 154105 154495 155108 155192 151026 152732 152372 152669 152162 151914 151874
169526 15
151609 152108 156772 151171 154105 154495 155108 155192 151026 152732 152372 152669 152162 151914 151874
169528 15
151609 152108 156772 151171 154105 154495 155108 155192 151026 152732 152372 152669 152162 151914 151874
169530 15
151609 152108 156772 151171 154105 154495 155108 155192 151026 152732 152372 152669 152162 151914 151874
169531 14
151609 152108 156772 151171 154105 154495 155108 155192 151026 152732 152372 152669 155146 155147
169533 23
151609 152108 156772 155667 156008 156030 156105 156156 156157 156585 155665 157197 152669 152732 152372 155108 155192 151171 151026 154105 154495 155147 155146
169534 15
151609 152108 156772 151171 154105 154495 155108 155192 151026 152732 152372 152669 152162 151914 151874
169535 34
152014 153249 154737 156053 152372 152669 152732 151228 152733 151524 154170 154171 151927 155343 152708 156743 156008 156030 155665 156105 156156 156157 156585 155667 157197 152108 156772 151609 151171 154495 154105 155108 155192 151026
169536 34
152014 153249 154737 156053 152372 152669 152732 151609 152108 156772 156008 156030 155665 156105 156156 156157 156585 155667 157197 151927 154170 154171 151524 155343 152708 156743 151228 152733 151171 154495 154105 155108 155192 151026
169538 34
152014 153249 154737 156053 152372 152669 152732 151228 152733 151524 154170 154171 151927 155343 152708 156743 156008 156030 155665 156105 156156 156157 156585 155667 157197 152108 156772 151609 151171 154495 154105 155108 155192 151026
169539 34
152014 153249 154737 156053 152372 152669 152732 155667 156008 156030 155665 156105 156156 156157 156585 157197 152733 151524 154170 154171 151927 155343 152708 156743 151228 152108 156772 151609 151171 154495 154105 155108 155192 151026
169540 28
152014 153249 154737 156053 152372 152669 152732 155667 156008 156030 155665 156105 156156 156157 156585 157197 152108 156772 151609 151927 154170 154171 151524 155343 152708 156743 151228 152733
169541 28
152014 153249 154737 156053 152372 152669 152732 151228 152733 151524 154170 154171 151927 155343 152708 156743 156008 156030 155665 156105 156156 156157 156585 155667 157197 152108 156772 151609
169542 28
152014 153249 154737 156053 152372 152669 152732 151228 152733 151524 154170 154171 151927 155343 152708 156743 156008 156030 155665 156105 156156 156157 156585 155667 157197 152108 156772 151609
169543 28
152014 153249 154737 156053 152372 152669 152732 151228 152733 151524 154170 154171 151927 155343 152708 156743 156008 156030 155665 156105 156156 156157 156585 155667 157197 152108 156772 151609
169544 28
152014 153249 154737 156053 152372 152669 152732 155667 156008 156030 155665 156105 156156 156157 156585 157197 152108 156772 151609 151927 154170 154171 151524 155343 152708 156743 151228 152733
169545 28
152014 153249 154737 156053 152372 152669 152732 151228 152733 151524 154170 154171 151927 155343 152708 156743 156008 156030 155665 156105 156156 156157 156585 155667 157197 152108 156772 151609
169546 28
152014 153249 154737 156053 152372 152669 152732 151228 152733 151524 154170 154171 151927 155343 152708 156743 151609 152108 156772 156030 155665 156105 156156 156157 156585 155667 156008 157197
169547 28
152014 153249 154737 156053 152372 152669 152732 151228 152733 151524 154170 154171 151927 155343 152708 156743 156008 156030 155665 156105 156156 156157 156585 155667 157197 152108 156772 151609
169548 28
152014 153249 154737 156053 152372 152669 152732 151228 152733 151524 154170 154171 151927 155343 152708 156743 156008 156030 155665 156105 156156 156157 156585 155667 157197 152108 156772 151609
169549 34
152014 153249 154737 156053 152372 152669 152732 151609 152108 156772 152733 151927 154170 154171 151524 155343 152708 156743 151228 156030 155665 156105 156156 156157 156585 155667 156008 157197 151171 154495 154105 155108 155192 151026
169550 34
152014 153249 154737 156053 152372 152669 152732 151609 152108 156772 152733 151927 154170 154171 151524 155343 152708 156743 151228 156030 155665 156105 156156 156157 156585 155667 156008 157197 151171 154495 154105 155108 155192 151026
169551 34
152014 153249 154737 156053 152372 152669 152732 151228 152733 151524 154170 154171 151927 155343 152708 156743 156008 156030 155665 156105 156156 156157 156585 155667 157197 152108 156772 151609 151171 154495 154105 155108 155192 151026
169552 28
152014 153249 154737 156053 152372 152669 152732 151228 152733 151524 154170 154171 151927 155343 152708 156743 156008 156030 155665 156105 156156 156157 156585 155667 157197 152108 156772 151609
169554 33
152785 153939 154153 155055 155056 155460 155695 155730 154737 152014 153249 156053 152732 152372 152669 152733 151524 151927 155343 152708 151228 154170 154171 156743 156008 156030 155665 156105 156156 156157 156585 155667 157197
169556 34
152014 153249 154737 156053 152372 152669 152732 151609 152108 156772 152733 151927 154170 154171 151524 155343 152708 156743 151228 156030 155665 156105 156156 156157 156585 155667 156008 157197 151171 154495 154105 155108 155192 151026
169557 34
152014 153249 154737 156053 152372 152669 152732 151609 152108 156772 152733 151927 154170 154171 151524 155343 152708 156743 151228 156030 155665 156105 156156 156157 156585 155667 156008 157197 151171 154495 154105 155108 155192 151026
169558 34
152014 153249 154737 156053 152372 152669 152732 151609 152108 156772 152733 151927 154170 154171 151524 155343 152708 156743 151228 156030 155665 156105 156156 156157 156585 155667 156008 157197 151171 154495 154105 155108 155192 151026
169559 34
152014 153249 154737 156053 152372 152669 152732 151609 152108 156772 152733 151927 154170 154171 151524 155343 152708 156743 151228 156030 155665 156105 156156 156157 156585 155667 156008 157197 151171 154495 154105 155108 155192 151026
169562 34
152014 153249 154737 156053 152372 152669 152732 151609 152108 156772 152733 151927 154170 154171 151524 155343 152708 156743 151228 156030 155665 156105 156156 156157 156585 155667 156008 157197 151171 154495 154105 155108 155192 151026
169563 34
152014 153249 154737 156053 152372 152669 152732 151609 152108 156772 152733 151927 154170 154171 151524 155343 152708 156743 151228 156030 155665 156105 156156 156157 156585 155667 156008 157197 151171 154495 154105 155108 155192 151026
169564 34
152014 153249 154737 156053 152372 152669 152732 151609 152108 156772 152733 151927 154170 154171 151524 155343 152708 156743 151228 156030 155665 156105 156156 156157 156585 155667 156008 157197 151171 154495 154105 155108 155192 151026
169565 34
152014 153249 154737 156053 152372 152669 152732 151609 152108 156772 152733 151927 154170 154171 151524 155343 152708 156743 151228 156030 155665 156105 156156 156157 156585 155667 156008 157197 151171 154495 154105 155108 155192 151026
169566 34
152014 153249 154737 156053 152372 152669 152732 151609 152108 156772 152733 151927 154170 154171 151524 155343 152708 156743 151228 155108 155192 151026 151171 154495 154105 156030 155665 156105 156156 156157 156585 155667 156008 157197
169568 34
152014 153249 154737 156053 152372 152669 152732 151609 152108 156772 156008 156030 155665 156105 156156 156157 156585 155667 157197 155192 151026 154105 154495 151171 155108 152708 151228 152733 151927 155343 151524 156743 154170 154171
169569 34
152014 153249 154737 156053 152372 152669 152732 151609 152108 156772 154495 151171 155108 155192 151026 154105 154171 152708 151228 152733 151927 155343 151524 156743 154170 156030 155665 156105 156156 156157 156585 155667 156008 157197
169570 34
152014 153249 154737 156053 152372 152669 152732 151609 152108 156772 156008 156030 155665 156105 156156 156157 156585 155667 157197 155192 151026 154105 154495 151171 155108 152708 151228 152733 151927 155343 151524 156743 154170 154171
169574 34
152014 153249 154737 156053 152372 152669 152732 151609 152108 156772 152733 151927 154170 154171 151524 155343 152708 156743 151228 155108 155192 151026 151171 154495 154105 156030 155665 156105 156156 156157 156585 155667 156008 157197
169575 34
152014 153249 154737 156053 152372 152669 152732 151609 152108 156772 152733 151927 154170 154171 151524 155343 152708 156743 151228 155108 155192 151026 151171 154495 154105 156030 155665 156105 156156 156157 156585 155667 156008 157197
169576 34
152014 153249 154737 156053 152372 152669 152732 151609 152108 156772 152733 151927 154170 154171 151524 155343 152708 156743 151228 156030 155665 156105 156156 156157 156585 155667 156008 157197 151171 154495 154105 155108 155192 151026
169577 34
152014 153249 154737 156053 152372 152669 152732 151609 152108 156772 156008 156030 155665 156105 156156 156157 156585 155667 157197 151927 154170 154171 151524 155343 152708 156743 151228 152733 151171 154495 154105 155108 155192 151026
169579 34
152014 153249 154737 156053 152372 152669 152732 151609 152108 156772 156008 156030 155665 156105 156156 156157 156585 155667 157197 151927 154170 154171 151524 155343 152708 156743 151228 152733 151171 154495 154105 155108 155192 151026
169580 34
152014 153249 154737 156053 152372 152669 152732 151609 152108 156772 156008 156030 155665 156105 156156 156157 156585 155667 157197 151927 154170 154171 151524 155343 152708 156743 151228 152733 151171 154495 154105 155108 155192 151026
169581 34
152014 153249 154737 156053 152372 152669 152732 151609 152108 156772 156008 156030 155665 156105 156156 156157 156585 155667 157197 151927 154170 154171 151524 155343 152708 156743 151228 152733 151171 154495 154105 155108 155192 151026
169582 34
152014 153249 154737 156053 152372 152669 152732 151609 152108 156772 152733 151927 154170 154171 151524 155343 152708 156743 151228 156030 155665 156105 156156 156157 156585 155667 156008 157197 151171 154495 154105 155108 155192 151026
169583 34
152014 153249 154737 156053 152372 152669 152732 151609 152108 156772 156008 156030 155665 156105 156156 156157 156585 155667 157197 151927 154170 154171 151524 155343 152708 156743 151228 152733 151171 154495 154105 155108 155192 151026
169584 34
152014 153249 154737 156053 152372 152669 152732 151609 152108 156772 156008 156030 155665 156105 156156 156157 156585 155667 157197 155192 151026 154105 154495 151171 155108 152708 151228 152733 151927 155343 151524 156743 154170 154171
169585 34
152014 153249 154737 156053 152372 152669 152732 151609 152108 156772 156008 156030 155665 156105 156156 156157 156585 155667 157197 151927 154170 154171 151524 155343 152708 156743 151228 152733 151171 154495 154105 155108 155192 151026
169587 34
152014 153249 154737 156053 152372 152669 152732 151609 152108 156772 156008 156030 155665 156105 156156 156157 156585 155667 157197 151927 154170 154171 151524 155343 152708 156743 151228 152733 151171 154495 154105 155108 155192 151026
169589 34
152014 153249 154737 156053 152372 152669 152732 151609 152108 156772 156008 156030 155665 156105 156156 156157 156585 155667 157197 151927 154170 154171 151524 155343 152708 156743 151228 152733 151171 154495 154105 155108 155192 151026
169590 34
152014 153249 154737 156053 152372 152669 152732 151609 152108 156772 156008 156030 155665 156105 156156 156157 156585 155667 157197 151927 154170 154171 151524 155343 152708 156743 151228 152733 151171 154495 154105 155108 155192 151026
169593 34
152014 153249 154737 156053 152372 152669 152732 151609 152108 156772 156008 156030 155665 156105 156156 156157 156585 155667 157197 155343 156743 152708 152733 154171 151927 151524 151228 154170 151171 154495 154105 155108 155192 151026
169594 34
152014 153249 154737 156053 152372 152669 152732 151609 152108 156772 156008 156030 155665 156105 156156 156157 156585 155667 157197 151927 154170 154171 151524 155343 152708 156743 151228 152733 151171 154495 154105 155108 155192 151026
169595 21
151609 152108 156772 155667 156008 156030 156105 156156 156157 156585 155665 157197 151874 152162 151914 155108 155192 151171 151026 154105 154495
169596 30
151228 151524 151927 152708 152733 154170 154171 155343 156743 151609 152108 156772 156008 156030 156105 156156 156157 156585 155665 155667 157197 154105 151171 151026 154495 155108 155192 152162 151874 151914
169598 29
155665 155667 156008 156030 156105 156156 156157 156585 157197 155147 155146 151026 151171 155192 154105 154495 155108 154171 151524 151927 152708 152733 151228 155343 156743 154170 152108 156772 151609
169599 29
155146 155147 155665 155667 156008 156030 156105 156156 156157 156585 157197 151026 151171 155192 154105 154495 155108 154171 151524 151927 152708 152733 151228 155343 156743 154170 152108 156772 151609
169600 29
155665 155667 156008 156030 156105 156156 156157 156585 157197 155147 155146 151026 151171 155192 154105 154495 155108 154171 151524 151927 152708 152733 151228 155343 156743 154170 152108 156772 151609
169601 24
155665 155667 156008 156030 156105 156156 156157 156585 157197 151524 151927 152708 152733 154170 154171 155343 156743 151228 155192 154105 151171 151026 154495 155108
169603 27
152372 152669 152732 155665 155667 156008 156030 156105 156156 156157 156585 157197 151524 152708 151927 152733 154170 154171 155343 156743 151228 155192 154105 151026 151171 154495 155108
169604 35
152785 153939 155695 155055 155056 155460 154153 155730 152732 152372 152669 155665 155667 156008 156030 156105 156156 156157 156585 157197 154171 151927 152733 155343 151228 151524 152708 156743 154170 151026 151171 155108 155192 154105 154495
169605 24
155665 155667 156008 156030 156105 156156 156157 156585 157197 154495 155108 155192 151026 151171 154105 151228 154170 154171 151524 151927 152708 155343 156743 152733
169606 24
155665 155667 156008 156030 156105 156156 156157 156585 157197 154495 155108 155192 151026 151171 154105 151228 154170 154171 151524 151927 152708 155343 156743 152733
169608 24
155665 155667 156008 156030 156105 156156 156157 156585 157197 154495 155108 155192 151026 151171 154105 151228 154170 154171 151524 151927 152708 155343 156743 152733
169611 24
155665 155667 156008 156030 156105 156156 156157 156585 157197 154495 155108 155192 151026 151171 154105 151228 154170 154171 151524 151927 152708 155343 156743 152733
169612 27
155665 155667 156008 156030 156105 156156 156157 156585 157197 154495 155108 155192 151026 151171 154105 151228 154170 154171 151524 151927 152708 155343 156743 152733 152108 156772 151609
169613 33
152014 153249 154737 156053 155147 155146 152732 152372 152669 155667 156008 156030 155665 156105 156156 156157 156585 157197 154105 155192 154495 151171 155108 151026 151228 152733 151524 151927 154170 155343 154171 156743 152708
169615 33
152014 153249 154737 156053 155147 155146 152732 152372 152669 155667 156008 156030 155665 156105 156156 156157 156585 157197 154105 155192 154495 151171 155108 151026 151228 152733 151524 151927 154170 155343 154171 156743 152708
169616 24
155665 155667 156008 156030 156105 156156 156157 156585 157197 154495 155108 155192 151026 151171 154105 151228 154170 154171 151524 151927 152708 155343 156743 152733
169617 32
155665 155667 156008 156030 156105 156156 156157 156585 157197 154495 155108 155192 151026 151171 154105 151228 154170 154171 151524 151927 152708 155343 156743 152733 152669 152372 152732 155146 155147 151609 156772 152108
169618 32
155665 155667 156008 156030 156105 156156 156157 156585 157197 154495 155108 155192 151026 151171 154105 151228 154170 154171 151524 151927 152708 155343 156743 152733 152669 152372 152732 155146 155147 151609 156772 152108
169619 32
155665 155667 156008 156030 156105 156156 156157 156585 157197 154495 155108 155192 151026 151171 154105 151228 154170 154171 151524 151927 152708 155343 156743 152733 152669 152372 152732 155146 155147 151609 156772 152108
169620 32
155665 155667 156008 156030 156105 156156 156157 156585 157197 154495 155108 155192 151026 151171 154105 151228 154170 154171 151524 151927 152708 155343 156743 152733 152669 152372 152732 155146 155147 151609 156772 152108
169621 32
155665 155667 156008 156030 156105 156156 156157 156585 157197 154495 155108 155192 151026 151171 154105 151228 154170 154171 151524 151927 152708 155343 156743 152733 152669 152372 152732 151609 156772 152108 155147 155146
169623 32
155665 155667 156008 156030 156105 156156 156157 156585 157197 151524 151927 152708 152733 154170 154171 155343 156743 151228 155192 154105 151171 151026 154495 155108 152669 152372 152732 155146 155147 151609 156772 152108
169624 32
155665 155667 156008 156030 156105 156156 156157 156585 157197 154495 155108 155192 151026 151171 154105 151228 154170 154171 151524 151927 152708 152733 156743 155343 152669 152372 152732 155146 155147 151609 156772 152108
169626 32
155665 155667 156008 156030 156105 156156 156157 156585 157197 154495 155108 155192 151026 151171 154105 151228 154170 154171 151524 151927 152708 155343 156743 152733 152669 152372 152732 155146 155147 151609 156772 152108
169627 27
151228 151524 151927 152708 152733 154170 154171 155343 156743 155667 156008 156030 156105 156156 156157 156585 155665 157197 155192 154105 151171 151026 154495 155108 152108 156772 151609
169628 26
151252 151292 151370 151493 151917 151990 152022 152103 152251 152824 152897 152976 153210 153362 154217 154475 154799 154984 155409 156483 156484 156855 156953 154290 155436 153079
169629 26
151252 151292 151370 151493 151917 151990 152022 152103 152251 152824 152897 152976 153210 153362 154217 154475 154799 154984 155409 156483 156484 156855 156953 154290 155436 153079
169630 26
151252 151292 151370 151493 151917 151990 152022 152103 152251 152824 152897 152976 153210 153362 154217 154475 154799 154984 155409 156483 156484 156855 156953 154290 155436 153079
169631 26
151252 151292 151370 151493 151917 151990 152022 152103 152251 152824 152897 152976 153210 153362 154217 154475 154799 154984 155409 156483 156484 156855 156953 154290 155436 153079
169632 26
151252 151292 151370 151493 151917 151990 152022 152103 152251 152824 152897 152976 153210 153362 154217 154475 154799 154984 155409 156483 156484 156855 156953 154290 155436 153079
169633 26
151252 151292 151370 151493 151917 151990 152022 152103 152251 152824 152897 152976 153210 153362 154217 154475 154799 154984 155409 156483 156484 156855 156953 154290 155436 153079
169635 26
151252 151292 151370 151493 151917 151990 152022 152103 152251 152824 152897 152976 153210 153362 154217 154475 154799 154984 155409 156483 156484 156855 156953 154290 155436 153079
169637 26
151252 151292 151370 151493 151917 151990 152022 152103 152251 152824 152897 152976 153210 153362 154217 154475 154799 154984 155409 156483 156484 156855 156953 154290 155436 153079
169638 26
151252 151292 151370 151493 151917 151990 152022 152103 152251 152824 152897 152976 153210 153362 154217 154475 154799 154984 155409 156483 156484 156855 156953 154290 155436 153079
169639 25
151292 151370 151493 151917 151990 152022 152251 152824 152897 152976 153362 154217 154984 156483 156484 156855 156953 153210 155409 151252 152103 154475 154799 155147 155146
169640 25
151252 151292 151370 151493 151917 151990 152022 152103 152251 152824 152897 152976 153210 153362 154217 154475 154799 154984 155409 156483 156484 156855 156953 155147 155146
169641 25
151292 151370 151493 151917 151990 152022 152251 152824 152897 152976 153362 154217 154984 156483 156484 156855 156953 153210 155409 151252 152103 154475 154799 155147 155146
169642 25
151252 151292 151370 151493 151917 151990 152022 152103 152251 152824 152897 152976 153210 153362 154217 154475 154799 154984 155409 156483 156484 156855 156953 155147 155146
169643 23
151252 151292 151370 151493 151917 151990 152022 152103 152251 152824 152897 152976 153210 153362 154217 154475 154799 154984 155409 156483 156484 156855 156953
169644 3
152372 152669 152732
169647 3
152372 152669 152732
169649 3
152372 152669 152732
169650 5
152372 152669 152732 155146 155147
169652 3
152372 152669 152732
169653 3
152372 152669 152732
169654 9
151026 151171 154105 154495 155108 155192 152669 152732 152372
169655 5
155146 155147 152732 152372 152669
169656 26
151292 151370 151493 151917 151990 152022 152251 152824 152897 152976 153362 154217 154984 156483 156484 156855 156953 153210 155409 151252 152103 154475 154799 154290 155436 153079
169657 23
151252 151292 151370 151493 151917 151990 152022 152103 152251 152824 152897 152976 153210 153362 154217 154475 154799 154984 155409 156483 156484 156855 156953
169658 25
155146 155147 151370 151493 151917 151990 152022 152103 152251 152824 152897 152976 153210 153362 154217 154475 154799 154984 151252 151292 155409 156483 156484 156855 156953
169659 23
151252 151292 151370 151493 151917 151990 152022 152103 152251 152824 152897 152976 153210 153362 154217 154475 154799 154984 155409 156483 156484 156855 156953
169660 23
151252 151292 151370 151493 151917 151990 152022 152103 152251 152824 152897 152976 153210 153362 154217 154475 154799 154984 155409 156483 156484 156855 156953
169661 23
151252 151292 151370 151493 151917 151990 152022 152103 152251 152824 152897 152976 153210 153362 154217 154475 154799 154984 155409 156483 156484 156855 156953
169662 26
151609 152108 156772 151493 151252 151917 151990 152022 152103 151292 152251 152824 152897 152976 153210 153362 154217 154475 154799 154984 155409 156483 156484 151370 156855 156953
169664 26
151609 152108 156772 151252 153210 154475 154799 155409 152103 151493 152251 152824 152897 152976 151292 153362 154217 151917 151990 154984 152022 156483 156484 151370 156855 156953
169665 29
152372 152669 152732 152108 151609 156772 151990 152022 152103 151292 152251 151370 151493 151252 152824 152897 152976 153210 153362 154217 154475 154799 154984 155409 156483 156484 151917 156855 156953
169666 26
151609 152108 156772 151493 151252 151917 151990 152022 152103 151292 152251 152824 152897 152976 153210 153362 154217 154475 154799 154984 155409 156483 156484 151370 156855 156953
169667 26
151609 152108 156772 151493 151252 151917 151990 152022 152103 151292 152251 152824 152897 152976 153210 153362 154217 154475 154799 154984 155409 156483 156484 151370 156855 156953
169668 26
151609 152108 156772 151493 151252 151917 151990 152022 152103 151292 152251 152824 152897 152976 153210 153362 154217 154475 154799 154984 155409 156483 156484 151370 156855 156953
169669 26
151609 152108 156772 151252 153210 154475 154799 155409 152103 151493 152251 152824 152897 152976 151292 153362 154217 151917 151990 154984 152022 156483 156484 151370 156855 156953
169670 8
152372 152669 152732 155146 155147 152108 151609 156772
169671 8
152372 152669 152732 155146 155147 152108 151609 156772
169673 8
152372 152669 152732 155146 155147 152108 151609 156772
169674 28
155146 155147 151609 152108 156772 151917 151990 152022 152103 151292 152251 152824 152897 152976 153210 153362 154217 154475 154799 154984 151370 151493 155409 156483 156484 151252 156855 156953
169675 28
155146 155147 151609 152108 156772 151990 152022 151370 152251 152824 152897 152976 153362 154217 154984 151493 151292 156483 156484 151917 156855 156953 155409 154475 154799 153210 152103 151252
169676 28
155146 155147 151609 152108 156772 151990 152022 151370 152251 152824 152897 152976 153362 154217 154984 151493 151292 156483 156484 151917 156855 156953 155409 154475 154799 153210 152103 151252
169677 8
152372 152669 152732 155146 155147 152108 151609 156772
169678 8
152372 152669 152732 155146 155147 152108 151609 156772
169679 8
152372 152669 152732 155146 155147 152108 151609 156772
169680 26
151252 151292 151370 151493 151917 151990 152022 152103 152251 152824 152897 152976 153210 153362 154217 154475 154799 154984 155409 156483 156484 156855 156953 154290 155436 153079
169682 26
151252 151292 151370 151493 151917 151990 152022 152103 152251 152824 152897 152976 153210 153362 154217 154475 154799 154984 155409 156483 156484 156855 156953 154290 155436 153079
169684 28
155146 155147 151370 151493 151917 151990 152022 152103 152251 152824 152897 152976 153210 153362 154217 154475 154799 154984 151252 151292 155409 156483 156484 156855 156953 154290 155436 153079
169685 23
151252 151292 151370 151493 151917 151990 152022 152103 152251 152824 152897 152976 153210 153362 154217 154475 154799 154984 155409 156483 156484 156855 156953
169686 26
151252 151292 151370 151493 151917 151990 152022 152103 152251 152824 152897 152976 153210 153362 154217 154475 154799 154984 155409 156483 156484 156855 156953 154290 155436 153079
169687 23
151252 151292 151370 151493 151917 151990 152022 152103 152251 152824 152897 152976 153210 153362 154217 154475 154799 154984 155409 156483 156484 156855 156953
169688 29
152014 153249 154737 156053 155147 155146 151252 152022 152103 152251 152824 152897 152976 153210 151292 153362 154217 154475 151370 154799 154984 151493 151917 155409 151990 156483 156484 156855 156953
169690 5
152372 152669 152732 155146 155147
169691 2
155146 155147
169692 2
155146 155147
169693 23
151252 151292 151370 151493 151917 151990 152022 152103 152251 152824 152897 152976 153210 153362 154217 154475 154799 154984 155409 156483 156484 156855 156953
169694 23
151252 151292 151370 151493 151917 151990 152022 152103 152251 152824 152897 152976 153210 153362 154217 154475 154799 154984 155409 156483 156484 156855 156953
169695 23
151252 151292 151370 151493 151917 151990 152022 152103 152251 152824 152897 152976 153210 153362 154217 154475 154799 154984 155409 156483 156484 156855 156953
169696 23
151252 151292 151370 151493 151917 151990 152022 152103 152251 152824 152897 152976 153210 153362 154217 154475 154799 154984 155409 156483 156484 156855 156953
169697 6
151609 152108 156772 152669 152732 152372
169698 6
151609 152108 156772 152669 152732 152372
169699 6
151609 152108 156772 152669 152732 152372
169700 6
151609 152108 156772 152669 152732 152372
169701 6
151609 152108 156772 152669 152732 152372
169702 18
155653 155664 156792 152708 152733 156743 155343 151927 151228 151524 154170 154171 152108 156772 151609 152669 152372 152732
169704 27
155665 155667 156008 156030 156105 156156 156157 156585 157197 151524 151927 152708 152733 154170 154171 155343 156743 151228 155653 156792 155664 156772 151609 152108 152669 152372 152732
169706 27
155665 155667 156008 156030 156105 156156 156157 156585 157197 152708 152733 156743 155343 151228 151524 154170 154171 151927 155653 156792 155664 156772 151609 152108 152669 152372 152732
169707 6
152372 152669 152732 152108 151609 156772
169708 6
152372 152669 152732 152108 151609 156772
169709 6
152372 152669 152732 152108 151609 156772
169710 6
152372 152669 152732 152108 151609 156772
169711 6
152372 152669 152732 152108 151609 156772
169714 6
152372 152669 152732 152108 151609 156772
169715 8
155146 155147 151609 152108 156772 152372 152669 152732
169717 8
155146 155147 152732 152372 152669 152108 151609 156772
169718 8
151609 152108 156772 155147 155146 152372 152669 152732
169719 8
151609 152108 156772 155147 155146 152372 152669 152732
169720 8
151609 152108 156772 155147 155146 152372 152669 152732
169721 18
151026 151171 154105 154495 155108 155192 155147 155146 152372 152669 152732 153249 154737 152014 156053 151609 152108 156772
169723 18
151026 151171 154105 154495 155108 155192 155147 155146 152372 152669 152732 153249 154737 152014 156053 151609 152108 156772
169724 8
151609 152108 156772 155147 155146 152372 152669 152732
169725 14
151609 152108 156772 151171 154105 154495 155108 155192 151026 152732 152372 152669 155146 155147
169726 23
151228 151524 151927 152708 152733 154170 154171 155343 156743 151609 152108 156772 154495 155108 155192 154105 151171 151026 155146 155147 152669 152372 152732
169727 14
151609 152108 156772 151171 154105 154495 155108 155192 151026 155146 155147 152669 152732 152372
169728 5
152372 152669 152732 155146 155147
169729 5
152372 152669 152732 155146 155147
169730 6
151609 152108 156772 152669 152732 152372
169731 6
151609 152108 156772 152669 152732 152372
169732 8
155146 155147 151609 152108 156772 152372 152669 152732
169734 8
155146 155147 151609 152108 156772 152372 152669 152732
169737 8
155146 155147 151609 152108 156772 152372 152669 152732
169738 8
155146 155147 151609 152108 156772 152372 152669 152732
169740 8
155146 155147 151609 152108 156772 152372 152669 152732
169742 8
155146 155147 151609 152108 156772 152372 152669 152732
169743 27
155665 155667 156008 156030 156105 156156 156157 156585 157197 155147 155146 152108 156772 151609 151171 155192 154105 154495 155108 151026 152669 152732 152372 153249 156053 154737 152014
169745 27
155665 155667 156008 156030 156105 156156 156157 156585 157197 155147 155146 152108 156772 151609 151171 155192 154105 154495 155108 151026 152669 152732 152372 153249 156053 154737 152014
169746 36
151228 151524 151927 152708 152733 154170 154171 155343 156743 155667 156008 156030 156105 156156 156157 156585 155665 157197 155147 155146 152108 156772 151609 151026 154495 155108 154105 151171 155192 152669 152372 152732 156053 152014 153249 154737
169747 27
155665 155667 156008 156030 156105 156156 156157 156585 157197 152108 156772 151609 155146 155147 151171 155192 154105 154495 155108 151026 152669 152732 152372 153249 156053 154737 152014
169748 27
155665 155667 156008 156030 156105 156156 156157 156585 157197 152108 156772 151609 155146 155147 151171 155192 154105 154495 155108 151026 152669 152732 152372 153249 156053 154737 152014
169749 27
155665 155667 156008 156030 156105 156156 156157 156585 157197 152108 156772 151609 155146 155147 151171 155192 154105 154495 155108 151026 152669 152732 152372 153249 156053 154737 152014
169750 27
155665 155667 156008 156030 156105 156156 156157 156585 157197 152108 156772 151609 155146 155147 151171 155192 154105 154495 155108 151026 152669 152732 152372 153249 156053 154737 152014
169751 27
155665 155667 156008 156030 156105 156156 156157 156585 157197 155147 155146 152108 156772 151609 151171 155192 154105 154495 155108 151026 152669 152732 152372 153249 156053 154737 152014
169752 6
151609 152108 156772 152669 152732 152372
169753 6
151609 152108 156772 152669 152732 152372
169755 6
151609 152108 156772 152669 152732 152372
169757 6
151609 152108 156772 152669 152732 152372
169758 6
151609 152108 156772 152669 152732 152372
169759 6
151609 152108 156772 152669 152732 152372
169760 18
151228 151524 151927 152708 152733 154170 154171 155343 156743 155664 155653 156792 152108 156772 151609 152669 152372 152732
169761 8
151609 152108 156772 152669 152732 152372 155147 155146
169762 8
151609 152108 156772 152669 152732 152372 155147 155146
169763 8
151609 152108 156772 152669 152732 152372 155147 155146
169765 8
151609 152108 156772 152669 152732 152372 155147 155146
169766 8
151609 152108 156772 152669 152732 152372 155147 155146
169767 6
151609 152108 156772 152669 152732 152372
169768 6
151609 152108 156772 152669 152732 152372
169769 6
151609 152108 156772 152669 152732 152372
169770 10
151609 152108 156772 153249 154737 156053 152014 152669 152732 152372
169771 6
151609 152108 156772 152669 152732 152372
169772 6
151609 152108 156772 152669 152732 152372
169773 25
151292 151370 151493 151917 151990 152022 152251 152824 152897 152976 153362 154217 154984 156483 156484 156855 156953 153210 155409 151252 152103 154475 154799 155147 155146
169775 25
155146 155147 151370 151493 151917 151990 152022 152103 152251 152824 152897 152976 153210 153362 154217 154475 154799 154984 151252 151292 155409 156483 156484 156855 156953
169776 26
152372 152669 152732 151493 151917 151990 152022 152103 152251 151252 151292 151370 152824 152897 152976 153210 153362 154217 154475 154799 154984 155409 156483 156484 156855 156953
169777 25
151252 151292 151370 151493 151917 151990 152022 152103 152251 152824 152897 152976 153210 153362 154217 154475 154799 154984 155409 156483 156484 156855 156953 155147 155146
169778 3
152372 152669 152732
169779 6
151609 152108 156772 152669 152732 152372
169780 6
152372 152669 152732 152108 151609 156772
169781 26
152372 152669 152732 152103 151252 153210 154475 154799 155409 151370 151493 151917 152824 152897 152976 151990 153362 154217 152022 151292 154984 152251 156483 156484 156855 156953
169782 3
152372 152669 152732
169783 3
152372 152669 152732
169784 3
152372 152669 152732
169785 3
152372 152669 152732
169786 3
152372 152669 152732
169787 3
152372 152669 152732
169788 25
151252 151292 151370 151493 151917 151990 152022 152103 152251 152824 152897 152976 153210 153362 154217 154475 154799 154984 155409 156483 156484 156855 156953 155147 155146
169789 25
151252 151292 151370 151493 151917 151990 152022 152103 152251 152824 152897 152976 153210 153362 154217 154475 154799 154984 155409 156483 156484 156855 156953 155147 155146
169790 25
151252 151292 151370 151493 151917 151990 152022 152103 152251 152824 152897 152976 153210 153362 154217 154475 154799 154984 155409 156483 156484 156855 156953 155147 155146
169791 25
151252 151292 151370 151493 151917 151990 152022 152103 152251 152824 152897 152976 153210 153362 154217 154475 154799 154984 155409 156483 156484 156855 156953 155147 155146
169792 25
151252 151292 151370 151493 151917 151990 152022 152103 152251 152824 152897 152976 153210 153362 154217 154475 154799 154984 155409 156483 156484 156855 156953 155147 155146
169793 25
151252 151292 151370 151493 151917 151990 152022 152103 152251 152824 152897 152976 153210 153362 154217 154475 154799 154984 155409 156483 156484 156855 156953 155147 155146
169794 25
151252 151292 151370 151493 151917 151990 152022 152103 152251 152824 152897 152976 153210 153362 154217 154475 154799 154984 155409 156483 156484 156855 156953 155147 155146
169795 25
155146 155147 151370 151493 151917 151990 152022 152103 152251 152824 152897 152976 153210 153362 154217 154475 154799 154984 151252 151292 155409 156483 156484 156855 156953
169796 25
151252 151292 151370 151493 151917 151990 152022 152103 152251 152824 152897 152976 153210 153362 154217 154475 154799 154984 155409 156483 156484 156855 156953 155147 155146
169798 25
155146 155147 151370 151493 151917 151990 152022 152103 152251 152824 152897 152976 153210 153362 154217 154475 154799 154984 151252 151292 155409 156483 156484 156855 156953
169800 25
151252 151292 151370 151493 151917 151990 152022 152103 152251 152824 152897 152976 153210 153362 154217 154475 154799 154984 155409 156483 156484 156855 156953 155147 155146
169801 3
152372 152669 152732
169803 3
152372 152669 152732
169805 3
152372 152669 152732
169807 19
151026 151171 154105 154495 155108 155192 151609 152108 156772 155664 155653 156792 152732 152372 152669 152014 156053 153249 154737
169808 19
151026 151171 154105 154495 155108 155192 151609 152108 156772 155664 155653 156792 152732 152372 152669 152014 156053 153249 154737
169809 3
152372 152669 152732
169810 3
152372 152669 152732
169812 3
152372 152669 152732
169813 3
152372 152669 152732
169814 6
155653 155664 156792 152372 152669 152732
169817 6
155653 155664 156792 152372 152669 152732
169818 12
151026 151171 154105 154495 155108 155192 151609 152108 156772 152732 152372 152669
169819 12
151026 151171 154105 154495 155108 155192 151609 152108 156772 152732 152372 152669
169821 3
152372 152669 152732
169822 3
152372 152669 152732
169823 3
152372 152669 152732
169824 3
152372 152669 152732
169825 3
152372 152669 152732
169826 3
152372 152669 152732
169827 3
152372 152669 152732
169828 3
152372 152669 152732
169829 3
152372 152669 152732
169830 3
152372 152669 152732
169831 3
152372 152669 152732
169832 3
152372 152669 152732
169833 3
152372 152669 152732
169835 3
152372 152669 152732
169840 3
152372 152669 152732
169844 3
152372 152669 152732
169846 3
152372 152669 152732
169849 3
152372 152669 152732
169851 3
152372 152669 152732
169852 3
152372 152669 152732
169853 6
151609 152108 156772 152669 152732 152372
169857 6
151609 152108 156772 152669 152732 152372
169858 25
151252 151292 151370 151493 151917 151990 152022 152103 152251 152824 152897 152976 153210 153362 154217 154475 154799 154984 155409 156483 156484 156855 156953 155147 155146
169860 25
151252 151292 151370 151493 151917 151990 152022 152103 152251 152824 152897 152976 153210 153362 154217 154475 154799 154984 155409 156483 156484 156855 156953 155147 155146
169861 29
152014 153249 154737 156053 151917 151990 151252 152022 152103 152251 152824 152897 152976 153210 151292 153362 154217 154475 151370 154799 154984 155409 151493 156483 156484 156855 156953 155146 155147
169863 29
152014 153249 154737 156053 151917 151990 151252 152022 152103 152251 152824 152897 152976 153210 151292 153362 154217 154475 151370 154799 154984 155409 151493 156483 156484 156855 156953 155146 155147
169864 25
151252 151292 151370 151493 151917 151990 152022 152103 152251 152824 152897 152976 153210 153362 154217 154475 154799 154984 155409 156483 156484 156855 156953 155147 155146
169865 18
155665 155667 156008 156030 156105 156156 156157 156585 157197 152372 152669 152732 154495 155108 155192 151171 151026 154105
169867 18
155665 155667 156008 156030 156105 156156 156157 156585 157197 152372 152669 152732 154495 155108 155192 151171 151026 154105
169869 18
155665 155667 156008 156030 156105 156156 156157 156585 157197 152372 152669 152732 154495 155108 155192 151171 151026 154105
169872 18
155665 155667 156008 156030 156105 156156 156157 156585 157197 152372 152669 152732 154495 155108 155192 151171 151026 154105
169874 18
155665 155667 156008 156030 156105 156156 156157 156585 157197 152372 152669 152732 154495 155108 155192 151171 151026 154105
169877 18
155665 155667 156008 156030 156105 156156 156157 156585 157197 152372 152669 152732 154495 155108 155192 151171 151026 154105
169881 18
155665 155667 156008 156030 156105 156156 156157 156585 157197 152372 152669 152732 154495 155108 155192 151171 151026 154105
169883 18
155665 155667 156008 156030 156105 156156 156157 156585 157197 152372 152669 152732 154495 155108 155192 151171 151026 154105
169886 18
155665 155667 156008 156030 156105 156156 156157 156585 157197 152372 152669 152732 154495 155108 155192 151171 151026 154105
169887 18
155665 155667 156008 156030 156105 156156 156157 156585 157197 152372 152669 152732 154495 155108 155192 151171 151026 154105
169888 18
155665 155667 156008 156030 156105 156156 156157 156585 157197 152372 152669 152732 154495 155108 155192 151171 151026 154105
169891 18
155665 155667 156008 156030 156105 156156 156157 156585 157197 152372 152669 152732 154495 155108 155192 151171 151026 154105
169892 18
155665 155667 156008 156030 156105 156156 156157 156585 157197 152372 152669 152732 154495 155108 155192 151171 151026 154105
169893 5
152372 152669 152732 155146 155147
169895 5
152372 152669 152732 155146 155147
169896 5
152372 152669 152732 155146 155147
169898 5
152372 152669 152732 155146 155147
169900 5
152372 152669 152732 155146 155147
169904 5
152372 152669 152732 155146 155147
169905 5
152372 152669 152732 155146 155147
169908 5
152372 152669 152732 155146 155147
169910 3
152372 152669 152732
169911 6
156792 155664 155653 152372 152669 152732
169912 6
156792 155664 155653 152372 152669 152732
169913 6
155653 155664 156792 152372 152669 152732
169916 6
155653 155664 156792 152372 152669 152732
169919 3
152372 152669 152732
169920 12
151228 151524 151927 152708 152733 154170 154171 155343 156743 152732 152669 152372
169921 3
152372 152669 152732
169925 3
152372 152669 152732
169926 3
152372 152669 152732
169927 3
152372 152669 152732
169928 3
152372 152669 152732
169929 3
152372 152669 152732
169931 3
152372 152669 152732
169933 15
151609 152108 156772 151927 151524 152708 152733 154170 154171 155343 156743 151228 152669 152372 152732
169938 15
151609 152108 156772 151927 151524 152708 152733 154170 154171 155343 156743 151228 152669 152372 152732
169940 15
151609 152108 156772 151927 151524 152708 152733 154170 154171 155343 156743 151228 152669 152372 152732
169941 3
152372 152669 152732
169945 3
152372 152669 152732
169947 3
152372 152669 152732
169948 3
152372 152669 152732
169949 3
152372 152669 152732
169951 3
152372 152669 152732
169952 3
152372 152669 152732
169954 3
152372 152669 152732
169958 3
152372 152669 152732
169960 3
152372 152669 152732
169961 5
152372 152669 152732 155146 155147
169963 25
151252 151292 151370 151493 151917 151990 152022 152103 152251 152824 152897 152976 153210 153362 154217 154475 154799 154984 155409 156483 156484 156855 156953 155147 155146
169964 25
151252 151292 151370 151493 151917 151990 152022 152103 152251 152824 152897 152976 153210 153362 154217 154475 154799 154984 155409 156483 156484 156855 156953 155147 155146
169965 25
151252 151292 151370 151493 151917 151990 152022 152103 152251 152824 152897 152976 153210 153362 154217 154475 154799 154984 155409 156483 156484 156855 156953 155147 155146
169969 3
152372 152669 152732
169970 3
152372 152669 152732
169972 3
152372 152669 152732
169973 3
152372 152669 152732
169974 3
152372 152669 152732
169978 3
152372 152669 152732
169981 9
151026 151171 154105 154495 155108 155192 152669 152732 152372
169982 18
152372 152669 152732 155665 155667 156008 156030 156105 156156 156157 156585 157197 154495 155108 155192 151171 151026 154105
169983 18
152372 152669 152732 155665 155667 156008 156030 156105 156156 156157 156585 157197 154495 155108 155192 151171 151026 154105
169985 9
151026 151171 154105 154495 155108 155192 152669 152732 152372
169986 9
151026 151171 154105 154495 155108 155192 152669 152732 152372
169988 9
151026 151171 154105 154495 155108 155192 152669 152732 152372
169993 3
152372 152669 152732
169994 7
152372 152669 152732 152014 153249 154737 156053
169995 7
152372 152669 152732 152014 153249 154737 156053
169997 3
152372 152669 152732
169998 21
155653 155664 156792 155667 156008 156030 156105 156156 156157 156585 155665 157197 152372 152669 152732 151171 151026 154105 154495 155108 155192
169999 6
151609 152108 156772 152669 152732 152372
170000 6
151609 152108 156772 152669 152732 152372
170001 8
155146 155147 151609 152108 156772 152372 152669 152732
170003 6
151609 152108 156772 152669 152732 152372
170006 6
151609 152108 156772 152669 152732 152372
170007 6
151609 152108 156772 152669 152732 152372
170008 6
151609 152108 156772 152669 152732 152372
170010 8
155146 155147 151609 152108 156772 152372 152669 152732
170013 14
151026 151171 154105 154495 155108 155192 155147 155146 151609 152108 156772 152669 152732 152372
170014 14
151026 151171 154105 154495 155108 155192 155147 155146 151609 152108 156772 152669 152732 152372
170016 14
151026 151171 154105 154495 155108 155192 155147 155146 151609 152108 156772 152669 152732 152372
