170846 30
151026 151171 154105 154495 155108 155192 155665 155667 156008 156030 156105 156156 156157 156585 157197 152669 152732 152372 151609 156772 152108 154170 154171 151927 152708 151524 155343 156743 152733 151228
170847 30
151026 151171 154105 154495 155108 155192 155665 155667 156008 156030 156105 156156 156157 156585 157197 151228 154170 154171 151524 151927 152708 155343 156743 152733 152108 156772 151609 152372 152732 152669
170848 30
151026 151171 154105 154495 155108 155192 152733 151228 154170 154171 151524 151927 152708 155343 156743 155667 156008 156030 156105 156156 156157 156585 155665 157197 152108 156772 151609 152372 152732 152669
170851 30
151228 151524 151927 152708 152733 154170 154171 155343 156743 151026 154495 155108 155192 154105 151171 155667 156008 156030 156105 156156 156157 156585 155665 157197 152108 156772 151609 152372 152732 152669
170852 30
151228 151524 151927 152708 152733 154170 154171 155343 156743 151026 154495 155108 155192 154105 151171 155667 156008 156030 156105 156156 156157 156585 155665 157197 152108 156772 151609 152372 152732 152669
170853 30
151228 151524 151927 152708 152733 154170 154171 155343 156743 151026 154495 155108 155192 154105 151171 155667 156008 156030 156105 156156 156157 156585 155665 157197 152108 156772 151609 152372 152732 152669
170854 30
151228 151524 151927 152708 152733 154170 154171 155343 156743 151026 154495 155108 155192 154105 151171 155667 156008 156030 156105 156156 156157 156585 155665 157197 152108 156772 151609 152372 152732 152669
170856 30
151228 151524 151927 152708 152733 154170 154171 155343 156743 151026 154495 155108 155192 154105 151171 155667 156008 156030 156105 156156 156157 156585 155665 157197 152108 156772 151609 152372 152732 152669
170857 33
155653 155664 156792 152708 152733 156743 155343 151927 151228 151524 154170 154171 152108 156772 151609 154105 151171 151026 154495 155108 155192 152372 152732 152669 156030 156105 156156 156157 156585 155665 155667 156008 157197
170859 33
155653 155664 156792 152708 152733 156743 155343 151927 151228 151524 154170 154171 152108 156772 151609 154105 151171 151026 154495 155108 155192 152372 152732 152669 156030 156105 156156 156157 156585 155665 155667 156008 157197
170860 33
155653 155664 156792 152708 152733 154170 154171 155343 151228 151524 156743 151927 152108 156772 151609 152669 152372 152732 154105 151026 151171 154495 155108 155192 156030 156105 156156 156157 156585 155665 155667 156008 157197
170862 27
151026 151171 154105 154495 155108 155192 155665 155667 156008 156030 156105 156156 156157 156585 157197 152108 156772 151609 154170 154171 151927 151524 152708 155343 156743 152733 151228
170863 6
151609 152108 156772 152669 152732 152372
170864 12
151026 151171 154105 154495 155108 155192 151609 152108 156772 152732 152372 152669
170866 12
151026 151171 154105 154495 155108 155192 151609 152108 156772 152732 152372 152669
170867 6
151609 152108 156772 152669 152732 152372
170868 8
155146 155147 151609 152108 156772 152372 152669 152732
170869 8
155146 155147 151609 152108 156772 152372 152669 152732
170874 8
155146 155147 151609 152108 156772 152372 152669 152732
170875 8
155146 155147 151609 152108 156772 152372 152669 152732
170876 8
155146 155147 152732 152372 152669 152108 151609 156772
170878 8
155146 155147 152732 152372 152669 152108 151609 156772
170879 8
155146 155147 152732 152372 152669 152108 151609 156772
170880 8
155146 155147 152732 152372 152669 152108 151609 156772
170882 8
155146 155147 152732 152372 152669 152108 151609 156772
170884 8
155146 155147 152732 152372 152669 152108 151609 156772
170885 8
155146 155147 151609 152108 156772 152372 152669 152732
170886 8
155146 155147 151609 152108 156772 152372 152669 152732
170887 8
155146 155147 151609 152108 156772 152372 152669 152732
170888 8
155146 155147 151609 152108 156772 152372 152669 152732
170890 8
155146 155147 151609 152108 156772 152372 152669 152732
170892 8
151609 152108 156772 152669 152732 152372 155147 155146
170893 8
151609 152108 156772 152669 152732 152372 155147 155146
170894 8
151609 152108 156772 152669 152732 152372 155147 155146
170895 8
151609 152108 156772 152669 152732 152372 155147 155146
170896 8
151609 152108 156772 152669 152732 152372 155147 155146
170897 8
151609 152108 156772 152669 152732 152372 155147 155146
170898 8
151609 152108 156772 152669 152732 152372 155147 155146
170899 8
151609 152108 156772 152669 152732 152372 155147 155146
170900 8
151609 152108 156772 152669 152732 152372 155147 155146
170902 8
151609 152108 156772 152669 152732 152372 155147 155146
170903 17
151228 151524 151927 152708 152733 154170 154171 155343 156743 151609 152108 156772 152669 152372 152732 155147 155146
170904 17
151228 151524 151927 152708 152733 154170 154171 155343 156743 151609 152108 156772 152669 152372 152732 155147 155146
170905 6
151621 153880 155216 151609 152108 156772
170906 8
151609 152108 156772 152669 152732 152372 155147 155146
170907 8
151609 152108 156772 152669 152732 152372 155147 155146
170908 8
151609 152108 156772 152669 152732 152372 155147 155146
170909 8
151609 152108 156772 152669 152732 152372 155147 155146
170911 17
151228 151524 151927 152708 152733 154170 154171 155343 156743 152732 152669 152372 155146 155147 152108 151609 156772
170913 17
151228 151524 151927 152708 152733 154170 154171 155343 156743 155146 155147 152372 152732 152669 152108 151609 156772
170914 30
155653 155664 156792 154495 155108 155192 151026 151171 154105 155667 156008 156030 156105 156156 156157 156585 155665 157197 156772 151609 152108 151524 152708 155343 152733 151228 156743 154170 154171 151927
170915 30
155653 155664 156792 154495 155108 155192 151026 151171 154105 155667 156008 156030 156105 156156 156157 156585 155665 157197 156772 151609 152108 151524 152708 155343 152733 151228 156743 154170 154171 151927
170916 30
155653 155664 156792 154495 155108 155192 151026 151171 154105 155667 156008 156030 156105 156156 156157 156585 155665 157197 151524 151927 152708 155343 152733 151228 156743 154170 154171 156772 151609 152108
170917 30
155653 155664 156792 154495 155108 155192 151026 151171 154105 155667 156008 156030 156105 156156 156157 156585 155665 157197 151524 151927 152708 155343 152733 151228 156743 154170 154171 156772 151609 152108
170918 30
155653 155664 156792 154495 155108 155192 151026 151171 154105 155667 156008 156030 156105 156156 156157 156585 155665 157197 151524 151927 152708 155343 152733 151228 156743 154170 154171 156772 151609 152108
170919 30
155653 155664 156792 154495 155108 155192 151026 151171 154105 155667 156008 156030 156105 156156 156157 156585 155665 157197 151524 151927 152708 155343 152733 151228 156743 154170 154171 156772 151609 152108
170920 27
151026 151171 154105 154495 155108 155192 155665 155667 156008 156030 156105 156156 156157 156585 157197 151228 154170 154171 151524 151927 152708 155343 156743 152733 152108 156772 151609
170921 27
151026 151171 154105 154495 155108 155192 155665 155667 156008 156030 156105 156156 156157 156585 157197 151228 154170 154171 151524 151927 152708 155343 156743 152733 152108 156772 151609
170923 27
151026 151171 154105 154495 155108 155192 155665 155667 156008 156030 156105 156156 156157 156585 157197 151228 154170 154171 151524 151927 152708 155343 156743 152733 152108 156772 151609
170925 27
151026 151171 154105 154495 155108 155192 155665 155667 156008 156030 156105 156156 156157 156585 157197 151228 154170 154171 151524 151927 152708 155343 156743 152733 152108 156772 151609
170927 27
151026 151171 154105 154495 155108 155192 155665 155667 156008 156030 156105 156156 156157 156585 157197 151228 154170 154171 151524 151927 152708 155343 156743 152733 152108 156772 151609
170928 27
151026 151171 154105 154495 155108 155192 155665 155667 156008 156030 156105 156156 156157 156585 157197 151228 154170 154171 151524 151927 152708 155343 156743 152733 152108 156772 151609
170929 6
151609 152108 156772 152669 152732 152372
170931 6
151609 152108 156772 152669 152732 152372
170933 6
151609 152108 156772 152669 152732 152372
170934 6
151609 152108 156772 152669 152732 152372
170935 6
151609 152108 156772 152669 152732 152372
170936 21
155665 155667 156008 156030 156105 156156 156157 156585 157197 152108 156772 151609 155108 155192 151026 151171 154105 154495 152732 152372 152669
170937 21
155665 155667 156008 156030 156105 156156 156157 156585 157197 152108 156772 151609 155108 155192 151026 151171 154105 154495 152732 152372 152669
170938 8
151609 152108 156772 152669 152732 152372 155147 155146
170939 9
155653 155664 156792 152108 156772 151609 152669 152732 152372
170940 9
155653 155664 156792 152108 156772 151609 152669 152732 152372
170942 9
155653 155664 156792 152108 156772 151609 152669 152732 152372
170944 18
151228 151524 151927 152708 152733 154170 154171 155343 156743 155664 155653 156792 152108 156772 151609 152669 152372 152732
170945 18
151228 151524 151927 152708 152733 154170 154171 155343 156743 155664 155653 156792 152108 156772 151609 152669 152372 152732
170948 18
151228 151524 151927 152708 152733 154170 154171 155343 156743 155664 155653 156792 152108 156772 151609 152669 152372 152732
170949 18
151228 151524 151927 152708 152733 154170 154171 155343 156743 155664 155653 156792 152108 156772 151609 152669 152372 152732
170950 20
151228 151524 151927 152708 152733 154170 154171 155343 156743 153939 155055 155056 154153 155460 155695 155730 152785 155216 151621 153880
170951 12
151228 151524 151927 152708 152733 154170 154171 155343 156743 152732 152669 152372
170953 12
151228 151524 151927 152708 152733 154170 154171 155343 156743 152732 152669 152372
170954 12
151228 151524 151927 152708 152733 154170 154171 155343 156743 152732 152669 152372
170955 12
151228 151524 151927 152708 152733 154170 154171 155343 156743 152732 152669 152372
170956 9
151228 151524 151927 152708 152733 154170 154171 155343 156743
170957 6
151609 152108 156772 152669 152732 152372
170959 15
151228 151524 151927 152708 152733 154170 154171 155343 156743 151609 152108 156772 152669 152372 152732
170960 6
151609 152108 156772 152669 152732 152372
170962 6
151609 152108 156772 152669 152732 152372
170963 21
155665 155667 156008 156030 156105 156156 156157 156585 157197 154495 155108 155192 151026 151171 154105 152108 156772 151609 152732 152372 152669
170965 21
155665 155667 156008 156030 156105 156156 156157 156585 157197 154495 155108 155192 151026 151171 154105 152108 156772 151609 152732 152372 152669
170966 21
155665 155667 156008 156030 156105 156156 156157 156585 157197 154495 155108 155192 151026 151171 154105 152108 156772 151609 152732 152372 152669
170967 21
155665 155667 156008 156030 156105 156156 156157 156585 157197 154495 155108 155192 151026 151171 154105 152108 156772 151609 152732 152372 152669
170969 21
155665 155667 156008 156030 156105 156156 156157 156585 157197 154495 155108 155192 151026 151171 154105 152108 156772 151609 152732 152372 152669
170971 20
151228 151524 151927 152708 152733 154170 154171 155343 156743 152652 156858 156926 156772 152108 151609 155147 155146 152372 152732 152669
170973 20
151228 151524 151927 152708 152733 154170 154171 155343 156743 152652 156858 156926 156772 152108 151609 155147 155146 152372 152732 152669
170976 20
151228 151524 151927 152708 152733 154170 154171 155343 156743 152652 156858 156926 156772 152108 151609 155147 155146 152372 152732 152669
170977 26
151228 151524 151927 152708 152733 154170 154171 155343 156743 152652 156858 156926 155108 155192 154105 151026 151171 154495 156772 152108 151609 155146 155147 152732 152669 152372
170978 8
155146 155147 152732 152372 152669 152108 151609 156772
170979 8
155146 155147 152732 152372 152669 152108 151609 156772
170980 8
155146 155147 152732 152372 152669 152108 151609 156772
170981 8
155146 155147 152732 152372 152669 152108 151609 156772
170982 8
155146 155147 152732 152372 152669 152108 151609 156772
170983 8
155146 155147 152732 152372 152669 152108 151609 156772
170984 8
155146 155147 152732 152372 152669 152108 151609 156772
170985 8
155146 155147 152732 152372 152669 152108 151609 156772
170986 6
152372 152669 152732 152108 151609 156772
170987 8
155146 155147 151609 152108 156772 152372 152669 152732
170988 12
151609 152108 156772 153249 154737 156053 152014 155146 155147 152372 152669 152732
170989 14
151026 151171 154105 154495 155108 155192 155147 155146 151609 152108 156772 152669 152732 152372
170990 14
151026 151171 154105 154495 155108 155192 155147 155146 151609 152108 156772 152669 152732 152372
170991 14
151026 151171 154105 154495 155108 155192 155147 155146 151609 152108 156772 152669 152732 152372
170992 14
155146 155147 154105 154495 155108 151026 151171 155192 151609 152108 156772 152669 152732 152372
170993 14
151609 152108 156772 151171 154105 154495 155108 155192 151026 152732 152372 152669 155146 155147
170994 14
151609 152108 156772 151171 154105 154495 155108 155192 151026 152732 152372 152669 155146 155147
170995 6
152372 152669 152732 152108 151609 156772
170996 6
152372 152669 152732 152108 151609 156772
170997 8
152372 152669 152732 155146 155147 152108 151609 156772
170998 8
152372 152669 152732 155146 155147 152108 151609 156772
170999 8
152372 152669 152732 155146 155147 152108 151609 156772
171000 8
152372 152669 152732 155146 155147 152108 151609 156772
171001 8
152372 152669 152732 155146 155147 152108 151609 156772
171003 8
152372 152669 152732 152108 151609 155146 155147 156772
171004 8
152372 152669 152732 152108 151609 155146 155147 156772
171005 8
152372 152669 152732 155146 155147 152108 151609 156772
171007 6
152372 152669 152732 152108 151609 156772
171008 6
152372 152669 152732 152108 151609 156772
171009 8
152372 152669 152732 155146 155147 152108 151609 156772
171011 8
152372 152669 152732 155146 155147 152108 151609 156772
171012 8
152372 152669 152732 155146 155147 152108 151609 156772
171014 12
155146 155147 154737 152014 153249 156053 152732 152372 152669 151609 152108 156772
171017 12
155146 155147 154737 152014 153249 156053 152732 152372 152669 151609 152108 156772
171018 12
155146 155147 154737 152014 153249 156053 152732 152372 152669 151609 152108 156772
171019 10
152014 153249 154737 156053 152372 152669 152732 151609 152108 156772
171020 29
152372 152669 152732 153079 154290 155436 153210 151252 154475 154799 155409 152103 152824 152897 152976 151990 152022 153362 154217 151292 152251 151370 154984 151493 151917 156483 156484 156855 156953
171021 6
152372 152669 152732 153079 154290 155436
171023 6
152372 152669 152732 153079 154290 155436
171024 6
152372 152669 152732 153079 154290 155436
171025 29
152372 152669 152732 153079 154290 155436 153210 151252 154475 154799 155409 152103 152824 152897 152976 151990 152022 153362 154217 151292 152251 151370 154984 151493 151917 156483 156484 156855 156953
171026 29
152372 152669 152732 153079 154290 155436 153210 151252 154475 154799 155409 152103 152824 152897 152976 151990 152022 153362 154217 151292 152251 151370 154984 151493 151917 156483 156484 156855 156953
171027 29
152372 152669 152732 153079 154290 155436 153210 151252 154475 154799 155409 152103 152824 152897 152976 151990 152022 153362 154217 151292 152251 151370 154984 151493 151917 156483 156484 156855 156953
171028 8
155146 155147 151609 152108 156772 152372 152669 152732
171029 8
155146 155147 151609 152108 156772 152372 152669 152732
171030 8
155146 155147 151609 152108 156772 152372 152669 152732
171032 8
155146 155147 151609 152108 156772 152372 152669 152732
171033 6
152372 152669 152732 152108 151609 156772
171035 8
155146 155147 152732 152372 152669 152108 151609 156772
171036 8
155146 155147 151609 152108 156772 152372 152669 152732
171037 8
155146 155147 151609 152108 156772 152372 152669 152732
171039 30
155665 155667 156008 156030 156105 156156 156157 156585 157197 154495 155108 155192 151026 151171 154105 152708 152733 156743 155343 154171 151228 151524 151927 154170 152669 152372 152732 151609 156772 152108
171040 30
151026 151171 154105 154495 155108 155192 155665 155667 156008 156030 156105 156156 156157 156585 157197 151228 154170 154171 151524 151927 152708 155343 156743 152733 152669 152372 152732 156792 155664 155653
171041 28
156125 151524 151927 152708 152733 154170 154171 155343 151228 156743 152669 152372 152732 156008 156030 156105 155665 156156 156157 156585 155667 157197 154105 151026 151171 154495 155108 155192
171043 27
155665 155667 156008 156030 156105 156156 156157 156585 157197 154495 155108 155192 151026 151171 154105 151228 154170 154171 151524 151927 152708 155343 156743 152733 152108 156772 151609
171047 30
151026 151171 154105 154495 155108 155192 155665 155667 156008 156030 156105 156156 156157 156585 157197 151228 154170 154171 151524 151927 152708 155343 156743 152733 152669 152372 152732 151609 156772 152108
171048 30
155665 155667 156008 156030 156105 156156 156157 156585 157197 151524 151927 152708 152733 154170 154171 155343 156743 151228 155192 154105 151171 151026 154495 155108 152108 156772 151609 152372 152732 152669
171049 30
155665 155667 156008 156030 156105 156156 156157 156585 157197 151524 151927 152708 152733 154170 154171 155343 156743 151228 155192 154105 151171 151026 154495 155108 152108 156772 151609 152372 152732 152669
171050 27
155665 155667 156008 156030 156105 156156 156157 156585 157197 152708 152733 156743 155343 151228 151524 154170 154171 151927 155192 154105 151171 151026 154495 155108 152108 156772 151609
171051 27
151228 151524 151927 152708 152733 154170 154171 155343 156743 155667 156008 156030 156105 156156 156157 156585 155665 157197 155192 154105 151171 151026 154495 155108 152669 152372 152732
171052 12
151609 152108 156772 151171 154105 154495 155108 155192 151026 152732 152372 152669
171054 12
151609 152108 156772 151171 154105 154495 155108 155192 151026 152732 152372 152669
171057 12
151026 151171 154105 154495 155108 155192 151609 152108 156772 152732 152372 152669
171059 12
151609 152108 156772 151171 154105 154495 155108 155192 151026 152732 152372 152669
171061 12
151609 152108 156772 151171 154105 154495 155108 155192 151026 152732 152372 152669
171062 12
151609 152108 156772 151171 154105 154495 155108 155192 151026 152732 152372 152669
171063 12
151609 152108 156772 151171 154105 154495 155108 155192 151026 152732 152372 152669
171064 12
151609 152108 156772 151171 154105 154495 155108 155192 151026 152732 152372 152669
171066 12
151609 152108 156772 151171 154105 154495 155108 155192 151026 152732 152372 152669
171067 12
151609 152108 156772 151171 154105 154495 155108 155192 151026 152732 152372 152669
171068 12
151609 152108 156772 151171 154105 154495 155108 155192 151026 152732 152372 152669
171069 12
151609 152108 156772 151171 154105 154495 155108 155192 151026 152732 152372 152669
171071 12
151609 152108 156772 151171 154105 154495 155108 155192 151026 152732 152372 152669
171073 12
151609 152108 156772 151171 154105 154495 155108 155192 151026 152732 152372 152669
171075 8
155146 155147 151609 152108 156772 152372 152669 152732
171076 45
151252 151292 151370 151493 151917 151990 152022 152103 152251 152824 152897 152976 153210 153362 154217 154475 154799 154984 155409 156483 156484 156855 156953 153984 152736 153064 152834 152791 153407 153790 153800 153806 153824 155318 155367 155381 153275 155911 155927 155930 151575 152562 155201 155244 157243
171078 46
156801 151292 151370 151493 151917 151990 152022 152103 152251 152824 152897 152976 153210 153362 154217 154475 154799 154984 155409 156483 156484 151252 156855 156953 152736 153064 152834 152791 153407 153790 153800 153806 153824 153984 155367 155381 153275 155911 155927 155930 151575 152562 155201 155244 155318 157243
171079 45
151252 151292 151370 151493 151917 151990 152022 152103 152251 152824 152897 152976 153210 153362 154217 154475 154799 154984 155409 156483 156484 156855 156953 153984 152736 153064 152834 152791 153407 153790 153800 153806 153824 155318 155367 155381 153275 155911 155927 155930 151575 152562 155201 155244 157243
171080 46
156801 151292 151370 151493 151917 151990 152022 152103 152251 152824 152897 152976 153210 153362 154217 154475 154799 154984 155409 156483 156484 151252 156855 156953 152736 153064 152834 152791 153407 153790 153800 153806 153824 153984 153275 152562 157243 155911 155927 155930 155201 155244 155318 155367 155381 151575
171081 48
151252 151292 151370 151493 151917 151990 152022 152103 152251 152824 152897 152976 153210 153362 154217 154475 154799 154984 155409 156483 156484 156855 156953 154290 155436 153079 152834 152791 152736 153407 153790 153800 153806 153824 153984 153064 155367 155381 152562 151575 155911 155927 155930 153275 155201 155244 155318 157243
171082 34
156801 151370 151493 151917 151990 152022 152251 152824 152897 152976 153362 154217 154984 156483 156484 151292 156855 156953 155409 151252 152103 154475 154799 153210 152736 153064 152834 152791 153407 153790 153800 153806 153824 153984
171086 37
151874 151914 152162 156801 151252 151292 151917 151990 152022 152103 151370 152251 152824 152897 152976 153210 153362 154217 154475 154799 154984 155409 156483 156484 151493 156855 156953 152736 153064 152834 152791 153407 153790 153800 153806 153824 153984
171087 37
151874 151914 152162 156801 151370 151917 151990 152022 151493 152251 152824 152897 152976 153362 154217 154984 156483 156484 151292 156855 156953 155409 152103 151252 154475 154799 153210 152736 153064 152834 152791 153407 153790 153800 153806 153824 153984
171088 36
151252 151292 151370 151493 151917 151990 152022 152103 152251 152824 152897 152976 153210 153362 154217 154475 154799 154984 155409 156483 156484 156855 156953 154290 155436 153079 152834 152791 152736 153407 153790 153800 153806 153824 153984 153064
171089 24
156801 151292 151370 151493 151917 151990 152022 152103 152251 152824 152897 152976 153210 153362 154217 154475 154799 154984 155409 156483 156484 151252 156855 156953
171090 27
151874 151914 152162 156801 151252 151292 151917 151990 152022 152103 151370 152251 152824 152897 152976 153210 153362 154217 154475 154799 154984 155409 156483 156484 151493 156855 156953
171091 27
151874 151914 152162 156801 151252 151292 151917 151990 152022 152103 151370 152251 152824 152897 152976 153210 153362 154217 154475 154799 154984 155409 156483 156484 151493 156855 156953
171092 26
151252 151292 151370 151493 151917 151990 152022 152103 152251 152824 152897 152976 153210 153362 154217 154475 154799 154984 155409 156483 156484 156855 156953 154290 155436 153079
171094 26
151252 151292 151370 151493 151917 151990 152022 152103 152251 152824 152897 152976 153210 153362 154217 154475 154799 154984 155409 156483 156484 156855 156953 154290 155436 153079
171095 26
153079 154290 155436 151493 151917 151990 152022 152103 152251 152824 152897 152976 151252 153210 153362 154217 151292 154475 154799 154984 155409 151370 156483 156484 156855 156953
171096 34
156801 151292 151370 151493 151917 151990 152022 152103 152251 152824 152897 152976 153210 153362 154217 154475 154799 154984 155409 156483 156484 151252 156855 156953 152736 153064 152834 152791 153407 153790 153800 153806 153824 153984
171098 34
156801 151292 151370 151493 151917 151990 152022 152103 152251 152824 152897 152976 153210 153362 154217 154475 154799 154984 155409 156483 156484 151252 156855 156953 152736 153064 152834 152791 153407 153790 153800 153806 153824 153984
171100 46
156801 151292 151370 151493 151917 151990 152022 152103 152251 152824 152897 152976 153210 153362 154217 154475 154799 154984 155409 156483 156484 151252 156855 156953 152736 153064 152834 152791 153407 153790 153800 153806 153824 153984 155367 155381 153275 155911 155927 155930 151575 152562 155201 155244 155318 157243
171101 48
151252 151292 151370 151493 151917 151990 152022 152103 152251 152824 152897 152976 153210 153362 154217 154475 154799 154984 155409 156483 156484 156855 156953 154290 155436 153079 152834 152791 152736 153407 153790 153800 153806 153824 153984 153064 155367 155381 152562 151575 155911 155927 155930 153275 155201 155244 155318 157243
171102 46
156801 151292 151370 151493 151917 151990 152022 152103 152251 152824 152897 152976 153210 153362 154217 154475 154799 154984 155409 156483 156484 151252 156855 156953 152736 153064 152834 152791 153407 153790 153800 153806 153824 153984 151575 155911 155927 155930 155201 155244 155318 155367 155381 153275 152562 157243
171103 48
151252 151292 151370 151493 151917 151990 152022 152103 152251 152824 152897 152976 153210 153362 154217 154475 154799 154984 155409 156483 156484 156855 156953 154290 155436 153079 152834 152791 152736 153407 153790 153800 153806 153824 153984 153064 155367 155381 152562 151575 155911 155927 155930 153275 155201 155244 155318 157243
171104 48
151252 151292 151370 151493 151917 151990 152022 152103 152251 152824 152897 152976 153210 153362 154217 154475 154799 154984 155409 156483 156484 156855 156953 154290 155436 153079 152834 152791 152736 153407 153790 153800 153806 153824 153984 153064 155367 155381 152562 151575 155911 155927 155930 153275 155201 155244 155318 157243
171105 48
151252 151292 151370 151493 151917 151990 152022 152103 152251 152824 152897 152976 153210 153362 154217 154475 154799 154984 155409 156483 156484 156855 156953 154290 155436 153079 152834 152791 152736 153407 153790 153800 153806 153824 153984 153064 155367 155381 152562 151575 155911 155927 155930 153275 155201 155244 155318 157243
171106 48
151252 151292 151370 151493 151917 151990 152022 152103 152251 152824 152897 152976 153210 153362 154217 154475 154799 154984 155409 156483 156484 156855 156953 154290 155436 153079 152834 152791 152736 153407 153790 153800 153806 153824 153984 153064 155367 155381 152562 151575 155911 155927 155930 153275 155201 155244 155318 157243
171107 48
151252 151292 151370 151493 151917 151990 152022 152103 152251 152824 152897 152976 153210 153362 154217 154475 154799 154984 155409 156483 156484 156855 156953 154290 155436 153079 152834 152791 152736 153407 153790 153800 153806 153824 153984 153064 155367 155381 152562 151575 155911 155927 155930 153275 155201 155244 155318 157243
171109 48
151252 151292 151370 151493 151917 151990 152022 152103 152251 152824 152897 152976 153210 153362 154217 154475 154799 154984 155409 156483 156484 156855 156953 154290 155436 153079 152834 152791 152736 153407 153790 153800 153806 153824 153984 153064 155367 155381 152562 151575 155911 155927 155930 153275 155201 155244 155318 157243
171111 48
151252 151292 151370 151493 151917 151990 152022 152103 152251 152824 152897 152976 153210 153362 154217 154475 154799 154984 155409 156483 156484 156855 156953 154290 155436 153079 152834 152791 152736 153407 153790 153800 153806 153824 153984 153064 155367 155381 152562 151575 155911 155927 155930 153275 155201 155244 155318 157243
171112 46
156801 151292 151370 151493 151917 151990 152022 152103 152251 152824 152897 152976 153210 153362 154217 154475 154799 154984 155409 156483 156484 151252 156855 156953 152736 153064 152834 152791 153407 153790 153800 153806 153824 153984 155367 155381 153275 155911 155927 155930 151575 152562 155201 155244 155318 157243
171113 48
151252 151292 151370 151493 151917 151990 152022 152103 152251 152824 152897 152976 153210 153362 154217 154475 154799 154984 155409 156483 156484 156855 156953 154290 155436 153079 152834 152791 152736 153407 153790 153800 153806 153824 153984 153064 155367 155381 152562 151575 155911 155927 155930 153275 155201 155244 155318 157243
171114 48
151252 151292 151370 151493 151917 151990 152022 152103 152251 152824 152897 152976 153210 153362 154217 154475 154799 154984 155409 156483 156484 156855 156953 154290 155436 153079 152834 152791 152736 153407 153790 153800 153806 153824 153984 153064 155367 155381 152562 151575 155911 155927 155930 153275 155201 155244 155318 157243
171115 48
151252 151292 151370 151493 151917 151990 152022 152103 152251 152824 152897 152976 153210 153362 154217 154475 154799 154984 155409 156483 156484 156855 156953 154290 155436 153079 152834 152791 152736 153407 153790 153800 153806 153824 153984 153064 155367 155381 152562 151575 155911 155927 155930 153275 155201 155244 155318 157243
171116 36
151252 151292 151370 151493 151917 151990 152022 152103 152251 152824 152897 152976 153210 153362 154217 154475 154799 154984 155409 156483 156484 156855 156953 154290 155436 153079 152834 152791 152736 153407 153790 153800 153806 153824 153984 153064
171120 46
156801 151292 151370 151493 151917 151990 152022 152103 152251 152824 152897 152976 153210 153362 154217 154475 154799 154984 155409 156483 156484 151252 156855 156953 152736 153064 152834 152791 153407 153790 153800 153806 153824 153984 151575 155911 155927 155930 155201 155244 155318 155367 155381 153275 152562 157243
171121 46
156801 151292 151370 151493 151917 151990 152022 152103 152251 152824 152897 152976 153210 153362 154217 154475 154799 154984 155409 156483 156484 151252 156855 156953 152736 153064 152834 152791 153407 153790 153800 153806 153824 153984 151575 155911 155927 155930 155201 155244 155318 155367 155381 153275 152562 157243
171122 46
156801 151370 151493 151917 151990 152022 152251 152824 152897 152976 153362 154217 154984 156483 156484 151292 156855 156953 155409 151252 152103 154475 154799 153210 152736 153064 152834 152791 153407 153790 153800 153806 153824 153984 155367 155381 153275 155911 155927 155930 151575 152562 155201 155244 155318 157243
171123 46
156801 151292 151370 151493 151917 151990 152022 152103 152251 152824 152897 152976 153210 153362 154217 154475 154799 154984 155409 156483 156484 151252 156855 156953 152736 153064 152834 152791 153407 153790 153800 153806 153824 153984 153275 152562 157243 155911 155927 155930 155201 155244 155318 155367 155381 151575
171124 46
156801 151292 151370 151493 151917 151990 152022 152103 152251 152824 152897 152976 153210 153362 154217 154475 154799 154984 155409 156483 156484 151252 156855 156953 152736 153064 152834 152791 153407 153790 153800 153806 153824 153984 155367 155381 153275 155911 155927 155930 151575 152562 155201 155244 155318 157243
171126 26
151252 151292 151370 151493 151917 151990 152022 152103 152251 152824 152897 152976 153210 153362 154217 154475 154799 154984 155409 156483 156484 156855 156953 154290 155436 153079
171127 26
151252 151292 151370 151493 151917 151990 152022 152103 152251 152824 152897 152976 153210 153362 154217 154475 154799 154984 155409 156483 156484 156855 156953 154290 155436 153079
171130 48
151252 151292 151370 151493 151917 151990 152022 152103 152251 152824 152897 152976 153210 153362 154217 154475 154799 154984 155409 156483 156484 156855 156953 153984 152736 153064 152834 152791 153407 153790 153800 153806 153824 155318 155367 155381 153275 155911 155927 155930 151575 152562 155201 155244 157243 155436 154290 153079
171131 26
151252 151292 151370 151493 151917 151990 152022 152103 152251 152824 152897 152976 153210 153362 154217 154475 154799 154984 155409 156483 156484 156855 156953 154290 155436 153079
171133 3
151609 152108 156772
171136 5
155146 155147 151609 152108 156772
171138 5
155146 155147 151609 152108 156772
171139 5
155146 155147 151609 152108 156772
171140 5
155146 155147 151609 152108 156772
171143 15
151026 151171 154105 154495 155108 155192 155665 155667 156008 156030 156105 156156 156157 156585 157197
171144 15
151026 151171 154105 154495 155108 155192 155665 155667 156008 156030 156105 156156 156157 156585 157197
171145 15
151026 151171 154105 154495 155108 155192 155665 155667 156008 156030 156105 156156 156157 156585 157197
171146 3
151609 152108 156772
171147 3
151609 152108 156772
171148 23
151252 151292 151370 151493 151917 151990 152022 152103 152251 152824 152897 152976 153210 153362 154217 154475 154799 154984 155409 156483 156484 156855 156953
171149 3
151609 152108 156772
171150 2
155146 155147
171152 3
151609 152108 156772
171153 3
151609 152108 156772
171155 3
151609 152108 156772
171156 3
151609 152108 156772
171160 27
151874 151914 152162 156801 151252 151292 151917 151990 152022 152103 151370 152251 152824 152897 152976 153210 153362 154217 154475 154799 154984 155409 156483 156484 151493 156855 156953
171161 27
151874 151914 152162 156801 151252 151292 151917 151990 152022 152103 151370 152251 152824 152897 152976 153210 153362 154217 154475 154799 154984 155409 156483 156484 151493 156855 156953
171162 4
151874 151914 152162 156801
171163 27
151874 151914 152162 156801 151252 151292 151917 151990 152022 152103 151370 152251 152824 152897 152976 153210 153362 154217 154475 154799 154984 155409 156483 156484 151493 156855 156953
171164 27
151874 151914 152162 156801 151252 151292 151917 151990 152022 152103 151370 152251 152824 152897 152976 153210 153362 154217 154475 154799 154984 155409 156483 156484 151493 156855 156953
171166 7
151609 152108 156772 151874 152162 151914 156801
171167 4
151874 151914 152162 156801
171168 4
151874 151914 152162 156801
171169 4
151874 151914 152162 156801
171171 4
151874 151914 152162 156801
171172 4
151874 151914 152162 156801
171174 4
151874 151914 152162 156801
171176 27
151874 151914 152162 156801 151252 151292 151917 151990 152022 152103 151370 152251 152824 152897 152976 153210 153362 154217 154475 154799 154984 155409 156483 156484 151493 156855 156953
171177 27
151874 151914 152162 156801 151252 151292 151917 151990 152022 152103 151370 152251 152824 152897 152976 153210 153362 154217 154475 154799 154984 155409 156483 156484 151493 156855 156953
171178 27
151874 151914 152162 156801 151252 151292 151917 151990 152022 152103 151370 152251 152824 152897 152976 153210 153362 154217 154475 154799 154984 155409 156483 156484 151493 156855 156953
171179 27
151874 151914 152162 156801 151252 151292 151917 151990 152022 152103 151370 152251 152824 152897 152976 153210 153362 154217 154475 154799 154984 155409 156483 156484 151493 156855 156953
171180 27
151874 151914 152162 156801 151252 151292 151917 151990 152022 152103 151370 152251 152824 152897 152976 153210 153362 154217 154475 154799 154984 155409 156483 156484 151493 156855 156953
171181 27
151874 151914 152162 156801 151252 151292 151917 151990 152022 152103 151370 152251 152824 152897 152976 153210 153362 154217 154475 154799 154984 155409 156483 156484 151493 156855 156953
171183 27
151874 151914 152162 156801 151252 151292 151917 151990 152022 152103 151370 152251 152824 152897 152976 153210 153362 154217 154475 154799 154984 155409 156483 156484 151493 156855 156953
171185 27
151874 151914 152162 156801 151252 151292 151917 151990 152022 152103 151370 152251 152824 152897 152976 153210 153362 154217 154475 154799 154984 155409 156483 156484 151493 156855 156953
171186 27
151874 151914 152162 156801 151252 151292 151917 151990 152022 152103 151370 152251 152824 152897 152976 153210 153362 154217 154475 154799 154984 155409 156483 156484 151493 156855 156953
171187 4
151874 151914 152162 156801
171188 4
151874 151914 152162 156801
171189 4
151874 151914 152162 156801
171190 4
151874 151914 152162 156801
171191 4
151874 151914 152162 156801
171192 4
151874 151914 152162 156801
171197 4
151874 151914 152162 156801
171198 4
151874 151914 152162 156801
171199 4
151874 151914 152162 156801
171200 4
151874 151914 152162 156801
171202 4
151874 151914 152162 156801
171204 46
156801 151292 151370 151493 151917 151990 152022 152103 152251 152824 152897 152976 153210 153362 154217 154475 154799 154984 155409 156483 156484 151252 156855 156953 152736 153064 152834 152791 153407 153790 153800 153806 153824 153984 153275 152562 157243 155911 155927 155930 155201 155244 155318 155367 155381 151575
171212 46
156801 151292 151370 151493 151917 151990 152022 152103 152251 152824 152897 152976 153210 153362 154217 154475 154799 154984 155409 156483 156484 151252 156855 156953 152736 153064 152834 152791 153407 153790 153800 153806 153824 153984 153275 152562 157243 155911 155927 155930 155201 155244 155318 155367 155381 151575
171213 4
151874 151914 152162 156801
171214 4
151874 151914 152162 156801
171215 8
151026 151171 154105 154495 155108 155192 155147 155146
171216 10
151026 151171 154105 154495 155108 155192 151914 152162 151874 156801
171217 10
151026 151171 154105 154495 155108 155192 151914 152162 151874 156801
171218 10
151026 151171 154105 154495 155108 155192 151914 152162 151874 156801
171219 10
151026 151171 154105 154495 155108 155192 151914 152162 151874 156801
171220 10
151026 151171 154105 154495 155108 155192 151914 152162 151874 156801
171221 10
151026 151171 154105 154495 155108 155192 151914 152162 151874 156801
171229 10
151026 151171 154105 154495 155108 155192 151914 152162 151874 156801
171232 10
151026 151171 154105 154495 155108 155192 151914 152162 151874 156801
171234 4
151874 151914 152162 156801
171235 4
151874 151914 152162 156801
171236 4
151874 151914 152162 156801
171237 10
151026 151171 154105 154495 155108 155192 151914 152162 151874 156801
171239 10
151026 151171 154105 154495 155108 155192 151914 152162 151874 156801
171241 10
151026 151171 154105 154495 155108 155192 151914 152162 151874 156801
171242 26
151252 151292 151370 151493 151917 151990 152022 152103 152251 152824 152897 152976 153210 153362 154217 154475 154799 154984 155409 156483 156484 156855 156953 154290 155436 153079
171244 26
151252 151292 151370 151493 151917 151990 152022 152103 152251 152824 152897 152976 153210 153362 154217 154475 154799 154984 155409 156483 156484 156855 156953 154290 155436 153079
171245 26
151252 151292 151370 151493 151917 151990 152022 152103 152251 152824 152897 152976 153210 153362 154217 154475 154799 154984 155409 156483 156484 156855 156953 154290 155436 153079
171246 26
151252 151292 151370 151493 151917 151990 152022 152103 152251 152824 152897 152976 153210 153362 154217 154475 154799 154984 155409 156483 156484 156855 156953 154290 155436 153079
171248 26
151252 151292 151370 151493 151917 151990 152022 152103 152251 152824 152897 152976 153210 153362 154217 154475 154799 154984 155409 156483 156484 156855 156953 154290 155436 153079
171249 26
151252 151292 151370 151493 151917 151990 152022 152103 152251 152824 152897 152976 153210 153362 154217 154475 154799 154984 155409 156483 156484 156855 156953 154290 155436 153079
171250 26
151252 151292 151370 151493 151917 151990 152022 152103 152251 152824 152897 152976 153210 153362 154217 154475 154799 154984 155409 156483 156484 156855 156953 154290 155436 153079
171252 26
151252 151292 151370 151493 151917 151990 152022 152103 152251 152824 152897 152976 153210 153362 154217 154475 154799 154984 155409 156483 156484 156855 156953 154290 155436 153079
171256 41
151026 151171 154105 154495 155108 155192 155665 155667 156008 156030 156105 156156 156157 156585 157197 156792 155653 155664 151917 151990 152022 152251 152824 152897 152976 153362 151292 154217 156483 156484 151370 154984 156855 156953 151493 154475 155409 151252 154799 152103 153210
171257 18
151026 151171 154105 154495 155108 155192 155665 155667 156008 156030 156105 156156 156157 156585 157197 155664 156792 155653
171258 48
151252 151292 151370 151493 151917 151990 152022 152103 152251 152824 152897 152976 153210 153362 154217 154475 154799 154984 155409 156483 156484 156855 156953 154290 155436 153079 155367 155381 152562 151575 155911 155927 155930 153275 155201 155244 155318 157243 152834 152791 152736 153064 153407 153790 153800 153806 153824 153984
171259 47
151252 151292 151370 151493 151917 151990 152022 152103 152251 152824 152897 152976 153210 153362 154217 154475 154799 154984 155409 156483 156484 156855 156953 155147 155146 155381 151575 155911 155927 155930 155201 155244 155318 155367 152562 153275 157243 153064 152834 152791 152736 153407 153790 153800 153806 153824 153984
171260 45
151252 151292 151370 151493 151917 151990 152022 152103 152251 152824 152897 152976 153210 153362 154217 154475 154799 154984 155409 156483 156484 156855 156953 155318 155367 155381 153275 155911 155927 155930 151575 152562 155201 155244 157243 153824 153984 153064 152834 152791 152736 153407 153790 153800 153806
171261 48
151252 151292 151370 151493 151917 151990 152022 152103 152251 152824 152897 152976 153210 153362 154217 154475 154799 154984 155409 156483 156484 156855 156953 154290 155436 153079 155367 155381 152562 151575 155911 155927 155930 153275 155201 155244 155318 157243 152834 152791 152736 153064 153407 153790 153800 153806 153824 153984
171262 38
151252 151292 151370 151493 151917 151990 152022 152103 152251 152824 152897 152976 153210 153362 154217 154475 154799 154984 155409 156483 156484 156855 156953 154290 155436 153079 155367 155381 152562 151575 155911 155927 155930 153275 155201 155244 155318 157243
171263 38
151252 151292 151370 151493 151917 151990 152022 152103 152251 152824 152897 152976 153210 153362 154217 154475 154799 154984 155409 156483 156484 156855 156953 154290 155436 153079 155367 155381 152562 151575 155911 155927 155930 153275 155201 155244 155318 157243
171264 26
151252 151292 151370 151493 151917 151990 152022 152103 152251 152824 152897 152976 153210 153362 154217 154475 154799 154984 155409 156483 156484 156855 156953 154290 155436 153079
171284 26
151292 151370 151493 151917 151990 152022 152251 152824 152897 152976 153362 154217 154984 156483 156484 156855 156953 153210 155409 151252 152103 154475 154799 154290 155436 153079
171286 26
151292 151370 151493 151917 151990 152022 152251 152824 152897 152976 153362 154217 154984 156483 156484 156855 156953 153210 155409 151252 152103 154475 154799 154290 155436 153079
171287 26
151252 151292 151370 151493 151917 151990 152022 152103 152251 152824 152897 152976 153210 153362 154217 154475 154799 154984 155409 156483 156484 156855 156953 154290 155436 153079
171288 26
151252 151292 151370 151493 151917 151990 152022 152103 152251 152824 152897 152976 153210 153362 154217 154475 154799 154984 155409 156483 156484 156855 156953 154290 155436 153079
171289 26
151252 151292 151370 151493 151917 151990 152022 152103 152251 152824 152897 152976 153210 153362 154217 154475 154799 154984 155409 156483 156484 156855 156953 154290 155436 153079
171290 26
151252 151292 151370 151493 151917 151990 152022 152103 152251 152824 152897 152976 153210 153362 154217 154475 154799 154984 155409 156483 156484 156855 156953 154290 155436 153079
171291 26
151292 151370 151493 151917 151990 152022 152251 152824 152897 152976 153362 154217 154984 156483 156484 156855 156953 153210 155409 151252 152103 154475 154799 154290 155436 153079
171292 26
151292 151370 151493 151917 151990 152022 152251 152824 152897 152976 153362 154217 154984 156483 156484 156855 156953 153210 155409 151252 152103 154475 154799 154290 155436 153079
171293 26
151292 151370 151493 151917 151990 152022 152251 152824 152897 152976 153362 154217 154984 156483 156484 156855 156953 153210 155409 151252 152103 154475 154799 154290 155436 153079
171294 48
151292 151370 151493 151917 151990 152022 152251 152824 152897 152976 153362 154217 154984 156483 156484 156855 156953 153210 155409 151252 152103 154475 154799 154290 155436 153079 155367 155381 152562 151575 155911 155927 155930 153275 155201 155244 155318 157243 152834 152791 152736 153064 153407 153790 153800 153806 153824 153984
171295 48
151292 151370 151493 151917 151990 152022 152251 152824 152897 152976 153362 154217 154984 156483 156484 156855 156953 153210 155409 151252 152103 154475 154799 154290 155436 153079 155367 155381 152562 151575 155911 155927 155930 153275 155201 155244 155318 157243 152834 152791 152736 153064 153407 153790 153800 153806 153824 153984
171296 25
155146 155147 151370 151493 151917 151990 152022 152103 152251 152824 152897 152976 153210 153362 154217 154475 154799 154984 151252 151292 155409 156483 156484 156855 156953
171298 6
152014 153249 154737 156053 155147 155146
171299 29
152014 153249 154737 156053 155147 155146 152022 152251 152824 152897 152976 151370 153362 154217 151493 154984 151917 151990 151292 156483 156484 156855 156953 155409 151252 154799 152103 153210 154475
171300 26
151252 152103 153210 154475 154799 155409 152022 151292 152251 152824 152897 152976 151370 153362 154217 151493 151917 154984 151990 156483 156484 156855 156953 154290 155436 153079
171301 26
151252 152103 153210 154475 154799 155409 152022 151292 152251 152824 152897 152976 151370 153362 154217 151493 151917 154984 151990 156483 156484 156855 156953 154290 155436 153079
171304 26
151252 152103 153210 154475 154799 155409 152022 151292 152251 152824 152897 152976 151370 153362 154217 151493 151917 154984 151990 156483 156484 156855 156953 154290 155436 153079
171306 25
155146 155147 151370 151493 151917 151990 152022 152103 152251 152824 152897 152976 153210 153362 154217 154475 154799 154984 151252 151292 155409 156483 156484 156855 156953
171307 25
155146 155147 151370 151493 151917 151990 152022 152103 152251 152824 152897 152976 153210 153362 154217 154475 154799 154984 151252 151292 155409 156483 156484 156855 156953
171308 25
155146 155147 151370 151493 151917 151990 152022 152103 152251 152824 152897 152976 153210 153362 154217 154475 154799 154984 151252 151292 155409 156483 156484 156855 156953
171309 25
155146 155147 151370 151493 151917 151990 152022 152103 152251 152824 152897 152976 153210 153362 154217 154475 154799 154984 151252 151292 155409 156483 156484 156855 156953
171310 23
151252 151292 151370 151493 151917 151990 152022 152103 152251 152824 152897 152976 153210 153362 154217 154475 154799 154984 155409 156483 156484 156855 156953
171313 23
151252 151292 151370 151493 151917 151990 152022 152103 152251 152824 152897 152976 153210 153362 154217 154475 154799 154984 155409 156483 156484 156855 156953
171315 3
153079 154290 155436
171316 3
153079 154290 155436
171317 26
151292 151370 151493 151917 151990 152022 152251 152824 152897 152976 153362 154217 154984 156483 156484 156855 156953 153210 155409 151252 152103 154475 154799 154290 155436 153079
171318 25
155146 155147 151370 151493 151917 151990 152022 152103 152251 152824 152897 152976 153210 153362 154217 154475 154799 154984 151252 151292 155409 156483 156484 156855 156953
171319 25
155146 155147 151370 151493 151917 151990 152022 152103 152251 152824 152897 152976 153210 153362 154217 154475 154799 154984 151252 151292 155409 156483 156484 156855 156953
171320 25
155146 155147 151370 151493 151917 151990 152022 152103 152251 152824 152897 152976 153210 153362 154217 154475 154799 154984 151252 151292 155409 156483 156484 156855 156953
171321 26
151252 151292 151370 151493 151917 151990 152022 152103 152251 152824 152897 152976 153210 153362 154217 154475 154799 154984 155409 156483 156484 156855 156953 154290 155436 153079
171322 26
151252 151292 151370 151493 151917 151990 152022 152103 152251 152824 152897 152976 153210 153362 154217 154475 154799 154984 155409 156483 156484 156855 156953 154290 155436 153079
171323 26
151252 151292 151370 151493 151917 151990 152022 152103 152251 152824 152897 152976 153210 153362 154217 154475 154799 154984 155409 156483 156484 156855 156953 154290 155436 153079
171328 26
151252 151292 151370 151493 151917 151990 152022 152103 152251 152824 152897 152976 153210 153362 154217 154475 154799 154984 155409 156483 156484 156855 156953 154290 155436 153079
171331 23
151252 151292 151370 151493 151917 151990 152022 152103 152251 152824 152897 152976 153210 153362 154217 154475 154799 154984 155409 156483 156484 156855 156953
171333 26
151252 151292 151370 151493 151917 151990 152022 152103 152251 152824 152897 152976 153210 153362 154217 154475 154799 154984 155409 156483 156484 156855 156953 154290 155436 153079
171334 23
151252 151292 151370 151493 151917 151990 152022 152103 152251 152824 152897 152976 153210 153362 154217 154475 154799 154984 155409 156483 156484 156855 156953
171335 23
151252 151292 151370 151493 151917 151990 152022 152103 152251 152824 152897 152976 153210 153362 154217 154475 154799 154984 155409 156483 156484 156855 156953
171336 23
151252 151292 151370 151493 151917 151990 152022 152103 152251 152824 152897 152976 153210 153362 154217 154475 154799 154984 155409 156483 156484 156855 156953
171339 6
151026 151171 154105 154495 155108 155192
171344 3
153079 154290 155436
171351 26
151252 151292 151370 151493 151917 151990 152022 152103 152251 152824 152897 152976 153210 153362 154217 154475 154799 154984 155409 156483 156484 156855 156953 154290 155436 153079
171353 26
151252 151292 151370 151493 151917 151990 152022 152103 152251 152824 152897 152976 153210 153362 154217 154475 154799 154984 155409 156483 156484 156855 156953 154290 155436 153079
171357 25
155146 155147 151493 151917 151990 152022 152251 152824 152897 152976 153362 154217 154984 151292 151370 156483 156484 156855 156953 152103 155409 154475 154799 153210 151252
171358 2
155146 155147
171359 25
155146 155147 151370 151493 151917 151990 152022 152103 152251 152824 152897 152976 153210 153362 154217 154475 154799 154984 151252 151292 155409 156483 156484 156855 156953
171361 2
155146 155147
171362 23
151252 151292 151370 151493 151917 151990 152022 152103 152251 152824 152897 152976 153210 153362 154217 154475 154799 154984 155409 156483 156484 156855 156953
171364 26
151252 151292 151370 151493 151917 151990 152022 152103 152251 152824 152897 152976 153210 153362 154217 154475 154799 154984 155409 156483 156484 156855 156953 154290 155436 153079
171365 26
151252 151292 151370 151493 151917 151990 152022 152103 152251 152824 152897 152976 153210 153362 154217 154475 154799 154984 155409 156483 156484 156855 156953 154290 155436 153079
171366 26
153079 154290 155436 151493 151917 151990 152022 152103 152251 152824 152897 152976 151252 153210 153362 154217 151292 154475 154799 154984 155409 151370 156483 156484 156855 156953
171370 2
155146 155147
171391 48
151252 151292 151370 151493 151917 151990 152022 152103 152251 152824 152897 152976 153210 153362 154217 154475 154799 154984 155409 156483 156484 156855 156953 154290 155436 153079 152834 152791 152736 153407 153790 153800 153806 153824 153984 153064 155367 155381 152562 151575 155911 155927 155930 153275 155201 155244 155318 157243
171392 48
151252 151292 151370 151493 151917 151990 152022 152103 152251 152824 152897 152976 153210 153362 154217 154475 154799 154984 155409 156483 156484 156855 156953 154290 155436 153079 152834 152791 152736 153407 153790 153800 153806 153824 153984 153064 155367 155381 152562 151575 155911 155927 155930 153275 155201 155244 155318 157243
171393 26
151292 151370 151493 151917 151990 152022 152251 152824 152897 152976 153362 154217 154984 156483 156484 156855 156953 153210 155409 151252 152103 154475 154799 154290 155436 153079
171394 48
151252 151292 151370 151493 151917 151990 152022 152103 152251 152824 152897 152976 153210 153362 154217 154475 154799 154984 155409 156483 156484 156855 156953 154290 155436 153079 151575 155201 155911 155927 155930 155244 155318 155367 155381 152562 153275 157243 152834 152791 152736 153064 153407 153790 153800 153806 153824 153984
171396 48
151252 151292 151370 151493 151917 151990 152022 152103 152251 152824 152897 152976 153210 153362 154217 154475 154799 154984 155409 156483 156484 156855 156953 154290 155436 153079 151575 155201 155911 155927 155930 155244 155318 155367 155381 152562 153275 157243 152834 152791 152736 153064 153407 153790 153800 153806 153824 153984
171397 48
151252 151292 151370 151493 151917 151990 152022 152103 152251 152824 152897 152976 153210 153362 154217 154475 154799 154984 155409 156483 156484 156855 156953 154290 155436 153079 152834 152791 152736 153407 153790 153800 153806 153824 153984 153064 151575 155201 155911 155927 155930 155244 155318 155367 155381 152562 153275 157243
171398 48
151252 151292 151370 151493 151917 151990 152022 152103 152251 152824 152897 152976 153210 153362 154217 154475 154799 154984 155409 156483 156484 156855 156953 154290 155436 153079 152834 152791 152736 153407 153790 153800 153806 153824 153984 153064 151575 155201 155911 155927 155930 155244 155318 155367 155381 152562 153275 157243
171400 48
151252 151292 151370 151493 151917 151990 152022 152103 152251 152824 152897 152976 153210 153362 154217 154475 154799 154984 155409 156483 156484 156855 156953 154290 155436 153079 155367 155381 152562 151575 155911 155927 155930 153275 155201 155244 155318 157243 152834 152791 152736 153064 153407 153790 153800 153806 153824 153984
171401 48
151252 151292 151370 151493 151917 151990 152022 152103 152251 152824 152897 152976 153210 153362 154217 154475 154799 154984 155409 156483 156484 156855 156953 154290 155436 153079 155367 155381 152562 151575 155911 155927 155930 153275 155201 155244 155318 157243 152834 152791 152736 153064 153407 153790 153800 153806 153824 153984
171402 48
151252 151292 151370 151493 151917 151990 152022 152103 152251 152824 152897 152976 153210 153362 154217 154475 154799 154984 155409 156483 156484 156855 156953 154290 155436 153079 151575 155201 155911 155927 155930 155244 155318 155367 155381 152562 153275 157243 152834 152791 152736 153064 153407 153790 153800 153806 153824 153984
171403 37
155146 155147 151370 151493 151917 151990 152022 152103 152251 152824 152897 152976 153210 153362 154217 154475 154799 154984 151252 151292 155409 156483 156484 156855 156953 155318 155367 155381 152562 155911 155927 155930 153275 151575 155201 155244 157243
171404 38
151252 151292 151370 151493 151917 151990 152022 152103 152251 152824 152897 152976 153210 153362 154217 154475 154799 154984 155409 156483 156484 156855 156953 154290 155436 153079 151575 155201 155911 155927 155930 155244 155318 155367 155381 152562 153275 157243
171405 25
155146 155147 151493 151917 151990 152022 152251 152824 152897 152976 153362 154217 154984 151292 151370 156483 156484 156855 156953 152103 155409 154475 154799 153210 151252
171406 25
155146 155147 151493 151917 151990 152022 152251 152824 152897 152976 153362 154217 154984 151292 151370 156483 156484 156855 156953 152103 155409 154475 154799 153210 151252
171407 25
155146 155147 151370 151493 151917 151990 152022 152103 152251 152824 152897 152976 153210 153362 154217 154475 154799 154984 151252 151292 155409 156483 156484 156855 156953
171409 34
156801 151292 151370 151493 151917 151990 152022 152103 152251 152824 152897 152976 153210 153362 154217 154475 154799 154984 155409 156483 156484 151252 156855 156953 152736 153064 152834 152791 153407 153790 153800 153806 153824 153984
171410 34
156801 151292 151370 151493 151917 151990 152022 152103 152251 152824 152897 152976 153210 153362 154217 154475 154799 154984 155409 156483 156484 151252 156855 156953 152736 153064 152834 152791 153407 153790 153800 153806 153824 153984
171412 34
156801 151292 151370 151493 151917 151990 152022 152103 152251 152824 152897 152976 153210 153362 154217 154475 154799 154984 155409 156483 156484 151252 156855 156953 152736 153064 152834 152791 153407 153790 153800 153806 153824 153984
171413 37
151874 151914 152162 156801 151252 151292 151917 151990 152022 152103 151370 152251 152824 152897 152976 153210 153362 154217 154475 154799 154984 155409 156483 156484 151493 156855 156953 152736 153064 152834 152791 153407 153790 153800 153806 153824 153984
171415 27
151874 151914 152162 156801 151370 151917 151990 152022 151493 152251 152824 152897 152976 153362 154217 154984 156483 156484 151292 156855 156953 155409 152103 151252 154475 154799 153210
171417 27
151874 151914 152162 156801 151370 151917 151990 152022 151493 152251 152824 152897 152976 153362 154217 154984 156483 156484 151292 156855 156953 155409 152103 151252 154475 154799 153210
171418 30
151609 152108 156772 151874 152162 151914 156801 151917 151990 152022 152103 151493 151252 152251 152824 152897 152976 153210 153362 154217 154475 154799 154984 155409 156483 156484 151292 151370 156855 156953
171420 30
151609 152108 156772 151874 152162 151914 156801 151917 151990 152022 152103 151493 151252 152251 152824 152897 152976 153210 153362 154217 154475 154799 154984 155409 156483 156484 151292 151370 156855 156953
171421 30
151609 152108 156772 151874 152162 151914 156801 151917 151990 152022 152103 151493 151252 152251 152824 152897 152976 153210 153362 154217 154475 154799 154984 155409 156483 156484 151292 151370 156855 156953
171422 30
151609 152108 156772 151874 152162 151914 156801 151917 151990 152022 152103 151493 151252 152251 152824 152897 152976 153210 153362 154217 154475 154799 154984 155409 156483 156484 151292 151370 156855 156953
171423 30
151609 152108 156772 151874 152162 151914 156801 151917 151990 152022 152103 151493 151252 152251 152824 152897 152976 153210 153362 154217 154475 154799 154984 155409 156483 156484 151292 151370 156855 156953
171424 30
151609 152108 156772 151874 152162 151914 156801 151917 151990 152022 152103 151493 151252 152251 152824 152897 152976 153210 153362 154217 154475 154799 154984 155409 156483 156484 151292 151370 156855 156953
171425 34
151609 152014 152108 153249 154737 156053 156772 151914 152162 151874 156801 152103 151252 151292 152251 152824 152897 152976 153210 151370 153362 154217 154475 151917 154799 154984 155409 151990 156483 156484 151493 152022 156855 156953
171426 30
151609 152108 156772 151874 152162 151914 156801 151917 151990 152022 152103 151493 151252 152251 152824 152897 152976 153210 153362 154217 154475 154799 154984 155409 156483 156484 151292 151370 156855 156953
171427 30
151609 152108 156772 151874 152162 151914 156801 151917 151990 152022 152103 151493 151252 152251 152824 152897 152976 153210 153362 154217 154475 154799 154984 155409 156483 156484 151292 151370 156855 156953
171429 30
151609 152108 156772 151874 152162 151914 156801 151917 151990 152022 152103 151493 151252 152251 152824 152897 152976 153210 153362 154217 154475 154799 154984 155409 156483 156484 151292 151370 156855 156953
171431 30
151609 152108 156772 151874 152162 151914 156801 151917 151990 152022 152103 151493 151252 152251 152824 152897 152976 153210 153362 154217 154475 154799 154984 155409 156483 156484 151292 151370 156855 156953
171432 30
151609 152108 156772 151874 152162 151914 156801 151917 151990 152022 152103 151493 151252 152251 152824 152897 152976 153210 153362 154217 154475 154799 154984 155409 156483 156484 151292 151370 156855 156953
171434 26
151609 152108 156772 151493 151252 151917 151990 152022 152103 151292 152251 152824 152897 152976 153210 153362 154217 154475 154799 154984 155409 156483 156484 151370 156855 156953
171435 26
151609 152108 156772 151493 151252 151917 151990 152022 152103 151292 152251 152824 152897 152976 153210 153362 154217 154475 154799 154984 155409 156483 156484 151370 156855 156953
171438 30
151609 152108 156772 151874 152162 151914 156801 151917 151990 152022 152103 151493 151252 152251 152824 152897 152976 153210 153362 154217 154475 154799 154984 155409 156483 156484 151292 151370 156855 156953
171439 30
151609 152108 156772 151874 152162 151914 156801 151917 151990 152022 152103 151493 151252 152251 152824 152897 152976 153210 153362 154217 154475 154799 154984 155409 156483 156484 151292 151370 156855 156953
171440 30
151609 152108 156772 151874 152162 151914 156801 151917 151990 152022 152103 151493 151252 152251 152824 152897 152976 153210 153362 154217 154475 154799 154984 155409 156483 156484 151292 151370 156855 156953
171441 30
151609 152108 156772 151874 152162 151914 156801 151917 151990 152022 152103 151493 151252 152251 152824 152897 152976 153210 153362 154217 154475 154799 154984 155409 156483 156484 151292 151370 156855 156953
171442 30
151609 152108 156772 151874 152162 151914 156801 151917 151990 152022 152103 151493 151252 152251 152824 152897 152976 153210 153362 154217 154475 154799 154984 155409 156483 156484 151292 151370 156855 156953
171443 30
151609 152108 156772 151874 152162 151914 156801 151917 151990 152022 152103 151493 151252 152251 152824 152897 152976 153210 153362 154217 154475 154799 154984 155409 156483 156484 151292 151370 156855 156953
171445 30
151609 152108 156772 151874 152162 151914 156801 151917 151990 152022 152103 151493 151252 152251 152824 152897 152976 153210 153362 154217 154475 154799 154984 155409 156483 156484 151292 151370 156855 156953
171446 30
151609 152108 156772 151874 152162 151914 156801 151917 151990 152022 152103 151493 151252 152251 152824 152897 152976 153210 153362 154217 154475 154799 154984 155409 156483 156484 151292 151370 156855 156953
171447 30
151609 152108 156772 151874 152162 151914 156801 151917 151990 152022 152103 151493 151252 152251 152824 152897 152976 153210 153362 154217 154475 154799 154984 155409 156483 156484 151292 151370 156855 156953
171448 30
151609 152108 156772 151874 152162 151914 156801 151917 151990 152022 152103 151493 151252 152251 152824 152897 152976 153210 153362 154217 154475 154799 154984 155409 156483 156484 151292 151370 156855 156953
171449 30
151609 152108 156772 151874 152162 151914 156801 151917 151990 152022 152103 151493 151252 152251 152824 152897 152976 153210 153362 154217 154475 154799 154984 155409 156483 156484 151292 151370 156855 156953
171450 30
151609 152108 156772 151874 152162 151914 156801 151917 151990 152022 152103 151493 151252 152251 152824 152897 152976 153210 153362 154217 154475 154799 154984 155409 156483 156484 151292 151370 156855 156953
171451 30
151609 152108 156772 151874 152162 151914 156801 151917 151990 152022 152103 151493 151252 152251 152824 152897 152976 153210 153362 154217 154475 154799 154984 155409 156483 156484 151292 151370 156855 156953
171452 30
151874 151914 152162 152108 151609 156772 156801 151917 151990 152022 152103 151493 151252 152251 152824 152897 152976 153210 153362 154217 154475 154799 154984 155409 156483 156484 151292 151370 156855 156953
171453 30
151609 152108 156772 151874 152162 151914 156801 151917 151990 152022 152103 151493 151252 152251 152824 152897 152976 153210 153362 154217 154475 154799 154984 155409 156483 156484 151292 151370 156855 156953
171454 30
151609 152108 156772 151874 152162 151914 156801 151917 151990 152022 152103 151493 151252 152251 152824 152897 152976 153210 153362 154217 154475 154799 154984 155409 156483 156484 151292 151370 156855 156953
171455 11
152014 153249 154737 156053 152108 151609 156772 151914 152162 151874 156801
171456 7
151609 152108 156772 151874 152162 151914 156801
171458 30
151609 152108 156772 151874 152162 151914 156801 151917 151990 152022 152103 151493 151252 152251 152824 152897 152976 153210 153362 154217 154475 154799 154984 155409 156483 156484 151292 151370 156855 156953
171459 30
151609 152108 156772 151874 152162 151914 156801 151917 151990 152022 152103 151493 151252 152251 152824 152897 152976 153210 153362 154217 154475 154799 154984 155409 156483 156484 151292 151370 156855 156953
171460 30
151609 152108 156772 151874 152162 151914 156801 151917 151990 152022 152103 151493 151252 152251 152824 152897 152976 153210 153362 154217 154475 154799 154984 155409 156483 156484 151292 151370 156855 156953
171461 30
151609 152108 156772 151874 152162 151914 156801 151917 151990 152022 152103 151493 151252 152251 152824 152897 152976 153210 153362 154217 154475 154799 154984 155409 156483 156484 151292 151370 156855 156953
171462 30
151609 152108 156772 151874 152162 151914 156801 151917 151990 152022 152103 151493 151252 152251 152824 152897 152976 153210 153362 154217 154475 154799 154984 155409 156483 156484 151292 151370 156855 156953
171463 30
151609 152108 156772 151874 152162 151914 156801 151917 151990 152022 152103 151493 151252 152251 152824 152897 152976 153210 153362 154217 154475 154799 154984 155409 156483 156484 151292 151370 156855 156953
171464 30
151609 152108 156772 151874 152162 151914 156801 151917 151990 152022 152103 151493 151252 152251 152824 152897 152976 153210 153362 154217 154475 154799 154984 155409 156483 156484 151292 151370 156855 156953
171466 30
151609 152108 156772 151874 152162 151914 156801 151917 151990 152022 152103 151493 151252 152251 152824 152897 152976 153210 153362 154217 154475 154799 154984 155409 156483 156484 151292 151370 156855 156953
171467 30
151609 152108 156772 151874 152162 151914 156801 151917 151990 152022 152103 151493 151252 152251 152824 152897 152976 153210 153362 154217 154475 154799 154984 155409 156483 156484 151292 151370 156855 156953
171470 30
151609 152108 156772 151874 152162 151914 156801 151917 151990 152022 152103 151493 151252 152251 152824 152897 152976 153210 153362 154217 154475 154799 154984 155409 156483 156484 151292 151370 156855 156953
171471 30
151609 152108 156772 151874 152162 151914 156801 151917 151990 152022 152103 151493 151252 152251 152824 152897 152976 153210 153362 154217 154475 154799 154984 155409 156483 156484 151292 151370 156855 156953
171473 30
151609 152108 156772 151874 152162 151914 156801 151917 151990 152022 152103 151493 151252 152251 152824 152897 152976 153210 153362 154217 154475 154799 154984 155409 156483 156484 151292 151370 156855 156953
171475 30
151609 152108 156772 151874 152162 151914 156801 151917 151990 152022 152103 151493 151252 152251 152824 152897 152976 153210 153362 154217 154475 154799 154984 155409 156483 156484 151292 151370 156855 156953
171477 30
151609 152108 156772 151874 152162 151914 156801 151917 151990 152022 152103 151493 151252 152251 152824 152897 152976 153210 153362 154217 154475 154799 154984 155409 156483 156484 151292 151370 156855 156953
171480 30
151609 152108 156772 151874 152162 151914 156801 151917 151990 152022 152103 151493 151252 152251 152824 152897 152976 153210 153362 154217 154475 154799 154984 155409 156483 156484 151292 151370 156855 156953
171481 30
151609 152108 156772 151874 152162 151914 156801 151917 151990 152022 152103 151493 151252 152251 152824 152897 152976 153210 153362 154217 154475 154799 154984 155409 156483 156484 151292 151370 156855 156953
171483 7
151609 152108 156772 151874 152162 151914 156801
171484 7
151609 152108 156772 151874 152162 151914 156801
171485 7
152014 153249 154737 156053 152108 151609 156772
171486 11
152014 153249 154737 156053 151914 151874 152162 151609 152108 156772 156801
171487 11
152014 153249 154737 156053 151914 151874 152162 151609 152108 156772 156801
171488 34
152014 153249 154737 156053 152108 151609 156772 151914 152162 151874 156801 152103 151252 151292 152251 152824 152897 152976 153210 151370 153362 154217 154475 151917 154799 154984 155409 151990 156483 156484 151493 152022 156855 156953
171489 34
152014 153249 154737 156053 152108 151609 156772 151914 152162 151874 156801 152103 151252 151292 152251 152824 152897 152976 153210 151370 153362 154217 154475 151917 154799 154984 155409 151990 156483 156484 151493 152022 156855 156953
171491 40
151609 152108 156772 151874 152162 151914 156801 151917 151990 152022 152103 151493 151252 152251 152824 152897 152976 153210 153362 154217 154475 154799 154984 155409 156483 156484 151292 151370 156855 156953 153064 152834 152791 153407 153790 153800 153806 153824 153984 152736
171492 7
151609 152108 156772 151874 152162 151914 156801
171493 7
151609 152108 156772 151874 152162 151914 156801
171496 30
151609 152108 156772 151874 152162 151914 156801 151917 151990 152022 152103 151493 151252 152251 152824 152897 152976 153210 153362 154217 154475 154799 154984 155409 156483 156484 151292 151370 156855 156953
171497 30
151609 152108 156772 151874 152162 151914 156801 151917 151990 152022 152103 151493 151252 152251 152824 152897 152976 153210 153362 154217 154475 154799 154984 155409 156483 156484 151292 151370 156855 156953
171498 30
151609 152108 156772 151874 152162 151914 156801 151917 151990 152022 152103 151493 151252 152251 152824 152897 152976 153210 153362 154217 154475 154799 154984 155409 156483 156484 151292 151370 156855 156953
171499 30
151609 152108 156772 151874 152162 151914 156801 151917 151990 152022 152103 151493 151252 152251 152824 152897 152976 153210 153362 154217 154475 154799 154984 155409 156483 156484 151292 151370 156855 156953
171500 30
151609 152108 156772 151874 152162 151914 156801 151917 151990 152022 152103 151493 151252 152251 152824 152897 152976 153210 153362 154217 154475 154799 154984 155409 156483 156484 151292 151370 156855 156953
171501 30
151609 152108 156772 151874 152162 151914 156801 151917 151990 152022 152103 151493 151252 152251 152824 152897 152976 153210 153362 154217 154475 154799 154984 155409 156483 156484 151292 151370 156855 156953
171503 7
151609 152108 156772 151874 152162 151914 156801
171504 7
151609 152108 156772 151874 152162 151914 156801
171507 7
151609 152108 156772 151874 152162 151914 156801
171508 7
151609 152108 156772 151874 152162 151914 156801
171509 7
151874 151914 152162 152108 151609 156772 156801
171510 7
151874 151914 152162 152108 151609 156772 156801
171511 27
151874 151914 152162 156801 151370 151917 151990 152022 151493 152251 152824 152897 152976 153362 154217 154984 156483 156484 151292 156855 156953 155409 152103 151252 154475 154799 153210
171512 27
151874 151914 152162 156801 151252 151292 151917 151990 152022 152103 151370 152251 152824 152897 152976 153210 153362 154217 154475 154799 154984 155409 156483 156484 151493 156855 156953
171513 27
151874 151914 152162 156801 151370 151917 151990 152022 151493 152251 152824 152897 152976 153362 154217 154984 156483 156484 151292 156855 156953 155409 152103 151252 154475 154799 153210
171514 24
156801 151292 151370 151493 151917 151990 152022 152103 152251 152824 152897 152976 153210 153362 154217 154475 154799 154984 155409 156483 156484 151252 156855 156953
171515 24
156801 151292 151370 151493 151917 151990 152022 152103 152251 152824 152897 152976 153210 153362 154217 154475 154799 154984 155409 156483 156484 151252 156855 156953
