173501 7
151874 151914 152162 152108 151609 156772 156801
173502 19
152372 152669 152732 152108 151609 156772 151927 152708 151524 152733 154170 154171 155343 156743 151228 151914 152162 151874 156801
173503 19
151228 151524 151927 152708 152733 154170 154171 155343 156743 152732 152669 152372 152108 151609 156772 151914 152162 151874 156801
173505 7
151609 152108 156772 151874 152162 151914 156801
173507 3
151609 152108 156772
173510 3
151609 152108 156772
173511 16
151609 152108 156772 151927 151524 152708 152733 154170 154171 155343 156743 151228 151914 152162 151874 156801
173512 7
151609 152108 156772 151874 152162 151914 156801
173513 7
151609 152108 156772 151874 152162 151914 156801
173514 19
151228 151524 151927 152708 152733 154170 154171 155343 156743 152732 152669 152372 152108 151609 156772 151914 152162 151874 156801
173516 19
151228 151524 151927 152708 152733 154170 154171 155343 156743 152732 152669 152372 152108 151609 156772 151914 152162 151874 156801
173517 19
152372 152669 152732 151228 151524 152708 151927 152733 154170 154171 155343 156743 151914 151874 152162 151609 152108 156772 156801
173518 19
152372 152669 152732 151874 151914 152162 151524 151927 152708 151228 152733 154170 154171 155343 156743 151609 152108 156772 156801
173520 19
152372 152669 152732 151874 151914 152162 151524 151927 152708 151228 152733 154170 154171 155343 156743 151609 152108 156772 156801
173522 19
152372 152669 152732 151228 151524 152708 151927 152733 154170 154171 155343 156743 151914 151874 152162 151609 152108 156772 156801
173523 17
152372 152669 152732 151228 151524 152708 151927 152733 154170 154171 155343 156743 152108 151609 156772 155147 155146
173524 19
152372 152669 152732 151228 151524 152708 151927 152733 154170 154171 155343 156743 151914 151874 152162 151609 152108 156772 156801
173528 19
152372 152669 152732 151228 151524 152708 151927 152733 154170 154171 155343 156743 151914 151874 152162 151609 152108 156772 156801
173529 19
152372 152669 152732 151228 151524 152708 151927 152733 154170 154171 155343 156743 151914 151874 152162 151609 152108 156772 156801
173530 16
151228 151524 151927 152708 152733 154170 154171 155343 156743 151914 151874 152162 152108 151609 156772 156801
173531 16
151228 151524 151927 152708 152733 154170 154171 155343 156743 151609 152108 156772 151914 152162 151874 156801
173532 16
151228 151524 151927 152708 152733 154170 154171 155343 156743 151609 152108 156772 151914 152162 151874 156801
173533 16
151228 151524 151927 152708 152733 154170 154171 155343 156743 151609 152108 156772 151914 152162 151874 156801
173534 16
151228 151524 151927 152708 152733 154170 154171 155343 156743 151609 152108 156772 151914 152162 151874 156801
173535 16
151228 151524 151927 152708 152733 154170 154171 155343 156743 151609 152108 156772 151914 152162 151874 156801
173536 16
151228 151524 151927 152708 152733 154170 154171 155343 156743 151914 151874 152162 152108 151609 156772 156801
173538 16
151874 151914 152162 151524 151927 151228 152708 152733 154170 154171 155343 156743 152108 151609 156772 156801
173539 16
151228 151524 151927 152708 152733 154170 154171 155343 156743 151609 152108 156772 151914 152162 151874 156801
173541 16
151228 151524 151927 152708 152733 154170 154171 155343 156743 151609 152108 156772 151914 152162 151874 156801
173542 16
151228 151524 151927 152708 152733 154170 154171 155343 156743 151914 151874 152162 152108 151609 156772 156801
173543 16
151874 151914 152162 152108 151609 156772 151524 151228 152708 152733 154170 154171 155343 156743 151927 156801
173544 16
151609 152108 156772 151874 152162 151914 151524 151228 152708 152733 154170 154171 155343 156743 151927 156801
173545 25
155665 155667 156008 156030 156105 156156 156157 156585 157197 152108 156772 151609 151874 152162 151914 151228 152708 152733 154170 154171 155343 156743 151927 151524 156801
173547 16
151609 152108 156772 151874 152162 151914 151524 151228 152708 152733 154170 154171 155343 156743 151927 156801
173548 16
151609 152108 156772 151874 152162 151914 151524 151228 152708 152733 154170 154171 155343 156743 151927 156801
173549 16
151228 151524 151927 152708 152733 154170 154171 155343 156743 151609 152108 156772 151914 152162 151874 156801
173550 16
151228 151524 151927 152708 152733 154170 154171 155343 156743 151609 152108 156772 151914 152162 151874 156801
173551 12
151228 151524 151927 152708 152733 154170 154171 155343 156743 151609 152108 156772
173552 12
151609 152108 156772 151927 151524 152708 152733 154170 154171 155343 156743 151228
173553 16
151228 151524 151927 152708 152733 154170 154171 155343 156743 151609 152108 156772 151914 152162 151874 156801
173554 16
151228 151524 151927 152708 152733 154170 154171 155343 156743 151609 152108 156772 151914 152162 151874 156801
173555 16
151228 151524 151927 152708 152733 154170 154171 155343 156743 151914 151874 152162 152108 151609 156772 156801
173556 16
151228 151524 151927 152708 152733 154170 154171 155343 156743 151914 151874 152162 152108 151609 156772 156801
173557 16
151228 151524 151927 152708 152733 154170 154171 155343 156743 151609 152108 156772 151914 152162 151874 156801
173558 16
151228 151524 151927 152708 152733 154170 154171 155343 156743 151914 151874 152162 152108 151609 156772 156801
173561 16
151228 151524 151927 152708 152733 154170 154171 155343 156743 151914 151874 152162 152108 151609 156772 156801
173563 16
151228 151524 151927 152708 152733 154170 154171 155343 156743 151914 151874 152162 152108 151609 156772 156801
173565 7
151874 151914 152162 152108 151609 156772 156801
173567 16
151228 151524 151927 152708 152733 154170 154171 155343 156743 151914 151874 152162 152108 151609 156772 156801
173568 7
151609 152108 156772 151874 152162 151914 156801
173569 30
151609 152108 156772 151874 152162 151914 156801 151917 151990 152022 152103 151493 151252 152251 152824 152897 152976 153210 153362 154217 154475 154799 154984 155409 156483 156484 151292 151370 156855 156953
173570 30
151609 152108 156772 151874 152162 151914 156801 151917 151990 152022 152103 151493 151252 152251 152824 152897 152976 153210 153362 154217 154475 154799 154984 155409 156483 156484 151292 151370 156855 156953
173571 10
152372 152669 152732 152108 151609 156772 151874 152162 151914 156801
173572 10
152372 152669 152732 152108 151609 156772 151874 152162 151914 156801
173573 10
152372 152669 152732 151874 151914 152162 151609 152108 156772 156801
173576 10
152372 152669 152732 152108 151609 156772 151874 152162 151914 156801
173577 10
152372 152669 152732 152108 151609 156772 151874 152162 151914 156801
173578 7
151874 151914 152162 152108 151609 156772 156801
173581 14
151228 151524 151927 152708 152733 154170 154171 155343 156743 155146 155147 151609 152108 156772
173582 7
151874 151914 152162 152108 151609 156772 156801
173583 24
156801 151292 151370 151493 151917 151990 152022 152103 152251 152824 152897 152976 153210 153362 154217 154475 154799 154984 155409 156483 156484 151252 156855 156953
173585 24
156801 151292 151370 151493 151917 151990 152022 152103 152251 152824 152897 152976 153210 153362 154217 154475 154799 154984 155409 156483 156484 151252 156855 156953
173586 27
151874 151914 152162 156801 151252 151292 151917 151990 152022 152103 151370 152251 152824 152897 152976 153210 153362 154217 154475 154799 154984 155409 156483 156484 151493 156855 156953
173587 30
151609 152108 156772 151874 152162 151914 156801 151917 151990 152022 152103 151493 151252 152251 152824 152897 152976 153210 153362 154217 154475 154799 154984 155409 156483 156484 151292 151370 156855 156953
173590 30
151874 151914 152162 156801 151609 156772 152108 151917 151990 152022 152103 151493 151252 152251 152824 152897 152976 153210 153362 154217 154475 154799 154984 155409 156483 156484 151292 151370 156855 156953
173591 30
151874 151914 152162 156801 151609 156772 152108 151917 151990 152022 152103 151493 151252 152251 152824 152897 152976 153210 153362 154217 154475 154799 154984 155409 156483 156484 151292 151370 156855 156953
173592 24
156801 151292 151370 151493 151917 151990 152022 152103 152251 152824 152897 152976 153210 153362 154217 154475 154799 154984 155409 156483 156484 151252 156855 156953
173593 24
156801 151292 151370 151493 151917 151990 152022 152103 152251 152824 152897 152976 153210 153362 154217 154475 154799 154984 155409 156483 156484 151252 156855 156953
173594 27
151874 151914 152162 156801 151252 151292 151917 151990 152022 152103 151370 152251 152824 152897 152976 153210 153362 154217 154475 154799 154984 155409 156483 156484 151493 156855 156953
173595 27
151874 151914 152162 156801 151252 151292 151917 151990 152022 152103 151370 152251 152824 152897 152976 153210 153362 154217 154475 154799 154984 155409 156483 156484 151493 156855 156953
173599 27
151874 151914 152162 156801 151252 151292 151917 151990 152022 152103 151370 152251 152824 152897 152976 153210 153362 154217 154475 154799 154984 155409 156483 156484 151493 156855 156953
173601 27
151874 151914 152162 156801 151252 151292 151917 151990 152022 152103 151370 152251 152824 152897 152976 153210 153362 154217 154475 154799 154984 155409 156483 156484 151493 156855 156953
173602 27
151874 151914 152162 156801 151252 151292 151917 151990 152022 152103 151370 152251 152824 152897 152976 153210 153362 154217 154475 154799 154984 155409 156483 156484 151493 156855 156953
173605 27
151874 151914 152162 156801 151370 151917 151990 152022 151493 152251 152824 152897 152976 153362 154217 154984 156483 156484 151292 156855 156953 155409 152103 151252 154475 154799 153210
173608 23
151252 151292 151370 151493 151917 151990 152022 152103 152251 152824 152897 152976 153210 153362 154217 154475 154799 154984 155409 156483 156484 156855 156953
173611 27
151874 151914 152162 156801 151252 151292 151917 151990 152022 152103 151370 152251 152824 152897 152976 153210 153362 154217 154475 154799 154984 155409 156483 156484 151493 156855 156953
173612 27
151874 151914 152162 156801 151252 151292 151917 151990 152022 152103 151370 152251 152824 152897 152976 153210 153362 154217 154475 154799 154984 155409 156483 156484 151493 156855 156953
173613 27
151874 151914 152162 156801 151252 151292 151917 151990 152022 152103 151370 152251 152824 152897 152976 153210 153362 154217 154475 154799 154984 155409 156483 156484 151493 156855 156953
173614 27
151874 151914 152162 156801 151252 151292 151917 151990 152022 152103 151370 152251 152824 152897 152976 153210 153362 154217 154475 154799 154984 155409 156483 156484 151493 156855 156953
173616 27
151874 151914 152162 156801 151252 151292 151917 151990 152022 152103 151370 152251 152824 152897 152976 153210 153362 154217 154475 154799 154984 155409 156483 156484 151493 156855 156953
173617 27
151874 151914 152162 156801 151252 151292 151917 151990 152022 152103 151370 152251 152824 152897 152976 153210 153362 154217 154475 154799 154984 155409 156483 156484 151493 156855 156953
173618 27
151874 151914 152162 156801 151252 151292 151917 151990 152022 152103 151370 152251 152824 152897 152976 153210 153362 154217 154475 154799 154984 155409 156483 156484 151493 156855 156953
173619 23
151252 151292 151370 151493 151917 151990 152022 152103 152251 152824 152897 152976 153210 153362 154217 154475 154799 154984 155409 156483 156484 156855 156953
173623 32
151228 151524 151927 152708 152733 154170 154171 155343 156743 152022 152103 152251 151370 151493 152824 152897 152976 153210 153362 151252 151917 154217 154475 154799 154984 151292 155409 156483 156484 151990 156855 156953
173624 23
151252 151292 151370 151493 151917 151990 152022 152103 152251 152824 152897 152976 153210 153362 154217 154475 154799 154984 155409 156483 156484 156855 156953
173625 23
151252 151292 151370 151493 151917 151990 152022 152103 152251 152824 152897 152976 153210 153362 154217 154475 154799 154984 155409 156483 156484 156855 156953
173626 23
151252 151292 151370 151493 151917 151990 152022 152103 152251 152824 152897 152976 153210 153362 154217 154475 154799 154984 155409 156483 156484 156855 156953
173627 23
151252 151292 151370 151493 151917 151990 152022 152103 152251 152824 152897 152976 153210 153362 154217 154475 154799 154984 155409 156483 156484 156855 156953
173628 27
151874 151914 152162 156801 151252 151292 151917 151990 152022 152103 151370 152251 152824 152897 152976 153210 153362 154217 154475 154799 154984 155409 156483 156484 151493 156855 156953
173629 27
151874 151914 152162 156801 151252 151292 151917 151990 152022 152103 151370 152251 152824 152897 152976 153210 153362 154217 154475 154799 154984 155409 156483 156484 151493 156855 156953
173630 27
151874 151914 152162 156801 151252 151292 151917 151990 152022 152103 151370 152251 152824 152897 152976 153210 153362 154217 154475 154799 154984 155409 156483 156484 151493 156855 156953
173631 27
151874 151914 152162 156801 151370 151917 151990 152022 151493 152251 152824 152897 152976 153362 154217 154984 156483 156484 151292 156855 156953 155409 152103 151252 154475 154799 153210
173632 27
151874 151914 152162 156801 151252 151292 151917 151990 152022 152103 151370 152251 152824 152897 152976 153210 153362 154217 154475 154799 154984 155409 156483 156484 151493 156855 156953
173633 27
151874 151914 152162 156801 151252 151292 151917 151990 152022 152103 151370 152251 152824 152897 152976 153210 153362 154217 154475 154799 154984 155409 156483 156484 151493 156855 156953
173636 27
151874 151914 152162 156801 151252 151292 151917 151990 152022 152103 151370 152251 152824 152897 152976 153210 153362 154217 154475 154799 154984 155409 156483 156484 151493 156855 156953
173637 27
151874 151914 152162 156801 151252 151292 151917 151990 152022 152103 151370 152251 152824 152897 152976 153210 153362 154217 154475 154799 154984 155409 156483 156484 151493 156855 156953
173638 27
151874 151914 152162 156801 151252 151292 151917 151990 152022 152103 151370 152251 152824 152897 152976 153210 153362 154217 154475 154799 154984 155409 156483 156484 151493 156855 156953
173639 27
151874 151914 152162 156801 151370 151917 151990 152022 151493 152251 152824 152897 152976 153362 154217 154984 156483 156484 151292 156855 156953 155409 152103 151252 154475 154799 153210
173640 27
151874 151914 152162 156801 151252 151292 151917 151990 152022 152103 151370 152251 152824 152897 152976 153210 153362 154217 154475 154799 154984 155409 156483 156484 151493 156855 156953
173641 28
152708 152733 155343 156743 151524 154170 154171 151927 151228 155667 156008 156030 156105 156156 156157 156585 155665 157197 151914 151874 152162 155192 154105 151026 151171 154495 155108 156801
173642 31
155665 155667 156008 156030 156105 156156 156157 156585 157197 152108 156772 151609 155108 155192 151026 151171 154105 154495 154170 154171 151927 151524 152708 155343 156743 152733 151228 152162 151874 151914 156801
173644 42
151026 151171 154105 154495 155108 155192 152733 151228 154170 154171 151524 151927 152708 155343 156743 151874 152162 151914 156801 152824 152897 152976 153210 153362 151917 151493 151990 154217 154475 152022 154799 154984 152103 151252 152251 155409 156483 156484 151292 151370 156855 156953
173648 51
155665 155667 156008 156030 156105 156156 156157 156585 157197 154495 155108 155192 151026 151171 154105 151228 154170 154171 151524 151927 152708 155343 156743 152733 151874 152162 151914 156801 154475 152022 154799 154984 152103 151252 152251 155409 151292 151370 152824 152897 152976 153210 153362 156483 156484 151917 151493 151990 156855 156953 154217
173651 31
151609 152108 156772 151171 154105 154495 155108 155192 151026 155667 156008 156030 156105 156156 156157 156585 155665 157197 154170 154171 151927 151524 152708 155343 156743 152733 151228 152162 151874 151914 156801
173652 28
151228 151524 151927 152708 152733 154170 154171 155343 156743 155667 156008 156030 156105 156156 156157 156585 155665 157197 155192 154105 151171 151026 154495 155108 151874 152162 151914 156801
173653 51
151026 151171 154105 154495 155108 155192 155665 155667 156008 156030 156105 156156 156157 156585 157197 151228 154170 154171 151524 151927 152708 155343 156743 152733 151874 152162 151914 156801 154475 152022 154799 154984 152103 151252 152251 155409 151292 151370 152824 152897 152976 153210 153362 156483 156484 151917 151493 151990 156855 156953 154217
173655 31
151609 152108 156772 155667 156008 156030 156105 156156 156157 156585 155665 157197 155108 155192 151026 151171 154105 154495 152162 151914 151874 154170 154171 151524 151228 152708 155343 156743 152733 151927 156801
173656 27
151874 151914 152162 156801 151252 151292 151917 151990 152022 152103 151370 152251 152824 152897 152976 153210 153362 154217 154475 154799 154984 155409 156483 156484 151493 156855 156953
173657 27
151874 151914 152162 156801 151252 151292 151917 151990 152022 152103 151370 152251 152824 152897 152976 153210 153362 154217 154475 154799 154984 155409 156483 156484 151493 156855 156953
173658 27
151874 151914 152162 156801 151252 151292 151917 151990 152022 152103 151370 152251 152824 152897 152976 153210 153362 154217 154475 154799 154984 155409 156483 156484 151493 156855 156953
173660 27
151874 151914 152162 156801 151252 151292 151917 151990 152022 152103 151370 152251 152824 152897 152976 153210 153362 154217 154475 154799 154984 155409 156483 156484 151493 156855 156953
173661 27
151874 151914 152162 156801 151252 151292 151917 151990 152022 152103 151370 152251 152824 152897 152976 153210 153362 154217 154475 154799 154984 155409 156483 156484 151493 156855 156953
173662 39
151609 152108 156772 151874 152162 151914 151524 151228 152708 152733 154170 154171 155343 156743 151927 156801 152251 151493 151917 152824 152897 152976 153210 153362 151252 151990 154217 154475 154799 154984 152022 155409 156483 156484 152103 151292 151370 156855 156953
173663 39
151228 151524 151927 152708 152733 154170 154171 155343 156743 151609 152108 156772 151914 152162 151874 156801 152251 151493 151917 152824 152897 152976 153210 153362 151252 151990 154217 154475 154799 154984 152022 155409 156483 156484 152103 151292 151370 156855 156953
173664 39
151228 151524 151927 152708 152733 154170 154171 155343 156743 151609 152108 156772 151914 152162 151874 156801 152251 151493 151917 152824 152897 152976 153210 153362 151252 151990 154217 154475 154799 154984 152022 155409 156483 156484 152103 151292 151370 156855 156953
173666 39
151228 151524 151927 152708 152733 154170 154171 155343 156743 151609 152108 156772 151914 152162 151874 156801 152251 151493 151917 152824 152897 152976 153210 153362 151252 151990 154217 154475 154799 154984 152022 155409 156483 156484 152103 151292 151370 156855 156953
173668 30
151609 152108 156772 151874 152162 151914 156801 153210 154475 154799 155409 151252 152103 152251 152824 152897 152976 151917 153362 154217 151990 152022 154984 151292 156483 156484 151370 151493 156855 156953
173670 39
151609 152108 156772 151927 151524 152708 152733 154170 154171 155343 156743 151228 151914 152162 151874 156801 154799 153210 155409 151252 152103 154475 152022 153362 151493 151292 154217 151917 152251 154984 151370 151990 156483 156484 152824 152897 152976 156855 156953
173671 39
151609 152108 156772 151927 151524 152708 152733 154170 154171 155343 156743 151228 151914 152162 151874 156801 154799 153210 155409 151252 152103 154475 152022 153362 151493 151292 154217 151917 152251 154984 151370 151990 156483 156484 152824 152897 152976 156855 156953
173674 39
151228 151524 151927 152708 152733 154170 154171 155343 156743 151609 152108 156772 151914 152162 151874 156801 152251 151493 151917 152824 152897 152976 153210 153362 151252 151990 154217 154475 154799 154984 152022 155409 156483 156484 152103 151292 151370 156855 156953
173675 39
151228 151524 151927 152708 152733 154170 154171 155343 156743 151609 152108 156772 151914 152162 151874 156801 152251 151493 151917 152824 152897 152976 153210 153362 151252 151990 154217 154475 154799 154984 152022 155409 156483 156484 152103 151292 151370 156855 156953
173677 27
151874 151914 152162 156801 151252 151292 151917 151990 152022 152103 151370 152251 152824 152897 152976 153210 153362 154217 154475 154799 154984 155409 156483 156484 151493 156855 156953
173680 39
151609 152108 156772 151927 151524 152708 152733 154170 154171 155343 156743 151228 151914 152162 151874 156801 152251 151493 151917 152824 152897 152976 153210 153362 151252 151990 154217 154475 154799 154984 152022 155409 156483 156484 152103 151292 151370 156855 156953
173681 36
151228 151524 151927 152708 152733 154170 154171 155343 156743 151914 151874 152162 156801 151252 152251 151292 151370 152824 152897 152976 153210 153362 151917 151493 154217 154475 154799 154984 151990 155409 156483 156484 152022 152103 156855 156953
173682 39
151609 152108 156772 151927 151524 152708 152733 154170 154171 155343 156743 151228 151914 152162 151874 156801 152251 151493 151917 152824 152897 152976 153210 153362 151252 151990 154217 154475 154799 154984 152022 155409 156483 156484 152103 151292 151370 156855 156953
173683 27
151874 151914 152162 156801 151252 151292 151917 151990 152022 152103 151370 152251 152824 152897 152976 153210 153362 154217 154475 154799 154984 155409 156483 156484 151493 156855 156953
173685 27
151874 151914 152162 156801 151252 151292 151917 151990 152022 152103 151370 152251 152824 152897 152976 153210 153362 154217 154475 154799 154984 155409 156483 156484 151493 156855 156953
173686 30
151609 152108 156772 151874 152162 151914 156801 151917 151990 152022 152103 151493 151252 152251 152824 152897 152976 153210 153362 154217 154475 154799 154984 155409 156483 156484 151292 151370 156855 156953
173688 27
151874 151914 152162 156801 151252 151292 151917 151990 152022 152103 151370 152251 152824 152897 152976 153210 153362 154217 154475 154799 154984 155409 156483 156484 151493 156855 156953
173691 27
151874 151914 152162 156801 151252 153210 154475 154799 155409 152103 151292 152251 152824 152897 152976 151370 153362 154217 151917 151990 154984 152022 156483 156484 151493 156855 156953
173692 39
151609 152108 156772 151927 151524 152708 152733 154170 154171 155343 156743 151228 151914 152162 151874 156801 152251 151493 151917 152824 152897 152976 153210 153362 151252 151990 154217 154475 154799 154984 152022 155409 156483 156484 152103 151292 151370 156855 156953
173695 14
151609 152108 156772 151927 151524 152708 152733 154170 154171 155343 156743 151228 155147 155146
173696 14
151609 152108 156772 151927 151524 152708 152733 154170 154171 155343 156743 151228 155147 155146
173698 14
151609 152108 156772 151927 151524 152708 152733 154170 154171 155343 156743 151228 155147 155146
173699 14
151609 152108 156772 151927 151524 152708 152733 154170 154171 155343 156743 151228 155147 155146
173700 14
151609 152108 156772 151927 151524 152708 152733 154170 154171 155343 156743 151228 155147 155146
173701 39
151609 152108 156772 151927 151524 152708 152733 154170 154171 155343 156743 151228 151914 152162 151874 156801 152251 151493 151917 152824 152897 152976 153210 153362 151252 151990 154217 154475 154799 154984 152022 155409 156483 156484 152103 151292 151370 156855 156953
173702 16
151609 152108 156772 151927 151524 152708 152733 154170 154171 155343 156743 151228 151914 152162 151874 156801
173703 39
151609 152108 156772 151927 151524 152708 152733 154170 154171 155343 156743 151228 151914 152162 151874 156801 152251 151493 151917 152824 152897 152976 153210 153362 151252 151990 154217 154475 154799 154984 152022 155409 156483 156484 152103 151292 151370 156855 156953
173705 30
151874 151914 152162 152108 151609 156772 156801 151917 151990 152022 152103 151493 151252 152251 152824 152897 152976 153210 153362 154217 154475 154799 154984 155409 156483 156484 151292 151370 156855 156953
173706 30
151609 152108 156772 151874 152162 151914 156801 151917 151990 152022 152103 151493 151252 152251 152824 152897 152976 153210 153362 154217 154475 154799 154984 155409 156483 156484 151292 151370 156855 156953
173707 27
151874 151914 152162 156801 151252 151292 151917 151990 152022 152103 151370 152251 152824 152897 152976 153210 153362 154217 154475 154799 154984 155409 156483 156484 151493 156855 156953
173708 27
151874 151914 152162 156801 151252 151292 151917 151990 152022 152103 151370 152251 152824 152897 152976 153210 153362 154217 154475 154799 154984 155409 156483 156484 151493 156855 156953
173712 27
151874 151914 152162 156801 151252 151292 151917 151990 152022 152103 151370 152251 152824 152897 152976 153210 153362 154217 154475 154799 154984 155409 156483 156484 151493 156855 156953
173714 39
152708 152733 155343 156743 151524 154170 154171 151927 151228 151609 152108 156772 151914 152162 151874 156801 152251 151493 151917 152824 152897 152976 153210 153362 151252 151990 154217 154475 154799 154984 152022 155409 156483 156484 152103 151292 151370 156855 156953
173715 7
151609 152108 156772 151874 152162 151914 156801
173716 16
151228 151524 151927 152708 152733 154170 154171 155343 156743 151914 151874 152162 152108 151609 156772 156801
173718 16
151228 151524 151927 152708 152733 154170 154171 155343 156743 151914 151874 152162 152108 151609 156772 156801
173719 16
151228 151524 151927 152708 152733 154170 154171 155343 156743 151914 151874 152162 152108 151609 156772 156801
173722 27
151874 151914 152162 156801 151252 151292 151917 151990 152022 152103 151370 152251 152824 152897 152976 153210 153362 154217 154475 154799 154984 155409 156483 156484 151493 156855 156953
173724 27
151874 151914 152162 156801 151252 151292 151917 151990 152022 152103 151370 152251 152824 152897 152976 153210 153362 154217 154475 154799 154984 155409 156483 156484 151493 156855 156953
173726 16
151609 152108 156772 151927 151524 152708 152733 154170 154171 155343 156743 151228 151914 152162 151874 156801
173728 27
151874 151914 152162 156801 151252 151292 151917 151990 152022 152103 151370 152251 152824 152897 152976 153210 153362 154217 154475 154799 154984 155409 156483 156484 151493 156855 156953
173730 27
151874 151914 152162 156801 151252 151292 151917 151990 152022 152103 151370 152251 152824 152897 152976 153210 153362 154217 154475 154799 154984 155409 156483 156484 151493 156855 156953
173731 27
151874 151914 152162 156801 151252 151292 151917 151990 152022 152103 151370 152251 152824 152897 152976 153210 153362 154217 154475 154799 154984 155409 156483 156484 151493 156855 156953
173732 27
151874 151914 152162 156801 151252 151292 151917 151990 152022 152103 151370 152251 152824 152897 152976 153210 153362 154217 154475 154799 154984 155409 156483 156484 151493 156855 156953
173734 27
151874 151914 152162 156801 151370 151917 151990 152022 151493 152251 152824 152897 152976 153362 154217 154984 156483 156484 151292 156855 156953 155409 152103 151252 154475 154799 153210
173736 27
151874 151914 152162 156801 151370 151917 151990 152022 151493 152251 152824 152897 152976 153362 154217 154984 156483 156484 151292 156855 156953 155409 152103 151252 154475 154799 153210
173737 27
151874 151914 152162 156801 151252 151292 151917 151990 152022 152103 151370 152251 152824 152897 152976 153210 153362 154217 154475 154799 154984 155409 156483 156484 151493 156855 156953
173738 27
151874 151914 152162 156801 151252 151292 151917 151990 152022 152103 151370 152251 152824 152897 152976 153210 153362 154217 154475 154799 154984 155409 156483 156484 151493 156855 156953
173740 27
151874 151914 152162 156801 151252 151292 151917 151990 152022 152103 151370 152251 152824 152897 152976 153210 153362 154217 154475 154799 154984 155409 156483 156484 151493 156855 156953
173741 27
151874 151914 152162 156801 151252 151292 151917 151990 152022 152103 151370 152251 152824 152897 152976 153210 153362 154217 154475 154799 154984 155409 156483 156484 151493 156855 156953
173742 27
151874 151914 152162 156801 151252 151292 151917 151990 152022 152103 151370 152251 152824 152897 152976 153210 153362 154217 154475 154799 154984 155409 156483 156484 151493 156855 156953
173743 36
151228 151524 151927 152708 152733 154170 154171 155343 156743 151914 151874 152162 156801 154475 154799 153210 155409 152103 151252 152976 151990 153362 152022 151370 154217 151493 152251 154984 151917 151292 156483 156484 152824 152897 156855 156953
173744 36
151228 151524 151927 152708 152733 154170 154171 155343 156743 151914 151874 152162 156801 151252 152251 151292 151370 152824 152897 152976 153210 153362 151917 151493 154217 154475 154799 154984 151990 155409 156483 156484 152022 152103 156855 156953
173745 27
151874 151914 152162 156801 151252 151292 151917 151990 152022 152103 151370 152251 152824 152897 152976 153210 153362 154217 154475 154799 154984 155409 156483 156484 151493 156855 156953
173746 7
151609 152108 156772 151874 152162 151914 156801
173748 16
151609 152108 156772 152733 155343 156743 152708 154170 154171 151524 151228 151927 151914 152162 151874 156801
173749 16
151228 151524 151927 152708 152733 154170 154171 155343 156743 151914 151874 152162 152108 151609 156772 156801
173750 27
151874 151914 152162 156801 151252 153210 154475 154799 155409 152103 151292 152251 152824 152897 152976 151370 153362 154217 151917 151990 154984 152022 156483 156484 151493 156855 156953
173751 23
151252 151292 151370 151493 151917 151990 152022 152103 152251 152824 152897 152976 153210 153362 154217 154475 154799 154984 155409 156483 156484 156855 156953
173753 23
151252 151292 151370 151493 151917 151990 152022 152103 152251 152824 152897 152976 153210 153362 154217 154475 154799 154984 155409 156483 156484 156855 156953
173754 23
151252 151292 151370 151493 151917 151990 152022 152103 152251 152824 152897 152976 153210 153362 154217 154475 154799 154984 155409 156483 156484 156855 156953
173755 23
151252 151292 151370 151493 151917 151990 152022 152103 152251 152824 152897 152976 153210 153362 154217 154475 154799 154984 155409 156483 156484 156855 156953
173756 23
151252 151292 151370 151493 151917 151990 152022 152103 152251 152824 152897 152976 153210 153362 154217 154475 154799 154984 155409 156483 156484 156855 156953
173758 23
151252 151292 151370 151493 151917 151990 152022 152103 152251 152824 152897 152976 153210 153362 154217 154475 154799 154984 155409 156483 156484 156855 156953
173760 16
151874 151914 152162 152108 151609 156772 151524 151228 152708 152733 154170 154171 155343 156743 151927 156801
173761 16
151874 151914 152162 152108 151609 156772 151524 151228 154170 154171 151927 152733 155343 156743 152708 156801
173762 16
151874 151914 152162 152108 151609 156772 152733 155343 156743 152708 154170 154171 151228 151927 151524 156801
173763 16
151609 152108 156772 151874 152162 151914 152733 155343 156743 152708 154170 154171 151228 151927 151524 156801
173764 12
151609 152108 156772 152733 155343 156743 152708 154170 154171 151524 151228 151927
173765 16
151874 151914 152162 151524 151927 151228 152708 152733 154170 154171 155343 156743 152108 151609 156772 156801
173766 16
151874 151914 152162 151524 151927 151228 152708 152733 154170 154171 155343 156743 152108 151609 156772 156801
173767 16
151609 152108 156772 151927 151524 152708 152733 154170 154171 155343 156743 151228 151914 152162 151874 156801
173768 39
151609 152108 156772 151927 151524 152708 152733 154170 154171 155343 156743 151228 151914 152162 151874 156801 152251 151493 151917 152824 152897 152976 153210 153362 151252 151990 154217 154475 154799 154984 152022 155409 156483 156484 152103 151292 151370 156855 156953
173769 16
151609 152108 156772 151927 151524 152708 152733 154170 154171 155343 156743 151228 151914 152162 151874 156801
173770 13
151228 151524 151927 152708 152733 154170 154171 155343 156743 151914 151874 152162 156801
173771 7
151609 152108 156772 151874 152162 151914 156801
173773 4
151874 151914 152162 156801
173775 4
151874 151914 152162 156801
173776 7
151609 152108 156772 151874 152162 151914 156801
173777 27
151874 151914 152162 156801 151252 151292 151917 151990 152022 152103 151370 152251 152824 152897 152976 153210 153362 154217 154475 154799 154984 155409 156483 156484 151493 156855 156953
173778 16
151228 151524 151927 152708 152733 154170 154171 155343 156743 151609 152108 156772 151914 152162 151874 156801
173780 7
151609 152108 156772 151874 152162 151914 156801
173781 4
151874 151914 152162 156801
173783 9
151228 151524 151927 152708 152733 154170 154171 155343 156743
173784 12
151609 152108 156772 151927 151524 152708 152733 154170 154171 155343 156743 151228
173785 27
151874 151914 152162 156801 151252 151292 151917 151990 152022 152103 151370 152251 152824 152897 152976 153210 153362 154217 154475 154799 154984 155409 156483 156484 151493 156855 156953
173786 27
151874 151914 152162 156801 151370 151917 151990 152022 151493 152251 152824 152897 152976 153362 154217 154984 156483 156484 151292 156855 156953 155409 152103 151252 154475 154799 153210
173788 27
151874 151914 152162 156801 151370 151917 151990 152022 151493 152251 152824 152897 152976 153362 154217 154984 156483 156484 151292 156855 156953 155409 152103 151252 154475 154799 153210
173789 39
151609 152108 156772 151927 151524 152708 152733 154170 154171 155343 156743 151228 151914 152162 151874 156801 152251 151493 151917 152824 152897 152976 153210 153362 151252 151990 154217 154475 154799 154984 152022 155409 156483 156484 152103 151292 151370 156855 156953
173790 39
151609 152108 156772 151927 151524 152708 152733 154170 154171 155343 156743 151228 151914 152162 151874 156801 152251 151493 151917 152824 152897 152976 153210 153362 151252 151990 154217 154475 154799 154984 152022 155409 156483 156484 152103 151292 151370 156855 156953
173791 36
151228 151524 151927 152708 152733 154170 154171 155343 156743 151609 152108 156772 156801 152251 151252 151292 152824 152897 152976 153210 153362 151917 151370 154217 154475 154799 154984 151990 155409 156483 156484 152022 152103 151493 156855 156953
173792 39
151874 151914 152162 151524 151927 151228 152708 152733 154170 154171 155343 156743 152108 151609 156772 156801 152251 151493 151917 152824 152897 152976 153210 153362 151252 151990 154217 154475 154799 154984 152022 155409 156483 156484 152103 151292 151370 156855 156953
173793 36
151609 152108 156772 151927 151524 152708 152733 154170 154171 155343 156743 151228 156801 152251 151252 151292 152824 152897 152976 153210 153362 151917 151370 154217 154475 154799 154984 151990 155409 156483 156484 152022 152103 151493 156855 156953
173794 13
151609 152108 156772 151927 151524 152708 152733 154170 154171 155343 156743 151228 156801
173795 35
151609 152108 156772 151927 151524 152708 152733 154170 154171 155343 156743 151228 151493 152251 151252 151292 152824 152897 152976 153210 153362 151917 151370 154217 154475 154799 154984 151990 155409 156483 156484 152022 152103 156855 156953
173796 12
151609 152108 156772 151927 151524 152708 152733 154170 154171 155343 156743 151228
173797 24
156801 151292 151370 151493 151917 151990 152022 152103 152251 152824 152897 152976 153210 153362 154217 154475 154799 154984 155409 156483 156484 151252 156855 156953
173798 24
156801 151292 151370 151493 151917 151990 152022 152103 152251 152824 152897 152976 153210 153362 154217 154475 154799 154984 155409 156483 156484 151252 156855 156953
173799 49
151874 151914 152162 156801 151252 151292 151917 151990 152022 152103 151370 152251 152824 152897 152976 153210 153362 154217 154475 154799 154984 155409 156483 156484 151493 156855 156953 152736 153064 152834 152791 153407 153790 153800 153806 153824 153984 155367 155381 153275 155911 155927 155930 151575 152562 155201 155244 155318 157243
173800 48
151292 151370 151493 151917 151990 152022 152251 152824 152897 152976 153362 154217 154984 156483 156484 156855 156953 153210 155409 151252 152103 154475 154799 153984 152736 153064 152834 152791 153407 153790 153800 153806 153824 155318 155367 155381 153275 155911 155927 155930 151575 152562 155201 155244 157243 155436 154290 153079
173801 37
151874 151914 152162 156801 151252 151292 151917 151990 152022 152103 151370 152251 152824 152897 152976 153210 153362 154217 154475 154799 154984 155409 156483 156484 151493 156855 156953 152736 153064 152834 152791 153407 153790 153800 153806 153824 153984
173802 37
151874 151914 152162 156801 151252 151292 151917 151990 152022 152103 151370 152251 152824 152897 152976 153210 153362 154217 154475 154799 154984 155409 156483 156484 151493 156855 156953 152736 153064 152834 152791 153407 153790 153800 153806 153824 153984
173803 37
151874 151914 152162 156801 151252 151292 151917 151990 152022 152103 151370 152251 152824 152897 152976 153210 153362 154217 154475 154799 154984 155409 156483 156484 151493 156855 156953 152736 153064 152834 152791 153407 153790 153800 153806 153824 153984
173804 26
151292 151370 151493 151917 151990 152022 152251 152824 152897 152976 153362 154217 154984 156483 156484 156855 156953 153210 155409 151252 152103 154475 154799 154290 155436 153079
173805 23
151292 151370 151493 151917 151990 152022 152251 152824 152897 152976 153362 154217 154984 156483 156484 156855 156953 153210 155409 151252 152103 154475 154799
173806 48
151252 151292 151370 151493 151917 151990 152022 152103 152251 152824 152897 152976 153210 153362 154217 154475 154799 154984 155409 156483 156484 156855 156953 153984 152736 153064 152834 152791 153407 153790 153800 153806 153824 154290 155436 153079 155367 155381 152562 151575 155911 155927 155930 153275 155201 155244 155318 157243
173807 48
151252 151292 151370 151493 151917 151990 152022 152103 152251 152824 152897 152976 153210 153362 154217 154475 154799 154984 155409 156483 156484 156855 156953 153984 152736 153064 152834 152791 153407 153790 153800 153806 153824 154290 155436 153079 155367 155381 152562 151575 155911 155927 155930 153275 155201 155244 155318 157243
173809 48
151252 151292 151370 151493 151917 151990 152022 152103 152251 152824 152897 152976 153210 153362 154217 154475 154799 154984 155409 156483 156484 156855 156953 153984 152736 153064 152834 152791 153407 153790 153800 153806 153824 154290 155436 153079 155367 155381 152562 151575 155911 155927 155930 153275 155201 155244 155318 157243
173810 48
151252 151292 151370 151493 151917 151990 152022 152103 152251 152824 152897 152976 153210 153362 154217 154475 154799 154984 155409 156483 156484 156855 156953 153984 152736 153064 152834 152791 153407 153790 153800 153806 153824 154290 155436 153079 155367 155381 152562 151575 155911 155927 155930 153275 155201 155244 155318 157243
173812 48
151252 151292 151370 151493 151917 151990 152022 152103 152251 152824 152897 152976 153210 153362 154217 154475 154799 154984 155409 156483 156484 156855 156953 153984 152736 153064 152834 152791 153407 153790 153800 153806 153824 154290 155436 153079 155367 155381 152562 151575 155911 155927 155930 153275 155201 155244 155318 157243
173813 33
151252 151292 151370 151493 151917 151990 152022 152103 152251 152824 152897 152976 153210 153362 154217 154475 154799 154984 155409 156483 156484 156855 156953 153984 152736 153064 152834 152791 153407 153790 153800 153806 153824
173814 49
151874 151914 152162 156801 151252 151292 151917 151990 152022 152103 151370 152251 152824 152897 152976 153210 153362 154217 154475 154799 154984 155409 156483 156484 151493 156855 156953 152736 153064 152834 152791 153407 153790 153800 153806 153824 153984 155367 155381 153275 155911 155927 155930 151575 152562 155201 155244 155318 157243
173817 37
151874 151914 152162 156801 151252 151292 151917 151990 152022 152103 151370 152251 152824 152897 152976 153210 153362 154217 154475 154799 154984 155409 156483 156484 151493 156855 156953 152736 153064 152834 152791 153407 153790 153800 153806 153824 153984
173819 27
151874 151914 152162 156801 151252 151292 151917 151990 152022 152103 151370 152251 152824 152897 152976 153210 153362 154217 154475 154799 154984 155409 156483 156484 151493 156855 156953
173820 27
151874 151914 152162 156801 151252 151292 151917 151990 152022 152103 151370 152251 152824 152897 152976 153210 153362 154217 154475 154799 154984 155409 156483 156484 151493 156855 156953
173821 27
151874 151914 152162 156801 151252 151292 151917 151990 152022 152103 151370 152251 152824 152897 152976 153210 153362 154217 154475 154799 154984 155409 156483 156484 151493 156855 156953
173822 27
151874 151914 152162 156801 151252 151292 151917 151990 152022 152103 151370 152251 152824 152897 152976 153210 153362 154217 154475 154799 154984 155409 156483 156484 151493 156855 156953
173823 23
151252 151292 151370 151493 151917 151990 152022 152103 152251 152824 152897 152976 153210 153362 154217 154475 154799 154984 155409 156483 156484 156855 156953
173824 23
151252 151292 151370 151493 151917 151990 152022 152103 152251 152824 152897 152976 153210 153362 154217 154475 154799 154984 155409 156483 156484 156855 156953
173825 37
151874 151914 152162 156801 151252 151292 151917 151990 152022 152103 151370 152251 152824 152897 152976 153210 153362 154217 154475 154799 154984 155409 156483 156484 151493 156855 156953 152736 153064 152834 152791 153407 153790 153800 153806 153824 153984
173826 27
151874 151914 152162 156801 151370 151917 151990 152022 151493 152251 152824 152897 152976 153362 154217 154984 156483 156484 151292 156855 156953 155409 152103 151252 154475 154799 153210
173828 23
151292 151370 151493 151917 151990 152022 152251 152824 152897 152976 153362 154217 154984 156483 156484 156855 156953 153210 155409 151252 152103 154475 154799
173830 23
151292 151370 151493 151917 151990 152022 152251 152824 152897 152976 153362 154217 154984 156483 156484 156855 156953 153210 155409 151252 152103 154475 154799
173831 23
151292 151370 151493 151917 151990 152022 152251 152824 152897 152976 153362 154217 154984 156483 156484 156855 156953 153210 155409 151252 152103 154475 154799
173832 23
151252 151292 151370 151493 151917 151990 152022 152103 152251 152824 152897 152976 153210 153362 154217 154475 154799 154984 155409 156483 156484 156855 156953
173833 23
151252 151292 151370 151493 151917 151990 152022 152103 152251 152824 152897 152976 153210 153362 154217 154475 154799 154984 155409 156483 156484 156855 156953
173834 23
151252 151292 151370 151493 151917 151990 152022 152103 152251 152824 152897 152976 153210 153362 154217 154475 154799 154984 155409 156483 156484 156855 156953
173835 23
151252 151292 151370 151493 151917 151990 152022 152103 152251 152824 152897 152976 153210 153362 154217 154475 154799 154984 155409 156483 156484 156855 156953
173836 23
151252 151292 151370 151493 151917 151990 152022 152103 152251 152824 152897 152976 153210 153362 154217 154475 154799 154984 155409 156483 156484 156855 156953
173837 23
151292 151370 151493 151917 151990 152022 152251 152824 152897 152976 153362 154217 154984 156483 156484 156855 156953 153210 155409 151252 152103 154475 154799
173838 23
151292 151370 151493 151917 151990 152022 152251 152824 152897 152976 153362 154217 154984 156483 156484 156855 156953 153210 155409 151252 152103 154475 154799
173839 36
151252 151292 151370 151493 151917 151990 152022 152103 152251 152824 152897 152976 153210 153362 154217 154475 154799 154984 155409 156483 156484 156855 156953 153984 152736 153064 152834 152791 153407 153790 153800 153806 153824 154290 155436 153079
173843 23
151252 151292 151370 151493 151917 151990 152022 152103 152251 152824 152897 152976 153210 153362 154217 154475 154799 154984 155409 156483 156484 156855 156953
173844 36
151252 151292 151370 151493 151917 151990 152022 152103 152251 152824 152897 152976 153210 153362 154217 154475 154799 154984 155409 156483 156484 156855 156953 154290 155436 153079 152834 152791 152736 153407 153790 153800 153806 153824 153984 153064
173845 26
151252 151292 151370 151493 151917 151990 152022 152103 152251 152824 152897 152976 153210 153362 154217 154475 154799 154984 155409 156483 156484 156855 156953 154290 155436 153079
173846 26
151252 151292 151370 151493 151917 151990 152022 152103 152251 152824 152897 152976 153210 153362 154217 154475 154799 154984 155409 156483 156484 156855 156953 154290 155436 153079
173850 23
151252 151292 151370 151493 151917 151990 152022 152103 152251 152824 152897 152976 153210 153362 154217 154475 154799 154984 155409 156483 156484 156855 156953
173851 27
151874 151914 152162 156801 151252 153210 154475 154799 155409 152103 151292 152251 152824 152897 152976 151370 153362 154217 151917 151990 154984 152022 156483 156484 151493 156855 156953
173852 27
151874 151914 152162 156801 151252 153210 154475 154799 155409 152103 151292 152251 152824 152897 152976 151370 153362 154217 151917 151990 154984 152022 156483 156484 151493 156855 156953
173854 27
151874 151914 152162 156801 151252 153210 154475 154799 155409 152103 151292 152251 152824 152897 152976 151370 153362 154217 151917 151990 154984 152022 156483 156484 151493 156855 156953
173855 4
151874 151914 152162 156801
173856 4
151874 151914 152162 156801
173857 4
151874 151914 152162 156801
173859 4
151874 151914 152162 156801
173860 7
151609 152108 156772 151874 152162 151914 156801
173861 4
151874 151914 152162 156801
173864 4
151874 151914 152162 156801
173865 4
151874 151914 152162 156801
173867 4
151874 151914 152162 156801
173868 36
156801 151292 151370 151493 151917 151990 152022 152103 152251 152824 152897 152976 153210 153362 154217 154475 154799 154984 155409 156483 156484 151252 156855 156953 155367 155381 153275 155911 155927 155930 151575 152562 155201 155244 155318 157243
173869 24
156801 151292 151370 151493 151917 151990 152022 152103 152251 152824 152897 152976 153210 153362 154217 154475 154799 154984 155409 156483 156484 151252 156855 156953
173870 27
151874 151914 152162 156801 151252 151292 151917 151990 152022 152103 151370 152251 152824 152897 152976 153210 153362 154217 154475 154799 154984 155409 156483 156484 151493 156855 156953
173873 27
151874 151914 152162 156801 151252 151292 151917 151990 152022 152103 151370 152251 152824 152897 152976 153210 153362 154217 154475 154799 154984 155409 156483 156484 151493 156855 156953
173874 36
156801 151292 151370 151493 151917 151990 152022 152103 152251 152824 152897 152976 153210 153362 154217 154475 154799 154984 155409 156483 156484 151252 156855 156953 155367 155381 153275 155911 155927 155930 151575 152562 155201 155244 155318 157243
173879 36
156801 151370 151493 151917 151990 152022 152251 152824 152897 152976 153362 154217 154984 156483 156484 151292 156855 156953 155409 151252 152103 154475 154799 153210 155367 155381 153275 155911 155927 155930 151575 152562 155201 155244 155318 157243
173880 36
156801 151370 151493 151917 151990 152022 152251 152824 152897 152976 153362 154217 154984 156483 156484 151292 156855 156953 155409 151252 152103 154475 154799 153210 155367 155381 153275 155911 155927 155930 151575 152562 155201 155244 155318 157243
173882 24
156801 151292 151370 151493 151917 151990 152022 152103 152251 152824 152897 152976 153210 153362 154217 154475 154799 154984 155409 156483 156484 151252 156855 156953
173883 4
151874 151914 152162 156801
173884 4
151874 151914 152162 156801
173887 13
151228 151524 151927 152708 152733 154170 154171 155343 156743 151914 151874 152162 156801
173889 13
151228 151524 151927 152708 152733 154170 154171 155343 156743 151914 151874 152162 156801
173890 13
151228 151524 151927 152708 152733 154170 154171 155343 156743 151914 151874 152162 156801
173891 4
151874 151914 152162 156801
173893 4
151874 151914 152162 156801
173895 38
151252 151292 151370 151493 151917 151990 152022 152103 152251 152824 152897 152976 153210 153362 154217 154475 154799 154984 155409 156483 156484 156855 156953 154290 155436 153079 155367 155381 152562 151575 155911 155927 155930 153275 155201 155244 155318 157243
173896 26
151252 151292 151370 151493 151917 151990 152022 152103 152251 152824 152897 152976 153210 153362 154217 154475 154799 154984 155409 156483 156484 156855 156953 154290 155436 153079
173897 26
151252 151292 151370 151493 151917 151990 152022 152103 152251 152824 152897 152976 153210 153362 154217 154475 154799 154984 155409 156483 156484 156855 156953 154290 155436 153079
173898 26
151252 152103 153210 154475 154799 155409 152022 151292 152251 152824 152897 152976 151370 153362 154217 151493 151917 154984 151990 156483 156484 156855 156953 154290 155436 153079
173899 26
151252 152103 153210 154475 154799 155409 152022 151292 152251 152824 152897 152976 151370 153362 154217 151493 151917 154984 151990 156483 156484 156855 156953 154290 155436 153079
173900 26
151252 151292 151370 151493 151917 151990 152022 152103 152251 152824 152897 152976 153210 153362 154217 154475 154799 154984 155409 156483 156484 156855 156953 154290 155436 153079
173902 26
151252 151292 151370 151493 151917 151990 152022 152103 152251 152824 152897 152976 153210 153362 154217 154475 154799 154984 155409 156483 156484 156855 156953 154290 155436 153079
173903 26
151252 151292 151370 151493 151917 151990 152022 152103 152251 152824 152897 152976 153210 153362 154217 154475 154799 154984 155409 156483 156484 156855 156953 154290 155436 153079
173904 39
151874 151914 152162 156801 151252 151292 151917 151990 152022 152103 151370 152251 152824 152897 152976 153210 153362 154217 154475 154799 154984 155409 156483 156484 151493 156855 156953 155367 155381 153275 155911 155927 155930 151575 152562 155201 155244 155318 157243
173905 27
151874 151914 152162 156801 151252 151292 151917 151990 152022 152103 151370 152251 152824 152897 152976 153210 153362 154217 154475 154799 154984 155409 156483 156484 151493 156855 156953
173906 27
151874 151914 152162 156801 151252 151292 151917 151990 152022 152103 151370 152251 152824 152897 152976 153210 153362 154217 154475 154799 154984 155409 156483 156484 151493 156855 156953
173907 27
151874 151914 152162 156801 151252 151292 151917 151990 152022 152103 151370 152251 152824 152897 152976 153210 153362 154217 154475 154799 154984 155409 156483 156484 151493 156855 156953
173908 27
151874 151914 152162 156801 151252 151292 151917 151990 152022 152103 151370 152251 152824 152897 152976 153210 153362 154217 154475 154799 154984 155409 156483 156484 151493 156855 156953
173909 27
151874 151914 152162 156801 151252 151292 151917 151990 152022 152103 151370 152251 152824 152897 152976 153210 153362 154217 154475 154799 154984 155409 156483 156484 151493 156855 156953
173910 26
151252 151292 151370 151493 151917 151990 152022 152103 152251 152824 152897 152976 153210 153362 154217 154475 154799 154984 155409 156483 156484 156855 156953 154290 155436 153079
173911 39
151874 151914 152162 156801 151252 151292 151917 151990 152022 152103 151370 152251 152824 152897 152976 153210 153362 154217 154475 154799 154984 155409 156483 156484 151493 156855 156953 155367 155381 153275 155911 155927 155930 151575 152562 155201 155244 155318 157243
173912 39
151874 151914 152162 156801 151252 151292 151917 151990 152022 152103 151370 152251 152824 152897 152976 153210 153362 154217 154475 154799 154984 155409 156483 156484 151493 156855 156953 155367 155381 153275 155911 155927 155930 151575 152562 155201 155244 155318 157243
173913 39
151874 151914 152162 156801 151252 151292 151917 151990 152022 152103 151370 152251 152824 152897 152976 153210 153362 154217 154475 154799 154984 155409 156483 156484 151493 156855 156953 155367 155381 153275 155911 155927 155930 151575 152562 155201 155244 155318 157243
173917 42
151874 151914 152162 152372 152669 152732 156801 152022 151493 152251 151292 151370 151917 152824 152897 152976 153362 154217 154984 156483 156484 151990 156855 156953 155409 151252 152103 154475 154799 153210 155367 155381 153275 155911 155927 155930 151575 152562 155201 155244 155318 157243
173918 31
152372 152669 152732 151228 151524 152708 151927 152733 154170 154171 155343 156743 151171 154495 155108 155192 154105 151026 155667 156008 156030 156105 156156 156157 156585 155665 157197 151874 152162 151914 156801
173919 26
151252 151292 151370 151493 151917 151990 152022 152103 152251 152824 152897 152976 153210 153362 154217 154475 154799 154984 155409 156483 156484 156855 156953 154290 155436 153079
173920 35
151228 151524 151927 152708 152733 154170 154171 155343 156743 152732 152669 152372 151370 151493 151252 151917 151292 152824 152897 152976 153210 153362 151990 152022 154217 154475 154799 154984 152103 155409 156483 156484 152251 156855 156953
173921 26
152372 152669 152732 151493 151917 151990 152022 152103 152251 151252 151292 151370 152824 152897 152976 153210 153362 154217 154475 154799 154984 155409 156483 156484 156855 156953
173922 23
151252 151292 151370 151493 151917 151990 152022 152103 152251 152824 152897 152976 153210 153362 154217 154475 154799 154984 155409 156483 156484 156855 156953
173924 26
151252 151292 151370 151493 151917 151990 152022 152103 152251 152824 152897 152976 153210 153362 154217 154475 154799 154984 155409 156483 156484 156855 156953 154290 155436 153079
173926 12
151228 151524 151927 152708 152733 154170 154171 155343 156743 152732 152669 152372
173928 12
152372 152669 152732 151228 151524 152708 151927 152733 154170 154171 155343 156743
173929 16
152372 152669 152732 151228 151524 152708 151927 152733 154170 154171 155343 156743 151914 151874 152162 156801
173931 27
151874 151914 152162 156801 151252 151292 151917 151990 152022 152103 151370 152251 152824 152897 152976 153210 153362 154217 154475 154799 154984 155409 156483 156484 151493 156855 156953
173933 36
151228 151524 151927 152708 152733 154170 154171 155343 156743 151914 151874 152162 156801 151252 152251 151292 151370 152824 152897 152976 153210 153362 151917 151493 154217 154475 154799 154984 151990 155409 156483 156484 152022 152103 156855 156953
173936 36
151228 151524 151927 152708 152733 154170 154171 155343 156743 151914 151874 152162 156801 151252 152251 151292 151370 152824 152897 152976 153210 153362 151917 151493 154217 154475 154799 154984 151990 155409 156483 156484 152022 152103 156855 156953
173937 27
151874 151914 152162 156801 151370 151917 151990 152022 151493 152251 152824 152897 152976 153362 154217 154984 156483 156484 151292 156855 156953 155409 152103 151252 154475 154799 153210
173938 27
151874 151914 152162 156801 151252 151292 151917 151990 152022 152103 151370 152251 152824 152897 152976 153210 153362 154217 154475 154799 154984 155409 156483 156484 151493 156855 156953
173940 27
151874 151914 152162 156801 151370 151917 151990 152022 151493 152251 152824 152897 152976 153362 154217 154984 156483 156484 151292 156855 156953 155409 152103 151252 154475 154799 153210
173942 24
156801 151292 151370 151493 151917 151990 152022 152103 152251 152824 152897 152976 153210 153362 154217 154475 154799 154984 155409 156483 156484 151252 156855 156953
173943 24
156801 151292 151370 151493 151917 151990 152022 152103 152251 152824 152897 152976 153210 153362 154217 154475 154799 154984 155409 156483 156484 151252 156855 156953
173944 27
151874 151914 152162 156801 151252 151292 151917 151990 152022 152103 151370 152251 152824 152897 152976 153210 153362 154217 154475 154799 154984 155409 156483 156484 151493 156855 156953
173945 19
151609 152108 156772 152669 152732 152372 151927 152708 151524 152733 154170 154171 155343 156743 151228 151914 152162 151874 156801
173946 19
151609 152108 156772 152669 152732 152372 151927 152708 151524 152733 154170 154171 155343 156743 151228 151914 152162 151874 156801
173947 19
151609 152108 156772 151927 151524 152708 152733 154170 154171 155343 156743 151228 152669 152372 152732 151914 152162 151874 156801
173948 19
151609 152108 156772 151927 151524 152708 152733 154170 154171 155343 156743 151228 152669 152372 152732 151914 152162 151874 156801
173949 19
151609 152108 156772 151927 151524 152708 152733 154170 154171 155343 156743 151228 152669 152372 152732 151914 152162 151874 156801
173950 13
151228 151524 151927 152708 152733 154170 154171 155343 156743 151914 151874 152162 156801
173951 13
151228 151524 151927 152708 152733 154170 154171 155343 156743 151914 151874 152162 156801
173953 13
151228 151524 151927 152708 152733 154170 154171 155343 156743 151914 151874 152162 156801
173956 13
151228 151524 151927 152708 152733 154170 154171 155343 156743 151914 151874 152162 156801
173957 13
151228 151524 151927 152708 152733 154170 154171 155343 156743 151914 151874 152162 156801
173959 13
151228 151524 151927 152708 152733 154170 154171 155343 156743 151914 151874 152162 156801
173960 13
151228 151524 151927 152708 152733 154170 154171 155343 156743 151914 151874 152162 156801
173961 13
152708 152733 155343 156743 151524 154170 154171 151927 151228 151914 151874 152162 156801
173963 13
151228 151524 151927 152708 152733 154170 154171 155343 156743 151914 151874 152162 156801
173964 16
151609 152108 156772 151927 151524 152708 152733 154170 154171 155343 156743 151228 151914 152162 151874 156801
173966 23
151026 151171 154105 154495 155108 155192 155147 155146 152372 152669 152732 152108 151609 156772 154171 151927 152708 151524 152733 151228 155343 156743 154170
173968 23
151026 151171 154105 154495 155108 155192 155147 155146 152372 152669 152732 152108 151609 156772 154171 151927 152708 151524 152733 151228 155343 156743 154170
173969 23
151026 151171 154105 154495 155108 155192 155147 155146 152372 152669 152732 152108 151609 156772 154171 151927 152708 151524 152733 151228 155343 156743 154170
173972 34
155665 155667 156008 156030 156105 156156 156157 156585 157197 152108 156772 151609 155108 155192 151026 151171 154105 154495 154170 154171 151927 151524 152708 155343 156743 152733 151228 152162 151874 151914 152372 152732 152669 156801
173975 34
155665 155667 156008 156030 156105 156156 156157 156585 157197 152108 156772 151609 155108 155192 151026 151171 154105 154495 154170 154171 151927 151524 152708 155343 156743 152733 151228 152162 151874 151914 152372 152732 152669 156801
173976 34
152372 152669 152732 155665 155667 156008 156030 156105 156156 156157 156585 157197 151609 156772 152108 155108 155192 151171 151026 154105 154495 154170 154171 151927 152708 151524 155343 156743 152733 151228 152162 151874 151914 156801
173978 34
152372 152669 152732 152108 151609 156772 155667 156008 156030 156105 156156 156157 156585 155665 157197 155108 155192 151171 151026 154105 154495 154170 154171 151927 152708 151524 155343 156743 152733 151228 152162 151874 151914 156801
173982 9
151228 151524 151927 152708 152733 154170 154171 155343 156743
173983 12
151609 152108 156772 151927 151524 152708 152733 154170 154171 155343 156743 151228
173984 9
151228 151524 151927 152708 152733 154170 154171 155343 156743
173985 9
151228 151524 151927 152708 152733 154170 154171 155343 156743
173987 17
151609 152108 156772 155147 155146 152708 152733 154170 154171 151228 151927 155343 156743 151524 152732 152669 152372
173989 17
151609 152108 156772 151927 151524 152708 152733 154170 154171 155343 156743 151228 155147 155146 152732 152669 152372
173991 21
152372 152669 152732 155146 155147 152108 151609 156772 152733 155343 156743 152708 151524 151228 151927 154170 154171 154737 156053 152014 153249
173992 27
155146 155147 152732 152372 152669 152108 151609 156772 154495 155108 151171 151026 155192 154105 154171 151927 152708 151524 152733 151228 155343 156743 154170 153249 156053 154737 152014
173993 21
152372 152669 152732 155146 155147 152108 151609 156772 151524 152733 154170 154171 151228 151927 155343 156743 152708 154737 156053 152014 153249
173995 21
152372 152669 152732 155146 155147 152108 151609 156772 151524 152733 154170 154171 151228 151927 155343 156743 152708 154737 156053 152014 153249
173996 21
152372 152669 152732 155146 155147 152108 151609 156772 151524 152733 154170 154171 151228 151927 155343 156743 152708 154737 156053 152014 153249
173997 21
155146 155147 152732 152372 152669 152108 151609 156772 151524 152733 154170 154171 151228 151927 155343 156743 152708 154737 156053 152014 153249
173998 21
155146 155147 152732 152372 152669 152108 151609 156772 151524 152733 154170 154171 151228 151927 155343 156743 152708 154737 156053 152014 153249
173999 21
155146 155147 152732 152372 152669 152108 151609 156772 151524 152733 154170 154171 151228 151927 155343 156743 152708 154737 156053 152014 153249
174001 21
155146 155147 152732 152372 152669 152108 151609 156772 151524 152733 154170 154171 151228 151927 155343 156743 152708 154737 156053 152014 153249
174002 21
155146 155147 152732 152372 152669 152108 151609 156772 151524 152733 154170 154171 151228 151927 155343 156743 152708 154737 156053 152014 153249
174003 21
155146 155147 152732 152372 152669 152108 151609 156772 151524 152733 154170 154171 151228 151927 155343 156743 152708 154737 156053 152014 153249
174005 21
155146 155147 152732 152372 152669 152108 151609 156772 152014 153249 156053 154737 154170 154171 151524 152708 151228 155343 152733 156743 151927
174006 21
155146 155147 152732 152372 152669 152108 151609 156772 152014 153249 156053 154737 154170 154171 151524 152708 151228 155343 152733 156743 151927
174007 21
152372 152669 152732 155146 155147 152108 151609 156772 151524 152733 154170 154171 151228 151927 155343 156743 152708 154737 156053 152014 153249
174008 21
152372 152669 152732 155146 155147 152108 151609 156772 152014 153249 156053 154737 154170 154171 151524 152708 151228 155343 152733 156743 151927
174009 13
151228 151524 151927 152708 152733 154170 154171 155343 156743 154737 152014 156053 153249
174010 16
151228 151524 151927 152708 152733 154170 154171 155343 156743 154737 152014 156053 153249 152108 151609 156772
174012 16
152014 153249 154737 156053 152708 152733 151524 154170 154171 151927 155343 151228 156743 152108 151609 156772
174013 16
151228 151524 151927 152708 152733 154170 154171 155343 156743 154737 152014 156053 153249 152108 151609 156772
174014 16
151228 151524 151927 152708 152733 154170 154171 155343 156743 154737 152014 156053 153249 152108 151609 156772
174015 16
152014 153249 154737 156053 152708 152733 151524 154170 154171 151927 155343 151228 156743 152108 151609 156772
174016 16
152014 153249 154737 156053 152708 152733 151524 154170 154171 151927 155343 151228 156743 152108 151609 156772
174018 16
151228 151524 151927 152708 152733 154170 154171 155343 156743 154737 152014 156053 153249 152108 151609 156772
174020 13
151228 151524 151927 152708 152733 154170 154171 155343 156743 151914 151874 152162 156801
174021 13
151228 151524 151927 152708 152733 154170 154171 155343 156743 151914 151874 152162 156801
174022 16
151609 152108 156772 151927 151524 152708 152733 154170 154171 155343 156743 151228 151914 152162 151874 156801
174023 13
151228 151524 151927 152708 152733 154170 154171 155343 156743 151914 151874 152162 156801
174024 13
151228 151524 151927 152708 152733 154170 154171 155343 156743 151914 151874 152162 156801
174025 19
152372 152669 152732 152108 151609 156772 151927 152708 151524 152733 154170 154171 155343 156743 151228 151914 152162 151874 156801
174026 16
151609 152108 156772 151927 151524 152708 152733 154170 154171 155343 156743 151228 151914 152162 151874 156801
174027 22
151609 152108 156772 151171 154105 154495 155108 155192 151026 151228 154170 154171 151927 151524 152708 155343 156743 152733 152162 151874 151914 156801
174028 22
151609 152108 156772 151171 154105 154495 155108 155192 151026 151228 154170 154171 151927 151524 152708 155343 156743 152733 152162 151874 151914 156801
174029 17
151228 151524 151927 152708 152733 154170 154171 155343 156743 151609 152108 156772 155147 155146 152732 152669 152372
174030 13
151228 151524 151927 152708 152733 154170 154171 155343 156743 151914 151874 152162 156801
174031 13
151228 151524 151927 152708 152733 154170 154171 155343 156743 151914 151874 152162 156801
174032 16
151609 152108 156772 152733 155343 156743 152708 154170 154171 151524 151228 151927 151914 152162 151874 156801
174033 13
151228 151524 151927 152708 152733 154170 154171 155343 156743 151914 151874 152162 156801
174034 13
151228 151524 151927 152708 152733 154170 154171 155343 156743 151914 151874 152162 156801
174035 13
151228 151524 151927 152708 152733 154170 154171 155343 156743 151914 151874 152162 156801
174036 16
151228 151524 151927 152708 152733 154170 154171 155343 156743 151609 152108 156772 151914 152162 151874 156801
174037 13
151228 151524 151927 152708 152733 154170 154171 155343 156743 151914 151874 152162 156801
174039 16
151609 152108 156772 151927 151524 152708 152733 154170 154171 155343 156743 151228 151914 152162 151874 156801
174040 13
151228 151524 151927 152708 152733 154170 154171 155343 156743 151914 151874 152162 156801
174042 16
151609 152108 156772 151927 151524 152708 152733 154170 154171 155343 156743 151228 151914 152162 151874 156801
174043 13
151228 151524 151927 152708 152733 154170 154171 155343 156743 151914 151874 152162 156801
174044 16
151609 152108 156772 151927 151524 152708 152733 154170 154171 155343 156743 151228 151914 152162 151874 156801
174045 16
151609 152108 156772 151927 151524 152708 152733 154170 154171 155343 156743 151228 151914 152162 151874 156801
174047 16
151609 152108 156772 151927 151524 152708 152733 154170 154171 155343 156743 151228 151914 152162 151874 156801
174048 13
151228 151524 151927 152708 152733 154170 154171 155343 156743 151914 151874 152162 156801
174049 13
151228 151524 151927 152708 152733 154170 154171 155343 156743 151914 151874 152162 156801
174050 13
151228 151524 151927 152708 152733 154170 154171 155343 156743 151914 151874 152162 156801
174051 13
151228 151524 151927 152708 152733 154170 154171 155343 156743 151914 151874 152162 156801
174053 16
151609 152108 156772 151927 151524 152708 152733 154170 154171 155343 156743 151228 151914 152162 151874 156801
174054 16
151609 152108 156772 151927 151524 152708 152733 154170 154171 155343 156743 151228 151914 152162 151874 156801
174055 4
151874 151914 152162 156801
174056 19
151609 152108 156772 151927 151524 152708 152733 154170 154171 155343 156743 151228 151914 152162 151874 152669 152372 152732 156801
174057 4
151874 151914 152162 156801
174058 4
151874 151914 152162 156801
174060 4
151874 151914 152162 156801
174061 12
151228 151524 151927 152708 152733 154170 154171 155343 156743 151609 152108 156772
174062 9
151228 151524 151927 152708 152733 154170 154171 155343 156743
174063 9
151228 151524 151927 152708 152733 154170 154171 155343 156743
174064 9
151228 151524 151927 152708 152733 154170 154171 155343 156743
174065 9
151228 151524 151927 152708 152733 154170 154171 155343 156743
174066 4
151874 151914 152162 156801
174067 7
152372 152669 152732 151874 151914 152162 156801
174068 19
151228 151524 151927 152708 152733 154170 154171 155343 156743 151609 152108 156772 151914 152162 151874 152669 152372 152732 156801
174069 19
151228 151524 151927 152708 152733 154170 154171 155343 156743 151609 152108 156772 151914 152162 151874 152669 152372 152732 156801
174071 19
151228 151524 151927 152708 152733 154170 154171 155343 156743 151609 152108 156772 152669 152372 152732 151914 152162 151874 156801
174072 19
151228 151524 151927 152708 152733 154170 154171 155343 156743 151609 152108 156772 152669 152372 152732 151914 152162 151874 156801
174073 19
151228 151524 151927 152708 152733 154170 154171 155343 156743 151609 152108 156772 152669 152372 152732 151914 152162 151874 156801
174074 19
151228 151524 151927 152708 152733 154170 154171 155343 156743 151609 152108 156772 152669 152372 152732 151914 152162 151874 156801
174075 4
151874 151914 152162 156801
174076 4
151874 151914 152162 156801
174077 4
151874 151914 152162 156801
174078 4
151874 151914 152162 156801
174080 4
151874 151914 152162 156801
174081 13
151228 151524 151927 152708 152733 154170 154171 155343 156743 151914 151874 152162 156801
174082 13
151228 151524 151927 152708 152733 154170 154171 155343 156743 151914 151874 152162 156801
174083 13
151228 151524 151927 152708 152733 154170 154171 155343 156743 151914 151874 152162 156801
174084 13
151228 151524 151927 152708 152733 154170 154171 155343 156743 151914 151874 152162 156801
174086 13
151228 151524 151927 152708 152733 154170 154171 155343 156743 151914 151874 152162 156801
174087 13
151228 151524 151927 152708 152733 154170 154171 155343 156743 151914 151874 152162 156801
174088 4
151874 151914 152162 156801
174089 4
151874 151914 152162 156801
174090 13
151228 151524 151927 152708 152733 154170 154171 155343 156743 151914 151874 152162 156801
174091 16
151228 151524 151927 152708 152733 154170 154171 155343 156743 151609 152108 156772 151914 152162 151874 156801
174092 13
151228 151524 151927 152708 152733 154170 154171 155343 156743 151914 151874 152162 156801
174093 13
151228 151524 151927 152708 152733 154170 154171 155343 156743 151914 151874 152162 156801
174094 4
151874 151914 152162 156801
174096 28
151026 151171 154105 154495 155108 155192 155665 155667 156008 156030 156105 156156 156157 156585 157197 151228 154170 154171 151524 151927 152708 155343 156743 152733 151874 152162 151914 156801
174097 28
151026 151171 154105 154495 155108 155192 155665 155667 156008 156030 156105 156156 156157 156585 157197 151228 154170 154171 151524 151927 152708 155343 156743 152733 151874 152162 151914 156801
174098 28
151026 151171 154105 154495 155108 155192 155665 155667 156008 156030 156105 156156 156157 156585 157197 151228 154170 154171 151524 151927 152708 155343 156743 152733 151874 152162 151914 156801
174099 24
151026 151171 154105 154495 155108 155192 154737 152014 153249 156053 152733 155343 152708 156743 151524 154170 154171 151927 151228 152108 151609 156772 155147 155146
174100 22
151026 151171 154105 154495 155108 155192 154737 152014 153249 156053 152733 155343 152708 156743 151524 154170 154171 151927 151228 152108 151609 156772
174101 12
151228 151524 151927 152708 152733 154170 154171 155343 156743 151609 152108 156772
174102 14
151228 151524 151927 152708 152733 154170 154171 155343 156743 151609 152108 156772 155147 155146
174103 12
151228 151524 151927 152708 152733 154170 154171 155343 156743 151609 152108 156772
174104 12
151228 151524 151927 152708 152733 154170 154171 155343 156743 151609 152108 156772
174105 12
151228 151524 151927 152708 152733 154170 154171 155343 156743 151609 152108 156772
174106 12
151228 151524 151927 152708 152733 154170 154171 155343 156743 151609 152108 156772
174107 12
151228 151524 151927 152708 152733 154170 154171 155343 156743 151609 152108 156772
174108 12
151228 151524 151927 152708 152733 154170 154171 155343 156743 151609 152108 156772
174110 12
151228 151524 151927 152708 152733 154170 154171 155343 156743 151609 152108 156772
174111 13
151228 151524 151927 152708 152733 154170 154171 155343 156743 151914 151874 152162 156801
174112 13
151228 151524 151927 152708 152733 154170 154171 155343 156743 151914 151874 152162 156801
174113 13
151228 151524 151927 152708 152733 154170 154171 155343 156743 151914 151874 152162 156801
174114 13
151228 151524 151927 152708 152733 154170 154171 155343 156743 151914 151874 152162 156801
174115 13
152708 152733 155343 156743 151524 154170 154171 151927 151228 151914 151874 152162 156801
174116 13
151228 151524 151927 152708 152733 154170 154171 155343 156743 151914 151874 152162 156801
174117 4
151874 151914 152162 156801
174118 4
151874 151914 152162 156801
174119 4
151874 151914 152162 156801
174120 28
152708 152733 155343 156743 151524 154170 154171 151927 151228 155667 156008 156030 156105 156156 156157 156585 155665 157197 155192 154105 151171 151026 154495 155108 151874 152162 151914 156801
174121 4
151874 151914 152162 156801
174122 9
151228 151524 151927 152708 152733 154170 154171 155343 156743
174123 16
151228 151524 151927 152708 152733 154170 154171 155343 156743 151609 152108 156772 151914 152162 151874 156801
174124 16
151228 151524 151927 152708 152733 154170 154171 155343 156743 151914 151874 152162 152108 151609 156772 156801
174125 16
151228 151524 151927 152708 152733 154170 154171 155343 156743 151914 151874 152162 152108 151609 156772 156801
174126 16
151228 151524 151927 152708 152733 154170 154171 155343 156743 151609 152108 156772 151914 152162 151874 156801
174127 16
151228 151524 151927 152708 152733 154170 154171 155343 156743 151609 152108 156772 151914 152162 151874 156801
174128 16
151228 151524 151927 152708 152733 154170 154171 155343 156743 151609 152108 156772 151914 152162 151874 156801
174129 16
151228 151524 151927 152708 152733 154170 154171 155343 156743 151914 151874 152162 152108 151609 156772 156801
174130 9
151228 151524 151927 152708 152733 154170 154171 155343 156743
174132 9
151228 151524 151927 152708 152733 154170 154171 155343 156743
174133 11
151228 151524 151927 152708 152733 154170 154171 155343 156743 155146 155147
174134 11
151228 151524 151927 152708 152733 154170 154171 155343 156743 155146 155147
174135 15
151609 152108 156772 151927 151524 152708 152733 154170 154171 155343 156743 151228 152669 152372 152732
174136 14
151609 152108 156772 151927 151524 152708 152733 154170 154171 155343 156743 151228 155147 155146
174137 9
152708 152733 155343 156743 151524 154170 154171 151927 151228
174138 18
151026 151171 154105 154495 155108 155192 151609 152108 156772 151228 154170 154171 151927 151524 152708 155343 156743 152733
174139 18
151026 151171 154105 154495 155108 155192 151609 152108 156772 151228 154170 154171 151927 151524 152708 155343 156743 152733
174140 12
151609 152108 156772 151927 151524 152708 152733 154170 154171 155343 156743 151228
174141 9
151228 151524 151927 152708 152733 154170 154171 155343 156743
174142 12
151609 152108 156772 151927 151524 152708 152733 154170 154171 155343 156743 151228
174143 9
151228 151524 151927 152708 152733 154170 154171 155343 156743
174144 9
151228 151524 151927 152708 152733 154170 154171 155343 156743
174145 9
151228 151524 151927 152708 152733 154170 154171 155343 156743
174147 9
151228 151524 151927 152708 152733 154170 154171 155343 156743
174148 23
151026 151171 154105 154495 155108 155192 151609 152108 156772 151228 154170 154171 151927 151524 152708 155343 156743 152733 155146 155147 152669 152372 152732
174149 9
151228 151524 151927 152708 152733 154170 154171 155343 156743
174150 9
151228 151524 151927 152708 152733 154170 154171 155343 156743
174151 15
151026 151171 154105 154495 155108 155192 152733 151228 154170 154171 151524 151927 152708 155343 156743
174152 18
151026 151171 154105 154495 155108 155192 151609 152108 156772 151228 154170 154171 151927 151524 152708 155343 156743 152733
174153 18
151026 151171 154105 154495 155108 155192 151609 152108 156772 151228 154170 154171 151927 151524 152708 155343 156743 152733
174154 21
155665 155667 156008 156030 156105 156156 156157 156585 157197 152108 156772 151609 151524 152708 152733 154170 154171 155343 156743 151228 151927
174155 21
152652 156858 156926 154105 154495 155108 155192 151171 151026 156772 152108 151609 154171 151524 151228 152708 155343 156743 152733 151927 154170
174156 21
152652 156858 156926 154105 154495 155108 155192 151171 151026 156772 152108 151609 154171 151524 151228 152708 155343 156743 152733 151927 154170
174157 18
151026 151171 154105 154495 155108 155192 152733 151228 154170 154171 151524 151927 152708 155343 156743 151609 152108 156772
174158 18
151026 151171 154105 154495 155108 155192 152733 151228 154170 154171 151524 151927 152708 155343 156743 151609 152108 156772
174159 18
151026 151171 154105 154495 155108 155192 152733 151228 154170 154171 151524 151927 152708 155343 156743 151609 152108 156772
174161 18
151026 151171 154105 154495 155108 155192 152733 151228 154170 154171 151524 151927 152708 155343 156743 151609 152108 156772
174162 18
151026 151171 154105 154495 155108 155192 152733 151228 154170 154171 151524 151927 152708 155343 156743 151609 152108 156772
174165 18
151026 151171 154105 154495 155108 155192 152733 151228 154170 154171 151524 151927 152708 155343 156743 151609 152108 156772
174166 27
155665 155667 156008 156030 156105 156156 156157 156585 157197 154495 155108 155192 151026 151171 154105 151228 154170 154171 151524 151927 152708 155343 156743 152733 152108 156772 151609
174167 18
151026 151171 154105 154495 155108 155192 152733 151228 154170 154171 151524 151927 152708 155343 156743 151609 152108 156772
174168 27
155665 155667 156008 156030 156105 156156 156157 156585 157197 154495 155108 155192 151026 151171 154105 151228 154170 154171 151524 151927 152708 155343 156743 152733 152108 156772 151609
174169 18
151026 151171 154105 154495 155108 155192 152733 151228 154170 154171 151524 151927 152708 155343 156743 151609 152108 156772
174171 18
151026 151171 154105 154495 155108 155192 152708 152733 155343 156743 151228 151524 151927 154170 154171 151609 152108 156772
