176762 18
151026 151171 154105 154495 155108 155192 151609 152108 156772 155667 156008 156030 156105 156156 156157 156585 155665 157197
176763 18
151026 151171 154105 154495 155108 155192 151609 152108 156772 155667 156008 156030 156105 156156 156157 156585 155665 157197
176764 18
151026 151171 154105 154495 155108 155192 151609 152108 156772 155667 156008 156030 156105 156156 156157 156585 155665 157197
176765 35
151609 152108 156772 155667 156008 156030 156105 156156 156157 156585 155665 157197 152897 152976 153210 153362 154217 154475 154799 154984 155409 151370 151493 151252 151917 151990 152022 152103 156483 156484 151292 152251 156855 156953 152824
176767 32
155665 155667 156008 156030 156105 156156 156157 156585 157197 152976 153362 154217 154984 151292 151370 151493 151917 151990 152022 152251 156483 156484 152824 156855 156953 152897 152103 154475 154799 153210 155409 151252
176768 32
155665 155667 156008 156030 156105 156156 156157 156585 157197 152824 152897 152976 153210 153362 154217 154475 154799 154984 155409 151252 151292 151370 151493 151917 151990 152022 156483 156484 152103 156855 156953 152251
176769 32
155665 155667 156008 156030 156105 156156 156157 156585 157197 152824 152897 152976 153210 153362 154217 154475 154799 154984 155409 151252 151292 151370 151493 151917 151990 152022 156483 156484 152103 156855 156953 152251
176770 34
155665 155667 156008 156030 156105 156156 156157 156585 157197 152824 152897 152976 153210 153362 154217 154475 154799 154984 155409 151252 151292 151370 151493 151917 151990 152022 156483 156484 152103 156855 156953 152251 155146 155147
176771 32
155665 155667 156008 156030 156105 156156 156157 156585 157197 152824 152897 152976 153210 153362 154217 154475 154799 154984 155409 151252 151292 151370 151493 151917 151990 152022 156483 156484 152103 156855 156953 152251
176772 35
151609 152108 156772 155667 156008 156030 156105 156156 156157 156585 155665 157197 152897 152976 153210 153362 154217 154475 154799 154984 155409 151370 151493 151252 151917 151990 152022 152103 156483 156484 151292 152251 156855 156953 152824
176773 35
151609 152108 156772 155667 156008 156030 156105 156156 156157 156585 155665 157197 152897 152976 153210 153362 154217 154475 154799 154984 155409 151370 151493 151252 151917 151990 152022 152103 156483 156484 151292 152251 156855 156953 152824
176774 35
151609 152108 156772 155667 156008 156030 156105 156156 156157 156585 155665 157197 152897 152976 153210 153362 154217 154475 154799 154984 155409 151370 151493 151252 151917 151990 152022 152103 156483 156484 151292 152251 156855 156953 152824
176775 35
151609 152108 156772 155667 156008 156030 156105 156156 156157 156585 155665 157197 152897 152976 153210 153362 154217 154475 154799 154984 155409 151370 151493 151252 151917 151990 152022 152103 156483 156484 151292 152251 156855 156953 152824
176776 41
151609 152108 156772 151171 154105 154495 155108 155192 151026 155667 156008 156030 156105 156156 156157 156585 155665 157197 151370 154217 154475 151493 154799 154984 151252 151917 155409 151990 152022 152103 151292 152251 152824 152897 156483 156484 152976 153210 156855 156953 153362
176777 35
151609 152108 156772 155667 156008 156030 156105 156156 156157 156585 155665 157197 152897 152976 153210 153362 154217 154475 154799 154984 155409 151370 151493 151252 151917 151990 152022 152103 156483 156484 151292 152251 156855 156953 152824
176778 12
151609 152108 156772 155667 156008 156030 156105 156156 156157 156585 155665 157197
176781 35
151609 152108 156772 155667 156008 156030 156105 156156 156157 156585 155665 157197 152897 152976 153210 153362 154217 154475 154799 154984 155409 151370 151493 151252 151917 151990 152022 152103 156483 156484 151292 152251 156855 156953 152824
176782 37
151609 152108 156772 155147 155146 155667 156008 156030 156105 156156 156157 156585 155665 157197 153210 153362 154217 154475 154799 154984 151370 151493 155409 151252 151917 151990 152022 152103 151292 152251 156483 156484 152824 152897 156855 156953 152976
176784 37
151609 152108 156772 155147 155146 155667 156008 156030 156105 156156 156157 156585 155665 157197 153210 153362 154217 154475 154799 154984 151370 151493 155409 151252 151917 151990 152022 152103 151292 152251 156483 156484 152824 152897 156855 156953 152976
176785 35
151609 152108 156772 155667 156008 156030 156105 156156 156157 156585 155665 157197 152897 152976 153210 153362 154217 154475 154799 154984 155409 151370 151493 151252 151917 151990 152022 152103 156483 156484 151292 152251 156855 156953 152824
176786 35
151609 152108 156772 155667 156008 156030 156105 156156 156157 156585 155665 157197 152897 152976 153210 153362 154217 154475 154799 154984 155409 151370 151493 151252 151917 151990 152022 152103 156483 156484 151292 152251 156855 156953 152824
176788 35
151609 152108 156772 155667 156008 156030 156105 156156 156157 156585 155665 157197 152897 152976 153210 153362 154217 154475 154799 154984 155409 151370 151493 151252 151917 151990 152022 152103 156483 156484 151292 152251 156855 156953 152824
176789 35
151609 152108 156772 155667 156008 156030 156105 156156 156157 156585 155665 157197 152897 152976 153210 153362 154217 154475 154799 154984 155409 151370 151493 151252 151917 151990 152022 152103 156483 156484 151292 152251 156855 156953 152824
176790 35
151609 152108 156772 155667 156008 156030 156105 156156 156157 156585 155665 157197 152897 152976 153210 153362 154217 154475 154799 154984 155409 151370 151493 151252 151917 151990 152022 152103 156483 156484 151292 152251 156855 156953 152824
176791 35
151609 152108 156772 155667 156008 156030 156105 156156 156157 156585 155665 157197 152897 152976 153210 153362 154217 154475 154799 154984 155409 151370 151493 151252 151917 151990 152022 152103 156483 156484 151292 152251 156855 156953 152824
176795 35
151609 152108 156772 155667 156008 156030 156105 156156 156157 156585 155665 157197 152897 152976 153210 153362 154217 154475 154799 154984 155409 151370 151493 151252 151917 151990 152022 152103 156483 156484 151292 152251 156855 156953 152824
176796 41
151609 152108 156772 151171 154105 154495 155108 155192 151026 155667 156008 156030 156105 156156 156157 156585 155665 157197 151370 154217 154475 151493 154799 154984 151252 151917 155409 151990 152022 152103 151292 152251 152824 152897 156483 156484 152976 153210 156855 156953 153362
176798 35
151609 152108 156772 155667 156008 156030 156105 156156 156157 156585 155665 157197 152897 152976 153210 153362 154217 154475 154799 154984 155409 151370 151493 151252 151917 151990 152022 152103 156483 156484 151292 152251 156855 156953 152824
176799 35
151609 152108 156772 155667 156008 156030 156105 156156 156157 156585 155665 157197 152897 152976 153210 153362 154217 154475 154799 154984 155409 151370 151493 151252 151917 151990 152022 152103 156483 156484 151292 152251 156855 156953 152824
176800 35
151609 152108 156772 155667 156008 156030 156105 156156 156157 156585 155665 157197 152897 152976 153210 153362 154217 154475 154799 154984 155409 151370 151493 151252 151917 151990 152022 152103 156483 156484 151292 152251 156855 156953 152824
176801 35
151609 152108 156772 155667 156008 156030 156105 156156 156157 156585 155665 157197 152897 152976 153210 153362 154217 154475 154799 154984 155409 151370 151493 151252 151917 151990 152022 152103 156483 156484 151292 152251 156855 156953 152824
176805 35
151609 152108 156772 155667 156008 156030 156105 156156 156157 156585 155665 157197 152897 152976 153210 153362 154217 154475 154799 154984 155409 151370 151493 151252 151917 151990 152022 152103 156483 156484 151292 152251 156855 156953 152824
176806 35
151609 152108 156772 155667 156008 156030 156105 156156 156157 156585 155665 157197 152897 152976 153210 153362 154217 154475 154799 154984 155409 151370 151493 151252 151917 151990 152022 152103 156483 156484 151292 152251 156855 156953 152824
176808 35
151609 152108 156772 155667 156008 156030 156105 156156 156157 156585 155665 157197 152897 152976 153210 153362 154217 154475 154799 154984 155409 151370 151493 151252 151917 151990 152022 152103 156483 156484 151292 152251 156855 156953 152824
176811 35
151609 152108 156772 155667 156008 156030 156105 156156 156157 156585 155665 157197 152897 152976 153210 153362 154217 154475 154799 154984 155409 151370 151493 151252 151917 151990 152022 152103 156483 156484 151292 152251 156855 156953 152824
176812 35
151609 152108 156772 155667 156008 156030 156105 156156 156157 156585 155665 157197 152897 152976 153210 153362 154217 154475 154799 154984 155409 151370 151493 151252 151917 151990 152022 152103 156483 156484 151292 152251 156855 156953 152824
176813 38
151609 152108 156772 155667 156008 156030 156105 156156 156157 156585 155665 157197 152897 152976 153210 153362 154217 154475 154799 154984 155409 151370 151493 151252 151917 151990 152022 152103 156483 156484 151292 152251 156855 156953 152824 155436 153079 154290
176815 35
151609 152108 156772 155667 156008 156030 156105 156156 156157 156585 155665 157197 152897 152976 153210 153362 154217 154475 154799 154984 155409 151370 151493 151252 151917 151990 152022 152103 156483 156484 151292 152251 156855 156953 152824
176816 35
151609 152108 156772 155667 156008 156030 156105 156156 156157 156585 155665 157197 152897 152976 153210 153362 154217 154475 154799 154984 155409 151370 151493 151252 151917 151990 152022 152103 156483 156484 151292 152251 156855 156953 152824
176817 35
151609 152108 156772 155667 156008 156030 156105 156156 156157 156585 155665 157197 152897 152976 153210 153362 154217 154475 154799 154984 155409 151370 151493 151252 151917 151990 152022 152103 156483 156484 151292 152251 156855 156953 152824
176818 38
151609 152108 156772 155667 156008 156030 156105 156156 156157 156585 155665 157197 152897 152976 153210 153362 154217 154475 154799 154984 155409 151370 151493 151252 151917 151990 152022 152103 156483 156484 151292 152251 156855 156953 152824 155436 153079 154290
176819 38
151609 152108 156772 155667 156008 156030 156105 156156 156157 156585 155665 157197 152897 152976 153210 153362 154217 154475 154799 154984 155409 151370 151493 151252 151917 151990 152022 152103 156483 156484 151292 152251 156855 156953 152824 155436 153079 154290
176822 38
151609 152108 156772 155667 156008 156030 156105 156156 156157 156585 155665 157197 152897 152976 153210 153362 154217 154475 154799 154984 155409 151370 151493 151252 151917 151990 152022 152103 156483 156484 151292 152251 156855 156953 152824 155436 153079 154290
176823 35
155665 155667 156008 156030 156105 156156 156157 156585 157197 152108 156772 151609 152897 152976 153210 153362 154217 154475 154799 154984 155409 151370 151493 151252 151917 151990 152022 152103 156483 156484 151292 152251 156855 156953 152824
176825 18
151026 151171 154105 154495 155108 155192 155665 155667 156008 156030 156105 156156 156157 156585 157197 152108 156772 151609
176826 18
151026 151171 154105 154495 155108 155192 155665 155667 156008 156030 156105 156156 156157 156585 157197 152108 156772 151609
176827 18
151026 151171 154105 154495 155108 155192 155665 155667 156008 156030 156105 156156 156157 156585 157197 152108 156772 151609
176828 18
151026 151171 154105 154495 155108 155192 155665 155667 156008 156030 156105 156156 156157 156585 157197 152108 156772 151609
176829 18
151026 151171 154105 154495 155108 155192 155665 155667 156008 156030 156105 156156 156157 156585 157197 152108 156772 151609
176830 18
151026 151171 154105 154495 155108 155192 151609 152108 156772 155667 156008 156030 156105 156156 156157 156585 155665 157197
176832 18
151026 151171 154105 154495 155108 155192 151609 152108 156772 155667 156008 156030 156105 156156 156157 156585 155665 157197
176833 18
151026 151171 154105 154495 155108 155192 151609 152108 156772 155667 156008 156030 156105 156156 156157 156585 155665 157197
176836 35
151609 152108 156772 155667 156008 156030 156105 156156 156157 156585 155665 157197 152897 152976 153210 153362 154217 154475 154799 154984 155409 151370 151493 151252 151917 151990 152022 152103 156483 156484 151292 152251 156855 156953 152824
176838 35
155665 155667 156008 156030 156105 156156 156157 156585 157197 152824 152897 152976 153210 153362 154217 154475 154799 154984 155409 151252 151292 151370 151493 151917 151990 152022 156483 156484 152103 156855 156953 152251 154290 155436 153079
176839 26
151252 152103 153210 154475 154799 155409 152022 151292 152251 152824 152897 152976 151370 153362 154217 151493 151917 154984 151990 156483 156484 156855 156953 154290 155436 153079
176840 35
155665 155667 156008 156030 156105 156156 156157 156585 157197 152824 152897 152976 153210 153362 154217 154475 154799 154984 155409 151252 151292 151370 151493 151917 151990 152022 156483 156484 152103 156855 156953 152251 154290 155436 153079
176842 35
155665 155667 156008 156030 156105 156156 156157 156585 157197 152824 152897 152976 153210 153362 154217 154475 154799 154984 155409 151252 151292 151370 151493 151917 151990 152022 156483 156484 152103 156855 156953 152251 154290 155436 153079
176843 35
155665 155667 156008 156030 156105 156156 156157 156585 157197 152824 152897 152976 153210 153362 154217 154475 154799 154984 155409 151252 151292 151370 151493 151917 151990 152022 156483 156484 152103 156855 156953 152251 154290 155436 153079
176844 35
155665 155667 156008 156030 156105 156156 156157 156585 157197 152824 152897 152976 153210 153362 154217 154475 154799 154984 155409 151252 151292 151370 151493 151917 151990 152022 156483 156484 152103 156855 156953 152251 154290 155436 153079
176845 35
155665 155667 156008 156030 156105 156156 156157 156585 157197 152824 152897 152976 153210 153362 154217 154475 154799 154984 155409 151252 151292 151370 151493 151917 151990 152022 156483 156484 152103 156855 156953 152251 154290 155436 153079
176846 32
155665 155667 156008 156030 156105 156156 156157 156585 157197 152824 152897 152976 153210 153362 154217 154475 154799 154984 155409 151252 151292 151370 151493 151917 151990 152022 156483 156484 152103 156855 156953 152251
176847 15
151026 151171 154105 154495 155108 155192 155665 155667 156008 156030 156105 156156 156157 156585 157197
176848 32
155665 155667 156008 156030 156105 156156 156157 156585 157197 152976 153362 154217 154984 151292 151370 151493 151917 151990 152022 152251 156483 156484 152824 156855 156953 152897 152103 154475 154799 153210 155409 151252
176849 32
155665 155667 156008 156030 156105 156156 156157 156585 157197 152976 153362 154217 154984 151292 151370 151493 151917 151990 152022 152251 156483 156484 152824 156855 156953 152897 152103 154475 154799 153210 155409 151252
176850 32
155665 155667 156008 156030 156105 156156 156157 156585 157197 152976 153362 154217 154984 151292 151370 151493 151917 151990 152022 152251 156483 156484 152824 156855 156953 152897 152103 154475 154799 153210 155409 151252
176851 32
155665 155667 156008 156030 156105 156156 156157 156585 157197 152976 153362 154217 154984 151292 151370 151493 151917 151990 152022 152251 156483 156484 152824 156855 156953 152897 152103 154475 154799 153210 155409 151252
176852 32
155665 155667 156008 156030 156105 156156 156157 156585 157197 152976 153362 154217 154984 151292 151370 151493 151917 151990 152022 152251 156483 156484 152824 156855 156953 152897 152103 154475 154799 153210 155409 151252
176853 32
155665 155667 156008 156030 156105 156156 156157 156585 157197 152824 152897 152976 153210 153362 154217 154475 154799 154984 155409 151252 151292 151370 151493 151917 151990 152022 156483 156484 152103 156855 156953 152251
176854 32
155665 155667 156008 156030 156105 156156 156157 156585 157197 152976 153362 154217 154984 151292 151370 151493 151917 151990 152022 152251 156483 156484 152824 156855 156953 152897 152103 154475 154799 153210 155409 151252
176855 32
155665 155667 156008 156030 156105 156156 156157 156585 157197 152976 153362 154217 154984 151292 151370 151493 151917 151990 152022 152251 156483 156484 152824 156855 156953 152897 152103 154475 154799 153210 155409 151252
176857 32
155665 155667 156008 156030 156105 156156 156157 156585 157197 152976 153362 154217 154984 151292 151370 151493 151917 151990 152022 152251 156483 156484 152824 156855 156953 152897 152103 154475 154799 153210 155409 151252
176858 32
155665 155667 156008 156030 156105 156156 156157 156585 157197 152976 153362 154217 154984 151292 151370 151493 151917 151990 152022 152251 156483 156484 152824 156855 156953 152897 152103 154475 154799 153210 155409 151252
176859 26
151252 151292 151370 151493 151917 151990 152022 152103 152251 152824 152897 152976 153210 153362 154217 154475 154799 154984 155409 156483 156484 156855 156953 154290 155436 153079
176860 26
151252 151292 151370 151493 151917 151990 152022 152103 152251 152824 152897 152976 153210 153362 154217 154475 154799 154984 155409 156483 156484 156855 156953 154290 155436 153079
176861 35
155665 155667 156008 156030 156105 156156 156157 156585 157197 152824 152897 152976 153210 153362 154217 154475 154799 154984 155409 151252 151292 151370 151493 151917 151990 152022 156483 156484 152103 156855 156953 152251 154290 155436 153079
176863 26
151252 151292 151370 151493 151917 151990 152022 152103 152251 152824 152897 152976 153210 153362 154217 154475 154799 154984 155409 156483 156484 156855 156953 154290 155436 153079
176864 35
155665 155667 156008 156030 156105 156156 156157 156585 157197 152824 152897 152976 153210 153362 154217 154475 154799 154984 155409 151252 151292 151370 151493 151917 151990 152022 156483 156484 152103 156855 156953 152251 154290 155436 153079
176865 26
151252 151292 151370 151493 151917 151990 152022 152103 152251 152824 152897 152976 153210 153362 154217 154475 154799 154984 155409 156483 156484 156855 156953 154290 155436 153079
176866 26
151252 151292 151370 151493 151917 151990 152022 152103 152251 152824 152897 152976 153210 153362 154217 154475 154799 154984 155409 156483 156484 156855 156953 154290 155436 153079
176867 26
151252 151292 151370 151493 151917 151990 152022 152103 152251 152824 152897 152976 153210 153362 154217 154475 154799 154984 155409 156483 156484 156855 156953 154290 155436 153079
176868 26
151252 151292 151370 151493 151917 151990 152022 152103 152251 152824 152897 152976 153210 153362 154217 154475 154799 154984 155409 156483 156484 156855 156953 154290 155436 153079
176869 26
151252 151292 151370 151493 151917 151990 152022 152103 152251 152824 152897 152976 153210 153362 154217 154475 154799 154984 155409 156483 156484 156855 156953 154290 155436 153079
176870 26
151252 151292 151370 151493 151917 151990 152022 152103 152251 152824 152897 152976 153210 153362 154217 154475 154799 154984 155409 156483 156484 156855 156953 154290 155436 153079
176871 35
155665 155667 156008 156030 156105 156156 156157 156585 157197 152824 152897 152976 153210 153362 154217 154475 154799 154984 155409 151252 151292 151370 151493 151917 151990 152022 156483 156484 152103 156855 156953 152251 154290 155436 153079
176872 35
155665 155667 156008 156030 156105 156156 156157 156585 157197 152824 152897 152976 153210 153362 154217 154475 154799 154984 155409 151252 151292 151370 151493 151917 151990 152022 156483 156484 152103 156855 156953 152251 154290 155436 153079
176873 35
155665 155667 156008 156030 156105 156156 156157 156585 157197 152824 152897 152976 153210 153362 154217 154475 154799 154984 155409 151252 151292 151370 151493 151917 151990 152022 156483 156484 152103 156855 156953 152251 154290 155436 153079
176874 35
155665 155667 156008 156030 156105 156156 156157 156585 157197 152824 152897 152976 153210 153362 154217 154475 154799 154984 155409 151252 151292 151370 151493 151917 151990 152022 156483 156484 152103 156855 156953 152251 154290 155436 153079
176876 41
151026 151171 154105 154495 155108 155192 155665 155667 156008 156030 156105 156156 156157 156585 157197 153362 151252 154217 154475 151292 154799 154984 151370 151493 155409 151917 151990 152022 152103 152251 152824 152897 156483 156484 152976 156855 156953 153210 153079 155436 154290
176878 41
151026 151171 154105 154495 155108 155192 155665 155667 156008 156030 156105 156156 156157 156585 157197 153362 151252 154217 154475 151292 154799 154984 151370 151493 155409 151917 151990 152022 152103 152251 152824 152897 156483 156484 152976 156855 156953 153210 153079 155436 154290
176879 38
151026 151171 154105 154495 155108 155192 155665 155667 156008 156030 156105 156156 156157 156585 157197 153210 151252 155409 154475 152103 154799 154984 151292 152251 152824 152897 152976 151370 153362 151493 154217 151917 156483 156484 151990 156855 156953 152022
176880 38
151026 151171 154105 154495 155108 155192 155665 155667 156008 156030 156105 156156 156157 156585 157197 153210 151252 155409 154475 152103 154799 154984 151292 152251 152824 152897 152976 151370 153362 151493 154217 151917 156483 156484 151990 156855 156953 152022
176881 38
151026 151171 154105 154495 155108 155192 155665 155667 156008 156030 156105 156156 156157 156585 157197 153210 151252 155409 154475 152103 154799 154984 151292 152251 152824 152897 152976 151370 153362 151493 154217 151917 156483 156484 151990 156855 156953 152022
176882 32
155665 155667 156008 156030 156105 156156 156157 156585 157197 152824 152897 152976 153210 153362 154217 154475 154799 154984 155409 151252 151292 151370 151493 151917 151990 152022 156483 156484 152103 156855 156953 152251
176883 9
155665 155667 156008 156030 156105 156156 156157 156585 157197
176884 26
151292 151370 151493 151917 151990 152022 152251 152824 152897 152976 153362 154217 154984 156483 156484 156855 156953 153210 155409 151252 152103 154475 154799 154290 155436 153079
176886 26
151292 151370 151493 151917 151990 152022 152251 152824 152897 152976 153362 154217 154984 156483 156484 156855 156953 153210 155409 151252 152103 154475 154799 154290 155436 153079
176888 24
156801 152103 153210 154475 154799 155409 151252 151292 152251 152824 152897 152976 151370 153362 154217 151493 151917 154984 151990 156483 156484 152022 156855 156953
176889 24
156801 151292 151370 151493 151917 151990 152022 152103 152251 152824 152897 152976 153210 153362 154217 154475 154799 154984 155409 156483 156484 151252 156855 156953
176891 24
156801 152103 153210 154475 154799 155409 151252 151292 152251 152824 152897 152976 151370 153362 154217 151493 151917 154984 151990 156483 156484 152022 156855 156953
176892 24
156801 151292 151370 151493 151917 151990 152022 152103 152251 152824 152897 152976 153210 153362 154217 154475 154799 154984 155409 156483 156484 151252 156855 156953
176893 24
156801 151370 151493 151917 151990 152022 152251 152824 152897 152976 153362 154217 154984 156483 156484 151292 156855 156953 155409 151252 152103 154475 154799 153210
176894 24
156801 151370 151493 151917 151990 152022 152251 152824 152897 152976 153362 154217 154984 156483 156484 151292 156855 156953 155409 151252 152103 154475 154799 153210
176896 24
156801 151292 151370 151493 151917 151990 152022 152103 152251 152824 152897 152976 153210 153362 154217 154475 154799 154984 155409 156483 156484 151252 156855 156953
176897 24
156801 151292 151370 151493 151917 151990 152022 152103 152251 152824 152897 152976 153210 153362 154217 154475 154799 154984 155409 156483 156484 151252 156855 156953
176899 24
156801 151292 151370 151493 151917 151990 152022 152103 152251 152824 152897 152976 153210 153362 154217 154475 154799 154984 155409 156483 156484 151252 156855 156953
176901 24
156801 151292 151370 151493 151917 151990 152022 152103 152251 152824 152897 152976 153210 153362 154217 154475 154799 154984 155409 156483 156484 151252 156855 156953
176902 24
156801 151370 151493 151917 151990 152022 152251 152824 152897 152976 153362 154217 154984 156483 156484 151292 156855 156953 155409 151252 152103 154475 154799 153210
176903 24
156801 151370 151493 151917 151990 152022 152251 152824 152897 152976 153362 154217 154984 156483 156484 151292 156855 156953 155409 151252 152103 154475 154799 153210
176904 27
151609 152108 156772 156801 151252 151917 151990 152022 152103 151292 152251 152824 152897 152976 153210 153362 154217 154475 154799 154984 155409 156483 156484 151370 151493 156855 156953
176905 24
156801 151292 151370 151493 151917 151990 152022 152103 152251 152824 152897 152976 153210 153362 154217 154475 154799 154984 155409 156483 156484 151252 156855 156953
176906 26
151292 151370 151493 151917 151990 152022 152251 152824 152897 152976 153362 154217 154984 156483 156484 156855 156953 153210 155409 151252 152103 154475 154799 154290 155436 153079
176907 24
156801 151292 151370 151493 151917 151990 152022 152103 152251 152824 152897 152976 153210 153362 154217 154475 154799 154984 155409 156483 156484 151252 156855 156953
176908 24
156801 151292 151370 151493 151917 151990 152022 152103 152251 152824 152897 152976 153210 153362 154217 154475 154799 154984 155409 156483 156484 151252 156855 156953
176909 24
156801 151292 151370 151493 151917 151990 152022 152103 152251 152824 152897 152976 153210 153362 154217 154475 154799 154984 155409 156483 156484 151252 156855 156953
176910 24
156801 151292 151370 151493 151917 151990 152022 152103 152251 152824 152897 152976 153210 153362 154217 154475 154799 154984 155409 156483 156484 151252 156855 156953
176911 24
156801 151292 151370 151493 151917 151990 152022 152103 152251 152824 152897 152976 153210 153362 154217 154475 154799 154984 155409 156483 156484 151252 156855 156953
176913 24
156801 151292 151370 151493 151917 151990 152022 152103 152251 152824 152897 152976 153210 153362 154217 154475 154799 154984 155409 156483 156484 151252 156855 156953
176915 25
155146 155147 151370 151493 151917 151990 152022 152103 152251 152824 152897 152976 153210 153362 154217 154475 154799 154984 151252 151292 155409 156483 156484 156855 156953
176916 25
155146 155147 151493 151917 151990 152022 152251 152824 152897 152976 153362 154217 154984 151292 151370 156483 156484 156855 156953 152103 155409 154475 154799 153210 151252
176917 24
156801 151292 151370 151493 151917 151990 152022 152103 152251 152824 152897 152976 153210 153362 154217 154475 154799 154984 155409 156483 156484 151252 156855 156953
176918 26
151252 151292 151370 151493 151917 151990 152022 152103 152251 152824 152897 152976 153210 153362 154217 154475 154799 154984 155409 156483 156484 156855 156953 154290 155436 153079
176919 26
151252 151292 151370 151493 151917 151990 152022 152103 152251 152824 152897 152976 153210 153362 154217 154475 154799 154984 155409 156483 156484 156855 156953 154290 155436 153079
176920 26
151252 151292 151370 151493 151917 151990 152022 152103 152251 152824 152897 152976 153210 153362 154217 154475 154799 154984 155409 156483 156484 156855 156953 154290 155436 153079
176921 26
151252 151292 151370 151493 151917 151990 152022 152103 152251 152824 152897 152976 153210 153362 154217 154475 154799 154984 155409 156483 156484 156855 156953 154290 155436 153079
176922 26
151252 151292 151370 151493 151917 151990 152022 152103 152251 152824 152897 152976 153210 153362 154217 154475 154799 154984 155409 156483 156484 156855 156953 154290 155436 153079
176923 26
151252 151292 151370 151493 151917 151990 152022 152103 152251 152824 152897 152976 153210 153362 154217 154475 154799 154984 155409 156483 156484 156855 156953 154290 155436 153079
176924 26
151252 151292 151370 151493 151917 151990 152022 152103 152251 152824 152897 152976 153210 153362 154217 154475 154799 154984 155409 156483 156484 156855 156953 154290 155436 153079
176925 26
151252 151292 151370 151493 151917 151990 152022 152103 152251 152824 152897 152976 153210 153362 154217 154475 154799 154984 155409 156483 156484 156855 156953 154290 155436 153079
176926 26
151252 151292 151370 151493 151917 151990 152022 152103 152251 152824 152897 152976 153210 153362 154217 154475 154799 154984 155409 156483 156484 156855 156953 154290 155436 153079
176927 32
155665 155667 156008 156030 156105 156156 156157 156585 157197 152976 153362 154217 154984 151292 151370 151493 151917 151990 152022 152251 156483 156484 152824 156855 156953 152897 152103 154475 154799 153210 155409 151252
176928 35
155665 155667 156008 156030 156105 156156 156157 156585 157197 152824 152897 152976 153210 153362 154217 154475 154799 154984 155409 151252 151292 151370 151493 151917 151990 152022 156483 156484 152103 156855 156953 152251 154290 155436 153079
176929 35
155665 155667 156008 156030 156105 156156 156157 156585 157197 152824 152897 152976 153210 153362 154217 154475 154799 154984 155409 151252 151292 151370 151493 151917 151990 152022 156483 156484 152103 156855 156953 152251 154290 155436 153079
176931 23
151252 151292 151370 151493 151917 151990 152022 152103 152251 152824 152897 152976 153210 153362 154217 154475 154799 154984 155409 156483 156484 156855 156953
176932 23
151252 151292 151370 151493 151917 151990 152022 152103 152251 152824 152897 152976 153210 153362 154217 154475 154799 154984 155409 156483 156484 156855 156953
176933 23
151252 151292 151370 151493 151917 151990 152022 152103 152251 152824 152897 152976 153210 153362 154217 154475 154799 154984 155409 156483 156484 156855 156953
176934 23
151252 151292 151370 151493 151917 151990 152022 152103 152251 152824 152897 152976 153210 153362 154217 154475 154799 154984 155409 156483 156484 156855 156953
176935 23
151252 151292 151370 151493 151917 151990 152022 152103 152251 152824 152897 152976 153210 153362 154217 154475 154799 154984 155409 156483 156484 156855 156953
176937 32
155665 155667 156008 156030 156105 156156 156157 156585 157197 152824 152897 152976 153210 153362 154217 154475 154799 154984 155409 151252 151292 151370 151493 151917 151990 152022 156483 156484 152103 156855 156953 152251
176938 32
155665 155667 156008 156030 156105 156156 156157 156585 157197 152824 152897 152976 153210 153362 154217 154475 154799 154984 155409 151252 151292 151370 151493 151917 151990 152022 156483 156484 152103 156855 156953 152251
176941 32
155665 155667 156008 156030 156105 156156 156157 156585 157197 152824 152897 152976 153210 153362 154217 154475 154799 154984 155409 151252 151292 151370 151493 151917 151990 152022 156483 156484 152103 156855 156953 152251
176945 32
155665 155667 156008 156030 156105 156156 156157 156585 157197 152824 152897 152976 153210 153362 154217 154475 154799 154984 155409 151252 151292 151370 151493 151917 151990 152022 156483 156484 152103 156855 156953 152251
176946 32
155665 155667 156008 156030 156105 156156 156157 156585 157197 152824 152897 152976 153210 153362 154217 154475 154799 154984 155409 151252 151292 151370 151493 151917 151990 152022 156483 156484 152103 156855 156953 152251
176947 35
155665 155667 156008 156030 156105 156156 156157 156585 157197 152824 152897 152976 153210 153362 154217 154475 154799 154984 155409 151252 151292 151370 151493 151917 151990 152022 156483 156484 152103 156855 156953 152251 154290 155436 153079
176949 32
155665 155667 156008 156030 156105 156156 156157 156585 157197 152824 152897 152976 153210 153362 154217 154475 154799 154984 155409 151252 151292 151370 151493 151917 151990 152022 156483 156484 152103 156855 156953 152251
176951 32
155665 155667 156008 156030 156105 156156 156157 156585 157197 152824 152897 152976 153210 153362 154217 154475 154799 154984 155409 151252 151292 151370 151493 151917 151990 152022 156483 156484 152103 156855 156953 152251
176952 26
151252 151292 151370 151493 151917 151990 152022 152103 152251 152824 152897 152976 153210 153362 154217 154475 154799 154984 155409 156483 156484 156855 156953 154290 155436 153079
176954 18
155665 155667 156008 156030 156105 156156 156157 156585 157197 151524 151927 152708 152733 154170 154171 155343 156743 151228
176955 18
155665 155667 156008 156030 156105 156156 156157 156585 157197 151524 151927 152708 152733 154170 154171 155343 156743 151228
176956 24
151026 151171 154105 154495 155108 155192 155665 155667 156008 156030 156105 156156 156157 156585 157197 151228 154170 154171 151524 151927 152708 155343 156743 152733
176957 24
151026 151171 154105 154495 155108 155192 155665 155667 156008 156030 156105 156156 156157 156585 157197 152708 152733 156743 155343 154171 151228 151524 151927 154170
176961 24
151026 151171 154105 154495 155108 155192 155665 155667 156008 156030 156105 156156 156157 156585 157197 151228 154170 154171 151524 151927 152708 152733 156743 155343
176962 41
155665 155667 156008 156030 156105 156156 156157 156585 157197 151524 151927 152708 152733 154170 154171 155343 156743 151228 153362 151252 151917 154217 154475 154799 154984 151292 155409 151990 152022 152103 152251 151370 151493 152824 156483 156484 152897 152976 156855 156953 153210
176963 41
155665 155667 156008 156030 156105 156156 156157 156585 157197 151524 151927 152708 152733 154170 154171 155343 156743 151228 153362 151252 151917 154217 154475 154799 154984 151292 155409 151990 152022 152103 152251 151370 151493 152824 156483 156484 152897 152976 156855 156953 153210
176964 41
155665 155667 156008 156030 156105 156156 156157 156585 157197 151524 151927 152708 152733 154170 154171 155343 156743 151228 153362 151252 151917 154217 154475 154799 154984 151292 155409 151990 152022 152103 152251 151370 151493 152824 156483 156484 152897 152976 156855 156953 153210
176965 41
155665 155667 156008 156030 156105 156156 156157 156585 157197 151524 151927 152708 152733 154170 154171 155343 156743 151228 153362 151252 151917 154217 154475 154799 154984 151292 155409 151990 152022 152103 152251 151370 151493 152824 156483 156484 152897 152976 156855 156953 153210
176966 41
155665 155667 156008 156030 156105 156156 156157 156585 157197 151524 151927 152708 152733 154170 154171 155343 156743 151228 153362 151252 151917 154217 154475 154799 154984 151292 155409 151990 152022 152103 152251 151370 151493 152824 156483 156484 152897 152976 156855 156953 153210
176967 41
155665 155667 156008 156030 156105 156156 156157 156585 157197 151524 151927 152708 152733 154170 154171 155343 156743 151228 153362 151252 151917 154217 154475 154799 154984 151292 155409 151990 152022 152103 152251 151370 151493 152824 156483 156484 152897 152976 156855 156953 153210
176968 41
155665 155667 156008 156030 156105 156156 156157 156585 157197 151524 151927 152708 152733 154170 154171 155343 156743 151228 153362 151252 151917 154217 154475 154799 154984 151292 155409 151990 152022 152103 152251 151370 151493 152824 156483 156484 152897 152976 156855 156953 153210
176969 18
155665 155667 156008 156030 156105 156156 156157 156585 157197 151524 151927 152708 152733 154170 154171 155343 156743 151228
176971 24
151026 151171 154105 154495 155108 155192 155665 155667 156008 156030 156105 156156 156157 156585 157197 151228 154170 154171 151524 151927 152708 155343 156743 152733
176974 27
152372 152669 152732 151171 151026 154105 154495 155108 155192 152733 151228 154170 154171 151524 152708 151927 155343 156743 155667 156008 156030 156105 156156 156157 156585 155665 157197
176976 27
152372 152669 152732 151228 151524 152708 151927 152733 154170 154171 155343 156743 151171 154495 155108 155192 154105 151026 155667 156008 156030 156105 156156 156157 156585 155665 157197
176977 27
152372 152669 152732 151228 151524 152708 151927 152733 154170 154171 155343 156743 151171 154495 155108 155192 154105 151026 155667 156008 156030 156105 156156 156157 156585 155665 157197
176978 27
152372 152669 152732 151228 151524 152708 151927 152733 154170 154171 155343 156743 151171 154495 155108 155192 154105 151026 155667 156008 156030 156105 156156 156157 156585 155665 157197
176979 27
152372 152669 152732 151228 151524 152708 151927 152733 154170 154171 155343 156743 151171 154495 155108 155192 154105 151026 155667 156008 156030 156105 156156 156157 156585 155665 157197
176981 24
151228 151524 151927 152708 152733 154170 154171 155343 156743 151026 154495 155108 155192 154105 151171 155667 156008 156030 156105 156156 156157 156585 155665 157197
176982 26
151026 151171 154105 154495 155108 155192 155665 155667 156008 156030 156105 156156 156157 156585 157197 155146 155147 154171 151524 151927 152708 152733 151228 155343 156743 154170
176983 26
151292 151370 151493 151917 151990 152022 152251 152824 152897 152976 153362 154217 154984 156483 156484 156855 156953 153210 155409 151252 152103 154475 154799 154290 155436 153079
176984 26
151292 151370 151493 151917 151990 152022 152251 152824 152897 152976 153362 154217 154984 156483 156484 156855 156953 153210 155409 151252 152103 154475 154799 154290 155436 153079
176985 26
151292 151370 151493 151917 151990 152022 152251 152824 152897 152976 153362 154217 154984 156483 156484 156855 156953 153210 155409 151252 152103 154475 154799 154290 155436 153079
176987 35
155665 155667 156008 156030 156105 156156 156157 156585 157197 152824 152897 152976 153210 153362 154217 154475 154799 154984 155409 151252 151292 151370 151493 151917 151990 152022 156483 156484 152103 156855 156953 152251 154290 155436 153079
176990 26
151252 151292 151370 151493 151917 151990 152022 152103 152251 152824 152897 152976 153210 153362 154217 154475 154799 154984 155409 156483 156484 156855 156953 154290 155436 153079
176991 26
151252 151292 151370 151493 151917 151990 152022 152103 152251 152824 152897 152976 153210 153362 154217 154475 154799 154984 155409 156483 156484 156855 156953 154290 155436 153079
176992 26
151252 151292 151370 151493 151917 151990 152022 152103 152251 152824 152897 152976 153210 153362 154217 154475 154799 154984 155409 156483 156484 156855 156953 154290 155436 153079
176994 26
151252 151292 151370 151493 151917 151990 152022 152103 152251 152824 152897 152976 153210 153362 154217 154475 154799 154984 155409 156483 156484 156855 156953 154290 155436 153079
176995 26
151252 151292 151370 151493 151917 151990 152022 152103 152251 152824 152897 152976 153210 153362 154217 154475 154799 154984 155409 156483 156484 156855 156953 154290 155436 153079
176996 26
151252 151292 151370 151493 151917 151990 152022 152103 152251 152824 152897 152976 153210 153362 154217 154475 154799 154984 155409 156483 156484 156855 156953 154290 155436 153079
176997 26
151252 152103 153210 154475 154799 155409 152022 151292 152251 152824 152897 152976 151370 153362 154217 151493 151917 154984 151990 156483 156484 156855 156953 154290 155436 153079
176999 26
151252 152103 153210 154475 154799 155409 152022 151292 152251 152824 152897 152976 151370 153362 154217 151493 151917 154984 151990 156483 156484 156855 156953 154290 155436 153079
177001 35
155665 155667 156008 156030 156105 156156 156157 156585 157197 152824 152897 152976 153210 153362 154217 154475 154799 154984 155409 151252 151292 151370 151493 151917 151990 152022 156483 156484 152103 156855 156953 152251 154290 155436 153079
177003 26
151252 151292 151370 151493 151917 151990 152022 152103 152251 152824 152897 152976 153210 153362 154217 154475 154799 154984 155409 156483 156484 156855 156953 154290 155436 153079
177004 26
151252 151292 151370 151493 151917 151990 152022 152103 152251 152824 152897 152976 153210 153362 154217 154475 154799 154984 155409 156483 156484 156855 156953 154290 155436 153079
177005 26
151252 151292 151370 151493 151917 151990 152022 152103 152251 152824 152897 152976 153210 153362 154217 154475 154799 154984 155409 156483 156484 156855 156953 154290 155436 153079
177006 26
151252 151292 151370 151493 151917 151990 152022 152103 152251 152824 152897 152976 153210 153362 154217 154475 154799 154984 155409 156483 156484 156855 156953 154290 155436 153079
177007 26
151252 151292 151370 151493 151917 151990 152022 152103 152251 152824 152897 152976 153210 153362 154217 154475 154799 154984 155409 156483 156484 156855 156953 154290 155436 153079
177010 26
151252 151292 151370 151493 151917 151990 152022 152103 152251 152824 152897 152976 153210 153362 154217 154475 154799 154984 155409 156483 156484 156855 156953 154290 155436 153079
177011 26
151252 152103 153210 154475 154799 155409 152022 151292 152251 152824 152897 152976 151370 153362 154217 151493 151917 154984 151990 156483 156484 156855 156953 154290 155436 153079
177013 26
151252 151292 151370 151493 151917 151990 152022 152103 152251 152824 152897 152976 153210 153362 154217 154475 154799 154984 155409 156483 156484 156855 156953 154290 155436 153079
177014 26
151252 151292 151370 151493 151917 151990 152022 152103 152251 152824 152897 152976 153210 153362 154217 154475 154799 154984 155409 156483 156484 156855 156953 154290 155436 153079
177015 26
151252 151292 151370 151493 151917 151990 152022 152103 152251 152824 152897 152976 153210 153362 154217 154475 154799 154984 155409 156483 156484 156855 156953 154290 155436 153079
177016 26
151252 151292 151370 151493 151917 151990 152022 152103 152251 152824 152897 152976 153210 153362 154217 154475 154799 154984 155409 156483 156484 156855 156953 154290 155436 153079
177018 26
151252 151292 151370 151493 151917 151990 152022 152103 152251 152824 152897 152976 153210 153362 154217 154475 154799 154984 155409 156483 156484 156855 156953 154290 155436 153079
177019 26
151252 151292 151370 151493 151917 151990 152022 152103 152251 152824 152897 152976 153210 153362 154217 154475 154799 154984 155409 156483 156484 156855 156953 154290 155436 153079
177020 26
151252 151292 151370 151493 151917 151990 152022 152103 152251 152824 152897 152976 153210 153362 154217 154475 154799 154984 155409 156483 156484 156855 156953 154290 155436 153079
177021 26
151252 151292 151370 151493 151917 151990 152022 152103 152251 152824 152897 152976 153210 153362 154217 154475 154799 154984 155409 156483 156484 156855 156953 154290 155436 153079
177022 26
151252 151292 151370 151493 151917 151990 152022 152103 152251 152824 152897 152976 153210 153362 154217 154475 154799 154984 155409 156483 156484 156855 156953 154290 155436 153079
177023 26
151252 152103 153210 154475 154799 155409 152022 151292 152251 152824 152897 152976 151370 153362 154217 151493 151917 154984 151990 156483 156484 156855 156953 154290 155436 153079
177024 26
151252 151292 151370 151493 151917 151990 152022 152103 152251 152824 152897 152976 153210 153362 154217 154475 154799 154984 155409 156483 156484 156855 156953 154290 155436 153079
177025 26
151252 151292 151370 151493 151917 151990 152022 152103 152251 152824 152897 152976 153210 153362 154217 154475 154799 154984 155409 156483 156484 156855 156953 154290 155436 153079
177026 26
151252 151292 151370 151493 151917 151990 152022 152103 152251 152824 152897 152976 153210 153362 154217 154475 154799 154984 155409 156483 156484 156855 156953 154290 155436 153079
177027 26
151252 151292 151370 151493 151917 151990 152022 152103 152251 152824 152897 152976 153210 153362 154217 154475 154799 154984 155409 156483 156484 156855 156953 154290 155436 153079
177028 26
151252 151292 151370 151493 151917 151990 152022 152103 152251 152824 152897 152976 153210 153362 154217 154475 154799 154984 155409 156483 156484 156855 156953 154290 155436 153079
177029 34
155665 155667 156008 156030 156105 156156 156157 156585 157197 155147 155146 152976 153210 153362 154217 154475 154799 154984 151252 151292 155409 151370 151493 151917 151990 152022 152103 152251 156483 156484 152824 156855 156953 152897
177030 26
151609 152108 156772 151493 151252 151917 151990 152022 152103 151292 152251 152824 152897 152976 153210 153362 154217 154475 154799 154984 155409 156483 156484 151370 156855 156953
177032 26
151252 151292 151370 151493 151917 151990 152022 152103 152251 152824 152897 152976 153210 153362 154217 154475 154799 154984 155409 156483 156484 156855 156953 154290 155436 153079
177033 38
155665 155667 156008 156030 156105 156156 156157 156585 157197 152108 156772 151609 152897 152976 153210 153362 154217 154475 154799 154984 155409 151370 151493 151252 151917 151990 152022 152103 156483 156484 151292 152251 156855 156953 152824 155436 153079 154290
177036 12
155665 155667 156008 156030 156105 156156 156157 156585 157197 152108 156772 151609
177037 37
151609 152108 156772 155667 156008 156030 156105 156156 156157 156585 155665 157197 155146 155147 153210 153362 154217 154475 154799 154984 151370 151493 155409 151252 151917 151990 152022 152103 151292 152251 156483 156484 152824 152897 156855 156953 152976
177038 38
155665 155667 156008 156030 156105 156156 156157 156585 157197 152108 156772 151609 152897 152976 153210 153362 154217 154475 154799 154984 155409 151370 151493 151252 151917 151990 152022 152103 156483 156484 151292 152251 156855 156953 152824 155436 153079 154290
177039 35
155665 155667 156008 156030 156105 156156 156157 156585 157197 152824 152897 152976 153210 153362 154217 154475 154799 154984 155409 151252 151292 151370 151493 151917 151990 152022 156483 156484 152103 156855 156953 152251 154290 155436 153079
177040 35
155665 155667 156008 156030 156105 156156 156157 156585 157197 152976 153362 154217 154984 151292 151370 151493 151917 151990 152022 152251 156483 156484 152824 156855 156953 152897 152103 154475 154799 153210 155409 151252 154290 155436 153079
177041 35
155665 155667 156008 156030 156105 156156 156157 156585 157197 152976 153362 154217 154984 151292 151370 151493 151917 151990 152022 152251 156483 156484 152824 156855 156953 152897 152103 154475 154799 153210 155409 151252 154290 155436 153079
177042 38
152372 152669 152732 155665 155667 156008 156030 156105 156156 156157 156585 157197 156858 156926 152652 152976 153210 153362 154217 154475 154799 154984 155409 151917 151990 152022 152103 152251 151252 151292 156483 156484 151370 156855 151493 152824 156953 152897
177043 38
152372 152669 152732 155665 155667 156008 156030 156105 156156 156157 156585 157197 156858 156926 152652 152976 153210 153362 154217 154475 154799 154984 155409 151917 151990 152022 152103 152251 151252 151292 156483 156484 151370 156855 151493 152824 156953 152897
177044 35
155665 155667 156008 156030 156105 156156 156157 156585 157197 152976 153362 154217 154984 151292 151370 151493 151917 151990 152022 152251 156483 156484 152824 156855 156953 152897 152103 154475 154799 153210 155409 151252 154290 155436 153079
177045 41
151026 151171 154105 154495 155108 155192 155665 155667 156008 156030 156105 156156 156157 156585 157197 153362 151252 154217 154475 151292 154799 154984 151370 151493 155409 151917 151990 152022 152103 152251 152824 152897 156483 156484 152976 156855 156953 153210 153079 155436 154290
177046 35
151609 152108 156772 155667 156008 156030 156105 156156 156157 156585 155665 157197 152897 152976 153210 153362 154217 154475 154799 154984 155409 151370 151493 151252 151917 151990 152022 152103 156483 156484 151292 152251 156855 156953 152824
177047 26
151252 151292 151370 151493 151917 151990 152022 152103 152251 152824 152897 152976 153210 153362 154217 154475 154799 154984 155409 156483 156484 156855 156953 154290 155436 153079
177048 26
151252 151292 151370 151493 151917 151990 152022 152103 152251 152824 152897 152976 153210 153362 154217 154475 154799 154984 155409 156483 156484 156855 156953 154290 155436 153079
177049 11
155665 155667 156008 156030 156105 156156 156157 156585 157197 155147 155146
177050 25
155146 155147 151493 151917 151990 152022 152251 152824 152897 152976 153362 154217 154984 151292 151370 156483 156484 156855 156953 152103 155409 154475 154799 153210 151252
177051 25
155146 155147 151493 151917 151990 152022 152251 152824 152897 152976 153362 154217 154984 151292 151370 156483 156484 156855 156953 152103 155409 154475 154799 153210 151252
177052 34
155665 155667 156008 156030 156105 156156 156157 156585 157197 155147 155146 154217 154984 151292 151370 151493 151917 151990 152022 152251 152824 152897 156483 156484 152976 156855 156953 153362 154799 153210 151252 152103 155409 154475
177053 34
155665 155667 156008 156030 156105 156156 156157 156585 157197 155147 155146 154217 154984 151292 151370 151493 151917 151990 152022 152251 152824 152897 156483 156484 152976 156855 156953 153362 154799 153210 151252 152103 155409 154475
177054 25
155146 155147 151493 151917 151990 152022 152251 152824 152897 152976 153362 154217 154984 151292 151370 156483 156484 156855 156953 152103 155409 154475 154799 153210 151252
177055 25
155146 155147 151493 151917 151990 152022 152251 152824 152897 152976 153362 154217 154984 151292 151370 156483 156484 156855 156953 152103 155409 154475 154799 153210 151252
177056 34
155146 155147 155665 155667 156008 156030 156105 156156 156157 156585 157197 154217 154984 151292 151370 151493 151917 151990 152022 152251 152824 152897 156483 156484 152976 156855 156953 153362 154799 153210 151252 152103 155409 154475
177057 34
155665 155667 156008 156030 156105 156156 156157 156585 157197 155147 155146 152976 153210 153362 154217 154475 154799 154984 151252 151292 155409 151370 151493 151917 151990 152022 152103 152251 156483 156484 152824 156855 156953 152897
177058 34
155146 155147 155665 155667 156008 156030 156105 156156 156157 156585 157197 152976 153210 153362 154217 154475 154799 154984 151252 151292 155409 151370 151493 151917 151990 152022 152103 152251 156483 156484 152824 156855 156953 152897
177059 34
155146 155147 155665 155667 156008 156030 156105 156156 156157 156585 157197 152976 153210 153362 154217 154475 154799 154984 151252 151292 155409 151370 151493 151917 151990 152022 152103 152251 156483 156484 152824 156855 156953 152897
177061 34
155146 155147 155665 155667 156008 156030 156105 156156 156157 156585 157197 152976 153210 153362 154217 154475 154799 154984 151252 151292 155409 151370 151493 151917 151990 152022 152103 152251 156483 156484 152824 156855 156953 152897
177063 11
155665 155667 156008 156030 156105 156156 156157 156585 157197 155147 155146
177064 11
155146 155147 155665 155667 156008 156030 156105 156156 156157 156585 157197
177065 35
155665 155667 156008 156030 156105 156156 156157 156585 157197 152824 152897 152976 153210 153362 154217 154475 154799 154984 155409 151252 151292 151370 151493 151917 151990 152022 156483 156484 152103 156855 156953 152251 154290 155436 153079
177066 35
155665 155667 156008 156030 156105 156156 156157 156585 157197 152824 152897 152976 153210 153362 154217 154475 154799 154984 155409 151252 151292 151370 151493 151917 151990 152022 156483 156484 152103 156855 156953 152251 154290 155436 153079
177067 35
155665 155667 156008 156030 156105 156156 156157 156585 157197 152824 152897 152976 153210 153362 154217 154475 154799 154984 155409 151252 151292 151370 151493 151917 151990 152022 156483 156484 152103 156855 156953 152251 154290 155436 153079
177068 35
155665 155667 156008 156030 156105 156156 156157 156585 157197 152824 152897 152976 153210 153362 154217 154475 154799 154984 155409 151252 151292 151370 151493 151917 151990 152022 156483 156484 152103 156855 156953 152251 154290 155436 153079
177070 35
155665 155667 156008 156030 156105 156156 156157 156585 157197 152824 152897 152976 153210 153362 154217 154475 154799 154984 155409 151252 151292 151370 151493 151917 151990 152022 156483 156484 152103 156855 156953 152251 154290 155436 153079
177072 27
151228 151524 151927 152708 152733 154170 154171 155343 156743 151026 154495 155108 155192 154105 151171 155667 156008 156030 156105 156156 156157 156585 155665 157197 152108 156772 151609
177073 15
151026 151171 154105 154495 155108 155192 155665 155667 156008 156030 156105 156156 156157 156585 157197
177074 19
152014 153249 154737 156053 154105 154495 151026 155108 155192 151171 155667 156008 156030 155665 156105 156156 156157 156585 157197
177075 15
155665 155667 156008 156030 156105 156156 156157 156585 157197 154495 155108 155192 151026 151171 154105
177076 15
151026 151171 154105 154495 155108 155192 155665 155667 156008 156030 156105 156156 156157 156585 157197
177077 15
151026 151171 154105 154495 155108 155192 155665 155667 156008 156030 156105 156156 156157 156585 157197
177080 15
151026 151171 154105 154495 155108 155192 155665 155667 156008 156030 156105 156156 156157 156585 157197
177081 15
151026 151171 154105 154495 155108 155192 155665 155667 156008 156030 156105 156156 156157 156585 157197
177082 15
151026 151171 154105 154495 155108 155192 155665 155667 156008 156030 156105 156156 156157 156585 157197
177083 15
151026 151171 154105 154495 155108 155192 155665 155667 156008 156030 156105 156156 156157 156585 157197
177084 15
151026 151171 154105 154495 155108 155192 155665 155667 156008 156030 156105 156156 156157 156585 157197
177085 15
151026 151171 154105 154495 155108 155192 155665 155667 156008 156030 156105 156156 156157 156585 157197
177088 35
155665 155667 156008 156030 156105 156156 156157 156585 157197 152824 152897 152976 153210 153362 154217 154475 154799 154984 155409 151252 151292 151370 151493 151917 151990 152022 156483 156484 152103 156855 156953 152251 154290 155436 153079
177089 35
155665 155667 156008 156030 156105 156156 156157 156585 157197 152824 152897 152976 153210 153362 154217 154475 154799 154984 155409 151252 151292 151370 151493 151917 151990 152022 156483 156484 152103 156855 156953 152251 154290 155436 153079
177090 35
155665 155667 156008 156030 156105 156156 156157 156585 157197 152824 152897 152976 153210 153362 154217 154475 154799 154984 155409 151252 151292 151370 151493 151917 151990 152022 156483 156484 152103 156855 156953 152251 154290 155436 153079
177091 32
155665 155667 156008 156030 156105 156156 156157 156585 157197 152824 152897 152976 153210 153362 154217 154475 154799 154984 155409 151252 151292 151370 151493 151917 151990 152022 156483 156484 152103 156855 156953 152251
177093 32
155665 155667 156008 156030 156105 156156 156157 156585 157197 152824 152897 152976 153210 153362 154217 154475 154799 154984 155409 151252 151292 151370 151493 151917 151990 152022 156483 156484 152103 156855 156953 152251
177095 32
155665 155667 156008 156030 156105 156156 156157 156585 157197 152824 152897 152976 153210 153362 154217 154475 154799 154984 155409 151252 151292 151370 151493 151917 151990 152022 156483 156484 152103 156855 156953 152251
177096 32
155665 155667 156008 156030 156105 156156 156157 156585 157197 152824 152897 152976 153210 153362 154217 154475 154799 154984 155409 151252 151292 151370 151493 151917 151990 152022 156483 156484 152103 156855 156953 152251
177097 35
155665 155667 156008 156030 156105 156156 156157 156585 157197 152824 152897 152976 153210 153362 154217 154475 154799 154984 155409 151252 151292 151370 151493 151917 151990 152022 156483 156484 152103 156855 156953 152251 154290 155436 153079
177098 9
155665 155667 156008 156030 156105 156156 156157 156585 157197
177099 15
151026 151171 154105 154495 155108 155192 155665 155667 156008 156030 156105 156156 156157 156585 157197
177100 26
151252 151292 151370 151493 151917 151990 152022 152103 152251 152824 152897 152976 153210 153362 154217 154475 154799 154984 155409 156483 156484 156855 156953 154290 155436 153079
177101 26
151252 151292 151370 151493 151917 151990 152022 152103 152251 152824 152897 152976 153210 153362 154217 154475 154799 154984 155409 156483 156484 156855 156953 154290 155436 153079
177102 26
151252 151292 151370 151493 151917 151990 152022 152103 152251 152824 152897 152976 153210 153362 154217 154475 154799 154984 155409 156483 156484 156855 156953 154290 155436 153079
177103 26
151252 152103 153210 154475 154799 155409 152022 151292 152251 152824 152897 152976 151370 153362 154217 151493 151917 154984 151990 156483 156484 156855 156953 154290 155436 153079
177105 35
155665 155667 156008 156030 156105 156156 156157 156585 157197 153079 154290 155436 151252 153210 153362 154217 151292 154475 154799 154984 155409 151370 151493 151917 151990 152022 152103 152251 152824 156483 156484 152897 156855 156953 152976
177106 12
155665 155667 156008 156030 156105 156156 156157 156585 157197 153079 154290 155436
177107 24
151228 151524 151927 152708 152733 154170 154171 155343 156743 151026 154495 155108 155192 154105 151171 155667 156008 156030 156105 156156 156157 156585 155665 157197
177108 24
151228 151524 151927 152708 152733 154170 154171 155343 156743 151026 154495 155108 155192 154105 151171 155667 156008 156030 156105 156156 156157 156585 155665 157197
177110 12
155665 155667 156008 156030 156105 156156 156157 156585 157197 153079 154290 155436
177111 9
155665 155667 156008 156030 156105 156156 156157 156585 157197
177112 35
155665 155667 156008 156030 156105 156156 156157 156585 157197 153079 154290 155436 151252 153210 153362 154217 151292 154475 154799 154984 155409 151370 151493 151917 151990 152022 152103 152251 152824 156483 156484 152897 156855 156953 152976
177113 35
155665 155667 156008 156030 156105 156156 156157 156585 157197 152824 152897 152976 153210 153362 154217 154475 154799 154984 155409 151252 151292 151370 151493 151917 151990 152022 156483 156484 152103 156855 156953 152251 154290 155436 153079
177115 12
155665 155667 156008 156030 156105 156156 156157 156585 157197 153079 154290 155436
177116 26
151228 151524 151927 152708 152733 154170 154171 155343 156743 155146 155147 155108 154105 151171 155192 151026 154495 155667 156008 156030 156105 156156 156157 156585 155665 157197
177117 9
155665 155667 156008 156030 156105 156156 156157 156585 157197
177118 9
155665 155667 156008 156030 156105 156156 156157 156585 157197
177119 15
151026 151171 154105 154495 155108 155192 155665 155667 156008 156030 156105 156156 156157 156585 157197
177120 9
155665 155667 156008 156030 156105 156156 156157 156585 157197
177121 15
151026 151171 154105 154495 155108 155192 155665 155667 156008 156030 156105 156156 156157 156585 157197
177122 9
155665 155667 156008 156030 156105 156156 156157 156585 157197
177123 7
151874 151914 152162 152108 151609 156772 156801
177124 16
151874 151914 152162 151524 151927 151228 152708 152733 154170 154171 155343 156743 152108 151609 156772 156801
177125 16
151874 151914 152162 151524 151927 151228 152708 152733 154170 154171 155343 156743 152108 151609 156772 156801
177126 16
151874 151914 152162 151524 151927 151228 152708 152733 154170 154171 155343 156743 152108 151609 156772 156801
177127 16
151874 151914 152162 151524 151927 151228 152708 152733 154170 154171 155343 156743 152108 151609 156772 156801
177128 16
151228 151524 151927 152708 152733 154170 154171 155343 156743 151914 151874 152162 152108 151609 156772 156801
177129 16
151228 151524 151927 152708 152733 154170 154171 155343 156743 151914 151874 152162 152108 151609 156772 156801
177130 15
155665 155667 156008 156030 156105 156156 156157 156585 157197 154495 155108 155192 151026 151171 154105
177131 15
155665 155667 156008 156030 156105 156156 156157 156585 157197 154495 155108 155192 151026 151171 154105
177132 15
155665 155667 156008 156030 156105 156156 156157 156585 157197 154495 155108 155192 151026 151171 154105
177134 15
155665 155667 156008 156030 156105 156156 156157 156585 157197 154495 155108 155192 151026 151171 154105
177135 15
155665 155667 156008 156030 156105 156156 156157 156585 157197 154495 155108 155192 151026 151171 154105
177136 15
155665 155667 156008 156030 156105 156156 156157 156585 157197 154495 155108 155192 151026 151171 154105
177137 31
151228 151524 151927 152708 152733 154170 154171 155343 156743 151609 152108 156772 156008 156030 156105 156156 156157 156585 155665 155667 157197 156053 154737 152014 153249 151026 154495 154105 155108 155192 151171
177138 31
151228 151524 151927 152708 152733 154170 154171 155343 156743 151609 152108 156772 156008 156030 156105 156156 156157 156585 155665 155667 157197 156053 154737 152014 153249 151026 154495 154105 155108 155192 151171
177139 27
151228 151524 151927 152708 152733 154170 154171 155343 156743 151609 152108 156772 156008 156030 156105 156156 156157 156585 155665 155667 157197 154105 151171 151026 154495 155108 155192
177141 15
151026 151171 154105 154495 155108 155192 155665 155667 156008 156030 156105 156156 156157 156585 157197
177142 15
151026 151171 154105 154495 155108 155192 155665 155667 156008 156030 156105 156156 156157 156585 157197
177143 15
151026 151171 154105 154495 155108 155192 155665 155667 156008 156030 156105 156156 156157 156585 157197
177144 15
151026 151171 154105 154495 155108 155192 155665 155667 156008 156030 156105 156156 156157 156585 157197
177145 15
151026 151171 154105 154495 155108 155192 155665 155667 156008 156030 156105 156156 156157 156585 157197
177146 18
151609 152108 156772 151171 154105 154495 155108 155192 151026 155667 156008 156030 156105 156156 156157 156585 155665 157197
177147 18
151609 152108 156772 151171 154105 154495 155108 155192 151026 155667 156008 156030 156105 156156 156157 156585 155665 157197
177148 15
151026 151171 154105 154495 155108 155192 155665 155667 156008 156030 156105 156156 156157 156585 157197
177150 15
151026 151171 154105 154495 155108 155192 155665 155667 156008 156030 156105 156156 156157 156585 157197
177151 15
151026 151171 154105 154495 155108 155192 155665 155667 156008 156030 156105 156156 156157 156585 157197
177152 15
151026 151171 154105 154495 155108 155192 155665 155667 156008 156030 156105 156156 156157 156585 157197
177153 15
151026 151171 154105 154495 155108 155192 155665 155667 156008 156030 156105 156156 156157 156585 157197
177154 15
151026 151171 154105 154495 155108 155192 155665 155667 156008 156030 156105 156156 156157 156585 157197
177155 24
156801 152103 153210 154475 154799 155409 151252 151292 152251 152824 152897 152976 151370 153362 154217 151493 151917 154984 151990 156483 156484 152022 156855 156953
177156 26
151252 151292 151370 151493 151917 151990 152022 152103 152251 152824 152897 152976 153210 153362 154217 154475 154799 154984 155409 156483 156484 156855 156953 154290 155436 153079
177160 24
156801 151292 151370 151493 151917 151990 152022 152103 152251 152824 152897 152976 153210 153362 154217 154475 154799 154984 155409 156483 156484 151252 156855 156953
177161 24
156801 151292 151370 151493 151917 151990 152022 152103 152251 152824 152897 152976 153210 153362 154217 154475 154799 154984 155409 156483 156484 151252 156855 156953
177162 24
156801 151292 151370 151493 151917 151990 152022 152103 152251 152824 152897 152976 153210 153362 154217 154475 154799 154984 155409 156483 156484 151252 156855 156953
177163 24
156801 152103 153210 154475 154799 155409 151252 151292 152251 152824 152897 152976 151370 153362 154217 151493 151917 154984 151990 156483 156484 152022 156855 156953
177164 26
151252 151292 151370 151493 151917 151990 152022 152103 152251 152824 152897 152976 153210 153362 154217 154475 154799 154984 155409 156483 156484 156855 156953 154290 155436 153079
177165 26
151252 151292 151370 151493 151917 151990 152022 152103 152251 152824 152897 152976 153210 153362 154217 154475 154799 154984 155409 156483 156484 156855 156953 154290 155436 153079
177166 35
155665 155667 156008 156030 156105 156156 156157 156585 157197 152976 153362 154217 154984 151292 151370 151493 151917 151990 152022 152251 156483 156484 152824 156855 156953 152897 152103 154475 154799 153210 155409 151252 154290 155436 153079
177168 35
155665 155667 156008 156030 156105 156156 156157 156585 157197 152976 153362 154217 154984 151292 151370 151493 151917 151990 152022 152251 156483 156484 152824 156855 156953 152897 152103 154475 154799 153210 155409 151252 154290 155436 153079
177169 23
151252 151292 151370 151493 151917 151990 152022 152103 152251 152824 152897 152976 153210 153362 154217 154475 154799 154984 155409 156483 156484 156855 156953
177170 26
151252 151292 151370 151493 151917 151990 152022 152103 152251 152824 152897 152976 153210 153362 154217 154475 154799 154984 155409 156483 156484 156855 156953 154290 155436 153079
177171 35
155665 155667 156008 156030 156105 156156 156157 156585 157197 153079 154290 155436 151252 153210 153362 154217 151292 154475 154799 154984 155409 151370 151493 151917 151990 152022 152103 152251 152824 156483 156484 152897 156855 156953 152976
177172 26
151252 151292 151370 151493 151917 151990 152022 152103 152251 152824 152897 152976 153210 153362 154217 154475 154799 154984 155409 156483 156484 156855 156953 154290 155436 153079
177174 29
151609 152108 156772 151493 151252 151917 151990 152022 152103 151292 152251 152824 152897 152976 153210 153362 154217 154475 154799 154984 155409 156483 156484 151370 156855 156953 155436 153079 154290
177175 12
155665 155667 156008 156030 156105 156156 156157 156585 157197 153079 154290 155436
177176 35
155665 155667 156008 156030 156105 156156 156157 156585 157197 152824 152897 152976 153210 153362 154217 154475 154799 154984 155409 151252 151292 151370 151493 151917 151990 152022 156483 156484 152103 156855 156953 152251 154290 155436 153079
177177 35
155665 155667 156008 156030 156105 156156 156157 156585 157197 152824 152897 152976 153210 153362 154217 154475 154799 154984 155409 151252 151292 151370 151493 151917 151990 152022 156483 156484 152103 156855 156953 152251 154290 155436 153079
177179 35
155665 155667 156008 156030 156105 156156 156157 156585 157197 152824 152897 152976 153210 153362 154217 154475 154799 154984 155409 151252 151292 151370 151493 151917 151990 152022 156483 156484 152103 156855 156953 152251 154290 155436 153079
177180 35
155665 155667 156008 156030 156105 156156 156157 156585 157197 152824 152897 152976 153210 153362 154217 154475 154799 154984 155409 151252 151292 151370 151493 151917 151990 152022 156483 156484 152103 156855 156953 152251 154290 155436 153079
177181 35
155665 155667 156008 156030 156105 156156 156157 156585 157197 152824 152897 152976 153210 153362 154217 154475 154799 154984 155409 151252 151292 151370 151493 151917 151990 152022 156483 156484 152103 156855 156953 152251 154290 155436 153079
177182 35
155665 155667 156008 156030 156105 156156 156157 156585 157197 152824 152897 152976 153210 153362 154217 154475 154799 154984 155409 151252 151292 151370 151493 151917 151990 152022 156483 156484 152103 156855 156953 152251 154290 155436 153079
177183 35
155665 155667 156008 156030 156105 156156 156157 156585 157197 152824 152897 152976 153210 153362 154217 154475 154799 154984 155409 151252 151292 151370 151493 151917 151990 152022 156483 156484 152103 156855 156953 152251 154290 155436 153079
177184 35
155665 155667 156008 156030 156105 156156 156157 156585 157197 152824 152897 152976 153210 153362 154217 154475 154799 154984 155409 151252 151292 151370 151493 151917 151990 152022 156483 156484 152103 156855 156953 152251 154290 155436 153079
177185 35
155665 155667 156008 156030 156105 156156 156157 156585 157197 153079 154290 155436 151252 153210 153362 154217 151292 154475 154799 154984 155409 151370 151493 151917 151990 152022 152103 152251 152824 156483 156484 152897 156855 156953 152976
177186 26
151252 151292 151370 151493 151917 151990 152022 152103 152251 152824 152897 152976 153210 153362 154217 154475 154799 154984 155409 156483 156484 156855 156953 154290 155436 153079
177187 26
151252 151292 151370 151493 151917 151990 152022 152103 152251 152824 152897 152976 153210 153362 154217 154475 154799 154984 155409 156483 156484 156855 156953 154290 155436 153079
177188 35
155665 155667 156008 156030 156105 156156 156157 156585 157197 152824 152897 152976 153210 153362 154217 154475 154799 154984 155409 151252 151292 151370 151493 151917 151990 152022 156483 156484 152103 156855 156953 152251 154290 155436 153079
177189 35
155665 155667 156008 156030 156105 156156 156157 156585 157197 152824 152897 152976 153210 153362 154217 154475 154799 154984 155409 151252 151292 151370 151493 151917 151990 152022 156483 156484 152103 156855 156953 152251 154290 155436 153079
177190 9
155665 155667 156008 156030 156105 156156 156157 156585 157197
177191 9
155665 155667 156008 156030 156105 156156 156157 156585 157197
177192 34
155665 155667 156008 156030 156105 156156 156157 156585 157197 155147 155146 152976 153210 153362 154217 154475 154799 154984 151252 151292 155409 151370 151493 151917 151990 152022 152103 152251 156483 156484 152824 156855 156953 152897
177193 34
155665 155667 156008 156030 156105 156156 156157 156585 157197 155147 155146 152976 153210 153362 154217 154475 154799 154984 151252 151292 155409 151370 151493 151917 151990 152022 152103 152251 156483 156484 152824 156855 156953 152897
177194 34
155665 155667 156008 156030 156105 156156 156157 156585 157197 155147 155146 152976 153210 153362 154217 154475 154799 154984 151252 151292 155409 151370 151493 151917 151990 152022 152103 152251 156483 156484 152824 156855 156953 152897
177195 34
155665 155667 156008 156030 156105 156156 156157 156585 157197 155147 155146 152976 153210 153362 154217 154475 154799 154984 151252 151292 155409 151370 151493 151917 151990 152022 152103 152251 156483 156484 152824 156855 156953 152897
177196 34
155665 155667 156008 156030 156105 156156 156157 156585 157197 155147 155146 154217 154984 151292 151370 151493 151917 151990 152022 152251 152824 152897 156483 156484 152976 156855 156953 153362 154799 153210 151252 152103 155409 154475
177197 34
155665 155667 156008 156030 156105 156156 156157 156585 157197 155147 155146 152976 153210 153362 154217 154475 154799 154984 151252 151292 155409 151370 151493 151917 151990 152022 152103 152251 156483 156484 152824 156855 156953 152897
177198 34
155665 155667 156008 156030 156105 156156 156157 156585 157197 155147 155146 152976 153210 153362 154217 154475 154799 154984 151252 151292 155409 151370 151493 151917 151990 152022 152103 152251 156483 156484 152824 156855 156953 152897
177199 34
155665 155667 156008 156030 156105 156156 156157 156585 157197 155147 155146 152976 153210 153362 154217 154475 154799 154984 151252 151292 155409 151370 151493 151917 151990 152022 152103 152251 156483 156484 152824 156855 156953 152897
177200 11
155665 155667 156008 156030 156105 156156 156157 156585 157197 155147 155146
177201 17
151026 151171 154105 154495 155108 155192 155665 155667 156008 156030 156105 156156 156157 156585 157197 155146 155147
177202 35
151609 152108 156772 155667 156008 156030 156105 156156 156157 156585 155665 157197 152897 152976 153210 153362 154217 154475 154799 154984 155409 151370 151493 151252 151917 151990 152022 152103 156483 156484 151292 152251 156855 156953 152824
177203 34
155665 155667 156008 156030 156105 156156 156157 156585 157197 155147 155146 152976 153210 153362 154217 154475 154799 154984 151252 151292 155409 151370 151493 151917 151990 152022 152103 152251 156483 156484 152824 156855 156953 152897
177204 27
151874 151914 152162 156801 151252 151292 151917 151990 152022 152103 151370 152251 152824 152897 152976 153210 153362 154217 154475 154799 154984 155409 156483 156484 151493 156855 156953
177206 26
151252 151292 151370 151493 151917 151990 152022 152103 152251 152824 152897 152976 153210 153362 154217 154475 154799 154984 155409 156483 156484 156855 156953 154290 155436 153079
177207 26
151252 151292 151370 151493 151917 151990 152022 152103 152251 152824 152897 152976 153210 153362 154217 154475 154799 154984 155409 156483 156484 156855 156953 154290 155436 153079
177209 26
151252 151292 151370 151493 151917 151990 152022 152103 152251 152824 152897 152976 153210 153362 154217 154475 154799 154984 155409 156483 156484 156855 156953 154290 155436 153079
177211 26
151252 151292 151370 151493 151917 151990 152022 152103 152251 152824 152897 152976 153210 153362 154217 154475 154799 154984 155409 156483 156484 156855 156953 154290 155436 153079
177212 26
151252 151292 151370 151493 151917 151990 152022 152103 152251 152824 152897 152976 153210 153362 154217 154475 154799 154984 155409 156483 156484 156855 156953 154290 155436 153079
177213 23
151252 151292 151370 151493 151917 151990 152022 152103 152251 152824 152897 152976 153210 153362 154217 154475 154799 154984 155409 156483 156484 156855 156953
177214 23
151252 151292 151370 151493 151917 151990 152022 152103 152251 152824 152897 152976 153210 153362 154217 154475 154799 154984 155409 156483 156484 156855 156953
177215 23
151252 151292 151370 151493 151917 151990 152022 152103 152251 152824 152897 152976 153210 153362 154217 154475 154799 154984 155409 156483 156484 156855 156953
177216 35
155665 155667 156008 156030 156105 156156 156157 156585 157197 152824 152897 152976 153210 153362 154217 154475 154799 154984 155409 151252 151292 151370 151493 151917 151990 152022 156483 156484 152103 156855 156953 152251 154290 155436 153079
177217 38
151026 151171 154105 154495 155108 155192 155665 155667 156008 156030 156105 156156 156157 156585 157197 153362 151252 154217 154475 151292 154799 154984 151370 151493 155409 151917 151990 152022 152103 152251 152824 152897 156483 156484 152976 156855 156953 153210
177218 15
151026 151171 154105 154495 155108 155192 155665 155667 156008 156030 156105 156156 156157 156585 157197
177219 32
155665 155667 156008 156030 156105 156156 156157 156585 157197 152824 152897 152976 153210 153362 154217 154475 154799 154984 155409 151252 151292 151370 151493 151917 151990 152022 156483 156484 152103 156855 156953 152251
177222 26
151252 151292 151370 151493 151917 151990 152022 152103 152251 152824 152897 152976 153210 153362 154217 154475 154799 154984 155409 156483 156484 156855 156953 154290 155436 153079
177223 23
151252 151292 151370 151493 151917 151990 152022 152103 152251 152824 152897 152976 153210 153362 154217 154475 154799 154984 155409 156483 156484 156855 156953
177224 32
155665 155667 156008 156030 156105 156156 156157 156585 157197 152824 152897 152976 153210 153362 154217 154475 154799 154984 155409 151252 151292 151370 151493 151917 151990 152022 156483 156484 152103 156855 156953 152251
177227 35
155665 155667 156008 156030 156105 156156 156157 156585 157197 152824 152897 152976 153210 153362 154217 154475 154799 154984 155409 151252 151292 151370 151493 151917 151990 152022 156483 156484 152103 156855 156953 152251 154290 155436 153079
177228 23
151252 151292 151370 151493 151917 151990 152022 152103 152251 152824 152897 152976 153210 153362 154217 154475 154799 154984 155409 156483 156484 156855 156953
177229 23
151252 151292 151370 151493 151917 151990 152022 152103 152251 152824 152897 152976 153210 153362 154217 154475 154799 154984 155409 156483 156484 156855 156953
177230 23
151252 151292 151370 151493 151917 151990 152022 152103 152251 152824 152897 152976 153210 153362 154217 154475 154799 154984 155409 156483 156484 156855 156953
177231 7
151874 151914 152162 152108 151609 156772 156801
177232 7
151874 151914 152162 152108 151609 156772 156801
177233 7
151874 151914 152162 156801 151609 156772 152108
177234 7
151874 151914 152162 152108 151609 156772 156801
177236 7
151874 151914 152162 152108 151609 156772 156801
177237 7
151874 151914 152162 152108 151609 156772 156801
177238 27
151609 152108 156772 156801 151252 151917 151990 152022 152103 151292 152251 152824 152897 152976 153210 153362 154217 154475 154799 154984 155409 156483 156484 151370 151493 156855 156953
177239 27
151609 152108 156772 156801 151917 151990 152022 151370 152251 152824 152897 152976 153362 154217 154984 156483 156484 151493 151292 156855 156953 152103 151252 154475 154799 153210 155409
177240 27
151609 152108 156772 156801 151252 151917 151990 152022 152103 151292 152251 152824 152897 152976 153210 153362 154217 154475 154799 154984 155409 156483 156484 151370 151493 156855 156953
177241 24
156801 151292 151370 151493 151917 151990 152022 152103 152251 152824 152897 152976 153210 153362 154217 154475 154799 154984 155409 156483 156484 151252 156855 156953
177242 24
156801 151292 151370 151493 151917 151990 152022 152103 152251 152824 152897 152976 153210 153362 154217 154475 154799 154984 155409 156483 156484 151252 156855 156953
177243 24
156801 151292 151370 151493 151917 151990 152022 152103 152251 152824 152897 152976 153210 153362 154217 154475 154799 154984 155409 156483 156484 151252 156855 156953
177245 24
156801 151292 151370 151493 151917 151990 152022 152103 152251 152824 152897 152976 153210 153362 154217 154475 154799 154984 155409 156483 156484 151252 156855 156953
177247 35
155665 155667 156008 156030 156105 156156 156157 156585 157197 152824 152897 152976 153210 153362 154217 154475 154799 154984 155409 151252 151292 151370 151493 151917 151990 152022 156483 156484 152103 156855 156953 152251 154290 155436 153079
177248 24
156801 151292 151370 151493 151917 151990 152022 152103 152251 152824 152897 152976 153210 153362 154217 154475 154799 154984 155409 156483 156484 151252 156855 156953
177249 24
156801 151292 151370 151493 151917 151990 152022 152103 152251 152824 152897 152976 153210 153362 154217 154475 154799 154984 155409 156483 156484 151252 156855 156953
177250 36
156801 151292 151370 151493 151917 151990 152022 152103 152251 152824 152897 152976 153210 153362 154217 154475 154799 154984 155409 156483 156484 151252 156855 156953 155367 155381 153275 155911 155927 155930 151575 152562 155201 155244 155318 157243
177251 24
156801 151292 151370 151493 151917 151990 152022 152103 152251 152824 152897 152976 153210 153362 154217 154475 154799 154984 155409 156483 156484 151252 156855 156953
177252 36
156801 151292 151370 151493 151917 151990 152022 152103 152251 152824 152897 152976 153210 153362 154217 154475 154799 154984 155409 156483 156484 151252 156855 156953 155367 155381 153275 155911 155927 155930 151575 152562 155201 155244 155318 157243
177254 36
156801 151292 151370 151493 151917 151990 152022 152103 152251 152824 152897 152976 153210 153362 154217 154475 154799 154984 155409 156483 156484 151252 156855 156953 155367 155381 153275 155911 155927 155930 151575 152562 155201 155244 155318 157243
177255 24
156801 151292 151370 151493 151917 151990 152022 152103 152251 152824 152897 152976 153210 153362 154217 154475 154799 154984 155409 156483 156484 151252 156855 156953
177256 24
156801 151292 151370 151493 151917 151990 152022 152103 152251 152824 152897 152976 153210 153362 154217 154475 154799 154984 155409 156483 156484 151252 156855 156953
177257 24
156801 151292 151370 151493 151917 151990 152022 152103 152251 152824 152897 152976 153210 153362 154217 154475 154799 154984 155409 156483 156484 151252 156855 156953
177258 24
156801 151292 151370 151493 151917 151990 152022 152103 152251 152824 152897 152976 153210 153362 154217 154475 154799 154984 155409 156483 156484 151252 156855 156953
177260 24
156801 151370 151493 151917 151990 152022 152251 152824 152897 152976 153362 154217 154984 156483 156484 151292 156855 156953 155409 151252 152103 154475 154799 153210
177261 27
151874 151914 152162 156801 151252 151292 151917 151990 152022 152103 151370 152251 152824 152897 152976 153210 153362 154217 154475 154799 154984 155409 156483 156484 151493 156855 156953
177262 24
156801 151292 151370 151493 151917 151990 152022 152103 152251 152824 152897 152976 153210 153362 154217 154475 154799 154984 155409 156483 156484 151252 156855 156953
177264 27
151874 151914 152162 156801 151370 151917 151990 152022 151493 152251 152824 152897 152976 153362 154217 154984 156483 156484 151292 156855 156953 155409 152103 151252 154475 154799 153210
177265 26
151252 151292 151370 151493 151917 151990 152022 152103 152251 152824 152897 152976 153210 153362 154217 154475 154799 154984 155409 156483 156484 156855 156953 154290 155436 153079
177266 24
156801 151292 151370 151493 151917 151990 152022 152103 152251 152824 152897 152976 153210 153362 154217 154475 154799 154984 155409 156483 156484 151252 156855 156953
177267 24
156801 151292 151370 151493 151917 151990 152022 152103 152251 152824 152897 152976 153210 153362 154217 154475 154799 154984 155409 156483 156484 151252 156855 156953
177268 24
156801 151292 151370 151493 151917 151990 152022 152103 152251 152824 152897 152976 153210 153362 154217 154475 154799 154984 155409 156483 156484 151252 156855 156953
177269 24
156801 152103 153210 154475 154799 155409 151252 151292 152251 152824 152897 152976 151370 153362 154217 151493 151917 154984 151990 156483 156484 152022 156855 156953
177270 24
156801 151292 151370 151493 151917 151990 152022 152103 152251 152824 152897 152976 153210 153362 154217 154475 154799 154984 155409 156483 156484 151252 156855 156953
177271 27
151874 151914 152162 156801 151252 151292 151917 151990 152022 152103 151370 152251 152824 152897 152976 153210 153362 154217 154475 154799 154984 155409 156483 156484 151493 156855 156953
177273 27
151874 151914 152162 156801 151252 151292 151917 151990 152022 152103 151370 152251 152824 152897 152976 153210 153362 154217 154475 154799 154984 155409 156483 156484 151493 156855 156953
177274 27
151874 151914 152162 156801 151252 151292 151917 151990 152022 152103 151370 152251 152824 152897 152976 153210 153362 154217 154475 154799 154984 155409 156483 156484 151493 156855 156953
177276 4
151874 151914 152162 156801
177278 24
156801 151292 151370 151493 151917 151990 152022 152103 152251 152824 152897 152976 153210 153362 154217 154475 154799 154984 155409 156483 156484 151252 156855 156953
177279 24
156801 151292 151370 151493 151917 151990 152022 152103 152251 152824 152897 152976 153210 153362 154217 154475 154799 154984 155409 156483 156484 151252 156855 156953
177280 24
156801 151292 151370 151493 151917 151990 152022 152103 152251 152824 152897 152976 153210 153362 154217 154475 154799 154984 155409 156483 156484 151252 156855 156953
177282 27
151874 151914 152162 156801 151252 151292 151917 151990 152022 152103 151370 152251 152824 152897 152976 153210 153362 154217 154475 154799 154984 155409 156483 156484 151493 156855 156953
177283 27
151874 151914 152162 156801 151252 151292 151917 151990 152022 152103 151370 152251 152824 152897 152976 153210 153362 154217 154475 154799 154984 155409 156483 156484 151493 156855 156953
177284 27
151874 151914 152162 156801 151252 151292 151917 151990 152022 152103 151370 152251 152824 152897 152976 153210 153362 154217 154475 154799 154984 155409 156483 156484 151493 156855 156953
177285 24
156801 151292 151370 151493 151917 151990 152022 152103 152251 152824 152897 152976 153210 153362 154217 154475 154799 154984 155409 156483 156484 151252 156855 156953
177286 24
156801 151292 151370 151493 151917 151990 152022 152103 152251 152824 152897 152976 153210 153362 154217 154475 154799 154984 155409 156483 156484 151252 156855 156953
177287 24
156801 151292 151370 151493 151917 151990 152022 152103 152251 152824 152897 152976 153210 153362 154217 154475 154799 154984 155409 156483 156484 151252 156855 156953
177288 24
156801 151292 151370 151493 151917 151990 152022 152103 152251 152824 152897 152976 153210 153362 154217 154475 154799 154984 155409 156483 156484 151252 156855 156953
177289 26
151252 151292 151370 151493 151917 151990 152022 152103 152251 152824 152897 152976 153210 153362 154217 154475 154799 154984 155409 156483 156484 156855 156953 154290 155436 153079
177291 24
156801 151292 151370 151493 151917 151990 152022 152103 152251 152824 152897 152976 153210 153362 154217 154475 154799 154984 155409 156483 156484 151252 156855 156953
177292 24
156801 151292 151370 151493 151917 151990 152022 152103 152251 152824 152897 152976 153210 153362 154217 154475 154799 154984 155409 156483 156484 151252 156855 156953
177293 24
156801 151292 151370 151493 151917 151990 152022 152103 152251 152824 152897 152976 153210 153362 154217 154475 154799 154984 155409 156483 156484 151252 156855 156953
177294 24
156801 151292 151370 151493 151917 151990 152022 152103 152251 152824 152897 152976 153210 153362 154217 154475 154799 154984 155409 156483 156484 151252 156855 156953
177295 24
156801 151292 151370 151493 151917 151990 152022 152103 152251 152824 152897 152976 153210 153362 154217 154475 154799 154984 155409 156483 156484 151252 156855 156953
177296 24
156801 151292 151370 151493 151917 151990 152022 152103 152251 152824 152897 152976 153210 153362 154217 154475 154799 154984 155409 156483 156484 151252 156855 156953
177297 24
156801 151292 151370 151493 151917 151990 152022 152103 152251 152824 152897 152976 153210 153362 154217 154475 154799 154984 155409 156483 156484 151252 156855 156953
177299 27
151874 151914 152162 156801 151252 151292 151917 151990 152022 152103 151370 152251 152824 152897 152976 153210 153362 154217 154475 154799 154984 155409 156483 156484 151493 156855 156953
177300 26
151252 151292 151370 151493 151917 151990 152022 152103 152251 152824 152897 152976 153210 153362 154217 154475 154799 154984 155409 156483 156484 156855 156953 154290 155436 153079
177301 26
151252 151292 151370 151493 151917 151990 152022 152103 152251 152824 152897 152976 153210 153362 154217 154475 154799 154984 155409 156483 156484 156855 156953 154290 155436 153079
177302 26
153079 154290 155436 151493 151917 151990 152022 152103 152251 152824 152897 152976 151252 153210 153362 154217 151292 154475 154799 154984 155409 151370 156483 156484 156855 156953
177303 26
151252 151292 151370 151493 151917 151990 152022 152103 152251 152824 152897 152976 153210 153362 154217 154475 154799 154984 155409 156483 156484 156855 156953 154290 155436 153079
177304 3
153079 154290 155436
177306 4
151874 151914 152162 156801
177307 4
151874 151914 152162 156801
177308 4
151874 151914 152162 156801
177309 4
151874 151914 152162 156801
177310 1
156801
177311 3
153079 154290 155436
177312 3
153079 154290 155436
177313 24
156801 151292 151370 151493 151917 151990 152022 152103 152251 152824 152897 152976 153210 153362 154217 154475 154799 154984 155409 156483 156484 151252 156855 156953
177314 24
156801 151292 151370 151493 151917 151990 152022 152103 152251 152824 152897 152976 153210 153362 154217 154475 154799 154984 155409 156483 156484 151252 156855 156953
177315 3
153079 154290 155436
177317 3
153079 154290 155436
177318 12
155665 155667 156008 156030 156105 156156 156157 156585 157197 153079 154290 155436
177319 12
155665 155667 156008 156030 156105 156156 156157 156585 157197 153079 154290 155436
177320 12
155665 155667 156008 156030 156105 156156 156157 156585 157197 153079 154290 155436
177321 3
153079 154290 155436
177322 12
155665 155667 156008 156030 156105 156156 156157 156585 157197 153079 154290 155436
177323 18
151026 151171 154105 154495 155108 155192 155665 155667 156008 156030 156105 156156 156157 156585 157197 154290 153079 155436
177324 1
156801
177326 1
156801
177328 1
156801
177329 1
156801
177330 1
156801
177331 1
156801
177332 1
156801
177333 1
156801
177334 7
152372 152669 152732 151874 151914 152162 156801
177335 7
152372 152669 152732 151874 151914 152162 156801
177336 4
151874 151914 152162 156801
177337 15
151026 151171 154105 154495 155108 155192 155665 155667 156008 156030 156105 156156 156157 156585 157197
177339 9
155665 155667 156008 156030 156105 156156 156157 156585 157197
177340 24
156801 151292 151370 151493 151917 151990 152022 152103 152251 152824 152897 152976 153210 153362 154217 154475 154799 154984 155409 156483 156484 151252 156855 156953
177341 26
151252 151292 151370 151493 151917 151990 152022 152103 152251 152824 152897 152976 153210 153362 154217 154475 154799 154984 155409 156483 156484 156855 156953 154290 155436 153079
177342 9
155665 155667 156008 156030 156105 156156 156157 156585 157197
177343 35
155665 155667 156008 156030 156105 156156 156157 156585 157197 152824 152897 152976 153210 153362 154217 154475 154799 154984 155409 151252 151292 151370 151493 151917 151990 152022 156483 156484 152103 156855 156953 152251 154290 155436 153079
177344 38
151252 151292 151370 151493 151917 151990 152022 152103 152251 152824 152897 152976 153210 153362 154217 154475 154799 154984 155409 156483 156484 156855 156953 154290 155436 153079 155367 155381 152562 151575 155911 155927 155930 153275 155201 155244 155318 157243
177345 38
151252 151292 151370 151493 151917 151990 152022 152103 152251 152824 152897 152976 153210 153362 154217 154475 154799 154984 155409 156483 156484 156855 156953 154290 155436 153079 155367 155381 152562 151575 155911 155927 155930 153275 155201 155244 155318 157243
177346 38
151252 151292 151370 151493 151917 151990 152022 152103 152251 152824 152897 152976 153210 153362 154217 154475 154799 154984 155409 156483 156484 156855 156953 154290 155436 153079 155367 155381 152562 151575 155911 155927 155930 153275 155201 155244 155318 157243
177349 26
151252 151292 151370 151493 151917 151990 152022 152103 152251 152824 152897 152976 153210 153362 154217 154475 154799 154984 155409 156483 156484 156855 156953 154290 155436 153079
177350 26
151252 151292 151370 151493 151917 151990 152022 152103 152251 152824 152897 152976 153210 153362 154217 154475 154799 154984 155409 156483 156484 156855 156953 154290 155436 153079
177351 26
151252 151292 151370 151493 151917 151990 152022 152103 152251 152824 152897 152976 153210 153362 154217 154475 154799 154984 155409 156483 156484 156855 156953 154290 155436 153079
177352 26
151252 151292 151370 151493 151917 151990 152022 152103 152251 152824 152897 152976 153210 153362 154217 154475 154799 154984 155409 156483 156484 156855 156953 154290 155436 153079
177354 26
151252 151292 151370 151493 151917 151990 152022 152103 152251 152824 152897 152976 153210 153362 154217 154475 154799 154984 155409 156483 156484 156855 156953 154290 155436 153079
177355 26
151252 151292 151370 151493 151917 151990 152022 152103 152251 152824 152897 152976 153210 153362 154217 154475 154799 154984 155409 156483 156484 156855 156953 154290 155436 153079
177356 23
151252 152103 153210 154475 154799 155409 152022 151292 152251 152824 152897 152976 151370 153362 154217 151493 151917 154984 151990 156483 156484 156855 156953
177357 25
155146 155147 151370 151493 151917 151990 152022 152103 152251 152824 152897 152976 153210 153362 154217 154475 154799 154984 151252 151292 155409 156483 156484 156855 156953
177358 25
155146 155147 151370 151493 151917 151990 152022 152103 152251 152824 152897 152976 153210 153362 154217 154475 154799 154984 151252 151292 155409 156483 156484 156855 156953
177359 25
155146 155147 153210 154475 154799 151252 152103 155409 152251 152824 152897 152976 151370 153362 154217 151493 151917 154984 151990 152022 151292 156483 156484 156855 156953
177360 25
155146 155147 153210 154475 154799 151252 152103 155409 152251 152824 152897 152976 151370 153362 154217 151493 151917 154984 151990 152022 151292 156483 156484 156855 156953
177361 25
155146 155147 153210 154475 154799 151252 152103 155409 152251 152824 152897 152976 151370 153362 154217 151493 151917 154984 151990 152022 151292 156483 156484 156855 156953
177362 25
155146 155147 151370 151493 151917 151990 152022 152103 152251 152824 152897 152976 153210 153362 154217 154475 154799 154984 151252 151292 155409 156483 156484 156855 156953
177363 23
151252 151292 151370 151493 151917 151990 152022 152103 152251 152824 152897 152976 153210 153362 154217 154475 154799 154984 155409 156483 156484 156855 156953
177364 25
155146 155147 151370 151493 151917 151990 152022 152103 152251 152824 152897 152976 153210 153362 154217 154475 154799 154984 151252 151292 155409 156483 156484 156855 156953
177365 25
155146 155147 151370 151493 151917 151990 152022 152103 152251 152824 152897 152976 153210 153362 154217 154475 154799 154984 151252 151292 155409 156483 156484 156855 156953
177366 26
151252 151292 151370 151493 151917 151990 152022 152103 152251 152824 152897 152976 153210 153362 154217 154475 154799 154984 155409 156483 156484 156855 156953 154290 155436 153079
177367 26
151292 151370 151493 151917 151990 152022 152251 152824 152897 152976 153362 154217 154984 156483 156484 156855 156953 153210 155409 151252 152103 154475 154799 154290 155436 153079
177369 26
151252 151292 151370 151493 151917 151990 152022 152103 152251 152824 152897 152976 153210 153362 154217 154475 154799 154984 155409 156483 156484 156855 156953 154290 155436 153079
177372 26
151252 151292 151370 151493 151917 151990 152022 152103 152251 152824 152897 152976 153210 153362 154217 154475 154799 154984 155409 156483 156484 156855 156953 154290 155436 153079
177373 26
151252 151292 151370 151493 151917 151990 152022 152103 152251 152824 152897 152976 153210 153362 154217 154475 154799 154984 155409 156483 156484 156855 156953 154290 155436 153079
177374 26
151252 151292 151370 151493 151917 151990 152022 152103 152251 152824 152897 152976 153210 153362 154217 154475 154799 154984 155409 156483 156484 156855 156953 154290 155436 153079
177376 26
151252 151292 151370 151493 151917 151990 152022 152103 152251 152824 152897 152976 153210 153362 154217 154475 154799 154984 155409 156483 156484 156855 156953 154290 155436 153079
177378 26
151252 151292 151370 151493 151917 151990 152022 152103 152251 152824 152897 152976 153210 153362 154217 154475 154799 154984 155409 156483 156484 156855 156953 154290 155436 153079
177380 26
151252 151292 151370 151493 151917 151990 152022 152103 152251 152824 152897 152976 153210 153362 154217 154475 154799 154984 155409 156483 156484 156855 156953 154290 155436 153079
177381 26
151252 151292 151370 151493 151917 151990 152022 152103 152251 152824 152897 152976 153210 153362 154217 154475 154799 154984 155409 156483 156484 156855 156953 154290 155436 153079
177382 26
151252 151292 151370 151493 151917 151990 152022 152103 152251 152824 152897 152976 153210 153362 154217 154475 154799 154984 155409 156483 156484 156855 156953 154290 155436 153079
