177993 7
151874 151914 152162 152372 152669 152732 156801
177994 7
151874 151914 152162 152372 152669 152732 156801
177995 7
151874 151914 152162 152372 152669 152732 156801
177996 7
151874 151914 152162 152372 152669 152732 156801
177998 7
151874 151914 152162 152372 152669 152732 156801
177999 7
151874 151914 152162 152372 152669 152732 156801
178000 7
151874 151914 152162 152372 152669 152732 156801
178001 7
151874 151914 152162 152372 152669 152732 156801
178002 30
151874 151914 152162 152372 152669 152732 156801 151990 152022 152103 151370 152251 151493 151252 151292 152824 152897 152976 153210 153362 154217 154475 154799 154984 155409 156483 156484 151917 156855 156953
178003 30
151874 151914 152162 152372 152669 152732 156801 151990 152022 152103 151370 152251 151493 151252 151292 152824 152897 152976 153210 153362 154217 154475 154799 154984 155409 156483 156484 151917 156855 156953
178004 24
156801 151292 151370 151493 151917 151990 152022 152103 152251 152824 152897 152976 153210 153362 154217 154475 154799 154984 155409 156483 156484 151252 156855 156953
178005 24
156801 151292 151370 151493 151917 151990 152022 152103 152251 152824 152897 152976 153210 153362 154217 154475 154799 154984 155409 156483 156484 151252 156855 156953
178006 24
156801 151292 151370 151493 151917 151990 152022 152103 152251 152824 152897 152976 153210 153362 154217 154475 154799 154984 155409 156483 156484 151252 156855 156953
178007 24
156801 151370 151493 151917 151990 152022 152251 152824 152897 152976 153362 154217 154984 156483 156484 151292 156855 156953 155409 151252 152103 154475 154799 153210
178008 24
156801 151292 151370 151493 151917 151990 152022 152103 152251 152824 152897 152976 153210 153362 154217 154475 154799 154984 155409 156483 156484 151252 156855 156953
178009 24
156801 151292 151370 151493 151917 151990 152022 152103 152251 152824 152897 152976 153210 153362 154217 154475 154799 154984 155409 156483 156484 151252 156855 156953
178010 24
156801 151292 151370 151493 151917 151990 152022 152103 152251 152824 152897 152976 153210 153362 154217 154475 154799 154984 155409 156483 156484 151252 156855 156953
178011 24
156801 151292 151370 151493 151917 151990 152022 152103 152251 152824 152897 152976 153210 153362 154217 154475 154799 154984 155409 156483 156484 151252 156855 156953
178013 24
156801 151292 151370 151493 151917 151990 152022 152103 152251 152824 152897 152976 153210 153362 154217 154475 154799 154984 155409 156483 156484 151252 156855 156953
178015 24
156801 151292 151370 151493 151917 151990 152022 152103 152251 152824 152897 152976 153210 153362 154217 154475 154799 154984 155409 156483 156484 151252 156855 156953
178016 24
156801 151292 151370 151493 151917 151990 152022 152103 152251 152824 152897 152976 153210 153362 154217 154475 154799 154984 155409 156483 156484 151252 156855 156953
178017 24
156801 151292 151370 151493 151917 151990 152022 152103 152251 152824 152897 152976 153210 153362 154217 154475 154799 154984 155409 156483 156484 151252 156855 156953
178018 24
156801 151292 151370 151493 151917 151990 152022 152103 152251 152824 152897 152976 153210 153362 154217 154475 154799 154984 155409 156483 156484 151252 156855 156953
178019 24
156801 151292 151370 151493 151917 151990 152022 152103 152251 152824 152897 152976 153210 153362 154217 154475 154799 154984 155409 156483 156484 151252 156855 156953
178020 24
156801 151292 151370 151493 151917 151990 152022 152103 152251 152824 152897 152976 153210 153362 154217 154475 154799 154984 155409 156483 156484 151252 156855 156953
178021 24
156801 151292 151370 151493 151917 151990 152022 152103 152251 152824 152897 152976 153210 153362 154217 154475 154799 154984 155409 156483 156484 151252 156855 156953
178022 24
156801 151292 151370 151493 151917 151990 152022 152103 152251 152824 152897 152976 153210 153362 154217 154475 154799 154984 155409 156483 156484 151252 156855 156953
178023 24
156801 152103 153210 154475 154799 155409 151252 151292 152251 152824 152897 152976 151370 153362 154217 151493 151917 154984 151990 156483 156484 152022 156855 156953
178024 24
156801 151292 151370 151493 151917 151990 152022 152103 152251 152824 152897 152976 153210 153362 154217 154475 154799 154984 155409 156483 156484 151252 156855 156953
178025 24
156801 151292 151370 151493 151917 151990 152022 152103 152251 152824 152897 152976 153210 153362 154217 154475 154799 154984 155409 156483 156484 151252 156855 156953
178026 42
151874 151914 152162 151171 151026 154105 154495 155108 155192 155665 155667 156008 156030 156105 156156 156157 156585 157197 156801 154984 151917 151990 152022 151493 152251 152824 152897 152976 153362 156483 156484 151292 154217 156855 156953 151370 151252 153210 154475 155409 152103 154799
178028 39
151026 151171 154105 154495 155108 155192 155665 155667 156008 156030 156105 156156 156157 156585 157197 156801 151252 154217 154475 151292 154799 154984 151370 151493 155409 151917 151990 152022 152103 152251 152824 152897 156483 156484 152976 153210 156855 156953 153362
178029 39
151026 151171 154105 154495 155108 155192 155665 155667 156008 156030 156105 156156 156157 156585 157197 156801 151252 154217 154475 151292 154799 154984 151370 151493 155409 151917 151990 152022 152103 152251 152824 152897 156483 156484 152976 153210 156855 156953 153362
178030 39
151026 151171 154105 154495 155108 155192 155665 155667 156008 156030 156105 156156 156157 156585 157197 156801 151252 154217 154475 151292 154799 154984 151370 151493 155409 151917 151990 152022 152103 152251 152824 152897 156483 156484 152976 153210 156855 156953 153362
178031 39
151026 151171 154105 154495 155108 155192 155665 155667 156008 156030 156105 156156 156157 156585 157197 156801 151252 154217 154475 151292 154799 154984 151370 151493 155409 151917 151990 152022 152103 152251 152824 152897 156483 156484 152976 153210 156855 156953 153362
178032 39
151026 151171 154105 154495 155108 155192 155665 155667 156008 156030 156105 156156 156157 156585 157197 156801 151252 154217 154475 151292 154799 154984 151370 151493 155409 151917 151990 152022 152103 152251 152824 152897 156483 156484 152976 153210 156855 156953 153362
178034 42
151874 151914 152162 151171 151026 154105 154495 155108 155192 156801 155667 156008 156030 156105 156156 156157 156585 155665 157197 151493 154217 154475 151252 154799 154984 151292 151917 155409 151990 152022 152103 151370 152251 152824 152897 156483 156484 152976 153210 156855 156953 153362
178036 27
151874 151914 152162 156801 151252 151292 151917 151990 152022 152103 151370 152251 152824 152897 152976 153210 153362 154217 154475 154799 154984 155409 156483 156484 151493 156855 156953
178037 27
151874 151914 152162 156801 151252 151292 151917 151990 152022 152103 151370 152251 152824 152897 152976 153210 153362 154217 154475 154799 154984 155409 156483 156484 151493 156855 156953
178038 27
151874 151914 152162 156801 151252 151292 151917 151990 152022 152103 151370 152251 152824 152897 152976 153210 153362 154217 154475 154799 154984 155409 156483 156484 151493 156855 156953
178040 27
151874 151914 152162 156801 151252 151292 151917 151990 152022 152103 151370 152251 152824 152897 152976 153210 153362 154217 154475 154799 154984 155409 156483 156484 151493 156855 156953
178041 24
156801 151292 151370 151493 151917 151990 152022 152103 152251 152824 152897 152976 153210 153362 154217 154475 154799 154984 155409 156483 156484 151252 156855 156953
178042 24
156801 151292 151370 151493 151917 151990 152022 152103 152251 152824 152897 152976 153210 153362 154217 154475 154799 154984 155409 156483 156484 151252 156855 156953
178043 26
151252 151292 151370 151493 151917 151990 152022 152103 152251 152824 152897 152976 153210 153362 154217 154475 154799 154984 155409 156483 156484 156855 156953 154290 155436 153079
178044 24
156801 151292 151370 151493 151917 151990 152022 152103 152251 152824 152897 152976 153210 153362 154217 154475 154799 154984 155409 156483 156484 151252 156855 156953
178045 24
156801 151292 151370 151493 151917 151990 152022 152103 152251 152824 152897 152976 153210 153362 154217 154475 154799 154984 155409 156483 156484 151252 156855 156953
178046 24
156801 151292 151370 151493 151917 151990 152022 152103 152251 152824 152897 152976 153210 153362 154217 154475 154799 154984 155409 156483 156484 151252 156855 156953
178047 24
156801 151292 151370 151493 151917 151990 152022 152103 152251 152824 152897 152976 153210 153362 154217 154475 154799 154984 155409 156483 156484 151252 156855 156953
178049 24
156801 151292 151370 151493 151917 151990 152022 152103 152251 152824 152897 152976 153210 153362 154217 154475 154799 154984 155409 156483 156484 151252 156855 156953
178050 24
156801 152103 153210 154475 154799 155409 151252 151292 152251 152824 152897 152976 151370 153362 154217 151493 151917 154984 151990 156483 156484 152022 156855 156953
178051 24
156801 151292 151370 151493 151917 151990 152022 152103 152251 152824 152897 152976 153210 153362 154217 154475 154799 154984 155409 156483 156484 151252 156855 156953
178052 1
156801
178053 24
156801 151292 151370 151493 151917 151990 152022 152103 152251 152824 152897 152976 153210 153362 154217 154475 154799 154984 155409 156483 156484 151252 156855 156953
178054 24
156801 151292 151370 151493 151917 151990 152022 152103 152251 152824 152897 152976 153210 153362 154217 154475 154799 154984 155409 156483 156484 151252 156855 156953
178056 1
156801
178057 1
156801
178058 1
156801
178059 1
156801
178060 1
156801
178061 1
156801
178063 1
156801
178064 4
151874 151914 152162 156801
178065 25
155665 155667 156008 156030 156105 156156 156157 156585 157197 151874 151914 152162 151927 151228 152708 152733 154170 154171 155343 156743 151524 156801 156772 152108 151609
178066 25
155665 155667 156008 156030 156105 156156 156157 156585 157197 151874 151914 152162 151927 151228 152708 152733 154170 154171 155343 156743 151524 156801 156772 152108 151609
178067 27
156972 157091 152162 151874 151914 156008 156030 156105 156156 156157 156585 155665 155667 157197 152708 152733 154170 154171 155343 156743 151524 151927 151228 156801 151609 156772 152108
178068 25
155665 155667 156008 156030 156105 156156 156157 156585 157197 151874 151914 152162 151927 151228 152708 152733 154170 154171 155343 156743 151524 156801 156772 152108 151609
178069 25
155665 155667 156008 156030 156105 156156 156157 156585 157197 151874 151914 152162 151927 151228 152708 152733 154170 154171 155343 156743 151524 156801 156772 152108 151609
178070 24
151874 151914 152162 156972 157091 156008 156030 156105 156156 156157 156585 155665 155667 157197 156801 151228 154170 154171 151524 151927 155343 152708 152733 156743
178072 24
151874 151914 152162 156972 157091 156008 156030 156105 156156 156157 156585 155665 155667 157197 156801 152733 154170 154171 155343 156743 151524 151927 151228 152708
178074 27
156972 157091 156008 156030 156105 156156 156157 156585 155665 155667 157197 152162 151874 151914 152708 152733 154170 154171 155343 156743 151524 151927 151228 156801 151609 156772 152108
178078 27
156972 157091 156008 156030 156105 156156 156157 156585 155665 155667 157197 152162 151874 151914 152708 152733 154170 154171 155343 156743 151524 151927 151228 156801 151609 156772 152108
178080 27
156972 157091 156008 156030 156105 156156 156157 156585 155665 155667 157197 152162 151874 151914 152708 152733 154170 154171 155343 156743 151524 151927 151228 156801 151609 156772 152108
178083 25
155665 155667 156008 156030 156105 156156 156157 156585 157197 151874 151914 152162 151609 156772 152108 151228 152708 152733 154170 154171 155343 156743 151927 151524 156801
178084 25
155665 155667 156008 156030 156105 156156 156157 156585 157197 151874 151914 152162 151609 156772 152108 151228 152708 152733 154170 154171 155343 156743 151927 151524 156801
178085 25
155665 155667 156008 156030 156105 156156 156157 156585 157197 151874 151914 152162 151609 156772 152108 151228 152708 152733 154170 154171 155343 156743 151927 151524 156801
178086 25
155665 155667 156008 156030 156105 156156 156157 156585 157197 151874 151914 152162 151609 156772 152108 151228 152708 152733 154170 154171 155343 156743 151927 151524 156801
178089 25
155665 155667 156008 156030 156105 156156 156157 156585 157197 151874 151914 152162 151609 156772 152108 151228 152708 152733 154170 154171 155343 156743 151927 151524 156801
178091 25
155665 155667 156008 156030 156105 156156 156157 156585 157197 151874 151914 152162 151609 156772 152108 151228 152708 152733 154170 154171 155343 156743 151927 151524 156801
178093 25
155665 155667 156008 156030 156105 156156 156157 156585 157197 151874 151914 152162 151609 156772 152108 151228 152708 152733 154170 154171 155343 156743 151927 151524 156801
178095 25
155665 155667 156008 156030 156105 156156 156157 156585 157197 151874 151914 152162 151609 156772 152108 151228 152708 152733 154170 154171 155343 156743 151927 151524 156801
178096 25
155665 155667 156008 156030 156105 156156 156157 156585 157197 151874 151914 152162 151609 156772 152108 151228 152708 152733 154170 154171 155343 156743 151927 151524 156801
178097 25
155665 155667 156008 156030 156105 156156 156157 156585 157197 151874 151914 152162 151609 156772 152108 151228 152708 152733 154170 154171 155343 156743 151927 151524 156801
178098 25
155665 155667 156008 156030 156105 156156 156157 156585 157197 151874 151914 152162 151609 156772 152108 151228 152708 152733 154170 154171 155343 156743 151927 151524 156801
178099 16
151874 151914 152162 152108 151609 156772 151524 151228 152708 152733 154170 154171 155343 156743 151927 156801
178100 16
151874 151914 152162 152108 151609 156772 151524 151228 152708 152733 154170 154171 155343 156743 151927 156801
178101 16
151874 151914 152162 152108 151609 156772 151524 151228 152708 152733 154170 154171 155343 156743 151927 156801
178104 16
151874 151914 152162 152108 151609 156772 151524 151228 152708 152733 154170 154171 155343 156743 151927 156801
178106 13
151874 151914 152162 151524 151927 151228 152708 152733 154170 154171 155343 156743 156801
178107 13
151874 151914 152162 151524 151927 151228 152708 152733 154170 154171 155343 156743 156801
178108 13
151874 151914 152162 151524 151927 151228 152708 152733 154170 154171 155343 156743 156801
178110 13
151874 151914 152162 151524 151927 151228 152708 152733 154170 154171 155343 156743 156801
178111 13
151874 151914 152162 151524 151927 151228 152708 152733 154170 154171 155343 156743 156801
178112 13
151874 151914 152162 151524 151927 151228 152708 152733 154170 154171 155343 156743 156801
178113 28
151874 151914 152162 151171 151026 154105 154495 155108 155192 155665 155667 156008 156030 156105 156156 156157 156585 157197 151524 154170 154171 151927 151228 152708 155343 156743 152733 156801
178114 28
151874 151914 152162 151171 151026 154105 154495 155108 155192 155665 155667 156008 156030 156105 156156 156157 156585 157197 151524 154170 154171 151927 151228 152708 155343 156743 152733 156801
178115 28
151874 151914 152162 151171 151026 154105 154495 155108 155192 155665 155667 156008 156030 156105 156156 156157 156585 157197 151524 154170 154171 151927 151228 152708 155343 156743 152733 156801
178118 13
151874 151914 152162 151524 151927 151228 152708 152733 154170 154171 155343 156743 156801
178119 13
151874 151914 152162 151524 151927 151228 152708 152733 154170 154171 155343 156743 156801
178120 22
155665 155667 156008 156030 156105 156156 156157 156585 157197 151874 151914 152162 154171 151524 151927 151228 154170 152708 152733 156743 155343 156801
178121 22
155665 155667 156008 156030 156105 156156 156157 156585 157197 151874 151914 152162 154171 151524 151927 151228 154170 152708 152733 156743 155343 156801
178122 22
155665 155667 156008 156030 156105 156156 156157 156585 157197 151874 151914 152162 152708 152733 156743 155343 151524 151927 154170 154171 151228 156801
178124 10
151228 151524 151927 152708 152733 154170 154171 155343 156743 156801
178126 10
151228 151524 151927 152708 152733 154170 154171 155343 156743 156801
178127 10
151228 151524 151927 152708 152733 154170 154171 155343 156743 156801
178128 10
151228 151524 151927 152708 152733 154170 154171 155343 156743 156801
178129 10
151228 151524 151927 152708 152733 154170 154171 155343 156743 156801
178131 10
151228 151524 151927 152708 152733 154170 154171 155343 156743 156801
178132 16
151874 151914 152162 152108 151609 156772 151524 151228 152708 152733 154170 154171 155343 156743 151927 156801
178133 10
151228 151524 151927 152708 152733 154170 154171 155343 156743 156801
178134 10
151228 151524 151927 152708 152733 154170 154171 155343 156743 156801
178135 10
151228 151524 151927 152708 152733 154170 154171 155343 156743 156801
178136 10
151228 151524 151927 152708 152733 154170 154171 155343 156743 156801
178137 27
151874 151914 152162 156801 151252 151292 151917 151990 152022 152103 151370 152251 152824 152897 152976 153210 153362 154217 154475 154799 154984 155409 156483 156484 151493 156855 156953
178138 27
151874 151914 152162 156801 151252 151292 151917 151990 152022 152103 151370 152251 152824 152897 152976 153210 153362 154217 154475 154799 154984 155409 156483 156484 151493 156855 156953
178139 3
151609 152108 156772
178141 24
156801 151292 151370 151493 151917 151990 152022 152103 152251 152824 152897 152976 153210 153362 154217 154475 154799 154984 155409 156483 156484 151252 156855 156953
178143 24
156801 151292 151370 151493 151917 151990 152022 152103 152251 152824 152897 152976 153210 153362 154217 154475 154799 154984 155409 156483 156484 151252 156855 156953
178144 24
156801 151292 151370 151493 151917 151990 152022 152103 152251 152824 152897 152976 153210 153362 154217 154475 154799 154984 155409 156483 156484 151252 156855 156953
178145 24
156801 151292 151370 151493 151917 151990 152022 152103 152251 152824 152897 152976 153210 153362 154217 154475 154799 154984 155409 156483 156484 151252 156855 156953
178147 24
156801 151292 151370 151493 151917 151990 152022 152103 152251 152824 152897 152976 153210 153362 154217 154475 154799 154984 155409 156483 156484 151252 156855 156953
178149 24
156801 151292 151370 151493 151917 151990 152022 152103 152251 152824 152897 152976 153210 153362 154217 154475 154799 154984 155409 156483 156484 151252 156855 156953
178150 24
156801 151292 151370 151493 151917 151990 152022 152103 152251 152824 152897 152976 153210 153362 154217 154475 154799 154984 155409 156483 156484 151252 156855 156953
178151 24
156801 151292 151370 151493 151917 151990 152022 152103 152251 152824 152897 152976 153210 153362 154217 154475 154799 154984 155409 156483 156484 151252 156855 156953
178153 28
151228 151524 151927 152708 152733 154170 154171 155343 156743 151026 154495 155108 155192 154105 151171 155667 156008 156030 156105 156156 156157 156585 155665 157197 151874 152162 151914 156801
178154 28
151228 151524 151927 152708 152733 154170 154171 155343 156743 151026 154495 155108 155192 154105 151171 155667 156008 156030 156105 156156 156157 156585 155665 157197 151874 152162 151914 156801
178157 28
151228 151524 151927 152708 152733 154170 154171 155343 156743 151026 154495 155108 155192 154105 151171 155667 156008 156030 156105 156156 156157 156585 155665 157197 151874 152162 151914 156801
178159 28
151228 151524 151927 152708 152733 154170 154171 155343 156743 151026 154495 155108 155192 154105 151171 155667 156008 156030 156105 156156 156157 156585 155665 157197 151874 152162 151914 156801
178160 28
151228 151524 151927 152708 152733 154170 154171 155343 156743 151026 154495 155108 155192 154105 151171 155667 156008 156030 156105 156156 156157 156585 155665 157197 151874 152162 151914 156801
178161 24
152708 152733 155343 156743 151524 154170 154171 151927 151228 155667 156008 156030 156105 156156 156157 156585 155665 157197 155192 154105 151171 151026 154495 155108
178162 24
152708 152733 155343 156743 151524 154170 154171 151927 151228 151026 154495 155108 155192 154105 151171 155667 156008 156030 156105 156156 156157 156585 155665 157197
178164 24
152708 152733 155343 156743 151524 154170 154171 151927 151228 151026 154495 155108 155192 154105 151171 155667 156008 156030 156105 156156 156157 156585 155665 157197
178165 24
152708 152733 155343 156743 151524 154170 154171 151927 151228 151026 154495 155108 155192 154105 151171 155667 156008 156030 156105 156156 156157 156585 155665 157197
178166 27
151874 151914 152162 156801 151252 151292 151917 151990 152022 152103 151370 152251 152824 152897 152976 153210 153362 154217 154475 154799 154984 155409 156483 156484 151493 156855 156953
178167 27
151874 151914 152162 156801 151252 151292 151917 151990 152022 152103 151370 152251 152824 152897 152976 153210 153362 154217 154475 154799 154984 155409 156483 156484 151493 156855 156953
178168 27
151874 151914 152162 156801 151252 151292 151917 151990 152022 152103 151370 152251 152824 152897 152976 153210 153362 154217 154475 154799 154984 155409 156483 156484 151493 156855 156953
178169 27
151874 151914 152162 156801 151252 151292 151917 151990 152022 152103 151370 152251 152824 152897 152976 153210 153362 154217 154475 154799 154984 155409 156483 156484 151493 156855 156953
178172 27
151874 151914 152162 156801 151252 151292 151917 151990 152022 152103 151370 152251 152824 152897 152976 153210 153362 154217 154475 154799 154984 155409 156483 156484 151493 156855 156953
178174 27
151874 151914 152162 156801 151252 151292 151917 151990 152022 152103 151370 152251 152824 152897 152976 153210 153362 154217 154475 154799 154984 155409 156483 156484 151493 156855 156953
178175 27
151874 151914 152162 156801 151252 151292 151917 151990 152022 152103 151370 152251 152824 152897 152976 153210 153362 154217 154475 154799 154984 155409 156483 156484 151493 156855 156953
178176 27
151874 151914 152162 156801 151252 151292 151917 151990 152022 152103 151370 152251 152824 152897 152976 153210 153362 154217 154475 154799 154984 155409 156483 156484 151493 156855 156953
178177 27
151874 151914 152162 156801 151252 151292 151917 151990 152022 152103 151370 152251 152824 152897 152976 153210 153362 154217 154475 154799 154984 155409 156483 156484 151493 156855 156953
178178 27
151874 151914 152162 156801 151252 151292 151917 151990 152022 152103 151370 152251 152824 152897 152976 153210 153362 154217 154475 154799 154984 155409 156483 156484 151493 156855 156953
178179 27
151874 151914 152162 156801 151252 151292 151917 151990 152022 152103 151370 152251 152824 152897 152976 153210 153362 154217 154475 154799 154984 155409 156483 156484 151493 156855 156953
178180 27
151874 151914 152162 156801 151252 151292 151917 151990 152022 152103 151370 152251 152824 152897 152976 153210 153362 154217 154475 154799 154984 155409 156483 156484 151493 156855 156953
178181 27
151874 151914 152162 156801 151252 151292 151917 151990 152022 152103 151370 152251 152824 152897 152976 153210 153362 154217 154475 154799 154984 155409 156483 156484 151493 156855 156953
178182 27
151874 151914 152162 156801 151252 151292 151917 151990 152022 152103 151370 152251 152824 152897 152976 153210 153362 154217 154475 154799 154984 155409 156483 156484 151493 156855 156953
178183 27
151874 151914 152162 156801 151252 151292 151917 151990 152022 152103 151370 152251 152824 152897 152976 153210 153362 154217 154475 154799 154984 155409 156483 156484 151493 156855 156953
178184 27
151874 151914 152162 156801 151252 151292 151917 151990 152022 152103 151370 152251 152824 152897 152976 153210 153362 154217 154475 154799 154984 155409 156483 156484 151493 156855 156953
178185 42
155665 155667 156008 156030 156105 156156 156157 156585 157197 154495 155108 155192 151026 151171 154105 151914 152162 151874 156801 151493 154217 154475 151252 154799 154984 151292 151917 155409 151990 152022 152103 151370 152251 152824 152897 156483 156484 152976 153210 156855 156953 153362
178187 27
151874 151914 152162 156801 151252 151292 151917 151990 152022 152103 151370 152251 152824 152897 152976 153210 153362 154217 154475 154799 154984 155409 156483 156484 151493 156855 156953
178188 27
151874 151914 152162 156801 151252 151292 151917 151990 152022 152103 151370 152251 152824 152897 152976 153210 153362 154217 154475 154799 154984 155409 156483 156484 151493 156855 156953
178189 27
151874 151914 152162 156801 151252 151292 151917 151990 152022 152103 151370 152251 152824 152897 152976 153210 153362 154217 154475 154799 154984 155409 156483 156484 151493 156855 156953
178190 27
151874 151914 152162 156801 151252 151292 151917 151990 152022 152103 151370 152251 152824 152897 152976 153210 153362 154217 154475 154799 154984 155409 156483 156484 151493 156855 156953
178191 27
151874 151914 152162 156801 151252 151292 151917 151990 152022 152103 151370 152251 152824 152897 152976 153210 153362 154217 154475 154799 154984 155409 156483 156484 151493 156855 156953
178193 4
151874 151914 152162 156801
178194 4
151874 151914 152162 156801
178195 4
151874 151914 152162 156801
178196 4
151874 151914 152162 156801
178197 4
151874 151914 152162 156801
178198 4
151874 151914 152162 156801
178199 4
151874 151914 152162 156801
178201 4
151874 151914 152162 156801
178202 4
151874 151914 152162 156801
178203 7
151609 152108 156772 151874 152162 151914 156801
178204 4
151874 151914 152162 156801
178205 4
151874 151914 152162 156801
178206 4
151874 151914 152162 156801
178208 4
151874 151914 152162 156801
178209 4
151874 151914 152162 156801
178211 4
151874 151914 152162 156801
178212 4
151874 151914 152162 156801
178213 4
151874 151914 152162 156801
178214 13
151228 151524 151927 152708 152733 154170 154171 155343 156743 151914 151874 152162 156801
178215 4
151874 151914 152162 156801
178216 4
151874 151914 152162 156801
178217 4
151874 151914 152162 156801
178218 4
151874 151914 152162 156801
178219 4
151874 151914 152162 156801
178222 4
151874 151914 152162 156801
178224 4
151874 151914 152162 156801
178226 4
151874 151914 152162 156801
178227 4
151874 151914 152162 156801
178228 4
151874 151914 152162 156801
178229 4
151874 151914 152162 156801
178231 4
151874 151914 152162 156801
178232 4
151874 151914 152162 156801
178234 31
151228 151524 151927 152708 152733 154170 154171 155343 156743 152732 152669 152372 151171 154495 155108 155192 154105 155665 155667 156008 156030 156105 156156 156157 156585 151026 157197 151874 152162 151914 156801
178236 4
151874 151914 152162 156801
178237 4
151874 151914 152162 156801
178238 4
151874 151914 152162 156801
178240 4
151874 151914 152162 156801
178244 4
151874 151914 152162 156801
178245 4
151874 151914 152162 156801
178246 4
151874 151914 152162 156801
178247 8
152014 153249 154737 156053 151914 151874 152162 156801
178248 22
155665 155667 156008 156030 156105 156156 156157 156585 157197 151874 151914 152162 151927 151228 152708 152733 154170 154171 155343 156743 151524 156801
178249 4
151874 151914 152162 156801
178250 4
151874 151914 152162 156801
178251 4
151874 151914 152162 156801
178253 4
151874 151914 152162 156801
178254 4
151874 151914 152162 156801
178255 27
151874 151914 152162 156801 151252 153210 154475 154799 155409 152103 151292 152251 152824 152897 152976 151370 153362 154217 151917 151990 154984 152022 156483 156484 151493 156855 156953
178256 27
151874 151914 152162 156801 151252 153210 154475 154799 155409 152103 151292 152251 152824 152897 152976 151370 153362 154217 151917 151990 154984 152022 156483 156484 151493 156855 156953
178257 27
151874 151914 152162 156801 151252 153210 154475 154799 155409 152103 151292 152251 152824 152897 152976 151370 153362 154217 151917 151990 154984 152022 156483 156484 151493 156855 156953
178258 4
151874 151914 152162 156801
178259 4
151874 151914 152162 156801
178260 4
151874 151914 152162 156801
178261 4
151874 151914 152162 156801
178262 4
151874 151914 152162 156801
178263 4
151874 151914 152162 156801
178264 4
151874 151914 152162 156801
178265 4
151874 151914 152162 156801
178266 4
151874 151914 152162 156801
178268 4
151874 151914 152162 156801
178269 4
151874 151914 152162 156801
178270 4
151874 151914 152162 156801
178272 4
151874 151914 152162 156801
178273 4
151874 151914 152162 156801
178280 2
155146 155147
178281 2
155146 155147
178284 2
155146 155147
178285 2
155146 155147
178287 2
155146 155147
178295 4
151874 151914 152162 156801
178296 4
151874 151914 152162 156801
178297 4
151874 151914 152162 156801
178298 4
151874 151914 152162 156801
178302 24
156801 151292 151370 151493 151917 151990 152022 152103 152251 152824 152897 152976 153210 153362 154217 154475 154799 154984 155409 156483 156484 151252 156855 156953
178303 24
156801 151292 151370 151493 151917 151990 152022 152103 152251 152824 152897 152976 153210 153362 154217 154475 154799 154984 155409 156483 156484 151252 156855 156953
178306 24
156801 151292 151370 151493 151917 151990 152022 152103 152251 152824 152897 152976 153210 153362 154217 154475 154799 154984 155409 156483 156484 151252 156855 156953
178307 24
156801 151292 151370 151493 151917 151990 152022 152103 152251 152824 152897 152976 153210 153362 154217 154475 154799 154984 155409 156483 156484 151252 156855 156953
178308 24
156801 151292 151370 151493 151917 151990 152022 152103 152251 152824 152897 152976 153210 153362 154217 154475 154799 154984 155409 156483 156484 151252 156855 156953
178309 24
156801 151292 151370 151493 151917 151990 152022 152103 152251 152824 152897 152976 153210 153362 154217 154475 154799 154984 155409 156483 156484 151252 156855 156953
178310 24
156801 151292 151370 151493 151917 151990 152022 152103 152251 152824 152897 152976 153210 153362 154217 154475 154799 154984 155409 156483 156484 151252 156855 156953
178312 24
156801 151292 151370 151493 151917 151990 152022 152103 152251 152824 152897 152976 153210 153362 154217 154475 154799 154984 155409 156483 156484 151252 156855 156953
178313 24
156801 151292 151370 151493 151917 151990 152022 152103 152251 152824 152897 152976 153210 153362 154217 154475 154799 154984 155409 156483 156484 151252 156855 156953
178315 24
156801 151292 151370 151493 151917 151990 152022 152103 152251 152824 152897 152976 153210 153362 154217 154475 154799 154984 155409 156483 156484 151252 156855 156953
178316 24
156801 151292 151370 151493 151917 151990 152022 152103 152251 152824 152897 152976 153210 153362 154217 154475 154799 154984 155409 156483 156484 151252 156855 156953
178317 24
156801 151292 151370 151493 151917 151990 152022 152103 152251 152824 152897 152976 153210 153362 154217 154475 154799 154984 155409 156483 156484 151252 156855 156953
178318 24
156801 151292 151370 151493 151917 151990 152022 152103 152251 152824 152897 152976 153210 153362 154217 154475 154799 154984 155409 156483 156484 151252 156855 156953
178319 27
151874 151914 152162 156801 151252 151292 151917 151990 152022 152103 151370 152251 152824 152897 152976 153210 153362 154217 154475 154799 154984 155409 156483 156484 151493 156855 156953
178320 24
156801 151292 151370 151493 151917 151990 152022 152103 152251 152824 152897 152976 153210 153362 154217 154475 154799 154984 155409 156483 156484 151252 156855 156953
178321 24
156801 151292 151370 151493 151917 151990 152022 152103 152251 152824 152897 152976 153210 153362 154217 154475 154799 154984 155409 156483 156484 151252 156855 156953
178322 24
156801 151292 151370 151493 151917 151990 152022 152103 152251 152824 152897 152976 153210 153362 154217 154475 154799 154984 155409 156483 156484 151252 156855 156953
178325 24
156801 151292 151370 151493 151917 151990 152022 152103 152251 152824 152897 152976 153210 153362 154217 154475 154799 154984 155409 156483 156484 151252 156855 156953
178326 23
151252 151292 151370 151493 151917 151990 152022 152103 152251 152824 152897 152976 153210 153362 154217 154475 154799 154984 155409 156483 156484 156855 156953
178327 23
151252 151292 151370 151493 151917 151990 152022 152103 152251 152824 152897 152976 153210 153362 154217 154475 154799 154984 155409 156483 156484 156855 156953
178328 24
156801 151292 151370 151493 151917 151990 152022 152103 152251 152824 152897 152976 153210 153362 154217 154475 154799 154984 155409 156483 156484 151252 156855 156953
178329 24
156801 151292 151370 151493 151917 151990 152022 152103 152251 152824 152897 152976 153210 153362 154217 154475 154799 154984 155409 156483 156484 151252 156855 156953
178330 24
156801 151292 151370 151493 151917 151990 152022 152103 152251 152824 152897 152976 153210 153362 154217 154475 154799 154984 155409 156483 156484 151252 156855 156953
178331 27
151874 151914 152162 156801 151252 151292 151917 151990 152022 152103 151370 152251 152824 152897 152976 153210 153362 154217 154475 154799 154984 155409 156483 156484 151493 156855 156953
178333 27
151874 151914 152162 156801 151252 151292 151917 151990 152022 152103 151370 152251 152824 152897 152976 153210 153362 154217 154475 154799 154984 155409 156483 156484 151493 156855 156953
178335 4
151874 151914 152162 156801
178336 27
151874 151914 152162 156801 151252 151292 151917 151990 152022 152103 151370 152251 152824 152897 152976 153210 153362 154217 154475 154799 154984 155409 156483 156484 151493 156855 156953
178337 27
151874 151914 152162 156801 151252 151292 151917 151990 152022 152103 151370 152251 152824 152897 152976 153210 153362 154217 154475 154799 154984 155409 156483 156484 151493 156855 156953
178339 27
151874 151914 152162 156801 151252 151292 151917 151990 152022 152103 151370 152251 152824 152897 152976 153210 153362 154217 154475 154799 154984 155409 156483 156484 151493 156855 156953
178340 27
151874 151914 152162 156801 151252 151292 151917 151990 152022 152103 151370 152251 152824 152897 152976 153210 153362 154217 154475 154799 154984 155409 156483 156484 151493 156855 156953
178341 27
151874 151914 152162 156801 151252 151292 151917 151990 152022 152103 151370 152251 152824 152897 152976 153210 153362 154217 154475 154799 154984 155409 156483 156484 151493 156855 156953
178342 23
151252 151292 151370 151493 151917 151990 152022 152103 152251 152824 152897 152976 153210 153362 154217 154475 154799 154984 155409 156483 156484 156855 156953
178346 24
156801 151370 151493 151917 151990 152022 152251 152824 152897 152976 153362 154217 154984 156483 156484 151292 156855 156953 155409 151252 152103 154475 154799 153210
178347 27
151874 151914 152162 156801 151252 151292 151917 151990 152022 152103 151370 152251 152824 152897 152976 153210 153362 154217 154475 154799 154984 155409 156483 156484 151493 156855 156953
178349 27
151874 151914 152162 156801 151252 151292 151917 151990 152022 152103 151370 152251 152824 152897 152976 153210 153362 154217 154475 154799 154984 155409 156483 156484 151493 156855 156953
178350 4
151874 151914 152162 156801
178351 24
156801 151370 151493 151917 151990 152022 152251 152824 152897 152976 153362 154217 154984 156483 156484 151292 156855 156953 155409 151252 152103 154475 154799 153210
178352 30
151026 151171 154105 154495 155108 155192 156801 152022 152251 152824 152897 152976 153362 151292 154217 151370 154984 151493 151917 156483 156484 151990 156855 156953 155409 151252 154799 152103 153210 154475
178354 27
151874 151914 152162 156801 151370 151917 151990 152022 151493 152251 152824 152897 152976 153362 154217 154984 156483 156484 151292 156855 156953 155409 152103 151252 154475 154799 153210
178356 27
151874 151914 152162 156801 151252 151292 151917 151990 152022 152103 151370 152251 152824 152897 152976 153210 153362 154217 154475 154799 154984 155409 156483 156484 151493 156855 156953
178357 27
151874 151914 152162 156801 151252 151292 151917 151990 152022 152103 151370 152251 152824 152897 152976 153210 153362 154217 154475 154799 154984 155409 156483 156484 151493 156855 156953
178358 27
151874 151914 152162 156801 151252 151292 151917 151990 152022 152103 151370 152251 152824 152897 152976 153210 153362 154217 154475 154799 154984 155409 156483 156484 151493 156855 156953
178360 27
151874 151914 152162 156801 151252 151292 151917 151990 152022 152103 151370 152251 152824 152897 152976 153210 153362 154217 154475 154799 154984 155409 156483 156484 151493 156855 156953
178361 12
151228 151524 151927 152708 152733 154170 154171 155343 156743 151609 152108 156772
178362 12
151228 151524 151927 152708 152733 154170 154171 155343 156743 151609 152108 156772
178363 7
151874 151914 152162 152108 151609 156772 156801
178364 16
151228 151524 151927 152708 152733 154170 154171 155343 156743 151914 151874 152162 152108 151609 156772 156801
178365 16
151228 151524 151927 152708 152733 154170 154171 155343 156743 151914 151874 152162 152108 151609 156772 156801
178368 16
151228 151524 151927 152708 152733 154170 154171 155343 156743 151914 151874 152162 152108 151609 156772 156801
178369 16
151228 151524 151927 152708 152733 154170 154171 155343 156743 151914 151874 152162 152108 151609 156772 156801
178371 16
151228 151524 151927 152708 152733 154170 154171 155343 156743 151914 151874 152162 152108 151609 156772 156801
178372 27
151874 151914 152162 156801 151252 151292 151917 151990 152022 152103 151370 152251 152824 152897 152976 153210 153362 154217 154475 154799 154984 155409 156483 156484 151493 156855 156953
178374 36
151228 151524 151927 152708 152733 154170 154171 155343 156743 151914 151874 152162 156801 151252 152251 151292 151370 152824 152897 152976 153210 153362 151917 151493 154217 154475 154799 154984 151990 155409 156483 156484 152022 152103 156855 156953
178376 24
156801 151292 151370 151493 151917 151990 152022 152103 152251 152824 152897 152976 153210 153362 154217 154475 154799 154984 155409 156483 156484 151252 156855 156953
178377 23
151252 151292 151370 151493 151917 151990 152022 152103 152251 152824 152897 152976 153210 153362 154217 154475 154799 154984 155409 156483 156484 156855 156953
178378 40
155665 155667 156008 156030 156105 156156 156157 156585 157197 154495 155108 155192 151026 151171 154105 155146 155147 154217 154475 151292 154799 154984 151370 151493 151917 151990 155409 152022 152103 152251 152824 152897 152976 153210 156483 156484 153362 156855 156953 151252
178379 27
151874 151914 152162 156801 151252 151292 151917 151990 152022 152103 151370 152251 152824 152897 152976 153210 153362 154217 154475 154799 154984 155409 156483 156484 151493 156855 156953
178380 24
156801 151292 151370 151493 151917 151990 152022 152103 152251 152824 152897 152976 153210 153362 154217 154475 154799 154984 155409 156483 156484 151252 156855 156953
178381 24
156801 151292 151370 151493 151917 151990 152022 152103 152251 152824 152897 152976 153210 153362 154217 154475 154799 154984 155409 156483 156484 151252 156855 156953
178382 24
156801 151292 151370 151493 151917 151990 152022 152103 152251 152824 152897 152976 153210 153362 154217 154475 154799 154984 155409 156483 156484 151252 156855 156953
178383 24
156801 151292 151370 151493 151917 151990 152022 152103 152251 152824 152897 152976 153210 153362 154217 154475 154799 154984 155409 156483 156484 151252 156855 156953
178386 29
155665 155667 156008 156030 156105 156156 156157 156585 157197 151874 151914 152162 154737 152014 156053 153249 152733 151927 154170 154171 151228 155343 151524 156743 152708 152108 156772 151609 156801
178387 24
156801 151292 151370 151493 151917 151990 152022 152103 152251 152824 152897 152976 153210 153362 154217 154475 154799 154984 155409 156483 156484 151252 156855 156953
178388 24
156801 151292 151370 151493 151917 151990 152022 152103 152251 152824 152897 152976 153210 153362 154217 154475 154799 154984 155409 156483 156484 151252 156855 156953
178389 24
156801 151292 151370 151493 151917 151990 152022 152103 152251 152824 152897 152976 153210 153362 154217 154475 154799 154984 155409 156483 156484 151252 156855 156953
178390 24
156801 151292 151370 151493 151917 151990 152022 152103 152251 152824 152897 152976 153210 153362 154217 154475 154799 154984 155409 156483 156484 151252 156855 156953
178393 24
156801 151292 151370 151493 151917 151990 152022 152103 152251 152824 152897 152976 153210 153362 154217 154475 154799 154984 155409 156483 156484 151252 156855 156953
178395 34
152372 152669 152732 152108 151609 156772 151874 152162 151914 151171 154105 154495 155108 155192 151026 151927 154170 154171 151524 152708 151228 155343 156743 152733 156008 156030 156105 156156 156157 156585 155665 155667 157197 156801
178396 48
151026 151171 154105 154495 155108 155192 152733 151228 154170 154171 151524 151927 152708 155343 156743 155667 156008 156030 156105 156156 156157 156585 155665 157197 156801 154475 151990 154799 154984 152022 152103 152251 155409 151370 151493 152824 152897 152976 153210 153362 156483 156484 151252 151917 151292 156855 156953 154217
178397 48
151026 151171 154105 154495 155108 155192 152733 151228 154170 154171 151524 151927 152708 155343 156743 155667 156008 156030 156105 156156 156157 156585 155665 157197 156801 154475 151990 154799 154984 152022 152103 152251 155409 151370 151493 152824 152897 152976 153210 153362 156483 156484 151252 151917 151292 156855 156953 154217
178398 42
155665 155667 156008 156030 156105 156156 156157 156585 157197 151524 151927 152708 152733 154170 154171 155343 156743 151228 156801 151252 151917 154217 154475 154799 154984 151292 155409 151990 152022 152103 152251 151370 151493 152824 156483 156484 152897 152976 153210 156855 156953 153362
178399 24
156801 151292 151370 151493 151917 151990 152022 152103 152251 152824 152897 152976 153210 153362 154217 154475 154799 154984 155409 156483 156484 151252 156855 156953
178400 24
156801 151292 151370 151493 151917 151990 152022 152103 152251 152824 152897 152976 153210 153362 154217 154475 154799 154984 155409 156483 156484 151252 156855 156953
178403 24
156801 151292 151370 151493 151917 151990 152022 152103 152251 152824 152897 152976 153210 153362 154217 154475 154799 154984 155409 156483 156484 151252 156855 156953
178404 24
156801 151292 151370 151493 151917 151990 152022 152103 152251 152824 152897 152976 153210 153362 154217 154475 154799 154984 155409 156483 156484 151252 156855 156953
178405 33
151228 151524 151927 152708 152733 154170 154171 155343 156743 156801 152103 152251 151370 151493 152824 152897 152976 153210 153362 151252 151917 154217 154475 154799 154984 151292 155409 156483 156484 151990 152022 156855 156953
178406 24
156801 151292 151370 151493 151917 151990 152022 152103 152251 152824 152897 152976 153210 153362 154217 154475 154799 154984 155409 156483 156484 151252 156855 156953
178407 24
156801 151292 151370 151493 151917 151990 152022 152103 152251 152824 152897 152976 153210 153362 154217 154475 154799 154984 155409 156483 156484 151252 156855 156953
178409 24
156801 151292 151370 151493 151917 151990 152022 152103 152251 152824 152897 152976 153210 153362 154217 154475 154799 154984 155409 156483 156484 151252 156855 156953
178410 24
156801 151292 151370 151493 151917 151990 152022 152103 152251 152824 152897 152976 153210 153362 154217 154475 154799 154984 155409 156483 156484 151252 156855 156953
178411 24
156801 151292 151370 151493 151917 151990 152022 152103 152251 152824 152897 152976 153210 153362 154217 154475 154799 154984 155409 156483 156484 151252 156855 156953
178412 24
156801 151292 151370 151493 151917 151990 152022 152103 152251 152824 152897 152976 153210 153362 154217 154475 154799 154984 155409 156483 156484 151252 156855 156953
178414 24
156801 151292 151370 151493 151917 151990 152022 152103 152251 152824 152897 152976 153210 153362 154217 154475 154799 154984 155409 156483 156484 151252 156855 156953
178415 24
156801 151370 151493 151917 151990 152022 152251 152824 152897 152976 153362 154217 154984 156483 156484 151292 156855 156953 155409 151252 152103 154475 154799 153210
178416 24
156801 151292 151370 151493 151917 151990 152022 152103 152251 152824 152897 152976 153210 153362 154217 154475 154799 154984 155409 156483 156484 151252 156855 156953
178417 24
156801 151292 151370 151493 151917 151990 152022 152103 152251 152824 152897 152976 153210 153362 154217 154475 154799 154984 155409 156483 156484 151252 156855 156953
178419 24
156801 151292 151370 151493 151917 151990 152022 152103 152251 152824 152897 152976 153210 153362 154217 154475 154799 154984 155409 156483 156484 151252 156855 156953
178420 24
156801 151292 151370 151493 151917 151990 152022 152103 152251 152824 152897 152976 153210 153362 154217 154475 154799 154984 155409 156483 156484 151252 156855 156953
178421 24
156801 151292 151370 151493 151917 151990 152022 152103 152251 152824 152897 152976 153210 153362 154217 154475 154799 154984 155409 156483 156484 151252 156855 156953
178422 24
156801 151292 151370 151493 151917 151990 152022 152103 152251 152824 152897 152976 153210 153362 154217 154475 154799 154984 155409 156483 156484 151252 156855 156953
178423 33
155665 155667 156008 156030 156105 156156 156157 156585 157197 156801 152897 152976 153210 153362 154217 154475 154799 154984 155409 151252 151292 151370 151493 151917 151990 152022 156483 156484 152103 152251 156855 156953 152824
178425 24
156801 151292 151370 151493 151917 151990 152022 152103 152251 152824 152897 152976 153210 153362 154217 154475 154799 154984 155409 156483 156484 151252 156855 156953
178426 33
155665 155667 156008 156030 156105 156156 156157 156585 157197 156801 153362 154217 154984 151292 151370 151493 151917 151990 152022 152251 156483 156484 152824 152897 156855 156953 152976 154475 154799 153210 155409 151252 152103
178427 33
155665 155667 156008 156030 156105 156156 156157 156585 157197 156801 153362 154217 154984 151292 151370 151493 151917 151990 152022 152251 156483 156484 152824 152897 156855 156953 152976 154475 154799 153210 155409 151252 152103
178428 33
155665 155667 156008 156030 156105 156156 156157 156585 157197 156801 153362 154217 154984 151292 151370 151493 151917 151990 152022 152251 156483 156484 152824 152897 156855 156953 152976 154475 154799 153210 155409 151252 152103
178430 24
156801 151292 151370 151493 151917 151990 152022 152103 152251 152824 152897 152976 153210 153362 154217 154475 154799 154984 155409 156483 156484 151252 156855 156953
178431 24
156801 151292 151370 151493 151917 151990 152022 152103 152251 152824 152897 152976 153210 153362 154217 154475 154799 154984 155409 156483 156484 151252 156855 156953
178432 24
156801 151292 151370 151493 151917 151990 152022 152103 152251 152824 152897 152976 153210 153362 154217 154475 154799 154984 155409 156483 156484 151252 156855 156953
178433 42
151874 151914 152162 151171 151026 154105 154495 155108 155192 155665 155667 156008 156030 156105 156156 156157 156585 157197 156801 154984 151917 151990 152022 151493 152251 152824 152897 152976 153362 156483 156484 151292 154217 156855 156953 151370 151252 153210 154475 155409 152103 154799
178435 24
156801 151292 151370 151493 151917 151990 152022 152103 152251 152824 152897 152976 153210 153362 154217 154475 154799 154984 155409 156483 156484 151252 156855 156953
178436 24
156801 151370 151493 151917 151990 152022 152251 152824 152897 152976 153362 154217 154984 156483 156484 151292 156855 156953 155409 151252 152103 154475 154799 153210
178441 24
156801 151292 151370 151493 151917 151990 152022 152103 152251 152824 152897 152976 153210 153362 154217 154475 154799 154984 155409 156483 156484 151252 156855 156953
178442 24
156801 151292 151370 151493 151917 151990 152022 152103 152251 152824 152897 152976 153210 153362 154217 154475 154799 154984 155409 156483 156484 151252 156855 156953
178443 24
156801 151292 151370 151493 151917 151990 152022 152103 152251 152824 152897 152976 153210 153362 154217 154475 154799 154984 155409 156483 156484 151252 156855 156953
178444 24
156801 151292 151370 151493 151917 151990 152022 152103 152251 152824 152897 152976 153210 153362 154217 154475 154799 154984 155409 156483 156484 151252 156855 156953
178445 27
151609 152108 156772 156801 151917 151990 152022 151370 152251 152824 152897 152976 153362 154217 154984 156483 156484 151493 151292 156855 156953 152103 151252 154475 154799 153210 155409
178447 27
151609 152108 156772 156801 151252 151917 151990 152022 152103 151292 152251 152824 152897 152976 153210 153362 154217 154475 154799 154984 155409 156483 156484 151370 151493 156855 156953
178448 27
151609 152108 156772 156801 151252 151917 151990 152022 152103 151292 152251 152824 152897 152976 153210 153362 154217 154475 154799 154984 155409 156483 156484 151370 151493 156855 156953
178449 24
156801 151292 151370 151493 151917 151990 152022 152103 152251 152824 152897 152976 153210 153362 154217 154475 154799 154984 155409 156483 156484 151252 156855 156953
178450 24
156801 151292 151370 151493 151917 151990 152022 152103 152251 152824 152897 152976 153210 153362 154217 154475 154799 154984 155409 156483 156484 151252 156855 156953
178451 24
156801 151292 151370 151493 151917 151990 152022 152103 152251 152824 152897 152976 153210 153362 154217 154475 154799 154984 155409 156483 156484 151252 156855 156953
178452 24
156801 151292 151370 151493 151917 151990 152022 152103 152251 152824 152897 152976 153210 153362 154217 154475 154799 154984 155409 156483 156484 151252 156855 156953
178453 24
156801 151292 151370 151493 151917 151990 152022 152103 152251 152824 152897 152976 153210 153362 154217 154475 154799 154984 155409 156483 156484 151252 156855 156953
178456 24
156801 151292 151370 151493 151917 151990 152022 152103 152251 152824 152897 152976 153210 153362 154217 154475 154799 154984 155409 156483 156484 151252 156855 156953
178457 24
156801 151292 151370 151493 151917 151990 152022 152103 152251 152824 152897 152976 153210 153362 154217 154475 154799 154984 155409 156483 156484 151252 156855 156953
178460 24
156801 151292 151370 151493 151917 151990 152022 152103 152251 152824 152897 152976 153210 153362 154217 154475 154799 154984 155409 156483 156484 151252 156855 156953
178461 24
156801 151292 151370 151493 151917 151990 152022 152103 152251 152824 152897 152976 153210 153362 154217 154475 154799 154984 155409 156483 156484 151252 156855 156953
178462 24
156801 151292 151370 151493 151917 151990 152022 152103 152251 152824 152897 152976 153210 153362 154217 154475 154799 154984 155409 156483 156484 151252 156855 156953
178463 24
156801 151292 151370 151493 151917 151990 152022 152103 152251 152824 152897 152976 153210 153362 154217 154475 154799 154984 155409 156483 156484 151252 156855 156953
178464 24
156801 151292 151370 151493 151917 151990 152022 152103 152251 152824 152897 152976 153210 153362 154217 154475 154799 154984 155409 156483 156484 151252 156855 156953
178465 24
156801 151292 151370 151493 151917 151990 152022 152103 152251 152824 152897 152976 153210 153362 154217 154475 154799 154984 155409 156483 156484 151252 156855 156953
178466 24
156801 151292 151370 151493 151917 151990 152022 152103 152251 152824 152897 152976 153210 153362 154217 154475 154799 154984 155409 156483 156484 151252 156855 156953
178467 24
156801 151292 151370 151493 151917 151990 152022 152103 152251 152824 152897 152976 153210 153362 154217 154475 154799 154984 155409 156483 156484 151252 156855 156953
178470 48
151026 151171 154105 154495 155108 155192 155665 155667 156008 156030 156105 156156 156157 156585 157197 152708 152733 156743 155343 154171 151228 151524 151927 154170 156801 154475 151990 154799 154984 152022 152103 152251 155409 151370 151493 152824 152897 152976 153210 153362 156483 156484 151252 151917 151292 156855 156953 154217
178471 24
156801 151292 151370 151493 151917 151990 152022 152103 152251 152824 152897 152976 153210 153362 154217 154475 154799 154984 155409 156483 156484 151252 156855 156953
178472 24
156801 151292 151370 151493 151917 151990 152022 152103 152251 152824 152897 152976 153210 153362 154217 154475 154799 154984 155409 156483 156484 151252 156855 156953
178473 24
156801 151292 151370 151493 151917 151990 152022 152103 152251 152824 152897 152976 153210 153362 154217 154475 154799 154984 155409 156483 156484 151252 156855 156953
178476 24
156801 151292 151370 151493 151917 151990 152022 152103 152251 152824 152897 152976 153210 153362 154217 154475 154799 154984 155409 156483 156484 151252 156855 156953
178477 24
156801 151292 151370 151493 151917 151990 152022 152103 152251 152824 152897 152976 153210 153362 154217 154475 154799 154984 155409 156483 156484 151252 156855 156953
178478 24
156801 151292 151370 151493 151917 151990 152022 152103 152251 152824 152897 152976 153210 153362 154217 154475 154799 154984 155409 156483 156484 151252 156855 156953
178480 24
156801 151292 151370 151493 151917 151990 152022 152103 152251 152824 152897 152976 153210 153362 154217 154475 154799 154984 155409 156483 156484 151252 156855 156953
178482 24
156801 151292 151370 151493 151917 151990 152022 152103 152251 152824 152897 152976 153210 153362 154217 154475 154799 154984 155409 156483 156484 151252 156855 156953
178483 24
156801 151292 151370 151493 151917 151990 152022 152103 152251 152824 152897 152976 153210 153362 154217 154475 154799 154984 155409 156483 156484 151252 156855 156953
178484 23
151252 151292 151370 151493 151917 151990 152022 152103 152251 152824 152897 152976 153210 153362 154217 154475 154799 154984 155409 156483 156484 156855 156953
178485 24
156801 151292 151370 151493 151917 151990 152022 152103 152251 152824 152897 152976 153210 153362 154217 154475 154799 154984 155409 156483 156484 151252 156855 156953
178486 24
156801 151292 151370 151493 151917 151990 152022 152103 152251 152824 152897 152976 153210 153362 154217 154475 154799 154984 155409 156483 156484 151252 156855 156953
178487 26
151252 151292 151370 151493 151917 151990 152022 152103 152251 152824 152897 152976 153210 153362 154217 154475 154799 154984 155409 156483 156484 156855 156953 154290 155436 153079
178489 24
156801 151292 151370 151493 151917 151990 152022 152103 152251 152824 152897 152976 153210 153362 154217 154475 154799 154984 155409 156483 156484 151252 156855 156953
178491 24
156801 151292 151370 151493 151917 151990 152022 152103 152251 152824 152897 152976 153210 153362 154217 154475 154799 154984 155409 156483 156484 151252 156855 156953
178492 24
156801 151292 151370 151493 151917 151990 152022 152103 152251 152824 152897 152976 153210 153362 154217 154475 154799 154984 155409 156483 156484 151252 156855 156953
178493 24
156801 151292 151370 151493 151917 151990 152022 152103 152251 152824 152897 152976 153210 153362 154217 154475 154799 154984 155409 156483 156484 151252 156855 156953
178495 24
156801 151292 151370 151493 151917 151990 152022 152103 152251 152824 152897 152976 153210 153362 154217 154475 154799 154984 155409 156483 156484 151252 156855 156953
178497 24
156801 151292 151370 151493 151917 151990 152022 152103 152251 152824 152897 152976 153210 153362 154217 154475 154799 154984 155409 156483 156484 151252 156855 156953
178499 24
156801 151292 151370 151493 151917 151990 152022 152103 152251 152824 152897 152976 153210 153362 154217 154475 154799 154984 155409 156483 156484 151252 156855 156953
178500 24
156801 151292 151370 151493 151917 151990 152022 152103 152251 152824 152897 152976 153210 153362 154217 154475 154799 154984 155409 156483 156484 151252 156855 156953
178501 24
156801 151292 151370 151493 151917 151990 152022 152103 152251 152824 152897 152976 153210 153362 154217 154475 154799 154984 155409 156483 156484 151252 156855 156953
178502 24
156801 151292 151370 151493 151917 151990 152022 152103 152251 152824 152897 152976 153210 153362 154217 154475 154799 154984 155409 156483 156484 151252 156855 156953
178503 24
156801 151292 151370 151493 151917 151990 152022 152103 152251 152824 152897 152976 153210 153362 154217 154475 154799 154984 155409 156483 156484 151252 156855 156953
178504 23
151252 151292 151370 151493 151917 151990 152022 152103 152251 152824 152897 152976 153210 153362 154217 154475 154799 154984 155409 156483 156484 156855 156953
178506 23
151252 151292 151370 151493 151917 151990 152022 152103 152251 152824 152897 152976 153210 153362 154217 154475 154799 154984 155409 156483 156484 156855 156953
178508 23
151252 151292 151370 151493 151917 151990 152022 152103 152251 152824 152897 152976 153210 153362 154217 154475 154799 154984 155409 156483 156484 156855 156953
178509 23
151252 151292 151370 151493 151917 151990 152022 152103 152251 152824 152897 152976 153210 153362 154217 154475 154799 154984 155409 156483 156484 156855 156953
178510 23
151252 151292 151370 151493 151917 151990 152022 152103 152251 152824 152897 152976 153210 153362 154217 154475 154799 154984 155409 156483 156484 156855 156953
178513 32
151228 151524 151927 152708 152733 154170 154171 155343 156743 152022 152103 152251 151370 151493 152824 152897 152976 153210 153362 151252 151917 154217 154475 154799 154984 151292 155409 156483 156484 151990 156855 156953
178514 32
151228 151524 151927 152708 152733 154170 154171 155343 156743 152022 152103 152251 151370 151493 152824 152897 152976 153210 153362 151252 151917 154217 154475 154799 154984 151292 155409 156483 156484 151990 156855 156953
178515 32
151228 151524 151927 152708 152733 154170 154171 155343 156743 152022 152103 152251 151370 151493 152824 152897 152976 153210 153362 151252 151917 154217 154475 154799 154984 151292 155409 156483 156484 151990 156855 156953
178516 35
151228 151524 151927 152708 152733 154170 154171 155343 156743 151609 152108 156772 151493 152251 151252 151292 152824 152897 152976 153210 153362 151917 151370 154217 154475 154799 154984 151990 155409 156483 156484 152022 152103 156855 156953
178517 33
151228 151524 151927 152708 152733 154170 154171 155343 156743 156801 152103 152251 151370 151493 152824 152897 152976 153210 153362 151252 151917 154217 154475 154799 154984 151292 155409 156483 156484 151990 152022 156855 156953
178519 33
151228 151524 151927 152708 152733 154170 154171 155343 156743 156801 152103 152251 151370 151493 152824 152897 152976 153210 153362 151252 151917 154217 154475 154799 154984 151292 155409 156483 156484 151990 152022 156855 156953
178522 33
151228 151524 151927 152708 152733 154170 154171 155343 156743 156801 152103 152251 151370 151493 152824 152897 152976 153210 153362 151252 151917 154217 154475 154799 154984 151292 155409 156483 156484 151990 152022 156855 156953
178523 33
151228 151524 151927 152708 152733 154170 154171 155343 156743 156801 152103 152251 151370 151493 152824 152897 152976 153210 153362 151252 151917 154217 154475 154799 154984 151292 155409 156483 156484 151990 152022 156855 156953
178524 33
151228 151524 151927 152708 152733 154170 154171 155343 156743 156801 152103 152251 151370 151493 152824 152897 152976 153210 153362 151252 151917 154217 154475 154799 154984 151292 155409 156483 156484 151990 152022 156855 156953
178525 36
151874 151914 152162 151524 151927 151228 152708 152733 154170 154171 155343 156743 156801 151252 152251 151292 151370 152824 152897 152976 153210 153362 151917 151493 154217 154475 154799 154984 151990 155409 156483 156484 152022 152103 156855 156953
178526 33
151228 151524 151927 152708 152733 154170 154171 155343 156743 156801 152103 152251 151370 151493 152824 152897 152976 153210 153362 151252 151917 154217 154475 154799 154984 151292 155409 156483 156484 151990 152022 156855 156953
178527 39
151874 151914 152162 152108 151609 156772 151524 151228 152708 152733 154170 154171 155343 156743 151927 156801 152251 151493 151917 152824 152897 152976 153210 153362 151252 151990 154217 154475 154799 154984 152022 155409 156483 156484 152103 151292 151370 156855 156953
178530 33
151228 151524 151927 152708 152733 154170 154171 155343 156743 156801 152103 152251 151370 151493 152824 152897 152976 153210 153362 151252 151917 154217 154475 154799 154984 151292 155409 156483 156484 151990 152022 156855 156953
178531 36
151874 151914 152162 151524 151927 151228 152708 152733 154170 154171 155343 156743 156801 151252 152251 151292 151370 152824 152897 152976 153210 153362 151917 151493 154217 154475 154799 154984 151990 155409 156483 156484 152022 152103 156855 156953
178532 24
156801 151292 151370 151493 151917 151990 152022 152103 152251 152824 152897 152976 153210 153362 154217 154475 154799 154984 155409 156483 156484 151252 156855 156953
178533 24
156801 151292 151370 151493 151917 151990 152022 152103 152251 152824 152897 152976 153210 153362 154217 154475 154799 154984 155409 156483 156484 151252 156855 156953
178534 24
156801 151292 151370 151493 151917 151990 152022 152103 152251 152824 152897 152976 153210 153362 154217 154475 154799 154984 155409 156483 156484 151252 156855 156953
178535 24
156801 151370 151493 151917 151990 152022 152251 152824 152897 152976 153362 154217 154984 156483 156484 151292 156855 156953 155409 151252 152103 154475 154799 153210
178536 24
156801 151370 151493 151917 151990 152022 152251 152824 152897 152976 153362 154217 154984 156483 156484 151292 156855 156953 155409 151252 152103 154475 154799 153210
178537 36
151874 151914 152162 151524 151927 151228 152708 152733 154170 154171 155343 156743 156801 151252 152251 151292 151370 152824 152897 152976 153210 153362 151917 151493 154217 154475 154799 154984 151990 155409 156483 156484 152022 152103 156855 156953
178538 27
151874 151914 152162 156801 151252 151292 151917 151990 152022 152103 151370 152251 152824 152897 152976 153210 153362 154217 154475 154799 154984 155409 156483 156484 151493 156855 156953
178541 27
151874 151914 152162 156801 151252 151292 151917 151990 152022 152103 151370 152251 152824 152897 152976 153210 153362 154217 154475 154799 154984 155409 156483 156484 151493 156855 156953
178543 27
151874 151914 152162 156801 151252 151292 151917 151990 152022 152103 151370 152251 152824 152897 152976 153210 153362 154217 154475 154799 154984 155409 156483 156484 151493 156855 156953
178544 24
156801 151292 151370 151493 151917 151990 152022 152103 152251 152824 152897 152976 153210 153362 154217 154475 154799 154984 155409 156483 156484 151252 156855 156953
178547 24
156801 151292 151370 151493 151917 151990 152022 152103 152251 152824 152897 152976 153210 153362 154217 154475 154799 154984 155409 156483 156484 151252 156855 156953
178548 24
156801 151292 151370 151493 151917 151990 152022 152103 152251 152824 152897 152976 153210 153362 154217 154475 154799 154984 155409 156483 156484 151252 156855 156953
178549 24
156801 151292 151370 151493 151917 151990 152022 152103 152251 152824 152897 152976 153210 153362 154217 154475 154799 154984 155409 156483 156484 151252 156855 156953
178550 32
151228 151524 151927 152708 152733 154170 154171 155343 156743 152251 151493 151292 152824 152897 152976 153362 151917 151370 154217 154984 151990 156483 156484 152022 156855 156953 155409 151252 154475 154799 152103 153210
178551 32
151228 151524 151927 152708 152733 154170 154171 155343 156743 152022 152103 152251 151370 151493 152824 152897 152976 153210 153362 151252 151917 154217 154475 154799 154984 151292 155409 156483 156484 151990 156855 156953
178552 32
151228 151524 151927 152708 152733 154170 154171 155343 156743 152022 152103 152251 151370 151493 152824 152897 152976 153210 153362 151252 151917 154217 154475 154799 154984 151292 155409 156483 156484 151990 156855 156953
178553 32
151228 151524 151927 152708 152733 154170 154171 155343 156743 152022 152103 152251 151370 151493 152824 152897 152976 153210 153362 151252 151917 154217 154475 154799 154984 151292 155409 156483 156484 151990 156855 156953
178554 32
151228 151524 151927 152708 152733 154170 154171 155343 156743 152022 152103 152251 151370 151493 152824 152897 152976 153210 153362 151252 151917 154217 154475 154799 154984 151292 155409 156483 156484 151990 156855 156953
178555 32
151228 151524 151927 152708 152733 154170 154171 155343 156743 152251 151493 151292 152824 152897 152976 153362 151917 151370 154217 154984 151990 156483 156484 152022 156855 156953 155409 151252 154475 154799 152103 153210
178556 32
151228 151524 151927 152708 152733 154170 154171 155343 156743 152251 151493 151292 152824 152897 152976 153362 151917 151370 154217 154984 151990 156483 156484 152022 156855 156953 155409 151252 154475 154799 152103 153210
178557 32
151228 151524 151927 152708 152733 154170 154171 155343 156743 152251 151493 151292 152824 152897 152976 153362 151917 151370 154217 154984 151990 156483 156484 152022 156855 156953 155409 151252 154475 154799 152103 153210
178558 32
151228 151524 151927 152708 152733 154170 154171 155343 156743 152251 151493 151292 152824 152897 152976 153362 151917 151370 154217 154984 151990 156483 156484 152022 156855 156953 155409 151252 154475 154799 152103 153210
178559 4
151874 151914 152162 156801
178560 4
151874 151914 152162 156801
178561 4
151874 151914 152162 156801
178563 4
151874 151914 152162 156801
178565 4
151874 151914 152162 156801
178566 4
151874 151914 152162 156801
178568 4
151874 151914 152162 156801
178569 4
151874 151914 152162 156801
178570 4
151874 151914 152162 156801
178572 4
151874 151914 152162 156801
178573 27
151874 151914 152162 156801 151252 151292 151917 151990 152022 152103 151370 152251 152824 152897 152976 153210 153362 154217 154475 154799 154984 155409 156483 156484 151493 156855 156953
178574 27
151874 151914 152162 156801 151252 151292 151917 151990 152022 152103 151370 152251 152824 152897 152976 153210 153362 154217 154475 154799 154984 155409 156483 156484 151493 156855 156953
178576 27
151874 151914 152162 156801 151252 151292 151917 151990 152022 152103 151370 152251 152824 152897 152976 153210 153362 154217 154475 154799 154984 155409 156483 156484 151493 156855 156953
178578 27
151874 151914 152162 156801 151252 151292 151917 151990 152022 152103 151370 152251 152824 152897 152976 153210 153362 154217 154475 154799 154984 155409 156483 156484 151493 156855 156953
178579 27
151874 151914 152162 156801 151252 151292 151917 151990 152022 152103 151370 152251 152824 152897 152976 153210 153362 154217 154475 154799 154984 155409 156483 156484 151493 156855 156953
178581 27
151874 151914 152162 156801 151252 151292 151917 151990 152022 152103 151370 152251 152824 152897 152976 153210 153362 154217 154475 154799 154984 155409 156483 156484 151493 156855 156953
178582 27
151874 151914 152162 156801 151252 151292 151917 151990 152022 152103 151370 152251 152824 152897 152976 153210 153362 154217 154475 154799 154984 155409 156483 156484 151493 156855 156953
178583 27
151874 151914 152162 156801 151252 151292 151917 151990 152022 152103 151370 152251 152824 152897 152976 153210 153362 154217 154475 154799 154984 155409 156483 156484 151493 156855 156953
178585 4
151874 151914 152162 156801
178586 27
151874 151914 152162 156801 151252 151292 151917 151990 152022 152103 151370 152251 152824 152897 152976 153210 153362 154217 154475 154799 154984 155409 156483 156484 151493 156855 156953
178587 27
151874 151914 152162 156801 151252 151292 151917 151990 152022 152103 151370 152251 152824 152897 152976 153210 153362 154217 154475 154799 154984 155409 156483 156484 151493 156855 156953
178588 36
151228 151524 151927 152708 152733 154170 154171 155343 156743 151914 151874 152162 156801 151252 152251 151292 151370 152824 152897 152976 153210 153362 151917 151493 154217 154475 154799 154984 151990 155409 156483 156484 152022 152103 156855 156953
178589 36
151228 151524 151927 152708 152733 154170 154171 155343 156743 151914 151874 152162 156801 151252 152251 151292 151370 152824 152897 152976 153210 153362 151917 151493 154217 154475 154799 154984 151990 155409 156483 156484 152022 152103 156855 156953
178592 27
151228 151524 151927 152708 152733 154170 154171 155343 156743 155667 156008 156030 156105 156156 156157 156585 155665 157197 152108 156772 151609 154105 151171 151026 154495 155108 155192
178593 27
151228 151524 151927 152708 152733 154170 154171 155343 156743 151609 152108 156772 156008 156030 156105 156156 156157 156585 155665 155667 157197 154105 151171 151026 154495 155108 155192
178594 27
151228 151524 151927 152708 152733 154170 154171 155343 156743 151609 152108 156772 156008 156030 156105 156156 156157 156585 155665 155667 157197 154105 151171 151026 154495 155108 155192
178595 27
151228 151524 151927 152708 152733 154170 154171 155343 156743 151609 152108 156772 156008 156030 156105 156156 156157 156585 155665 155667 157197 154105 151171 151026 154495 155108 155192
178596 39
151228 151524 151927 152708 152733 154170 154171 155343 156743 151609 152108 156772 151914 152162 151874 156801 152251 151493 151917 152824 152897 152976 153210 153362 151252 151990 154217 154475 154799 154984 152022 155409 156483 156484 152103 151292 151370 156855 156953
178597 13
151228 151524 151927 152708 152733 154170 154171 155343 156743 151914 151874 152162 156801
178598 27
151874 151914 152162 156801 151252 151292 151917 151990 152022 152103 151370 152251 152824 152897 152976 153210 153362 154217 154475 154799 154984 155409 156483 156484 151493 156855 156953
178599 27
151874 151914 152162 156801 151252 151292 151917 151990 152022 152103 151370 152251 152824 152897 152976 153210 153362 154217 154475 154799 154984 155409 156483 156484 151493 156855 156953
178602 24
156801 151292 151370 151493 151917 151990 152022 152103 152251 152824 152897 152976 153210 153362 154217 154475 154799 154984 155409 156483 156484 151252 156855 156953
178603 24
156801 151292 151370 151493 151917 151990 152022 152103 152251 152824 152897 152976 153210 153362 154217 154475 154799 154984 155409 156483 156484 151252 156855 156953
178604 24
156801 151292 151370 151493 151917 151990 152022 152103 152251 152824 152897 152976 153210 153362 154217 154475 154799 154984 155409 156483 156484 151252 156855 156953
178605 24
156801 151292 151370 151493 151917 151990 152022 152103 152251 152824 152897 152976 153210 153362 154217 154475 154799 154984 155409 156483 156484 151252 156855 156953
178606 24
156801 151292 151370 151493 151917 151990 152022 152103 152251 152824 152897 152976 153210 153362 154217 154475 154799 154984 155409 156483 156484 151252 156855 156953
178607 24
156801 151292 151370 151493 151917 151990 152022 152103 152251 152824 152897 152976 153210 153362 154217 154475 154799 154984 155409 156483 156484 151252 156855 156953
178609 24
156801 151292 151370 151493 151917 151990 152022 152103 152251 152824 152897 152976 153210 153362 154217 154475 154799 154984 155409 156483 156484 151252 156855 156953
178610 24
156801 151292 151370 151493 151917 151990 152022 152103 152251 152824 152897 152976 153210 153362 154217 154475 154799 154984 155409 156483 156484 151252 156855 156953
178612 24
156801 151292 151370 151493 151917 151990 152022 152103 152251 152824 152897 152976 153210 153362 154217 154475 154799 154984 155409 156483 156484 151252 156855 156953
178613 24
156801 151292 151370 151493 151917 151990 152022 152103 152251 152824 152897 152976 153210 153362 154217 154475 154799 154984 155409 156483 156484 151252 156855 156953
178614 24
156801 151292 151370 151493 151917 151990 152022 152103 152251 152824 152897 152976 153210 153362 154217 154475 154799 154984 155409 156483 156484 151252 156855 156953
178615 36
151228 151524 151927 152708 152733 154170 154171 155343 156743 151609 152108 156772 156801 152251 151252 151292 152824 152897 152976 153210 153362 151917 151370 154217 154475 154799 154984 151990 155409 156483 156484 152022 152103 151493 156855 156953
178616 24
156801 151370 151493 151917 151990 152022 152251 152824 152897 152976 153362 154217 154984 156483 156484 151292 156855 156953 155409 151252 152103 154475 154799 153210
178617 24
156801 151292 151370 151493 151917 151990 152022 152103 152251 152824 152897 152976 153210 153362 154217 154475 154799 154984 155409 156483 156484 151252 156855 156953
178618 24
156801 151292 151370 151493 151917 151990 152022 152103 152251 152824 152897 152976 153210 153362 154217 154475 154799 154984 155409 156483 156484 151252 156855 156953
178619 24
156801 151292 151370 151493 151917 151990 152022 152103 152251 152824 152897 152976 153210 153362 154217 154475 154799 154984 155409 156483 156484 151252 156855 156953
178620 24
156801 152103 153210 154475 154799 155409 151252 151292 152251 152824 152897 152976 151370 153362 154217 151493 151917 154984 151990 156483 156484 152022 156855 156953
178622 24
156801 151370 151493 151917 151990 152022 152251 152824 152897 152976 153362 154217 154984 156483 156484 151292 156855 156953 155409 151252 152103 154475 154799 153210
178623 24
156801 151292 151370 151493 151917 151990 152022 152103 152251 152824 152897 152976 153210 153362 154217 154475 154799 154984 155409 156483 156484 151252 156855 156953
178624 24
156801 151292 151370 151493 151917 151990 152022 152103 152251 152824 152897 152976 153210 153362 154217 154475 154799 154984 155409 156483 156484 151252 156855 156953
178625 24
156801 151292 151370 151493 151917 151990 152022 152103 152251 152824 152897 152976 153210 153362 154217 154475 154799 154984 155409 156483 156484 151252 156855 156953
178626 1
156801
178627 23
151252 151292 151370 151493 151917 151990 152022 152103 152251 152824 152897 152976 153210 153362 154217 154475 154799 154984 155409 156483 156484 156855 156953
178629 24
156801 151292 151370 151493 151917 151990 152022 152103 152251 152824 152897 152976 153210 153362 154217 154475 154799 154984 155409 156483 156484 151252 156855 156953
178630 24
156801 151292 151370 151493 151917 151990 152022 152103 152251 152824 152897 152976 153210 153362 154217 154475 154799 154984 155409 156483 156484 151252 156855 156953
178631 1
156801
178632 24
156801 151292 151370 151493 151917 151990 152022 152103 152251 152824 152897 152976 153210 153362 154217 154475 154799 154984 155409 156483 156484 151252 156855 156953
178633 10
151228 151524 151927 152708 152733 154170 154171 155343 156743 156801
178634 24
156801 151292 151370 151493 151917 151990 152022 152103 152251 152824 152897 152976 153210 153362 154217 154475 154799 154984 155409 156483 156484 151252 156855 156953
178636 33
151228 151524 151927 152708 152733 154170 154171 155343 156743 156801 152103 152251 151370 151493 152824 152897 152976 153210 153362 151252 151917 154217 154475 154799 154984 151292 155409 156483 156484 151990 152022 156855 156953
178637 33
151228 151524 151927 152708 152733 154170 154171 155343 156743 156801 152103 152251 151370 151493 152824 152897 152976 153210 153362 151252 151917 154217 154475 154799 154984 151292 155409 156483 156484 151990 152022 156855 156953
178638 33
151228 151524 151927 152708 152733 154170 154171 155343 156743 156801 152103 152251 151370 151493 152824 152897 152976 153210 153362 151252 151917 154217 154475 154799 154984 151292 155409 156483 156484 151990 152022 156855 156953
178640 24
156801 151292 151370 151493 151917 151990 152022 152103 152251 152824 152897 152976 153210 153362 154217 154475 154799 154984 155409 156483 156484 151252 156855 156953
178641 24
156801 151292 151370 151493 151917 151990 152022 152103 152251 152824 152897 152976 153210 153362 154217 154475 154799 154984 155409 156483 156484 151252 156855 156953
178642 10
151228 151524 151927 152708 152733 154170 154171 155343 156743 156801
178643 10
151228 151524 151927 152708 152733 154170 154171 155343 156743 156801
178644 10
151228 151524 151927 152708 152733 154170 154171 155343 156743 156801
178646 10
151228 151524 151927 152708 152733 154170 154171 155343 156743 156801
178648 24
156801 151292 151370 151493 151917 151990 152022 152103 152251 152824 152897 152976 153210 153362 154217 154475 154799 154984 155409 156483 156484 151252 156855 156953
178649 24
156801 151292 151370 151493 151917 151990 152022 152103 152251 152824 152897 152976 153210 153362 154217 154475 154799 154984 155409 156483 156484 151252 156855 156953
178651 24
156801 151292 151370 151493 151917 151990 152022 152103 152251 152824 152897 152976 153210 153362 154217 154475 154799 154984 155409 156483 156484 151252 156855 156953
