178652 24
156801 151292 151370 151493 151917 151990 152022 152103 152251 152824 152897 152976 153210 153362 154217 154475 154799 154984 155409 156483 156484 151252 156855 156953
178655 24
156801 151292 151370 151493 151917 151990 152022 152103 152251 152824 152897 152976 153210 153362 154217 154475 154799 154984 155409 156483 156484 151252 156855 156953
178656 24
156801 151292 151370 151493 151917 151990 152022 152103 152251 152824 152897 152976 153210 153362 154217 154475 154799 154984 155409 156483 156484 151252 156855 156953
178658 24
156801 151292 151370 151493 151917 151990 152022 152103 152251 152824 152897 152976 153210 153362 154217 154475 154799 154984 155409 156483 156484 151252 156855 156953
178659 24
156801 151370 151493 151917 151990 152022 152251 152824 152897 152976 153362 154217 154984 156483 156484 151292 156855 156953 155409 151252 152103 154475 154799 153210
178661 24
156801 151292 151370 151493 151917 151990 152022 152103 152251 152824 152897 152976 153210 153362 154217 154475 154799 154984 155409 156483 156484 151252 156855 156953
178662 24
156801 151292 151370 151493 151917 151990 152022 152103 152251 152824 152897 152976 153210 153362 154217 154475 154799 154984 155409 156483 156484 151252 156855 156953
178663 24
156801 151370 151493 151917 151990 152022 152251 152824 152897 152976 153362 154217 154984 156483 156484 151292 156855 156953 155409 151252 152103 154475 154799 153210
178664 24
156801 151292 151370 151493 151917 151990 152022 152103 152251 152824 152897 152976 153210 153362 154217 154475 154799 154984 155409 156483 156484 151252 156855 156953
178665 24
156801 151292 151370 151493 151917 151990 152022 152103 152251 152824 152897 152976 153210 153362 154217 154475 154799 154984 155409 156483 156484 151252 156855 156953
178666 24
156801 151292 151370 151493 151917 151990 152022 152103 152251 152824 152897 152976 153210 153362 154217 154475 154799 154984 155409 156483 156484 151252 156855 156953
178667 24
156801 151292 151370 151493 151917 151990 152022 152103 152251 152824 152897 152976 153210 153362 154217 154475 154799 154984 155409 156483 156484 151252 156855 156953
178668 24
156801 151292 151370 151493 151917 151990 152022 152103 152251 152824 152897 152976 153210 153362 154217 154475 154799 154984 155409 156483 156484 151252 156855 156953
178670 24
156801 151292 151370 151493 151917 151990 152022 152103 152251 152824 152897 152976 153210 153362 154217 154475 154799 154984 155409 156483 156484 151252 156855 156953
178671 24
156801 151292 151370 151493 151917 151990 152022 152103 152251 152824 152897 152976 153210 153362 154217 154475 154799 154984 155409 156483 156484 151252 156855 156953
178673 24
156801 151370 151493 151917 151990 152022 152251 152824 152897 152976 153362 154217 154984 156483 156484 151292 156855 156953 155409 151252 152103 154475 154799 153210
178675 24
156801 151292 151370 151493 151917 151990 152022 152103 152251 152824 152897 152976 153210 153362 154217 154475 154799 154984 155409 156483 156484 151252 156855 156953
178676 24
156801 151292 151370 151493 151917 151990 152022 152103 152251 152824 152897 152976 153210 153362 154217 154475 154799 154984 155409 156483 156484 151252 156855 156953
178677 24
156801 151292 151370 151493 151917 151990 152022 152103 152251 152824 152897 152976 153210 153362 154217 154475 154799 154984 155409 156483 156484 151252 156855 156953
178678 27
151609 152108 156772 156801 151252 151917 151990 152022 152103 151292 152251 152824 152897 152976 153210 153362 154217 154475 154799 154984 155409 156483 156484 151370 151493 156855 156953
178679 27
151609 152108 156772 156801 153210 154475 154799 155409 152103 151252 152251 152824 152897 152976 151292 153362 154217 151917 151990 154984 152022 156483 156484 151370 151493 156855 156953
178680 27
151609 152108 156772 156801 153210 154475 154799 155409 152103 151252 152251 152824 152897 152976 151292 153362 154217 151917 151990 154984 152022 156483 156484 151370 151493 156855 156953
178681 27
151609 152108 156772 156801 153210 154475 154799 155409 152103 151252 152251 152824 152897 152976 151292 153362 154217 151917 151990 154984 152022 156483 156484 151370 151493 156855 156953
178682 27
151609 152108 156772 156801 151917 151990 152022 151370 152251 152824 152897 152976 153362 154217 154984 156483 156484 151493 151292 156855 156953 152103 151252 154475 154799 153210 155409
178683 27
151609 152108 156772 156801 151252 151917 151990 152022 152103 151292 152251 152824 152897 152976 153210 153362 154217 154475 154799 154984 155409 156483 156484 151370 151493 156855 156953
178684 27
151609 152108 156772 156801 151252 151917 151990 152022 152103 151292 152251 152824 152897 152976 153210 153362 154217 154475 154799 154984 155409 156483 156484 151370 151493 156855 156953
178687 27
151609 152108 156772 156801 151252 151917 151990 152022 152103 151292 152251 152824 152897 152976 153210 153362 154217 154475 154799 154984 155409 156483 156484 151370 151493 156855 156953
178688 27
151609 152108 156772 156801 151252 151917 151990 152022 152103 151292 152251 152824 152897 152976 153210 153362 154217 154475 154799 154984 155409 156483 156484 151370 151493 156855 156953
178689 27
151609 152108 156772 156801 151252 151917 151990 152022 152103 151292 152251 152824 152897 152976 153210 153362 154217 154475 154799 154984 155409 156483 156484 151370 151493 156855 156953
178690 27
151609 152108 156772 156801 151252 151917 151990 152022 152103 151292 152251 152824 152897 152976 153210 153362 154217 154475 154799 154984 155409 156483 156484 151370 151493 156855 156953
178691 27
151609 152108 156772 156801 151252 151917 151990 152022 152103 151292 152251 152824 152897 152976 153210 153362 154217 154475 154799 154984 155409 156483 156484 151370 151493 156855 156953
178693 27
151609 152108 156772 156801 151252 151917 151990 152022 152103 151292 152251 152824 152897 152976 153210 153362 154217 154475 154799 154984 155409 156483 156484 151370 151493 156855 156953
178694 27
151609 152108 156772 156801 151252 151917 151990 152022 152103 151292 152251 152824 152897 152976 153210 153362 154217 154475 154799 154984 155409 156483 156484 151370 151493 156855 156953
178697 27
151609 152108 156772 156801 151252 151917 151990 152022 152103 151292 152251 152824 152897 152976 153210 153362 154217 154475 154799 154984 155409 156483 156484 151370 151493 156855 156953
178700 27
151609 152108 156772 156801 151917 151990 152022 151370 152251 152824 152897 152976 153362 154217 154984 156483 156484 151493 151292 156855 156953 152103 151252 154475 154799 153210 155409
178702 27
151609 152108 156772 156801 151917 151990 152022 151370 152251 152824 152897 152976 153362 154217 154984 156483 156484 151493 151292 156855 156953 152103 151252 154475 154799 153210 155409
178703 27
151609 152108 156772 156801 151917 151990 152022 151370 152251 152824 152897 152976 153362 154217 154984 156483 156484 151493 151292 156855 156953 152103 151252 154475 154799 153210 155409
178705 27
151609 152108 156772 156801 153210 154475 154799 155409 152103 151252 152251 152824 152897 152976 151292 153362 154217 151917 151990 154984 152022 156483 156484 151370 151493 156855 156953
178706 27
151609 152108 156772 156801 151917 151990 152022 151370 152251 152824 152897 152976 153362 154217 154984 156483 156484 151493 151292 156855 156953 152103 151252 154475 154799 153210 155409
178707 24
156801 151292 151370 151493 151917 151990 152022 152103 152251 152824 152897 152976 153210 153362 154217 154475 154799 154984 155409 156483 156484 151252 156855 156953
178708 27
151609 152108 156772 156801 151252 151917 151990 152022 152103 151292 152251 152824 152897 152976 153210 153362 154217 154475 154799 154984 155409 156483 156484 151370 151493 156855 156953
178709 27
151609 152108 156772 156801 151252 151917 151990 152022 152103 151292 152251 152824 152897 152976 153210 153362 154217 154475 154799 154984 155409 156483 156484 151370 151493 156855 156953
178710 27
151609 152108 156772 156801 151252 151917 151990 152022 152103 151292 152251 152824 152897 152976 153210 153362 154217 154475 154799 154984 155409 156483 156484 151370 151493 156855 156953
178711 27
151609 152108 156772 156801 151252 151917 151990 152022 152103 151292 152251 152824 152897 152976 153210 153362 154217 154475 154799 154984 155409 156483 156484 151370 151493 156855 156953
178712 24
156801 151292 151370 151493 151917 151990 152022 152103 152251 152824 152897 152976 153210 153362 154217 154475 154799 154984 155409 156483 156484 151252 156855 156953
178713 24
156801 151292 151370 151493 151917 151990 152022 152103 152251 152824 152897 152976 153210 153362 154217 154475 154799 154984 155409 156483 156484 151252 156855 156953
178715 24
156801 151292 151370 151493 151917 151990 152022 152103 152251 152824 152897 152976 153210 153362 154217 154475 154799 154984 155409 156483 156484 151252 156855 156953
178717 24
156801 151292 151370 151493 151917 151990 152022 152103 152251 152824 152897 152976 153210 153362 154217 154475 154799 154984 155409 156483 156484 151252 156855 156953
178718 24
156801 151292 151370 151493 151917 151990 152022 152103 152251 152824 152897 152976 153210 153362 154217 154475 154799 154984 155409 156483 156484 151252 156855 156953
178719 24
156801 151292 151370 151493 151917 151990 152022 152103 152251 152824 152897 152976 153210 153362 154217 154475 154799 154984 155409 156483 156484 151252 156855 156953
178720 24
156801 151292 151370 151493 151917 151990 152022 152103 152251 152824 152897 152976 153210 153362 154217 154475 154799 154984 155409 156483 156484 151252 156855 156953
178721 27
151609 152108 156772 156801 151252 151917 151990 152022 152103 151292 152251 152824 152897 152976 153210 153362 154217 154475 154799 154984 155409 156483 156484 151370 151493 156855 156953
178722 27
151609 152108 156772 156801 151252 151917 151990 152022 152103 151292 152251 152824 152897 152976 153210 153362 154217 154475 154799 154984 155409 156483 156484 151370 151493 156855 156953
178725 27
151609 152108 156772 156801 151252 151917 151990 152022 152103 151292 152251 152824 152897 152976 153210 153362 154217 154475 154799 154984 155409 156483 156484 151370 151493 156855 156953
178728 27
151609 152108 156772 156801 151252 151917 151990 152022 152103 151292 152251 152824 152897 152976 153210 153362 154217 154475 154799 154984 155409 156483 156484 151370 151493 156855 156953
178729 27
151609 152108 156772 156801 151917 151990 152022 151370 152251 152824 152897 152976 153362 154217 154984 156483 156484 151493 151292 156855 156953 152103 151252 154475 154799 153210 155409
178731 27
151609 152108 156772 156801 151252 151917 151990 152022 152103 151292 152251 152824 152897 152976 153210 153362 154217 154475 154799 154984 155409 156483 156484 151370 151493 156855 156953
178732 27
151609 152108 156772 156801 151252 151917 151990 152022 152103 151292 152251 152824 152897 152976 153210 153362 154217 154475 154799 154984 155409 156483 156484 151370 151493 156855 156953
178733 27
151609 152108 156772 156801 151252 151917 151990 152022 152103 151292 152251 152824 152897 152976 153210 153362 154217 154475 154799 154984 155409 156483 156484 151370 151493 156855 156953
178736 27
151609 152108 156772 156801 151252 151917 151990 152022 152103 151292 152251 152824 152897 152976 153210 153362 154217 154475 154799 154984 155409 156483 156484 151370 151493 156855 156953
178737 27
151609 152108 156772 156801 151252 151917 151990 152022 152103 151292 152251 152824 152897 152976 153210 153362 154217 154475 154799 154984 155409 156483 156484 151370 151493 156855 156953
178738 27
151609 152108 156772 156801 151252 151917 151990 152022 152103 151292 152251 152824 152897 152976 153210 153362 154217 154475 154799 154984 155409 156483 156484 151370 151493 156855 156953
178739 27
151609 152108 156772 156801 151252 151917 151990 152022 152103 151292 152251 152824 152897 152976 153210 153362 154217 154475 154799 154984 155409 156483 156484 151370 151493 156855 156953
178740 27
151609 152108 156772 156801 151252 151917 151990 152022 152103 151292 152251 152824 152897 152976 153210 153362 154217 154475 154799 154984 155409 156483 156484 151370 151493 156855 156953
178741 27
151609 152108 156772 156801 151252 151917 151990 152022 152103 151292 152251 152824 152897 152976 153210 153362 154217 154475 154799 154984 155409 156483 156484 151370 151493 156855 156953
178742 27
151609 152108 156772 156801 151252 151917 151990 152022 152103 151292 152251 152824 152897 152976 153210 153362 154217 154475 154799 154984 155409 156483 156484 151370 151493 156855 156953
178743 27
151609 152108 156772 156801 151252 151917 151990 152022 152103 151292 152251 152824 152897 152976 153210 153362 154217 154475 154799 154984 155409 156483 156484 151370 151493 156855 156953
178744 26
151609 152108 156772 151493 151252 151917 151990 152022 152103 151292 152251 152824 152897 152976 153210 153362 154217 154475 154799 154984 155409 156483 156484 151370 156855 156953
178746 7
151874 151914 152162 152108 151609 156772 156801
178747 7
151874 151914 152162 152108 151609 156772 156801
178748 7
151874 151914 152162 152108 151609 156772 156801
178749 7
151874 151914 152162 152108 151609 156772 156801
178750 27
151874 151914 152162 156801 151252 151292 151917 151990 152022 152103 151370 152251 152824 152897 152976 153210 153362 154217 154475 154799 154984 155409 156483 156484 151493 156855 156953
178751 24
156801 151292 151370 151493 151917 151990 152022 152103 152251 152824 152897 152976 153210 153362 154217 154475 154799 154984 155409 156483 156484 151252 156855 156953
178752 24
156801 151292 151370 151493 151917 151990 152022 152103 152251 152824 152897 152976 153210 153362 154217 154475 154799 154984 155409 156483 156484 151252 156855 156953
178753 24
156801 151292 151370 151493 151917 151990 152022 152103 152251 152824 152897 152976 153210 153362 154217 154475 154799 154984 155409 156483 156484 151252 156855 156953
178754 24
156801 151292 151370 151493 151917 151990 152022 152103 152251 152824 152897 152976 153210 153362 154217 154475 154799 154984 155409 156483 156484 151252 156855 156953
178756 24
156801 151292 151370 151493 151917 151990 152022 152103 152251 152824 152897 152976 153210 153362 154217 154475 154799 154984 155409 156483 156484 151252 156855 156953
178757 24
156801 151292 151370 151493 151917 151990 152022 152103 152251 152824 152897 152976 153210 153362 154217 154475 154799 154984 155409 156483 156484 151252 156855 156953
178759 24
156801 151292 151370 151493 151917 151990 152022 152103 152251 152824 152897 152976 153210 153362 154217 154475 154799 154984 155409 156483 156484 151252 156855 156953
178760 24
156801 151292 151370 151493 151917 151990 152022 152103 152251 152824 152897 152976 153210 153362 154217 154475 154799 154984 155409 156483 156484 151252 156855 156953
178761 24
156801 151292 151370 151493 151917 151990 152022 152103 152251 152824 152897 152976 153210 153362 154217 154475 154799 154984 155409 156483 156484 151252 156855 156953
178762 24
156801 151292 151370 151493 151917 151990 152022 152103 152251 152824 152897 152976 153210 153362 154217 154475 154799 154984 155409 156483 156484 151252 156855 156953
178763 24
156801 151292 151370 151493 151917 151990 152022 152103 152251 152824 152897 152976 153210 153362 154217 154475 154799 154984 155409 156483 156484 151252 156855 156953
178764 24
156801 151292 151370 151493 151917 151990 152022 152103 152251 152824 152897 152976 153210 153362 154217 154475 154799 154984 155409 156483 156484 151252 156855 156953
178765 24
156801 151292 151370 151493 151917 151990 152022 152103 152251 152824 152897 152976 153210 153362 154217 154475 154799 154984 155409 156483 156484 151252 156855 156953
178766 24
156801 151292 151370 151493 151917 151990 152022 152103 152251 152824 152897 152976 153210 153362 154217 154475 154799 154984 155409 156483 156484 151252 156855 156953
178767 24
156801 151292 151370 151493 151917 151990 152022 152103 152251 152824 152897 152976 153210 153362 154217 154475 154799 154984 155409 156483 156484 151252 156855 156953
178768 24
156801 151292 151370 151493 151917 151990 152022 152103 152251 152824 152897 152976 153210 153362 154217 154475 154799 154984 155409 156483 156484 151252 156855 156953
178770 24
156801 151292 151370 151493 151917 151990 152022 152103 152251 152824 152897 152976 153210 153362 154217 154475 154799 154984 155409 156483 156484 151252 156855 156953
178771 39
151228 151524 151927 152708 152733 154170 154171 155343 156743 151609 152108 156772 151914 152162 151874 156801 152251 151493 151917 152824 152897 152976 153210 153362 151252 151990 154217 154475 154799 154984 152022 155409 156483 156484 152103 151292 151370 156855 156953
178772 4
151609 152108 156772 156801
178773 4
151609 152108 156772 156801
178774 4
151609 152108 156772 156801
178775 4
151609 152108 156772 156801
178776 27
151609 152108 156772 156801 151917 151990 152022 151370 152251 152824 152897 152976 153362 154217 154984 156483 156484 151493 151292 156855 156953 152103 151252 154475 154799 153210 155409
178777 27
151609 152108 156772 156801 151917 151990 152022 151370 152251 152824 152897 152976 153362 154217 154984 156483 156484 151493 151292 156855 156953 152103 151252 154475 154799 153210 155409
178780 27
151609 152108 156772 156801 151917 151990 152022 151370 152251 152824 152897 152976 153362 154217 154984 156483 156484 151493 151292 156855 156953 152103 151252 154475 154799 153210 155409
178781 27
151609 152108 156772 156801 151917 151990 152022 151370 152251 152824 152897 152976 153362 154217 154984 156483 156484 151493 151292 156855 156953 152103 151252 154475 154799 153210 155409
178782 24
156801 151292 151370 151493 151917 151990 152022 152103 152251 152824 152897 152976 153210 153362 154217 154475 154799 154984 155409 156483 156484 151252 156855 156953
178783 24
156801 151292 151370 151493 151917 151990 152022 152103 152251 152824 152897 152976 153210 153362 154217 154475 154799 154984 155409 156483 156484 151252 156855 156953
178784 24
156801 151292 151370 151493 151917 151990 152022 152103 152251 152824 152897 152976 153210 153362 154217 154475 154799 154984 155409 156483 156484 151252 156855 156953
178785 27
151609 152108 156772 156801 151252 151917 151990 152022 152103 151292 152251 152824 152897 152976 153210 153362 154217 154475 154799 154984 155409 156483 156484 151370 151493 156855 156953
178786 24
156801 151370 151493 151917 151990 152022 152251 152824 152897 152976 153362 154217 154984 156483 156484 151292 156855 156953 155409 151252 152103 154475 154799 153210
178787 27
151609 152108 156772 156801 151917 151990 152022 151370 152251 152824 152897 152976 153362 154217 154984 156483 156484 151493 151292 156855 156953 152103 151252 154475 154799 153210 155409
178789 27
151609 152108 156772 156801 151252 151917 151990 152022 152103 151292 152251 152824 152897 152976 153210 153362 154217 154475 154799 154984 155409 156483 156484 151370 151493 156855 156953
178791 27
151609 152108 156772 156801 151252 151917 151990 152022 152103 151292 152251 152824 152897 152976 153210 153362 154217 154475 154799 154984 155409 156483 156484 151370 151493 156855 156953
178792 27
151609 152108 156772 156801 151252 151917 151990 152022 152103 151292 152251 152824 152897 152976 153210 153362 154217 154475 154799 154984 155409 156483 156484 151370 151493 156855 156953
178793 27
151609 152108 156772 156801 151252 151917 151990 152022 152103 151292 152251 152824 152897 152976 153210 153362 154217 154475 154799 154984 155409 156483 156484 151370 151493 156855 156953
178794 27
151609 152108 156772 156801 151252 151917 151990 152022 152103 151292 152251 152824 152897 152976 153210 153362 154217 154475 154799 154984 155409 156483 156484 151370 151493 156855 156953
178795 27
151609 152108 156772 156801 151252 151917 151990 152022 152103 151292 152251 152824 152897 152976 153210 153362 154217 154475 154799 154984 155409 156483 156484 151370 151493 156855 156953
178796 24
156801 151292 151370 151493 151917 151990 152022 152103 152251 152824 152897 152976 153210 153362 154217 154475 154799 154984 155409 156483 156484 151252 156855 156953
178797 24
156801 151292 151370 151493 151917 151990 152022 152103 152251 152824 152897 152976 153210 153362 154217 154475 154799 154984 155409 156483 156484 151252 156855 156953
178798 24
156801 151292 151370 151493 151917 151990 152022 152103 152251 152824 152897 152976 153210 153362 154217 154475 154799 154984 155409 156483 156484 151252 156855 156953
178802 24
156801 151292 151370 151493 151917 151990 152022 152103 152251 152824 152897 152976 153210 153362 154217 154475 154799 154984 155409 156483 156484 151252 156855 156953
178804 27
151609 152108 156772 156801 151252 151917 151990 152022 152103 151292 152251 152824 152897 152976 153210 153362 154217 154475 154799 154984 155409 156483 156484 151370 151493 156855 156953
178805 27
151609 152108 156772 156801 151252 151917 151990 152022 152103 151292 152251 152824 152897 152976 153210 153362 154217 154475 154799 154984 155409 156483 156484 151370 151493 156855 156953
178806 27
151609 152108 156772 156801 151252 151917 151990 152022 152103 151292 152251 152824 152897 152976 153210 153362 154217 154475 154799 154984 155409 156483 156484 151370 151493 156855 156953
178807 24
156801 151292 151370 151493 151917 151990 152022 152103 152251 152824 152897 152976 153210 153362 154217 154475 154799 154984 155409 156483 156484 151252 156855 156953
178808 24
156801 151292 151370 151493 151917 151990 152022 152103 152251 152824 152897 152976 153210 153362 154217 154475 154799 154984 155409 156483 156484 151252 156855 156953
178809 24
156801 151292 151370 151493 151917 151990 152022 152103 152251 152824 152897 152976 153210 153362 154217 154475 154799 154984 155409 156483 156484 151252 156855 156953
178811 24
156801 151292 151370 151493 151917 151990 152022 152103 152251 152824 152897 152976 153210 153362 154217 154475 154799 154984 155409 156483 156484 151252 156855 156953
178812 24
156801 151292 151370 151493 151917 151990 152022 152103 152251 152824 152897 152976 153210 153362 154217 154475 154799 154984 155409 156483 156484 151252 156855 156953
178813 24
156801 151292 151370 151493 151917 151990 152022 152103 152251 152824 152897 152976 153210 153362 154217 154475 154799 154984 155409 156483 156484 151252 156855 156953
178814 4
151609 152108 156772 156801
178815 4
151609 152108 156772 156801
178816 27
151609 152108 156772 156801 151252 151917 151990 152022 152103 151292 152251 152824 152897 152976 153210 153362 154217 154475 154799 154984 155409 156483 156484 151370 151493 156855 156953
178818 27
151609 152108 156772 156801 151252 151917 151990 152022 152103 151292 152251 152824 152897 152976 153210 153362 154217 154475 154799 154984 155409 156483 156484 151370 151493 156855 156953
178819 27
151609 152108 156772 156801 151252 151917 151990 152022 152103 151292 152251 152824 152897 152976 153210 153362 154217 154475 154799 154984 155409 156483 156484 151370 151493 156855 156953
178820 27
151609 152108 156772 156801 151917 151990 152022 151370 152251 152824 152897 152976 153362 154217 154984 156483 156484 151493 151292 156855 156953 152103 151252 154475 154799 153210 155409
178823 27
151609 152108 156772 156801 151252 151917 151990 152022 152103 151292 152251 152824 152897 152976 153210 153362 154217 154475 154799 154984 155409 156483 156484 151370 151493 156855 156953
178824 27
151609 152108 156772 156801 151252 151917 151990 152022 152103 151292 152251 152824 152897 152976 153210 153362 154217 154475 154799 154984 155409 156483 156484 151370 151493 156855 156953
178825 27
151609 152108 156772 156801 151917 151990 152022 151370 152251 152824 152897 152976 153362 154217 154984 156483 156484 151493 151292 156855 156953 152103 151252 154475 154799 153210 155409
178826 27
151609 152108 156772 156801 151917 151990 152022 151370 152251 152824 152897 152976 153362 154217 154984 156483 156484 151493 151292 156855 156953 152103 151252 154475 154799 153210 155409
178827 27
151609 152108 156772 156801 151917 151990 152022 151370 152251 152824 152897 152976 153362 154217 154984 156483 156484 151493 151292 156855 156953 152103 151252 154475 154799 153210 155409
178828 27
151609 152108 156772 156801 151252 151917 151990 152022 152103 151292 152251 152824 152897 152976 153210 153362 154217 154475 154799 154984 155409 156483 156484 151370 151493 156855 156953
178829 27
151609 152108 156772 156801 151252 151917 151990 152022 152103 151292 152251 152824 152897 152976 153210 153362 154217 154475 154799 154984 155409 156483 156484 151370 151493 156855 156953
178830 27
151609 152108 156772 156801 151252 151917 151990 152022 152103 151292 152251 152824 152897 152976 153210 153362 154217 154475 154799 154984 155409 156483 156484 151370 151493 156855 156953
178831 27
151609 152108 156772 156801 151252 151917 151990 152022 152103 151292 152251 152824 152897 152976 153210 153362 154217 154475 154799 154984 155409 156483 156484 151370 151493 156855 156953
178832 24
156801 151292 151370 151493 151917 151990 152022 152103 152251 152824 152897 152976 153210 153362 154217 154475 154799 154984 155409 156483 156484 151252 156855 156953
178833 24
156801 151292 151370 151493 151917 151990 152022 152103 152251 152824 152897 152976 153210 153362 154217 154475 154799 154984 155409 156483 156484 151252 156855 156953
178834 24
156801 151292 151370 151493 151917 151990 152022 152103 152251 152824 152897 152976 153210 153362 154217 154475 154799 154984 155409 156483 156484 151252 156855 156953
178835 24
156801 151370 151493 151917 151990 152022 152251 152824 152897 152976 153362 154217 154984 156483 156484 151292 156855 156953 155409 151252 152103 154475 154799 153210
178836 23
151252 151292 151370 151493 151917 151990 152022 152103 152251 152824 152897 152976 153210 153362 154217 154475 154799 154984 155409 156483 156484 156855 156953
178837 23
151252 151292 151370 151493 151917 151990 152022 152103 152251 152824 152897 152976 153210 153362 154217 154475 154799 154984 155409 156483 156484 156855 156953
178838 24
156801 151292 151370 151493 151917 151990 152022 152103 152251 152824 152897 152976 153210 153362 154217 154475 154799 154984 155409 156483 156484 151252 156855 156953
178839 24
156801 151292 151370 151493 151917 151990 152022 152103 152251 152824 152897 152976 153210 153362 154217 154475 154799 154984 155409 156483 156484 151252 156855 156953
178842 24
156801 151292 151370 151493 151917 151990 152022 152103 152251 152824 152897 152976 153210 153362 154217 154475 154799 154984 155409 156483 156484 151252 156855 156953
178843 24
156801 151292 151370 151493 151917 151990 152022 152103 152251 152824 152897 152976 153210 153362 154217 154475 154799 154984 155409 156483 156484 151252 156855 156953
178844 24
156801 151292 151370 151493 151917 151990 152022 152103 152251 152824 152897 152976 153210 153362 154217 154475 154799 154984 155409 156483 156484 151252 156855 156953
178845 24
156801 151292 151370 151493 151917 151990 152022 152103 152251 152824 152897 152976 153210 153362 154217 154475 154799 154984 155409 156483 156484 151252 156855 156953
178846 24
156801 151292 151370 151493 151917 151990 152022 152103 152251 152824 152897 152976 153210 153362 154217 154475 154799 154984 155409 156483 156484 151252 156855 156953
178848 27
151609 152108 156772 156801 151917 151990 152022 151370 152251 152824 152897 152976 153362 154217 154984 156483 156484 151493 151292 156855 156953 152103 151252 154475 154799 153210 155409
178849 13
151228 151524 151927 152708 152733 154170 154171 155343 156743 156801 152108 156772 151609
178851 13
151228 151524 151927 152708 152733 154170 154171 155343 156743 156801 152108 156772 151609
178852 13
151228 151524 151927 152708 152733 154170 154171 155343 156743 156801 152108 156772 151609
178854 4
156801 152108 156772 151609
178855 4
156801 152108 156772 151609
178856 16
151874 151914 152162 151524 151927 151228 152708 152733 154170 154171 155343 156743 156801 151609 156772 152108
178857 16
151874 151914 152162 151524 151927 151228 152708 152733 154170 154171 155343 156743 156801 151609 156772 152108
178858 13
151228 151524 151927 152708 152733 154170 154171 155343 156743 156801 152108 156772 151609
178861 13
151228 151524 151927 152708 152733 154170 154171 155343 156743 156801 152108 156772 151609
178862 13
151228 151524 151927 152708 152733 154170 154171 155343 156743 156801 152108 156772 151609
178863 13
151228 151524 151927 152708 152733 154170 154171 155343 156743 156801 152108 156772 151609
178865 13
151228 151524 151927 152708 152733 154170 154171 155343 156743 156801 152108 156772 151609
178866 25
151874 151914 152162 151524 151927 151228 152708 152733 154170 154171 155343 156743 155667 156008 156030 156105 156156 156157 156585 155665 157197 156801 156772 152108 151609
178867 24
156801 151292 151370 151493 151917 151990 152022 152103 152251 152824 152897 152976 153210 153362 154217 154475 154799 154984 155409 156483 156484 151252 156855 156953
178869 24
156801 151292 151370 151493 151917 151990 152022 152103 152251 152824 152897 152976 153210 153362 154217 154475 154799 154984 155409 156483 156484 151252 156855 156953
178870 24
156801 151292 151370 151493 151917 151990 152022 152103 152251 152824 152897 152976 153210 153362 154217 154475 154799 154984 155409 156483 156484 151252 156855 156953
178871 24
156801 151292 151370 151493 151917 151990 152022 152103 152251 152824 152897 152976 153210 153362 154217 154475 154799 154984 155409 156483 156484 151252 156855 156953
178872 7
151874 151914 152162 152108 151609 156772 156801
178874 3
151609 152108 156772
178875 3
151609 152108 156772
178876 27
151609 152108 156772 156801 151252 151917 151990 152022 152103 151292 152251 152824 152897 152976 153210 153362 154217 154475 154799 154984 155409 156483 156484 151370 151493 156855 156953
178879 4
151609 152108 156772 156801
178880 27
151609 152108 156772 156801 151252 151917 151990 152022 152103 151292 152251 152824 152897 152976 153210 153362 154217 154475 154799 154984 155409 156483 156484 151370 151493 156855 156953
178881 27
151609 152108 156772 156801 151252 151917 151990 152022 152103 151292 152251 152824 152897 152976 153210 153362 154217 154475 154799 154984 155409 156483 156484 151370 151493 156855 156953
178882 27
151609 152108 156772 156801 151252 151917 151990 152022 152103 151292 152251 152824 152897 152976 153210 153362 154217 154475 154799 154984 155409 156483 156484 151370 151493 156855 156953
178883 27
151609 152108 156772 156801 151252 151917 151990 152022 152103 151292 152251 152824 152897 152976 153210 153362 154217 154475 154799 154984 155409 156483 156484 151370 151493 156855 156953
178884 27
151609 152108 156772 156801 151252 151917 151990 152022 152103 151292 152251 152824 152897 152976 153210 153362 154217 154475 154799 154984 155409 156483 156484 151370 151493 156855 156953
178885 27
151609 152108 156772 156801 151252 151917 151990 152022 152103 151292 152251 152824 152897 152976 153210 153362 154217 154475 154799 154984 155409 156483 156484 151370 151493 156855 156953
178887 27
151609 152108 156772 156801 151252 151917 151990 152022 152103 151292 152251 152824 152897 152976 153210 153362 154217 154475 154799 154984 155409 156483 156484 151370 151493 156855 156953
178888 27
151609 152108 156772 156801 151252 151917 151990 152022 152103 151292 152251 152824 152897 152976 153210 153362 154217 154475 154799 154984 155409 156483 156484 151370 151493 156855 156953
178889 27
151609 152108 156772 156801 151252 151917 151990 152022 152103 151292 152251 152824 152897 152976 153210 153362 154217 154475 154799 154984 155409 156483 156484 151370 151493 156855 156953
178891 27
151609 152108 156772 156801 151252 151917 151990 152022 152103 151292 152251 152824 152897 152976 153210 153362 154217 154475 154799 154984 155409 156483 156484 151370 151493 156855 156953
178892 27
151609 152108 156772 156801 151252 151917 151990 152022 152103 151292 152251 152824 152897 152976 153210 153362 154217 154475 154799 154984 155409 156483 156484 151370 151493 156855 156953
178893 27
151609 152108 156772 156801 151252 151917 151990 152022 152103 151292 152251 152824 152897 152976 153210 153362 154217 154475 154799 154984 155409 156483 156484 151370 151493 156855 156953
178894 27
151609 152108 156772 156801 151252 151917 151990 152022 152103 151292 152251 152824 152897 152976 153210 153362 154217 154475 154799 154984 155409 156483 156484 151370 151493 156855 156953
178895 27
151609 152108 156772 156801 151252 151917 151990 152022 152103 151292 152251 152824 152897 152976 153210 153362 154217 154475 154799 154984 155409 156483 156484 151370 151493 156855 156953
178896 27
151609 152108 156772 156801 151252 151917 151990 152022 152103 151292 152251 152824 152897 152976 153210 153362 154217 154475 154799 154984 155409 156483 156484 151370 151493 156855 156953
178897 27
151609 152108 156772 156801 151252 151917 151990 152022 152103 151292 152251 152824 152897 152976 153210 153362 154217 154475 154799 154984 155409 156483 156484 151370 151493 156855 156953
178898 27
151609 152108 156772 156801 151252 151917 151990 152022 152103 151292 152251 152824 152897 152976 153210 153362 154217 154475 154799 154984 155409 156483 156484 151370 151493 156855 156953
178899 27
151609 152108 156772 156801 151252 151917 151990 152022 152103 151292 152251 152824 152897 152976 153210 153362 154217 154475 154799 154984 155409 156483 156484 151370 151493 156855 156953
178900 27
151609 152108 156772 156801 151252 151917 151990 152022 152103 151292 152251 152824 152897 152976 153210 153362 154217 154475 154799 154984 155409 156483 156484 151370 151493 156855 156953
178901 27
151609 152108 156772 156801 151252 151917 151990 152022 152103 151292 152251 152824 152897 152976 153210 153362 154217 154475 154799 154984 155409 156483 156484 151370 151493 156855 156953
178902 27
151609 152108 156772 156801 151252 151917 151990 152022 152103 151292 152251 152824 152897 152976 153210 153362 154217 154475 154799 154984 155409 156483 156484 151370 151493 156855 156953
178903 27
151609 152108 156772 156801 151252 151917 151990 152022 152103 151292 152251 152824 152897 152976 153210 153362 154217 154475 154799 154984 155409 156483 156484 151370 151493 156855 156953
178905 27
151609 152108 156772 156801 151252 151917 151990 152022 152103 151292 152251 152824 152897 152976 153210 153362 154217 154475 154799 154984 155409 156483 156484 151370 151493 156855 156953
178906 27
151609 152108 156772 156801 151252 151917 151990 152022 152103 151292 152251 152824 152897 152976 153210 153362 154217 154475 154799 154984 155409 156483 156484 151370 151493 156855 156953
178908 27
151609 152108 156772 156801 151252 151917 151990 152022 152103 151292 152251 152824 152897 152976 153210 153362 154217 154475 154799 154984 155409 156483 156484 151370 151493 156855 156953
178909 27
151609 152108 156772 156801 151252 151917 151990 152022 152103 151292 152251 152824 152897 152976 153210 153362 154217 154475 154799 154984 155409 156483 156484 151370 151493 156855 156953
178910 24
156801 151292 151370 151493 151917 151990 152022 152103 152251 152824 152897 152976 153210 153362 154217 154475 154799 154984 155409 156483 156484 151252 156855 156953
178912 27
151609 152108 156772 156801 151252 151917 151990 152022 152103 151292 152251 152824 152897 152976 153210 153362 154217 154475 154799 154984 155409 156483 156484 151370 151493 156855 156953
178913 24
156801 151292 151370 151493 151917 151990 152022 152103 152251 152824 152897 152976 153210 153362 154217 154475 154799 154984 155409 156483 156484 151252 156855 156953
178914 7
151874 151914 152162 152108 151609 156772 156801
178917 24
156801 151292 151370 151493 151917 151990 152022 152103 152251 152824 152897 152976 153210 153362 154217 154475 154799 154984 155409 156483 156484 151252 156855 156953
178919 27
151609 152108 156772 156801 151252 151917 151990 152022 152103 151292 152251 152824 152897 152976 153210 153362 154217 154475 154799 154984 155409 156483 156484 151370 151493 156855 156953
178921 24
156801 151292 151370 151493 151917 151990 152022 152103 152251 152824 152897 152976 153210 153362 154217 154475 154799 154984 155409 156483 156484 151252 156855 156953
178922 24
156801 151292 151370 151493 151917 151990 152022 152103 152251 152824 152897 152976 153210 153362 154217 154475 154799 154984 155409 156483 156484 151252 156855 156953
178924 24
156801 151292 151370 151493 151917 151990 152022 152103 152251 152824 152897 152976 153210 153362 154217 154475 154799 154984 155409 156483 156484 151252 156855 156953
178925 24
156801 151292 151370 151493 151917 151990 152022 152103 152251 152824 152897 152976 153210 153362 154217 154475 154799 154984 155409 156483 156484 151252 156855 156953
178927 16
151874 151914 152162 152708 152733 155343 156743 151927 154170 154171 151228 151524 156801 151609 156772 152108
178928 16
151874 151914 152162 151524 151927 151228 152708 152733 154170 154171 155343 156743 156801 151609 156772 152108
178929 7
151874 151914 152162 152108 151609 156772 156801
178930 7
151874 151914 152162 152108 151609 156772 156801
178931 16
151874 151914 152162 151524 151927 151228 152708 152733 154170 154171 155343 156743 152108 151609 156772 156801
178932 16
151874 151914 152162 151524 151927 151228 152708 152733 154170 154171 155343 156743 152108 151609 156772 156801
178933 16
151228 151524 151927 152708 152733 154170 154171 155343 156743 151914 151874 152162 152108 151609 156772 156801
178935 39
151228 151524 151927 152708 152733 154170 154171 155343 156743 151609 152108 156772 151914 152162 151874 156801 152251 151493 151917 152824 152897 152976 153210 153362 151252 151990 154217 154475 154799 154984 152022 155409 156483 156484 152103 151292 151370 156855 156953
178936 27
151874 151914 152162 156801 151252 153210 154475 154799 155409 152103 151292 152251 152824 152897 152976 151370 153362 154217 151917 151990 154984 152022 156483 156484 151493 156855 156953
178937 27
151874 151914 152162 156801 151252 153210 154475 154799 155409 152103 151292 152251 152824 152897 152976 151370 153362 154217 151917 151990 154984 152022 156483 156484 151493 156855 156953
178938 16
151228 151524 151927 152708 152733 154170 154171 155343 156743 151609 152108 156772 151914 152162 151874 156801
178940 16
151228 151524 151927 152708 152733 154170 154171 155343 156743 151914 151874 152162 152108 151609 156772 156801
178941 24
156801 151292 151370 151493 151917 151990 152022 152103 152251 152824 152897 152976 153210 153362 154217 154475 154799 154984 155409 156483 156484 151252 156855 156953
178942 24
156801 151292 151370 151493 151917 151990 152022 152103 152251 152824 152897 152976 153210 153362 154217 154475 154799 154984 155409 156483 156484 151252 156855 156953
178943 24
156801 151292 151370 151493 151917 151990 152022 152103 152251 152824 152897 152976 153210 153362 154217 154475 154799 154984 155409 156483 156484 151252 156855 156953
178945 24
156801 151292 151370 151493 151917 151990 152022 152103 152251 152824 152897 152976 153210 153362 154217 154475 154799 154984 155409 156483 156484 151252 156855 156953
178946 24
156801 151292 151370 151493 151917 151990 152022 152103 152251 152824 152897 152976 153210 153362 154217 154475 154799 154984 155409 156483 156484 151252 156855 156953
178947 24
156801 151292 151370 151493 151917 151990 152022 152103 152251 152824 152897 152976 153210 153362 154217 154475 154799 154984 155409 156483 156484 151252 156855 156953
178948 24
156801 151292 151370 151493 151917 151990 152022 152103 152251 152824 152897 152976 153210 153362 154217 154475 154799 154984 155409 156483 156484 151252 156855 156953
178949 24
156801 151370 151493 151917 151990 152022 152251 152824 152897 152976 153362 154217 154984 156483 156484 151292 156855 156953 155409 151252 152103 154475 154799 153210
178950 24
156801 151370 151493 151917 151990 152022 152251 152824 152897 152976 153362 154217 154984 156483 156484 151292 156855 156953 155409 151252 152103 154475 154799 153210
178951 24
156801 151370 151493 151917 151990 152022 152251 152824 152897 152976 153362 154217 154984 156483 156484 151292 156855 156953 155409 151252 152103 154475 154799 153210
178953 24
156801 151370 151493 151917 151990 152022 152251 152824 152897 152976 153362 154217 154984 156483 156484 151292 156855 156953 155409 151252 152103 154475 154799 153210
178954 24
156801 151370 151493 151917 151990 152022 152251 152824 152897 152976 153362 154217 154984 156483 156484 151292 156855 156953 155409 151252 152103 154475 154799 153210
178955 24
156801 151370 151493 151917 151990 152022 152251 152824 152897 152976 153362 154217 154984 156483 156484 151292 156855 156953 155409 151252 152103 154475 154799 153210
178958 24
156801 151370 151493 151917 151990 152022 152251 152824 152897 152976 153362 154217 154984 156483 156484 151292 156855 156953 155409 151252 152103 154475 154799 153210
178959 24
156801 151292 151370 151493 151917 151990 152022 152103 152251 152824 152897 152976 153210 153362 154217 154475 154799 154984 155409 156483 156484 151252 156855 156953
178961 24
156801 151292 151370 151493 151917 151990 152022 152103 152251 152824 152897 152976 153210 153362 154217 154475 154799 154984 155409 156483 156484 151252 156855 156953
178962 24
156801 151370 151493 151917 151990 152022 152251 152824 152897 152976 153362 154217 154984 156483 156484 151292 156855 156953 155409 151252 152103 154475 154799 153210
178963 24
156801 151370 151493 151917 151990 152022 152251 152824 152897 152976 153362 154217 154984 156483 156484 151292 156855 156953 155409 151252 152103 154475 154799 153210
178964 24
156801 151370 151493 151917 151990 152022 152251 152824 152897 152976 153362 154217 154984 156483 156484 151292 156855 156953 155409 151252 152103 154475 154799 153210
178965 24
156801 151370 151493 151917 151990 152022 152251 152824 152897 152976 153362 154217 154984 156483 156484 151292 156855 156953 155409 151252 152103 154475 154799 153210
178968 24
156801 151370 151493 151917 151990 152022 152251 152824 152897 152976 153362 154217 154984 156483 156484 151292 156855 156953 155409 151252 152103 154475 154799 153210
178969 24
156801 151370 151493 151917 151990 152022 152251 152824 152897 152976 153362 154217 154984 156483 156484 151292 156855 156953 155409 151252 152103 154475 154799 153210
178970 24
156801 151370 151493 151917 151990 152022 152251 152824 152897 152976 153362 154217 154984 156483 156484 151292 156855 156953 155409 151252 152103 154475 154799 153210
178974 24
156801 151370 151493 151917 151990 152022 152251 152824 152897 152976 153362 154217 154984 156483 156484 151292 156855 156953 155409 151252 152103 154475 154799 153210
178975 24
156801 151370 151493 151917 151990 152022 152251 152824 152897 152976 153362 154217 154984 156483 156484 151292 156855 156953 155409 151252 152103 154475 154799 153210
178978 24
156801 151370 151493 151917 151990 152022 152251 152824 152897 152976 153362 154217 154984 156483 156484 151292 156855 156953 155409 151252 152103 154475 154799 153210
178979 24
156801 151370 151493 151917 151990 152022 152251 152824 152897 152976 153362 154217 154984 156483 156484 151292 156855 156953 155409 151252 152103 154475 154799 153210
178980 24
156801 151370 151493 151917 151990 152022 152251 152824 152897 152976 153362 154217 154984 156483 156484 151292 156855 156953 155409 151252 152103 154475 154799 153210
178982 24
156801 151370 151493 151917 151990 152022 152251 152824 152897 152976 153362 154217 154984 156483 156484 151292 156855 156953 155409 151252 152103 154475 154799 153210
178985 23
151252 151292 151370 151493 151917 151990 152022 152103 152251 152824 152897 152976 153210 153362 154217 154475 154799 154984 155409 156483 156484 156855 156953
178986 23
151292 151370 151493 151917 151990 152022 152251 152824 152897 152976 153362 154217 154984 156483 156484 156855 156953 153210 155409 151252 152103 154475 154799
178989 24
156801 151292 151370 151493 151917 151990 152022 152103 152251 152824 152897 152976 153210 153362 154217 154475 154799 154984 155409 156483 156484 151252 156855 156953
178990 24
156801 151370 151493 151917 151990 152022 152251 152824 152897 152976 153362 154217 154984 156483 156484 151292 156855 156953 155409 151252 152103 154475 154799 153210
178991 24
156801 151370 151493 151917 151990 152022 152251 152824 152897 152976 153362 154217 154984 156483 156484 151292 156855 156953 155409 151252 152103 154475 154799 153210
178992 24
156801 151370 151493 151917 151990 152022 152251 152824 152897 152976 153362 154217 154984 156483 156484 151292 156855 156953 155409 151252 152103 154475 154799 153210
178996 24
156801 151292 151370 151493 151917 151990 152022 152103 152251 152824 152897 152976 153210 153362 154217 154475 154799 154984 155409 156483 156484 151252 156855 156953
178997 24
156801 151370 151493 151917 151990 152022 152251 152824 152897 152976 153362 154217 154984 156483 156484 151292 156855 156953 155409 151252 152103 154475 154799 153210
178998 24
156801 151370 151493 151917 151990 152022 152251 152824 152897 152976 153362 154217 154984 156483 156484 151292 156855 156953 155409 151252 152103 154475 154799 153210
179000 24
156801 151292 151370 151493 151917 151990 152022 152103 152251 152824 152897 152976 153210 153362 154217 154475 154799 154984 155409 156483 156484 151252 156855 156953
179001 24
156801 151292 151370 151493 151917 151990 152022 152103 152251 152824 152897 152976 153210 153362 154217 154475 154799 154984 155409 156483 156484 151252 156855 156953
179002 24
156801 151292 151370 151493 151917 151990 152022 152103 152251 152824 152897 152976 153210 153362 154217 154475 154799 154984 155409 156483 156484 151252 156855 156953
179003 24
156801 151292 151370 151493 151917 151990 152022 152103 152251 152824 152897 152976 153210 153362 154217 154475 154799 154984 155409 156483 156484 151252 156855 156953
179004 24
156801 151292 151370 151493 151917 151990 152022 152103 152251 152824 152897 152976 153210 153362 154217 154475 154799 154984 155409 156483 156484 151252 156855 156953
179005 27
151874 151914 152162 156801 151252 151292 151917 151990 152022 152103 151370 152251 152824 152897 152976 153210 153362 154217 154475 154799 154984 155409 156483 156484 151493 156855 156953
179007 27
151874 151914 152162 156801 151252 151292 151917 151990 152022 152103 151370 152251 152824 152897 152976 153210 153362 154217 154475 154799 154984 155409 156483 156484 151493 156855 156953
179008 24
156801 151370 151493 151917 151990 152022 152251 152824 152897 152976 153362 154217 154984 156483 156484 151292 156855 156953 155409 151252 152103 154475 154799 153210
179009 24
156801 151370 151493 151917 151990 152022 152251 152824 152897 152976 153362 154217 154984 156483 156484 151292 156855 156953 155409 151252 152103 154475 154799 153210
179010 24
156801 151370 151493 151917 151990 152022 152251 152824 152897 152976 153362 154217 154984 156483 156484 151292 156855 156953 155409 151252 152103 154475 154799 153210
179011 24
156801 151370 151493 151917 151990 152022 152251 152824 152897 152976 153362 154217 154984 156483 156484 151292 156855 156953 155409 151252 152103 154475 154799 153210
179013 24
156801 151292 151370 151493 151917 151990 152022 152103 152251 152824 152897 152976 153210 153362 154217 154475 154799 154984 155409 156483 156484 151252 156855 156953
179015 24
156801 151370 151493 151917 151990 152022 152251 152824 152897 152976 153362 154217 154984 156483 156484 151292 156855 156953 155409 151252 152103 154475 154799 153210
179017 27
151874 151914 152162 156801 151252 151292 151917 151990 152022 152103 151370 152251 152824 152897 152976 153210 153362 154217 154475 154799 154984 155409 156483 156484 151493 156855 156953
179018 27
151874 151914 152162 156801 151252 151292 151917 151990 152022 152103 151370 152251 152824 152897 152976 153210 153362 154217 154475 154799 154984 155409 156483 156484 151493 156855 156953
179019 27
151874 151914 152162 156801 151252 151292 151917 151990 152022 152103 151370 152251 152824 152897 152976 153210 153362 154217 154475 154799 154984 155409 156483 156484 151493 156855 156953
179020 1
156801
179021 27
151874 151914 152162 156801 151252 151292 151917 151990 152022 152103 151370 152251 152824 152897 152976 153210 153362 154217 154475 154799 154984 155409 156483 156484 151493 156855 156953
179023 24
156801 151292 151370 151493 151917 151990 152022 152103 152251 152824 152897 152976 153210 153362 154217 154475 154799 154984 155409 156483 156484 151252 156855 156953
179024 1
156801
179025 1
156801
179026 24
156801 151292 151370 151493 151917 151990 152022 152103 152251 152824 152897 152976 153210 153362 154217 154475 154799 154984 155409 156483 156484 151252 156855 156953
179027 24
156801 151292 151370 151493 151917 151990 152022 152103 152251 152824 152897 152976 153210 153362 154217 154475 154799 154984 155409 156483 156484 151252 156855 156953
179029 24
156801 151292 151370 151493 151917 151990 152022 152103 152251 152824 152897 152976 153210 153362 154217 154475 154799 154984 155409 156483 156484 151252 156855 156953
179032 24
156801 151292 151370 151493 151917 151990 152022 152103 152251 152824 152897 152976 153210 153362 154217 154475 154799 154984 155409 156483 156484 151252 156855 156953
179034 24
156801 151292 151370 151493 151917 151990 152022 152103 152251 152824 152897 152976 153210 153362 154217 154475 154799 154984 155409 156483 156484 151252 156855 156953
179035 24
156801 151292 151370 151493 151917 151990 152022 152103 152251 152824 152897 152976 153210 153362 154217 154475 154799 154984 155409 156483 156484 151252 156855 156953
179036 24
156801 151370 151493 151917 151990 152022 152251 152824 152897 152976 153362 154217 154984 156483 156484 151292 156855 156953 155409 151252 152103 154475 154799 153210
179037 24
156801 151370 151493 151917 151990 152022 152251 152824 152897 152976 153362 154217 154984 156483 156484 151292 156855 156953 155409 151252 152103 154475 154799 153210
179038 24
156801 151370 151493 151917 151990 152022 152251 152824 152897 152976 153362 154217 154984 156483 156484 151292 156855 156953 155409 151252 152103 154475 154799 153210
179039 24
156801 151370 151493 151917 151990 152022 152251 152824 152897 152976 153362 154217 154984 156483 156484 151292 156855 156953 155409 151252 152103 154475 154799 153210
179041 24
156801 151292 151370 151493 151917 151990 152022 152103 152251 152824 152897 152976 153210 153362 154217 154475 154799 154984 155409 156483 156484 151252 156855 156953
179042 1
156801
179043 24
156801 151292 151370 151493 151917 151990 152022 152103 152251 152824 152897 152976 153210 153362 154217 154475 154799 154984 155409 156483 156484 151252 156855 156953
179044 24
156801 151292 151370 151493 151917 151990 152022 152103 152251 152824 152897 152976 153210 153362 154217 154475 154799 154984 155409 156483 156484 151252 156855 156953
179045 24
156801 151292 151370 151493 151917 151990 152022 152103 152251 152824 152897 152976 153210 153362 154217 154475 154799 154984 155409 156483 156484 151252 156855 156953
179046 24
156801 151292 151370 151493 151917 151990 152022 152103 152251 152824 152897 152976 153210 153362 154217 154475 154799 154984 155409 156483 156484 151252 156855 156953
179048 24
156801 151292 151370 151493 151917 151990 152022 152103 152251 152824 152897 152976 153210 153362 154217 154475 154799 154984 155409 156483 156484 151252 156855 156953
179049 24
156801 151292 151370 151493 151917 151990 152022 152103 152251 152824 152897 152976 153210 153362 154217 154475 154799 154984 155409 156483 156484 151252 156855 156953
179050 24
156801 151292 151370 151493 151917 151990 152022 152103 152251 152824 152897 152976 153210 153362 154217 154475 154799 154984 155409 156483 156484 151252 156855 156953
179055 24
156801 151292 151370 151493 151917 151990 152022 152103 152251 152824 152897 152976 153210 153362 154217 154475 154799 154984 155409 156483 156484 151252 156855 156953
179056 24
156801 151292 151370 151493 151917 151990 152022 152103 152251 152824 152897 152976 153210 153362 154217 154475 154799 154984 155409 156483 156484 151252 156855 156953
179057 24
156801 151292 151370 151493 151917 151990 152022 152103 152251 152824 152897 152976 153210 153362 154217 154475 154799 154984 155409 156483 156484 151252 156855 156953
179059 24
156801 151292 151370 151493 151917 151990 152022 152103 152251 152824 152897 152976 153210 153362 154217 154475 154799 154984 155409 156483 156484 151252 156855 156953
179060 24
156801 151292 151370 151493 151917 151990 152022 152103 152251 152824 152897 152976 153210 153362 154217 154475 154799 154984 155409 156483 156484 151252 156855 156953
179062 1
156801
179063 1
156801
179064 24
156801 151292 151370 151493 151917 151990 152022 152103 152251 152824 152897 152976 153210 153362 154217 154475 154799 154984 155409 156483 156484 151252 156855 156953
179065 1
156801
179066 1
156801
179068 1
156801
179069 24
156801 151292 151370 151493 151917 151990 152022 152103 152251 152824 152897 152976 153210 153362 154217 154475 154799 154984 155409 156483 156484 151252 156855 156953
179071 24
156801 151292 151370 151493 151917 151990 152022 152103 152251 152824 152897 152976 153210 153362 154217 154475 154799 154984 155409 156483 156484 151252 156855 156953
179072 24
156801 151292 151370 151493 151917 151990 152022 152103 152251 152824 152897 152976 153210 153362 154217 154475 154799 154984 155409 156483 156484 151252 156855 156953
179076 24
156801 151292 151370 151493 151917 151990 152022 152103 152251 152824 152897 152976 153210 153362 154217 154475 154799 154984 155409 156483 156484 151252 156855 156953
179077 1
156801
179078 1
156801
179079 24
156801 151292 151370 151493 151917 151990 152022 152103 152251 152824 152897 152976 153210 153362 154217 154475 154799 154984 155409 156483 156484 151252 156855 156953
179080 24
156801 151292 151370 151493 151917 151990 152022 152103 152251 152824 152897 152976 153210 153362 154217 154475 154799 154984 155409 156483 156484 151252 156855 156953
179081 24
156801 151292 151370 151493 151917 151990 152022 152103 152251 152824 152897 152976 153210 153362 154217 154475 154799 154984 155409 156483 156484 151252 156855 156953
179082 24
156801 151292 151370 151493 151917 151990 152022 152103 152251 152824 152897 152976 153210 153362 154217 154475 154799 154984 155409 156483 156484 151252 156855 156953
179083 24
156801 151292 151370 151493 151917 151990 152022 152103 152251 152824 152897 152976 153210 153362 154217 154475 154799 154984 155409 156483 156484 151252 156855 156953
179084 24
156801 151292 151370 151493 151917 151990 152022 152103 152251 152824 152897 152976 153210 153362 154217 154475 154799 154984 155409 156483 156484 151252 156855 156953
179085 24
156801 151292 151370 151493 151917 151990 152022 152103 152251 152824 152897 152976 153210 153362 154217 154475 154799 154984 155409 156483 156484 151252 156855 156953
179086 24
156801 151292 151370 151493 151917 151990 152022 152103 152251 152824 152897 152976 153210 153362 154217 154475 154799 154984 155409 156483 156484 151252 156855 156953
179088 24
156801 151292 151370 151493 151917 151990 152022 152103 152251 152824 152897 152976 153210 153362 154217 154475 154799 154984 155409 156483 156484 151252 156855 156953
179089 24
156801 151292 151370 151493 151917 151990 152022 152103 152251 152824 152897 152976 153210 153362 154217 154475 154799 154984 155409 156483 156484 151252 156855 156953
179090 24
156801 151292 151370 151493 151917 151990 152022 152103 152251 152824 152897 152976 153210 153362 154217 154475 154799 154984 155409 156483 156484 151252 156855 156953
179092 24
156801 151292 151370 151493 151917 151990 152022 152103 152251 152824 152897 152976 153210 153362 154217 154475 154799 154984 155409 156483 156484 151252 156855 156953
179095 24
156801 151292 151370 151493 151917 151990 152022 152103 152251 152824 152897 152976 153210 153362 154217 154475 154799 154984 155409 156483 156484 151252 156855 156953
179096 24
156801 151292 151370 151493 151917 151990 152022 152103 152251 152824 152897 152976 153210 153362 154217 154475 154799 154984 155409 156483 156484 151252 156855 156953
179097 24
156801 151292 151370 151493 151917 151990 152022 152103 152251 152824 152897 152976 153210 153362 154217 154475 154799 154984 155409 156483 156484 151252 156855 156953
179098 24
156801 151292 151370 151493 151917 151990 152022 152103 152251 152824 152897 152976 153210 153362 154217 154475 154799 154984 155409 156483 156484 151252 156855 156953
179099 24
156801 151292 151370 151493 151917 151990 152022 152103 152251 152824 152897 152976 153210 153362 154217 154475 154799 154984 155409 156483 156484 151252 156855 156953
179100 24
156801 151292 151370 151493 151917 151990 152022 152103 152251 152824 152897 152976 153210 153362 154217 154475 154799 154984 155409 156483 156484 151252 156855 156953
179101 24
156801 151292 151370 151493 151917 151990 152022 152103 152251 152824 152897 152976 153210 153362 154217 154475 154799 154984 155409 156483 156484 151252 156855 156953
179103 24
156801 151292 151370 151493 151917 151990 152022 152103 152251 152824 152897 152976 153210 153362 154217 154475 154799 154984 155409 156483 156484 151252 156855 156953
179104 24
156801 151292 151370 151493 151917 151990 152022 152103 152251 152824 152897 152976 153210 153362 154217 154475 154799 154984 155409 156483 156484 151252 156855 156953
179105 24
156801 152103 153210 154475 154799 155409 151252 151292 152251 152824 152897 152976 151370 153362 154217 151493 151917 154984 151990 156483 156484 152022 156855 156953
179106 1
156801
179109 1
156801
179110 1
156801
179113 24
156801 151292 151370 151493 151917 151990 152022 152103 152251 152824 152897 152976 153210 153362 154217 154475 154799 154984 155409 156483 156484 151252 156855 156953
179114 24
156801 151292 151370 151493 151917 151990 152022 152103 152251 152824 152897 152976 153210 153362 154217 154475 154799 154984 155409 156483 156484 151252 156855 156953
179115 24
156801 151292 151370 151493 151917 151990 152022 152103 152251 152824 152897 152976 153210 153362 154217 154475 154799 154984 155409 156483 156484 151252 156855 156953
179116 24
156801 151292 151370 151493 151917 151990 152022 152103 152251 152824 152897 152976 153210 153362 154217 154475 154799 154984 155409 156483 156484 151252 156855 156953
179118 24
156801 151292 151370 151493 151917 151990 152022 152103 152251 152824 152897 152976 153210 153362 154217 154475 154799 154984 155409 156483 156484 151252 156855 156953
179121 24
156801 151292 151370 151493 151917 151990 152022 152103 152251 152824 152897 152976 153210 153362 154217 154475 154799 154984 155409 156483 156484 151252 156855 156953
179123 24
156801 151292 151370 151493 151917 151990 152022 152103 152251 152824 152897 152976 153210 153362 154217 154475 154799 154984 155409 156483 156484 151252 156855 156953
179124 24
156801 151370 151493 151917 151990 152022 152251 152824 152897 152976 153362 154217 154984 156483 156484 151292 156855 156953 155409 151252 152103 154475 154799 153210
179125 24
156801 151292 151370 151493 151917 151990 152022 152103 152251 152824 152897 152976 153210 153362 154217 154475 154799 154984 155409 156483 156484 151252 156855 156953
179127 24
156801 151292 151370 151493 151917 151990 152022 152103 152251 152824 152897 152976 153210 153362 154217 154475 154799 154984 155409 156483 156484 151252 156855 156953
179128 24
156801 151370 151493 151917 151990 152022 152251 152824 152897 152976 153362 154217 154984 156483 156484 151292 156855 156953 155409 151252 152103 154475 154799 153210
179129 24
156801 151370 151493 151917 151990 152022 152251 152824 152897 152976 153362 154217 154984 156483 156484 151292 156855 156953 155409 151252 152103 154475 154799 153210
179130 24
156801 151292 151370 151493 151917 151990 152022 152103 152251 152824 152897 152976 153210 153362 154217 154475 154799 154984 155409 156483 156484 151252 156855 156953
179131 24
156801 151292 151370 151493 151917 151990 152022 152103 152251 152824 152897 152976 153210 153362 154217 154475 154799 154984 155409 156483 156484 151252 156855 156953
179132 24
156801 151292 151370 151493 151917 151990 152022 152103 152251 152824 152897 152976 153210 153362 154217 154475 154799 154984 155409 156483 156484 151252 156855 156953
179133 24
156801 151292 151370 151493 151917 151990 152022 152103 152251 152824 152897 152976 153210 153362 154217 154475 154799 154984 155409 156483 156484 151252 156855 156953
179134 24
156801 151292 151370 151493 151917 151990 152022 152103 152251 152824 152897 152976 153210 153362 154217 154475 154799 154984 155409 156483 156484 151252 156855 156953
179135 24
156801 151370 151493 151917 151990 152022 152251 152824 152897 152976 153362 154217 154984 156483 156484 151292 156855 156953 155409 151252 152103 154475 154799 153210
179137 24
156801 151370 151493 151917 151990 152022 152251 152824 152897 152976 153362 154217 154984 156483 156484 151292 156855 156953 155409 151252 152103 154475 154799 153210
179138 24
156801 151292 151370 151493 151917 151990 152022 152103 152251 152824 152897 152976 153210 153362 154217 154475 154799 154984 155409 156483 156484 151252 156855 156953
179139 24
156801 151292 151370 151493 151917 151990 152022 152103 152251 152824 152897 152976 153210 153362 154217 154475 154799 154984 155409 156483 156484 151252 156855 156953
179140 24
156801 151292 151370 151493 151917 151990 152022 152103 152251 152824 152897 152976 153210 153362 154217 154475 154799 154984 155409 156483 156484 151252 156855 156953
179141 24
156801 151292 151370 151493 151917 151990 152022 152103 152251 152824 152897 152976 153210 153362 154217 154475 154799 154984 155409 156483 156484 151252 156855 156953
179143 24
156801 151292 151370 151493 151917 151990 152022 152103 152251 152824 152897 152976 153210 153362 154217 154475 154799 154984 155409 156483 156484 151252 156855 156953
179144 24
156801 151370 151493 151917 151990 152022 152251 152824 152897 152976 153362 154217 154984 156483 156484 151292 156855 156953 155409 151252 152103 154475 154799 153210
179145 24
156801 151292 151370 151493 151917 151990 152022 152103 152251 152824 152897 152976 153210 153362 154217 154475 154799 154984 155409 156483 156484 151252 156855 156953
179146 24
156801 151292 151370 151493 151917 151990 152022 152103 152251 152824 152897 152976 153210 153362 154217 154475 154799 154984 155409 156483 156484 151252 156855 156953
179147 24
156801 151292 151370 151493 151917 151990 152022 152103 152251 152824 152897 152976 153210 153362 154217 154475 154799 154984 155409 156483 156484 151252 156855 156953
179148 24
156801 151292 151370 151493 151917 151990 152022 152103 152251 152824 152897 152976 153210 153362 154217 154475 154799 154984 155409 156483 156484 151252 156855 156953
179149 24
156801 151292 151370 151493 151917 151990 152022 152103 152251 152824 152897 152976 153210 153362 154217 154475 154799 154984 155409 156483 156484 151252 156855 156953
179150 24
156801 151292 151370 151493 151917 151990 152022 152103 152251 152824 152897 152976 153210 153362 154217 154475 154799 154984 155409 156483 156484 151252 156855 156953
179151 24
156801 151292 151370 151493 151917 151990 152022 152103 152251 152824 152897 152976 153210 153362 154217 154475 154799 154984 155409 156483 156484 151252 156855 156953
179154 24
156801 151292 151370 151493 151917 151990 152022 152103 152251 152824 152897 152976 153210 153362 154217 154475 154799 154984 155409 156483 156484 151252 156855 156953
179156 24
156801 151292 151370 151493 151917 151990 152022 152103 152251 152824 152897 152976 153210 153362 154217 154475 154799 154984 155409 156483 156484 151252 156855 156953
179158 24
156801 151370 151493 151917 151990 152022 152251 152824 152897 152976 153362 154217 154984 156483 156484 151292 156855 156953 155409 151252 152103 154475 154799 153210
179159 24
156801 152103 153210 154475 154799 155409 151252 151292 152251 152824 152897 152976 151370 153362 154217 151493 151917 154984 151990 156483 156484 152022 156855 156953
179160 24
156801 152103 153210 154475 154799 155409 151252 151292 152251 152824 152897 152976 151370 153362 154217 151493 151917 154984 151990 156483 156484 152022 156855 156953
179162 24
156801 151292 151370 151493 151917 151990 152022 152103 152251 152824 152897 152976 153210 153362 154217 154475 154799 154984 155409 156483 156484 151252 156855 156953
179164 24
156801 151292 151370 151493 151917 151990 152022 152103 152251 152824 152897 152976 153210 153362 154217 154475 154799 154984 155409 156483 156484 151252 156855 156953
179165 24
156801 151292 151370 151493 151917 151990 152022 152103 152251 152824 152897 152976 153210 153362 154217 154475 154799 154984 155409 156483 156484 151252 156855 156953
179166 24
156801 151292 151370 151493 151917 151990 152022 152103 152251 152824 152897 152976 153210 153362 154217 154475 154799 154984 155409 156483 156484 151252 156855 156953
179167 24
156801 151292 151370 151493 151917 151990 152022 152103 152251 152824 152897 152976 153210 153362 154217 154475 154799 154984 155409 156483 156484 151252 156855 156953
179170 24
156801 151292 151370 151493 151917 151990 152022 152103 152251 152824 152897 152976 153210 153362 154217 154475 154799 154984 155409 156483 156484 151252 156855 156953
179171 24
156801 151292 151370 151493 151917 151990 152022 152103 152251 152824 152897 152976 153210 153362 154217 154475 154799 154984 155409 156483 156484 151252 156855 156953
179172 24
156801 151370 151493 151917 151990 152022 152251 152824 152897 152976 153362 154217 154984 156483 156484 151292 156855 156953 155409 151252 152103 154475 154799 153210
179173 27
151874 151914 152162 156801 151252 151292 151917 151990 152022 152103 151370 152251 152824 152897 152976 153210 153362 154217 154475 154799 154984 155409 156483 156484 151493 156855 156953
179174 24
156801 151292 151370 151493 151917 151990 152022 152103 152251 152824 152897 152976 153210 153362 154217 154475 154799 154984 155409 156483 156484 151252 156855 156953
179175 24
156801 151292 151370 151493 151917 151990 152022 152103 152251 152824 152897 152976 153210 153362 154217 154475 154799 154984 155409 156483 156484 151252 156855 156953
179180 24
156801 151292 151370 151493 151917 151990 152022 152103 152251 152824 152897 152976 153210 153362 154217 154475 154799 154984 155409 156483 156484 151252 156855 156953
179181 27
151609 152108 156772 156801 151252 151917 151990 152022 152103 151292 152251 152824 152897 152976 153210 153362 154217 154475 154799 154984 155409 156483 156484 151370 151493 156855 156953
179182 27
151609 152108 156772 156801 151252 151917 151990 152022 152103 151292 152251 152824 152897 152976 153210 153362 154217 154475 154799 154984 155409 156483 156484 151370 151493 156855 156953
179183 24
156801 151370 151493 151917 151990 152022 152251 152824 152897 152976 153362 154217 154984 156483 156484 151292 156855 156953 155409 151252 152103 154475 154799 153210
179184 24
156801 151370 151493 151917 151990 152022 152251 152824 152897 152976 153362 154217 154984 156483 156484 151292 156855 156953 155409 151252 152103 154475 154799 153210
179186 24
156801 151292 151370 151493 151917 151990 152022 152103 152251 152824 152897 152976 153210 153362 154217 154475 154799 154984 155409 156483 156484 151252 156855 156953
179188 24
156801 151292 151370 151493 151917 151990 152022 152103 152251 152824 152897 152976 153210 153362 154217 154475 154799 154984 155409 156483 156484 151252 156855 156953
179189 24
156801 151292 151370 151493 151917 151990 152022 152103 152251 152824 152897 152976 153210 153362 154217 154475 154799 154984 155409 156483 156484 151252 156855 156953
179190 24
156801 151292 151370 151493 151917 151990 152022 152103 152251 152824 152897 152976 153210 153362 154217 154475 154799 154984 155409 156483 156484 151252 156855 156953
179191 24
156801 151292 151370 151493 151917 151990 152022 152103 152251 152824 152897 152976 153210 153362 154217 154475 154799 154984 155409 156483 156484 151252 156855 156953
179192 24
156801 151292 151370 151493 151917 151990 152022 152103 152251 152824 152897 152976 153210 153362 154217 154475 154799 154984 155409 156483 156484 151252 156855 156953
179193 24
156801 151292 151370 151493 151917 151990 152022 152103 152251 152824 152897 152976 153210 153362 154217 154475 154799 154984 155409 156483 156484 151252 156855 156953
179194 24
156801 151292 151370 151493 151917 151990 152022 152103 152251 152824 152897 152976 153210 153362 154217 154475 154799 154984 155409 156483 156484 151252 156855 156953
179195 24
156801 151292 151370 151493 151917 151990 152022 152103 152251 152824 152897 152976 153210 153362 154217 154475 154799 154984 155409 156483 156484 151252 156855 156953
179196 24
156801 151292 151370 151493 151917 151990 152022 152103 152251 152824 152897 152976 153210 153362 154217 154475 154799 154984 155409 156483 156484 151252 156855 156953
179197 24
156801 151292 151370 151493 151917 151990 152022 152103 152251 152824 152897 152976 153210 153362 154217 154475 154799 154984 155409 156483 156484 151252 156855 156953
179198 24
156801 151292 151370 151493 151917 151990 152022 152103 152251 152824 152897 152976 153210 153362 154217 154475 154799 154984 155409 156483 156484 151252 156855 156953
179199 24
156801 151292 151370 151493 151917 151990 152022 152103 152251 152824 152897 152976 153210 153362 154217 154475 154799 154984 155409 156483 156484 151252 156855 156953
179200 24
156801 151292 151370 151493 151917 151990 152022 152103 152251 152824 152897 152976 153210 153362 154217 154475 154799 154984 155409 156483 156484 151252 156855 156953
179201 24
156801 151370 151493 151917 151990 152022 152251 152824 152897 152976 153362 154217 154984 156483 156484 151292 156855 156953 155409 151252 152103 154475 154799 153210
179202 24
156801 151292 151370 151493 151917 151990 152022 152103 152251 152824 152897 152976 153210 153362 154217 154475 154799 154984 155409 156483 156484 151252 156855 156953
179203 24
156801 151370 151493 151917 151990 152022 152251 152824 152897 152976 153362 154217 154984 156483 156484 151292 156855 156953 155409 151252 152103 154475 154799 153210
179204 24
156801 151370 151493 151917 151990 152022 152251 152824 152897 152976 153362 154217 154984 156483 156484 151292 156855 156953 155409 151252 152103 154475 154799 153210
179205 24
156801 151292 151370 151493 151917 151990 152022 152103 152251 152824 152897 152976 153210 153362 154217 154475 154799 154984 155409 156483 156484 151252 156855 156953
179206 24
156801 151370 151493 151917 151990 152022 152251 152824 152897 152976 153362 154217 154984 156483 156484 151292 156855 156953 155409 151252 152103 154475 154799 153210
179210 24
156801 151370 151493 151917 151990 152022 152251 152824 152897 152976 153362 154217 154984 156483 156484 151292 156855 156953 155409 151252 152103 154475 154799 153210
179211 24
156801 151370 151493 151917 151990 152022 152251 152824 152897 152976 153362 154217 154984 156483 156484 151292 156855 156953 155409 151252 152103 154475 154799 153210
179212 24
156801 151370 151493 151917 151990 152022 152251 152824 152897 152976 153362 154217 154984 156483 156484 151292 156855 156953 155409 151252 152103 154475 154799 153210
179213 24
156801 151370 151493 151917 151990 152022 152251 152824 152897 152976 153362 154217 154984 156483 156484 151292 156855 156953 155409 151252 152103 154475 154799 153210
179214 24
156801 151370 151493 151917 151990 152022 152251 152824 152897 152976 153362 154217 154984 156483 156484 151292 156855 156953 155409 151252 152103 154475 154799 153210
179216 24
156801 151292 151370 151493 151917 151990 152022 152103 152251 152824 152897 152976 153210 153362 154217 154475 154799 154984 155409 156483 156484 151252 156855 156953
179217 24
156801 151292 151370 151493 151917 151990 152022 152103 152251 152824 152897 152976 153210 153362 154217 154475 154799 154984 155409 156483 156484 151252 156855 156953
179220 24
156801 151292 151370 151493 151917 151990 152022 152103 152251 152824 152897 152976 153210 153362 154217 154475 154799 154984 155409 156483 156484 151252 156855 156953
179223 24
156801 151292 151370 151493 151917 151990 152022 152103 152251 152824 152897 152976 153210 153362 154217 154475 154799 154984 155409 156483 156484 151252 156855 156953
179224 24
156801 151292 151370 151493 151917 151990 152022 152103 152251 152824 152897 152976 153210 153362 154217 154475 154799 154984 155409 156483 156484 151252 156855 156953
179226 24
156801 151292 151370 151493 151917 151990 152022 152103 152251 152824 152897 152976 153210 153362 154217 154475 154799 154984 155409 156483 156484 151252 156855 156953
179227 24
156801 151292 151370 151493 151917 151990 152022 152103 152251 152824 152897 152976 153210 153362 154217 154475 154799 154984 155409 156483 156484 151252 156855 156953
179229 24
156801 151292 151370 151493 151917 151990 152022 152103 152251 152824 152897 152976 153210 153362 154217 154475 154799 154984 155409 156483 156484 151252 156855 156953
179230 24
156801 151292 151370 151493 151917 151990 152022 152103 152251 152824 152897 152976 153210 153362 154217 154475 154799 154984 155409 156483 156484 151252 156855 156953
179231 24
156801 151292 151370 151493 151917 151990 152022 152103 152251 152824 152897 152976 153210 153362 154217 154475 154799 154984 155409 156483 156484 151252 156855 156953
179232 24
156801 151292 151370 151493 151917 151990 152022 152103 152251 152824 152897 152976 153210 153362 154217 154475 154799 154984 155409 156483 156484 151252 156855 156953
179233 27
151874 151914 152162 156801 151252 151292 151917 151990 152022 152103 151370 152251 152824 152897 152976 153210 153362 154217 154475 154799 154984 155409 156483 156484 151493 156855 156953
179234 27
151874 151914 152162 156801 151252 151292 151917 151990 152022 152103 151370 152251 152824 152897 152976 153210 153362 154217 154475 154799 154984 155409 156483 156484 151493 156855 156953
179235 24
156801 151292 151370 151493 151917 151990 152022 152103 152251 152824 152897 152976 153210 153362 154217 154475 154799 154984 155409 156483 156484 151252 156855 156953
179236 24
156801 151292 151370 151493 151917 151990 152022 152103 152251 152824 152897 152976 153210 153362 154217 154475 154799 154984 155409 156483 156484 151252 156855 156953
179238 24
156801 151292 151370 151493 151917 151990 152022 152103 152251 152824 152897 152976 153210 153362 154217 154475 154799 154984 155409 156483 156484 151252 156855 156953
179239 24
156801 151292 151370 151493 151917 151990 152022 152103 152251 152824 152897 152976 153210 153362 154217 154475 154799 154984 155409 156483 156484 151252 156855 156953
179240 24
156801 151292 151370 151493 151917 151990 152022 152103 152251 152824 152897 152976 153210 153362 154217 154475 154799 154984 155409 156483 156484 151252 156855 156953
179245 24
156801 151292 151370 151493 151917 151990 152022 152103 152251 152824 152897 152976 153210 153362 154217 154475 154799 154984 155409 156483 156484 151252 156855 156953
179246 24
156801 151292 151370 151493 151917 151990 152022 152103 152251 152824 152897 152976 153210 153362 154217 154475 154799 154984 155409 156483 156484 151252 156855 156953
179247 24
156801 151292 151370 151493 151917 151990 152022 152103 152251 152824 152897 152976 153210 153362 154217 154475 154799 154984 155409 156483 156484 151252 156855 156953
179248 24
156801 151370 151493 151917 151990 152022 152251 152824 152897 152976 153362 154217 154984 156483 156484 151292 156855 156953 155409 151252 152103 154475 154799 153210
179249 24
156801 151292 151370 151493 151917 151990 152022 152103 152251 152824 152897 152976 153210 153362 154217 154475 154799 154984 155409 156483 156484 151252 156855 156953
179250 24
156801 151292 151370 151493 151917 151990 152022 152103 152251 152824 152897 152976 153210 153362 154217 154475 154799 154984 155409 156483 156484 151252 156855 156953
179251 24
156801 151292 151370 151493 151917 151990 152022 152103 152251 152824 152897 152976 153210 153362 154217 154475 154799 154984 155409 156483 156484 151252 156855 156953
179252 24
156801 151292 151370 151493 151917 151990 152022 152103 152251 152824 152897 152976 153210 153362 154217 154475 154799 154984 155409 156483 156484 151252 156855 156953
179254 24
156801 151292 151370 151493 151917 151990 152022 152103 152251 152824 152897 152976 153210 153362 154217 154475 154799 154984 155409 156483 156484 151252 156855 156953
179255 24
156801 151370 151493 151917 151990 152022 152251 152824 152897 152976 153362 154217 154984 156483 156484 151292 156855 156953 155409 151252 152103 154475 154799 153210
179256 24
156801 151292 151370 151493 151917 151990 152022 152103 152251 152824 152897 152976 153210 153362 154217 154475 154799 154984 155409 156483 156484 151252 156855 156953
179257 24
156801 151292 151370 151493 151917 151990 152022 152103 152251 152824 152897 152976 153210 153362 154217 154475 154799 154984 155409 156483 156484 151252 156855 156953
179258 24
156801 151292 151370 151493 151917 151990 152022 152103 152251 152824 152897 152976 153210 153362 154217 154475 154799 154984 155409 156483 156484 151252 156855 156953
179259 24
156801 151292 151370 151493 151917 151990 152022 152103 152251 152824 152897 152976 153210 153362 154217 154475 154799 154984 155409 156483 156484 151252 156855 156953
179261 24
156801 151292 151370 151493 151917 151990 152022 152103 152251 152824 152897 152976 153210 153362 154217 154475 154799 154984 155409 156483 156484 151252 156855 156953
179262 24
156801 151292 151370 151493 151917 151990 152022 152103 152251 152824 152897 152976 153210 153362 154217 154475 154799 154984 155409 156483 156484 151252 156855 156953
179263 24
156801 151292 151370 151493 151917 151990 152022 152103 152251 152824 152897 152976 153210 153362 154217 154475 154799 154984 155409 156483 156484 151252 156855 156953
179265 24
156801 151370 151493 151917 151990 152022 152251 152824 152897 152976 153362 154217 154984 156483 156484 151292 156855 156953 155409 151252 152103 154475 154799 153210
179266 24
156801 151292 151370 151493 151917 151990 152022 152103 152251 152824 152897 152976 153210 153362 154217 154475 154799 154984 155409 156483 156484 151252 156855 156953
179267 24
156801 151292 151370 151493 151917 151990 152022 152103 152251 152824 152897 152976 153210 153362 154217 154475 154799 154984 155409 156483 156484 151252 156855 156953
179269 24
156801 151370 151493 151917 151990 152022 152251 152824 152897 152976 153362 154217 154984 156483 156484 151292 156855 156953 155409 151252 152103 154475 154799 153210
179270 24
156801 151370 151493 151917 151990 152022 152251 152824 152897 152976 153362 154217 154984 156483 156484 151292 156855 156953 155409 151252 152103 154475 154799 153210
179271 24
156801 151292 151370 151493 151917 151990 152022 152103 152251 152824 152897 152976 153210 153362 154217 154475 154799 154984 155409 156483 156484 151252 156855 156953
179272 24
156801 151292 151370 151493 151917 151990 152022 152103 152251 152824 152897 152976 153210 153362 154217 154475 154799 154984 155409 156483 156484 151252 156855 156953
179274 24
156801 151292 151370 151493 151917 151990 152022 152103 152251 152824 152897 152976 153210 153362 154217 154475 154799 154984 155409 156483 156484 151252 156855 156953
179275 24
156801 151292 151370 151493 151917 151990 152022 152103 152251 152824 152897 152976 153210 153362 154217 154475 154799 154984 155409 156483 156484 151252 156855 156953
179277 24
156801 151292 151370 151493 151917 151990 152022 152103 152251 152824 152897 152976 153210 153362 154217 154475 154799 154984 155409 156483 156484 151252 156855 156953
179278 24
156801 151292 151370 151493 151917 151990 152022 152103 152251 152824 152897 152976 153210 153362 154217 154475 154799 154984 155409 156483 156484 151252 156855 156953
179279 24
156801 151292 151370 151493 151917 151990 152022 152103 152251 152824 152897 152976 153210 153362 154217 154475 154799 154984 155409 156483 156484 151252 156855 156953
179280 24
156801 151292 151370 151493 151917 151990 152022 152103 152251 152824 152897 152976 153210 153362 154217 154475 154799 154984 155409 156483 156484 151252 156855 156953
179281 24
156801 151292 151370 151493 151917 151990 152022 152103 152251 152824 152897 152976 153210 153362 154217 154475 154799 154984 155409 156483 156484 151252 156855 156953
179283 27
151874 151914 152162 156801 151252 151292 151917 151990 152022 152103 151370 152251 152824 152897 152976 153210 153362 154217 154475 154799 154984 155409 156483 156484 151493 156855 156953
179285 27
151874 151914 152162 156801 151252 151292 151917 151990 152022 152103 151370 152251 152824 152897 152976 153210 153362 154217 154475 154799 154984 155409 156483 156484 151493 156855 156953
179286 27
151874 151914 152162 156801 151252 153210 154475 154799 155409 152103 151292 152251 152824 152897 152976 151370 153362 154217 151917 151990 154984 152022 156483 156484 151493 156855 156953
179287 27
151874 151914 152162 156801 151252 153210 154475 154799 155409 152103 151292 152251 152824 152897 152976 151370 153362 154217 151917 151990 154984 152022 156483 156484 151493 156855 156953
179288 24
156801 151292 151370 151493 151917 151990 152022 152103 152251 152824 152897 152976 153210 153362 154217 154475 154799 154984 155409 156483 156484 151252 156855 156953
179289 24
156801 151292 151370 151493 151917 151990 152022 152103 152251 152824 152897 152976 153210 153362 154217 154475 154799 154984 155409 156483 156484 151252 156855 156953
179290 24
156801 151292 151370 151493 151917 151990 152022 152103 152251 152824 152897 152976 153210 153362 154217 154475 154799 154984 155409 156483 156484 151252 156855 156953
179291 24
156801 151292 151370 151493 151917 151990 152022 152103 152251 152824 152897 152976 153210 153362 154217 154475 154799 154984 155409 156483 156484 151252 156855 156953
179292 27
151874 151914 152162 156801 151252 151292 151917 151990 152022 152103 151370 152251 152824 152897 152976 153210 153362 154217 154475 154799 154984 155409 156483 156484 151493 156855 156953
179296 27
151874 151914 152162 156801 151252 151292 151917 151990 152022 152103 151370 152251 152824 152897 152976 153210 153362 154217 154475 154799 154984 155409 156483 156484 151493 156855 156953
179297 27
151874 151914 152162 156801 151252 151292 151917 151990 152022 152103 151370 152251 152824 152897 152976 153210 153362 154217 154475 154799 154984 155409 156483 156484 151493 156855 156953
179298 27
151874 151914 152162 156801 151252 151292 151917 151990 152022 152103 151370 152251 152824 152897 152976 153210 153362 154217 154475 154799 154984 155409 156483 156484 151493 156855 156953
179299 24
156801 151370 151493 151917 151990 152022 152251 152824 152897 152976 153362 154217 154984 156483 156484 151292 156855 156953 155409 151252 152103 154475 154799 153210
179300 24
156801 151292 151370 151493 151917 151990 152022 152103 152251 152824 152897 152976 153210 153362 154217 154475 154799 154984 155409 156483 156484 151252 156855 156953
179303 24
156801 151370 151493 151917 151990 152022 152251 152824 152897 152976 153362 154217 154984 156483 156484 151292 156855 156953 155409 151252 152103 154475 154799 153210
179304 27
151874 151914 152162 156801 151370 151917 151990 152022 151493 152251 152824 152897 152976 153362 154217 154984 156483 156484 151292 156855 156953 155409 152103 151252 154475 154799 153210
179305 24
156801 151292 151370 151493 151917 151990 152022 152103 152251 152824 152897 152976 153210 153362 154217 154475 154799 154984 155409 156483 156484 151252 156855 156953
179306 24
156801 151292 151370 151493 151917 151990 152022 152103 152251 152824 152897 152976 153210 153362 154217 154475 154799 154984 155409 156483 156484 151252 156855 156953
179307 24
156801 151370 151493 151917 151990 152022 152251 152824 152897 152976 153362 154217 154984 156483 156484 151292 156855 156953 155409 151252 152103 154475 154799 153210
179308 24
156801 151292 151370 151493 151917 151990 152022 152103 152251 152824 152897 152976 153210 153362 154217 154475 154799 154984 155409 156483 156484 151252 156855 156953
179309 24
156801 151292 151370 151493 151917 151990 152022 152103 152251 152824 152897 152976 153210 153362 154217 154475 154799 154984 155409 156483 156484 151252 156855 156953
179311 24
156801 151292 151370 151493 151917 151990 152022 152103 152251 152824 152897 152976 153210 153362 154217 154475 154799 154984 155409 156483 156484 151252 156855 156953
179313 24
156801 151292 151370 151493 151917 151990 152022 152103 152251 152824 152897 152976 153210 153362 154217 154475 154799 154984 155409 156483 156484 151252 156855 156953
179314 24
156801 151292 151370 151493 151917 151990 152022 152103 152251 152824 152897 152976 153210 153362 154217 154475 154799 154984 155409 156483 156484 151252 156855 156953
179315 24
156801 151292 151370 151493 151917 151990 152022 152103 152251 152824 152897 152976 153210 153362 154217 154475 154799 154984 155409 156483 156484 151252 156855 156953
179317 24
156801 151292 151370 151493 151917 151990 152022 152103 152251 152824 152897 152976 153210 153362 154217 154475 154799 154984 155409 156483 156484 151252 156855 156953
179318 24
156801 151292 151370 151493 151917 151990 152022 152103 152251 152824 152897 152976 153210 153362 154217 154475 154799 154984 155409 156483 156484 151252 156855 156953
179319 24
156801 151292 151370 151493 151917 151990 152022 152103 152251 152824 152897 152976 153210 153362 154217 154475 154799 154984 155409 156483 156484 151252 156855 156953
179320 24
156801 151292 151370 151493 151917 151990 152022 152103 152251 152824 152897 152976 153210 153362 154217 154475 154799 154984 155409 156483 156484 151252 156855 156953
179321 24
156801 151292 151370 151493 151917 151990 152022 152103 152251 152824 152897 152976 153210 153362 154217 154475 154799 154984 155409 156483 156484 151252 156855 156953
